       990
1 33 32 1147 1263
2 1263 1147 1146 1292
3 1292 1146 1145 1321
91 34 33 1263 1262
92 1262 1263 1292 1291
93 1291 1292 1321 1320
181 35 34 1262 1261
182 1261 1262 1291 1290
183 1290 1291 1320 1319
271 36 35 1261 1260
272 1260 1261 1290 1289
273 1289 1290 1319 1318
361 37 36 1260 1259
362 1259 1260 1289 1288
363 1288 1289 1318 1317
451 38 37 1259 1258
452 1258 1259 1288 1287
453 1287 1288 1317 1316
541 39 38 1258 1257
542 1257 1258 1287 1286
543 1286 1287 1316 1315
631 40 39 1257 1256
632 1256 1257 1286 1285
633 1285 1286 1315 1314
721 41 40 1256 1255
722 1255 1256 1285 1284
723 1284 1285 1314 1313
811 42 41 1255 1254
812 1254 1255 1284 1283
813 1283 1284 1313 1312
901 43 42 1254 1253
902 1253 1254 1283 1282
903 1282 1283 1312 1311
991 44 43 1253 1252
992 1252 1253 1282 1281
993 1281 1282 1311 1310
1081 45 44 1252 1251
1082 1251 1252 1281 1280
1083 1280 1281 1310 1309
1171 46 45 1251 1250
1172 1250 1251 1280 1279
1173 1279 1280 1309 1308
1261 47 46 1250 1249
1262 1249 1250 1279 1278
1263 1278 1279 1308 1307
1351 48 47 1249 1248
1352 1248 1249 1278 1277
1353 1277 1278 1307 1306
1441 49 48 1248 1247
1442 1247 1248 1277 1276
1443 1276 1277 1306 1305
1531 50 49 1247 1246
1532 1246 1247 1276 1275
1533 1275 1276 1305 1304
1621 51 50 1246 1245
1622 1245 1246 1275 1274
1623 1274 1275 1304 1303
1711 52 51 1245 1244
1712 1244 1245 1274 1273
1713 1273 1274 1303 1302
1801 53 52 1244 1243
1802 1243 1244 1273 1272
1803 1272 1273 1302 1301
1891 54 53 1243 1242
1892 1242 1243 1272 1271
1893 1271 1272 1301 1300
1981 55 54 1242 1241
1982 1241 1242 1271 1270
1983 1270 1271 1300 1299
2071 56 55 1241 1240
2072 1240 1241 1270 1269
2073 1269 1270 1299 1298
2161 57 56 1240 1239
2162 1239 1240 1269 1268
2163 1268 1269 1298 1297
2251 58 57 1239 1238
2252 1238 1239 1268 1267
2253 1267 1268 1297 1296
2341 59 58 1238 1237
2342 1237 1238 1267 1266
2343 1266 1267 1296 1295
2431 60 59 1237 1236
2432 1236 1237 1266 1265
2433 1265 1266 1295 1294
2521 61 60 1236 1235
2522 1235 1236 1265 1264
2523 1264 1265 1294 1293
2611 1 61 1235 1057
2612 1057 1235 1264 1056
2613 1056 1264 1293 1055
2728 3853 5823 5851 5825
2729 5823 5824 5852 5851
2730 5824 3854 5831 5852
2737 5825 5851 5854 5826
2738 5851 5852 5853 5854
2739 5852 5831 5832 5853
2746 5826 5854 5835 3857
2747 5854 5853 5836 5835
2748 5853 5832 3858 5836
2782 3869 5935 5963 5937
2783 5935 5936 5964 5963
2784 5936 3870 5943 5964
2791 5937 5963 5966 5938
2792 5963 5964 5965 5966
2793 5964 5943 5944 5965
2800 5938 5966 5947 3873
2801 5966 5965 5948 5947
2802 5965 5944 3874 5948
5077 3857 5835 9667 9651
5078 5835 5836 9668 9667
5079 5836 3858 9653 9668
5086 9651 9667 9670 9652
5087 9667 9668 9669 9670
5088 9668 9653 9654 9669
5095 9652 9670 9657 4201
5096 9670 9669 9658 9657
5097 9669 9654 4202 9658
5104 4201 9657 9711 9695
5105 9657 9658 9712 9711
5106 9658 4202 9697 9712
5113 9695 9711 9714 9696
5114 9711 9712 9713 9714
5115 9712 9697 9698 9713
5122 9696 9714 9701 4205
5123 9714 9713 9702 9701
5124 9713 9698 4206 9702
5131 4205 9701 9755 9739
5132 9701 9702 9756 9755
5133 9702 4206 9741 9756
5140 9739 9755 9758 9740
5141 9755 9756 9757 9758
5142 9756 9741 9742 9757
5149 9740 9758 9745 4209
5150 9758 9757 9746 9745
5151 9757 9742 4210 9746
5158 4209 9745 9799 9783
5159 9745 9746 9800 9799
5160 9746 4210 9785 9800
5167 9783 9799 9802 9784
5168 9799 9800 9801 9802
5169 9800 9785 9786 9801
5176 9784 9802 9789 4213
5177 9802 9801 9790 9789
5178 9801 9786 4214 9790
5185 4213 9789 9843 9827
5186 9789 9790 9844 9843
5187 9790 4214 9829 9844
5194 9827 9843 9846 9828
5195 9843 9844 9845 9846
5196 9844 9829 9830 9845
5203 9828 9846 9833 4217
5204 9846 9845 9834 9833
5205 9845 9830 4218 9834
5212 4217 9833 9887 9871
5213 9833 9834 9888 9887
5214 9834 4218 9873 9888
5221 9871 9887 9890 9872
5222 9887 9888 9889 9890
5223 9888 9873 9874 9889
5230 9872 9890 9877 4221
5231 9890 9889 9878 9877
5232 9889 9874 4222 9878
5239 4221 9877 9931 9915
5240 9877 9878 9932 9931
5241 9878 4222 9917 9932
5248 9915 9931 9934 9916
5249 9931 9932 9933 9934
5250 9932 9917 9918 9933
5257 9916 9934 9921 4225
5258 9934 9933 9922 9921
5259 9933 9918 4226 9922
5266 4225 9921 9975 9959
5267 9921 9922 9976 9975
5268 9922 4226 9961 9976
5275 9959 9975 9978 9960
5276 9975 9976 9977 9978
5277 9976 9961 9962 9977
5284 9960 9978 9965 4229
5285 9978 9977 9966 9965
5286 9977 9962 4230 9966
5293 4229 9965 10019 10003
5294 9965 9966 10020 10019
5295 9966 4230 10005 10020
5302 10003 10019 10022 10004
5303 10019 10020 10021 10022
5304 10020 10005 10006 10021
5311 10004 10022 10009 4233
5312 10022 10021 10010 10009
5313 10021 10006 4234 10010
5320 4233 10009 10063 10047
5321 10009 10010 10064 10063
5322 10010 4234 10049 10064
5329 10047 10063 10066 10048
5330 10063 10064 10065 10066
5331 10064 10049 10050 10065
5338 10048 10066 10053 4237
5339 10066 10065 10054 10053
5340 10065 10050 4238 10054
5347 4237 10053 10107 10091
5348 10053 10054 10108 10107
5349 10054 4238 10093 10108
5356 10091 10107 10110 10092
5357 10107 10108 10109 10110
5358 10108 10093 10094 10109
5365 10092 10110 10097 4241
5366 10110 10109 10098 10097
5367 10109 10094 4242 10098
5374 4241 10097 10151 10135
5375 10097 10098 10152 10151
5376 10098 4242 10137 10152
5383 10135 10151 10154 10136
5384 10151 10152 10153 10154
5385 10152 10137 10138 10153
5392 10136 10154 10141 4245
5393 10154 10153 10142 10141
5394 10153 10138 4246 10142
5401 4245 10141 10195 10179
5402 10141 10142 10196 10195
5403 10142 4246 10181 10196
5410 10179 10195 10198 10180
5411 10195 10196 10197 10198
5412 10196 10181 10182 10197
5419 10180 10198 10185 4249
5420 10198 10197 10186 10185
5421 10197 10182 4250 10186
5428 4249 10185 10239 10223
5429 10185 10186 10240 10239
5430 10186 4250 10225 10240
5437 10223 10239 10242 10224
5438 10239 10240 10241 10242
5439 10240 10225 10226 10241
5446 10224 10242 10229 4253
5447 10242 10241 10230 10229
5448 10241 10226 4254 10230
5455 4253 10229 10283 10267
5456 10229 10230 10284 10283
5457 10230 4254 10269 10284
5464 10267 10283 10286 10268
5465 10283 10284 10285 10286
5466 10284 10269 10270 10285
5473 10268 10286 10273 4257
5474 10286 10285 10274 10273
5475 10285 10270 4258 10274
5482 4257 10273 10327 10311
5483 10273 10274 10328 10327
5484 10274 4258 10313 10328
5491 10311 10327 10330 10312
5492 10327 10328 10329 10330
5493 10328 10313 10314 10329
5500 10312 10330 10317 4261
5501 10330 10329 10318 10317
5502 10329 10314 4262 10318
5509 4261 10317 10371 10355
5510 10317 10318 10372 10371
5511 10318 4262 10357 10372
5518 10355 10371 10374 10356
5519 10371 10372 10373 10374
5520 10372 10357 10358 10373
5527 10356 10374 10361 4265
5528 10374 10373 10362 10361
5529 10373 10358 4266 10362
5536 4265 10361 10415 10399
5537 10361 10362 10416 10415
5538 10362 4266 10401 10416
5545 10399 10415 10418 10400
5546 10415 10416 10417 10418
5547 10416 10401 10402 10417
5554 10400 10418 10405 4269
5555 10418 10417 10406 10405
5556 10417 10402 4270 10406
5563 4269 10405 10459 10443
5564 10405 10406 10460 10459
5565 10406 4270 10445 10460
5572 10443 10459 10462 10444
5573 10459 10460 10461 10462
5574 10460 10445 10446 10461
5581 10444 10462 10449 4273
5582 10462 10461 10450 10449
5583 10461 10446 4274 10450
5590 4273 10449 10503 10487
5591 10449 10450 10504 10503
5592 10450 4274 10489 10504
5599 10487 10503 10506 10488
5600 10503 10504 10505 10506
5601 10504 10489 10490 10505
5608 10488 10506 10493 4277
5609 10506 10505 10494 10493
5610 10505 10490 4278 10494
5617 4277 10493 10547 10531
5618 10493 10494 10548 10547
5619 10494 4278 10533 10548
5626 10531 10547 10550 10532
5627 10547 10548 10549 10550
5628 10548 10533 10534 10549
5635 10532 10550 10537 4281
5636 10550 10549 10538 10537
5637 10549 10534 4282 10538
5644 4281 10537 10591 10575
5645 10537 10538 10592 10591
5646 10538 4282 10577 10592
5653 10575 10591 10594 10576
5654 10591 10592 10593 10594
5655 10592 10577 10578 10593
5662 10576 10594 10581 4285
5663 10594 10593 10582 10581
5664 10593 10578 4286 10582
5671 4285 10581 10635 10619
5672 10581 10582 10636 10635
5673 10582 4286 10621 10636
5680 10619 10635 10638 10620
5681 10635 10636 10637 10638
5682 10636 10621 10622 10637
5689 10620 10638 10625 4289
5690 10638 10637 10626 10625
5691 10637 10622 4290 10626
5698 4289 10625 10679 10663
5699 10625 10626 10680 10679
5700 10626 4290 10665 10680
5707 10663 10679 10682 10664
5708 10679 10680 10681 10682
5709 10680 10665 10666 10681
5716 10664 10682 10669 4293
5717 10682 10681 10670 10669
5718 10681 10666 4294 10670
5725 4293 10669 10723 10707
5726 10669 10670 10724 10723
5727 10670 4294 10709 10724
5734 10707 10723 10726 10708
5735 10723 10724 10725 10726
5736 10724 10709 10710 10725
5743 10708 10726 10713 4297
5744 10726 10725 10714 10713
5745 10725 10710 4298 10714
5752 4297 10713 10767 10751
5753 10713 10714 10768 10767
5754 10714 4298 10753 10768
5761 10751 10767 10770 10752
5762 10767 10768 10769 10770
5763 10768 10753 10754 10769
5770 10752 10770 10757 4301
5771 10770 10769 10758 10757
5772 10769 10754 4302 10758
5779 4301 10757 10811 10795
5780 10757 10758 10812 10811
5781 10758 4302 10797 10812
5788 10795 10811 10814 10796
5789 10811 10812 10813 10814
5790 10812 10797 10798 10813
5797 10796 10814 10801 4305
5798 10814 10813 10802 10801
5799 10813 10798 4306 10802
5806 4305 10801 10847 10839
5807 10801 10802 10848 10847
5808 10802 4306 10841 10848
5815 10839 10847 10850 10840
5816 10847 10848 10849 10850
5817 10848 10841 10842 10849
5824 10840 10850 5935 3869
5825 10850 10849 5936 5935
5826 10849 10842 3870 5936
27380 1293 3869 5937 37265
27383 37265 5937 5938 37266
27386 37266 5938 3873 1055
27388 1293 37265 37266 1055
27770 1294 4305 10839 37507
27773 37507 10839 10840 37508
27776 37508 10840 3869 1293
27778 1294 37507 37508 1293
28160 1295 4301 10795 37749
28163 37749 10795 10796 37750
28166 37750 10796 4305 1294
28168 1295 37749 37750 1294
28550 1296 4297 10751 37991
28553 37991 10751 10752 37992
28556 37992 10752 4301 1295
28558 1296 37991 37992 1295
28940 1297 4293 10707 38233
28943 38233 10707 10708 38234
28946 38234 10708 4297 1296
28948 1297 38233 38234 1296
29330 1298 4289 10663 38475
29333 38475 10663 10664 38476
29336 38476 10664 4293 1297
29338 1298 38475 38476 1297
29720 1299 4285 10619 38717
29723 38717 10619 10620 38718
29726 38718 10620 4289 1298
29728 1299 38717 38718 1298
30110 1300 4281 10575 38959
30113 38959 10575 10576 38960
30116 38960 10576 4285 1299
30118 1300 38959 38960 1299
30500 1301 4277 10531 39201
30503 39201 10531 10532 39202
30506 39202 10532 4281 1300
30508 1301 39201 39202 1300
30890 1302 4273 10487 39443
30893 39443 10487 10488 39444
30896 39444 10488 4277 1301
30898 1302 39443 39444 1301
31280 1303 4269 10443 39685
31283 39685 10443 10444 39686
31286 39686 10444 4273 1302
31288 1303 39685 39686 1302
31670 1304 4265 10399 39927
31673 39927 10399 10400 39928
31676 39928 10400 4269 1303
31678 1304 39927 39928 1303
32060 1305 4261 10355 40169
32063 40169 10355 10356 40170
32066 40170 10356 4265 1304
32068 1305 40169 40170 1304
32450 1306 4257 10311 40411
32453 40411 10311 10312 40412
32456 40412 10312 4261 1305
32458 1306 40411 40412 1305
32840 1307 4253 10267 40653
32843 40653 10267 10268 40654
32846 40654 10268 4257 1306
32848 1307 40653 40654 1306
33230 1308 4249 10223 40895
33233 40895 10223 10224 40896
33236 40896 10224 4253 1307
33238 1308 40895 40896 1307
33620 1309 4245 10179 41137
33623 41137 10179 10180 41138
33626 41138 10180 4249 1308
33628 1309 41137 41138 1308
34010 1310 4241 10135 41379
34013 41379 10135 10136 41380
34016 41380 10136 4245 1309
34018 1310 41379 41380 1309
34400 1311 4237 10091 41621
34403 41621 10091 10092 41622
34406 41622 10092 4241 1310
34408 1311 41621 41622 1310
34790 1312 4233 10047 41863
34793 41863 10047 10048 41864
34796 41864 10048 4237 1311
34798 1312 41863 41864 1311
35180 1313 4229 10003 42105
35183 42105 10003 10004 42106
35186 42106 10004 4233 1312
35188 1313 42105 42106 1312
35570 1314 4225 9959 42347
35573 42347 9959 9960 42348
35576 42348 9960 4229 1313
35578 1314 42347 42348 1313
35960 1315 4221 9915 42589
35963 42589 9915 9916 42590
35966 42590 9916 4225 1314
35968 1315 42589 42590 1314
36350 1316 4217 9871 42831
36353 42831 9871 9872 42832
36356 42832 9872 4221 1315
36358 1316 42831 42832 1315
36740 1317 4213 9827 43073
36743 43073 9827 9828 43074
36746 43074 9828 4217 1316
36748 1317 43073 43074 1316
37130 1318 4209 9783 43315
37133 43315 9783 9784 43316
37136 43316 9784 4213 1317
37138 1318 43315 43316 1317
37520 1319 4205 9739 43557
37523 43557 9739 9740 43558
37526 43558 9740 4209 1318
37528 1319 43557 43558 1318
37910 1320 4201 9695 43799
37913 43799 9695 9696 43800
37916 43800 9696 4205 1319
37918 1320 43799 43800 1319
38300 1321 3857 9651 44041
38303 44041 9651 9652 44042
38306 44042 9652 4201 1320
38308 1321 44041 44042 1320
38690 1145 3853 5825 44283
38693 44283 5825 5826 44284
38696 44284 5826 3857 1321
38698 1145 44283 44284 1321
38968 3874 5944 44384 44383
38969 44383 44384 44473 44382
38970 44382 44473 44293 44292
39238 5944 5943 44385 44384
39239 44384 44385 44474 44473
39240 44473 44474 44294 44293
39508 5943 3870 44386 44385
39509 44385 44386 44475 44474
39510 44474 44475 44295 44294
39778 3870 10842 44387 44386
39779 44386 44387 44476 44475
39780 44475 44476 44296 44295
40048 10842 10841 44388 44387
40049 44387 44388 44477 44476
40050 44476 44477 44297 44296
40318 10841 4306 44389 44388
40319 44388 44389 44478 44477
40320 44477 44478 44298 44297
40588 4306 10798 44390 44389
40589 44389 44390 44479 44478
40590 44478 44479 44299 44298
40858 10798 10797 44391 44390
40859 44390 44391 44480 44479
40860 44479 44480 44300 44299
41128 10797 4302 44392 44391
41129 44391 44392 44481 44480
41130 44480 44481 44301 44300
41398 4302 10754 44393 44392
41399 44392 44393 44482 44481
41400 44481 44482 44302 44301
41668 10754 10753 44394 44393
41669 44393 44394 44483 44482
41670 44482 44483 44303 44302
41938 10753 4298 44395 44394
41939 44394 44395 44484 44483
41940 44483 44484 44304 44303
42208 4298 10710 44396 44395
42209 44395 44396 44485 44484
42210 44484 44485 44305 44304
42478 10710 10709 44397 44396
42479 44396 44397 44486 44485
42480 44485 44486 44306 44305
42748 10709 4294 44398 44397
42749 44397 44398 44487 44486
42750 44486 44487 44307 44306
43018 4294 10666 44399 44398
43019 44398 44399 44488 44487
43020 44487 44488 44308 44307
43288 10666 10665 44400 44399
43289 44399 44400 44489 44488
43290 44488 44489 44309 44308
43558 10665 4290 44401 44400
43559 44400 44401 44490 44489
43560 44489 44490 44310 44309
43828 4290 10622 44402 44401
43829 44401 44402 44491 44490
43830 44490 44491 44311 44310
44098 10622 10621 44403 44402
44099 44402 44403 44492 44491
44100 44491 44492 44312 44311
44368 10621 4286 44404 44403
44369 44403 44404 44493 44492
44370 44492 44493 44313 44312
44638 4286 10578 44405 44404
44639 44404 44405 44494 44493
44640 44493 44494 44314 44313
44908 10578 10577 44406 44405
44909 44405 44406 44495 44494
44910 44494 44495 44315 44314
45178 10577 4282 44407 44406
45179 44406 44407 44496 44495
45180 44495 44496 44316 44315
45448 4282 10534 44408 44407
45449 44407 44408 44497 44496
45450 44496 44497 44317 44316
45718 10534 10533 44409 44408
45719 44408 44409 44498 44497
45720 44497 44498 44318 44317
45988 10533 4278 44410 44409
45989 44409 44410 44499 44498
45990 44498 44499 44319 44318
46258 4278 10490 44411 44410
46259 44410 44411 44500 44499
46260 44499 44500 44320 44319
46528 10490 10489 44412 44411
46529 44411 44412 44501 44500
46530 44500 44501 44321 44320
46798 10489 4274 44413 44412
46799 44412 44413 44502 44501
46800 44501 44502 44322 44321
47068 4274 10446 44414 44413
47069 44413 44414 44503 44502
47070 44502 44503 44323 44322
47338 10446 10445 44415 44414
47339 44414 44415 44504 44503
47340 44503 44504 44324 44323
47608 10445 4270 44416 44415
47609 44415 44416 44505 44504
47610 44504 44505 44325 44324
47878 4270 10402 44417 44416
47879 44416 44417 44506 44505
47880 44505 44506 44326 44325
48148 10402 10401 44418 44417
48149 44417 44418 44507 44506
48150 44506 44507 44327 44326
48418 10401 4266 44419 44418
48419 44418 44419 44508 44507
48420 44507 44508 44328 44327
48688 4266 10358 44420 44419
48689 44419 44420 44509 44508
48690 44508 44509 44329 44328
48958 10358 10357 44421 44420
48959 44420 44421 44510 44509
48960 44509 44510 44330 44329
49228 10357 4262 44422 44421
49229 44421 44422 44511 44510
49230 44510 44511 44331 44330
49498 4262 10314 44423 44422
49499 44422 44423 44512 44511
49500 44511 44512 44332 44331
49768 10314 10313 44424 44423
49769 44423 44424 44513 44512
49770 44512 44513 44333 44332
50038 10313 4258 44425 44424
50039 44424 44425 44514 44513
50040 44513 44514 44334 44333
50308 4258 10270 44426 44425
50309 44425 44426 44515 44514
50310 44514 44515 44335 44334
50578 10270 10269 44427 44426
50579 44426 44427 44516 44515
50580 44515 44516 44336 44335
50848 10269 4254 44428 44427
50849 44427 44428 44517 44516
50850 44516 44517 44337 44336
51118 4254 10226 44429 44428
51119 44428 44429 44518 44517
51120 44517 44518 44338 44337
51388 10226 10225 44430 44429
51389 44429 44430 44519 44518
51390 44518 44519 44339 44338
51658 10225 4250 44431 44430
51659 44430 44431 44520 44519
51660 44519 44520 44340 44339
51928 4250 10182 44432 44431
51929 44431 44432 44521 44520
51930 44520 44521 44341 44340
52198 10182 10181 44433 44432
52199 44432 44433 44522 44521
52200 44521 44522 44342 44341
52468 10181 4246 44434 44433
52469 44433 44434 44523 44522
52470 44522 44523 44343 44342
52738 4246 10138 44435 44434
52739 44434 44435 44524 44523
52740 44523 44524 44344 44343
53008 10138 10137 44436 44435
53009 44435 44436 44525 44524
53010 44524 44525 44345 44344
53278 10137 4242 44437 44436
53279 44436 44437 44526 44525
53280 44525 44526 44346 44345
53548 4242 10094 44438 44437
53549 44437 44438 44527 44526
53550 44526 44527 44347 44346
53818 10094 10093 44439 44438
53819 44438 44439 44528 44527
53820 44527 44528 44348 44347
54088 10093 4238 44440 44439
54089 44439 44440 44529 44528
54090 44528 44529 44349 44348
54358 4238 10050 44441 44440
54359 44440 44441 44530 44529
54360 44529 44530 44350 44349
54628 10050 10049 44442 44441
54629 44441 44442 44531 44530
54630 44530 44531 44351 44350
54898 10049 4234 44443 44442
54899 44442 44443 44532 44531
54900 44531 44532 44352 44351
55168 4234 10006 44444 44443
55169 44443 44444 44533 44532
55170 44532 44533 44353 44352
55438 10006 10005 44445 44444
55439 44444 44445 44534 44533
55440 44533 44534 44354 44353
55708 10005 4230 44446 44445
55709 44445 44446 44535 44534
55710 44534 44535 44355 44354
55978 4230 9962 44447 44446
55979 44446 44447 44536 44535
55980 44535 44536 44356 44355
56248 9962 9961 44448 44447
56249 44447 44448 44537 44536
56250 44536 44537 44357 44356
56518 9961 4226 44449 44448
56519 44448 44449 44538 44537
56520 44537 44538 44358 44357
56788 4226 9918 44450 44449
56789 44449 44450 44539 44538
56790 44538 44539 44359 44358
57058 9918 9917 44451 44450
57059 44450 44451 44540 44539
57060 44539 44540 44360 44359
57328 9917 4222 44452 44451
57329 44451 44452 44541 44540
57330 44540 44541 44361 44360
57598 4222 9874 44453 44452
57599 44452 44453 44542 44541
57600 44541 44542 44362 44361
57868 9874 9873 44454 44453
57869 44453 44454 44543 44542
57870 44542 44543 44363 44362
58138 9873 4218 44455 44454
58139 44454 44455 44544 44543
58140 44543 44544 44364 44363
58408 4218 9830 44456 44455
58409 44455 44456 44545 44544
58410 44544 44545 44365 44364
58678 9830 9829 44457 44456
58679 44456 44457 44546 44545
58680 44545 44546 44366 44365
58948 9829 4214 44458 44457
58949 44457 44458 44547 44546
58950 44546 44547 44367 44366
59218 4214 9786 44459 44458
59219 44458 44459 44548 44547
59220 44547 44548 44368 44367
59488 9786 9785 44460 44459
59489 44459 44460 44549 44548
59490 44548 44549 44369 44368
59758 9785 4210 44461 44460
59759 44460 44461 44550 44549
59760 44549 44550 44370 44369
60028 4210 9742 44462 44461
60029 44461 44462 44551 44550
60030 44550 44551 44371 44370
60298 9742 9741 44463 44462
60299 44462 44463 44552 44551
60300 44551 44552 44372 44371
60568 9741 4206 44464 44463
60569 44463 44464 44553 44552
60570 44552 44553 44373 44372
60838 4206 9698 44465 44464
60839 44464 44465 44554 44553
60840 44553 44554 44374 44373
61108 9698 9697 44466 44465
61109 44465 44466 44555 44554
61110 44554 44555 44375 44374
61378 9697 4202 44467 44466
61379 44466 44467 44556 44555
61380 44555 44556 44376 44375
61648 4202 9654 44468 44467
61649 44467 44468 44557 44556
61650 44556 44557 44377 44376
61918 9654 9653 44469 44468
61919 44468 44469 44558 44557
61920 44557 44558 44378 44377
62188 9653 3858 44470 44469
62189 44469 44470 44559 44558
62190 44558 44559 44379 44378
62458 3858 5832 44471 44470
62459 44470 44471 44560 44559
62460 44559 44560 44380 44379
62728 5832 5831 44472 44471
62729 44471 44472 44561 44560
62730 44560 44561 44381 44380
62998 5831 3854 44291 44472
62999 44472 44291 44290 44561
63000 44561 44290 44289 44381
63001 69619 69387 69380 69416
63002 69618 69619 69416 69415
63003 69617 69618 69415 69414
63004 69616 69617 69414 69413
63005 69615 69616 69413 69412
63006 69614 69615 69412 69411
63007 69613 69614 69411 69410
63008 69612 69613 69410 69409
63009 69611 69612 69409 69408
63010 69610 69611 69408 69407
63011 69609 69610 69407 69406
63012 69608 69609 69406 69405
63013 69607 69608 69405 69404
63014 69606 69607 69404 69403
63015 69605 69606 69403 69402
63016 69604 69605 69402 69401
63017 69603 69604 69401 69400
63018 69602 69603 69400 69399
63019 69601 69602 69399 69398
63020 69600 69601 69398 69397
63021 69599 69600 69397 69396
63022 69598 69599 69396 69395
63023 69597 69598 69395 69394
63024 69596 69597 69394 69393
63025 69595 69596 69393 69392
63026 69594 69595 69392 69391
63027 69593 69594 69391 69390
63028 69592 69593 69390 69389
63029 69591 69592 69389 69388
63030 69139 69591 69388 69132
63901 69590 69386 69387 69619
63902 69589 69590 69619 69618
63903 69588 69589 69618 69617
63904 69587 69588 69617 69616
63905 69586 69587 69616 69615
63906 69585 69586 69615 69614
63907 69584 69585 69614 69613
63908 69583 69584 69613 69612
63909 69582 69583 69612 69611
63910 69581 69582 69611 69610
63911 69580 69581 69610 69609
63912 69579 69580 69609 69608
63913 69578 69579 69608 69607
63914 69577 69578 69607 69606
63915 69576 69577 69606 69605
63916 69575 69576 69605 69604
63917 69574 69575 69604 69603
63918 69573 69574 69603 69602
63919 69572 69573 69602 69601
63920 69571 69572 69601 69600
63921 69570 69571 69600 69599
63922 69569 69570 69599 69598
63923 69568 69569 69598 69597
63924 69567 69568 69597 69596
63925 69566 69567 69596 69595
63926 69565 69566 69595 69594
63927 69564 69565 69594 69593
63928 69563 69564 69593 69592
63929 69562 69563 69592 69591
63930 69138 69562 69591 69139
64801 69561 69385 69386 69590
64802 69560 69561 69590 69589
64803 69559 69560 69589 69588
64804 69558 69559 69588 69587
64805 69557 69558 69587 69586
64806 69556 69557 69586 69585
64807 69555 69556 69585 69584
64808 69554 69555 69584 69583
64809 69553 69554 69583 69582
64810 69552 69553 69582 69581
64811 69551 69552 69581 69580
64812 69550 69551 69580 69579
64813 69549 69550 69579 69578
64814 69548 69549 69578 69577
64815 69547 69548 69577 69576
64816 69546 69547 69576 69575
64817 69545 69546 69575 69574
64818 69544 69545 69574 69573
64819 69543 69544 69573 69572
64820 69542 69543 69572 69571
64821 69541 69542 69571 69570
64822 69540 69541 69570 69569
64823 69539 69540 69569 69568
64824 69538 69539 69568 69567
64825 69537 69538 69567 69566
64826 69536 69537 69566 69565
64827 69535 69536 69565 69564
64828 69534 69535 69564 69563
64829 69533 69534 69563 69562
64830 69137 69533 69562 69138
65701 69532 69384 69385 69561
65702 69531 69532 69561 69560
65703 69530 69531 69560 69559
65704 69529 69530 69559 69558
65705 69528 69529 69558 69557
65706 69527 69528 69557 69556
65707 69526 69527 69556 69555
65708 69525 69526 69555 69554
65709 69524 69525 69554 69553
65710 69523 69524 69553 69552
65711 69522 69523 69552 69551
65712 69521 69522 69551 69550
65713 69520 69521 69550 69549
65714 69519 69520 69549 69548
65715 69518 69519 69548 69547
65716 69517 69518 69547 69546
65717 69516 69517 69546 69545
65718 69515 69516 69545 69544
65719 69514 69515 69544 69543
65720 69513 69514 69543 69542
65721 69512 69513 69542 69541
65722 69511 69512 69541 69540
65723 69510 69511 69540 69539
65724 69509 69510 69539 69538
65725 69508 69509 69538 69537
65726 69507 69508 69537 69536
65727 69506 69507 69536 69535
65728 69505 69506 69535 69534
65729 69504 69505 69534 69533
65730 69136 69504 69533 69137
66601 69503 69383 69384 69532
66602 69502 69503 69532 69531
66603 69501 69502 69531 69530
66604 69500 69501 69530 69529
66605 69499 69500 69529 69528
66606 69498 69499 69528 69527
66607 69497 69498 69527 69526
66608 69496 69497 69526 69525
66609 69495 69496 69525 69524
66610 69494 69495 69524 69523
66611 69493 69494 69523 69522
66612 69492 69493 69522 69521
66613 69491 69492 69521 69520
66614 69490 69491 69520 69519
66615 69489 69490 69519 69518
66616 69488 69489 69518 69517
66617 69487 69488 69517 69516
66618 69486 69487 69516 69515
66619 69485 69486 69515 69514
66620 69484 69485 69514 69513
66621 69483 69484 69513 69512
66622 69482 69483 69512 69511
66623 69481 69482 69511 69510
66624 69480 69481 69510 69509
66625 69479 69480 69509 69508
66626 69478 69479 69508 69507
66627 69477 69478 69507 69506
66628 69476 69477 69506 69505
66629 69475 69476 69505 69504
66630 69135 69475 69504 69136
67501 69474 69382 69383 69503
67502 69473 69474 69503 69502
67503 69472 69473 69502 69501
67504 69471 69472 69501 69500
67505 69470 69471 69500 69499
67506 69469 69470 69499 69498
67507 69468 69469 69498 69497
67508 69467 69468 69497 69496
67509 69466 69467 69496 69495
67510 69465 69466 69495 69494
67511 69464 69465 69494 69493
67512 69463 69464 69493 69492
67513 69462 69463 69492 69491
67514 69461 69462 69491 69490
67515 69460 69461 69490 69489
67516 69459 69460 69489 69488
67517 69458 69459 69488 69487
67518 69457 69458 69487 69486
67519 69456 69457 69486 69485
67520 69455 69456 69485 69484
67521 69454 69455 69484 69483
67522 69453 69454 69483 69482
67523 69452 69453 69482 69481
67524 69451 69452 69481 69480
67525 69450 69451 69480 69479
67526 69449 69450 69479 69478
67527 69448 69449 69478 69477
67528 69447 69448 69477 69476
67529 69446 69447 69476 69475
67530 69134 69446 69475 69135
68401 69445 69381 69382 69474
68402 69444 69445 69474 69473
68403 69443 69444 69473 69472
68404 69442 69443 69472 69471
68405 69441 69442 69471 69470
68406 69440 69441 69470 69469
68407 69439 69440 69469 69468
68408 69438 69439 69468 69467
68409 69437 69438 69467 69466
68410 69436 69437 69466 69465
68411 69435 69436 69465 69464
68412 69434 69435 69464 69463
68413 69433 69434 69463 69462
68414 69432 69433 69462 69461
68415 69431 69432 69461 69460
68416 69430 69431 69460 69459
68417 69429 69430 69459 69458
68418 69428 69429 69458 69457
68419 69427 69428 69457 69456
68420 69426 69427 69456 69455
68421 69425 69426 69455 69454
68422 69424 69425 69454 69453
68423 69423 69424 69453 69452
68424 69422 69423 69452 69451
68425 69421 69422 69451 69450
68426 69420 69421 69450 69449
68427 69419 69420 69449 69448
68428 69418 69419 69448 69447
68429 69417 69418 69447 69446
68430 69133 69417 69446 69134
69301 61 1 69381 69445
69302 60 61 69445 69444
69303 59 60 69444 69443
69304 58 59 69443 69442
69305 57 58 69442 69441
69306 56 57 69441 69440
69307 55 56 69440 69439
69308 54 55 69439 69438
69309 53 54 69438 69437
69310 52 53 69437 69436
69311 51 52 69436 69435
69312 50 51 69435 69434
69313 49 50 69434 69433
69314 48 49 69433 69432
69315 47 48 69432 69431
69316 46 47 69431 69430
69317 45 46 69430 69429
69318 44 45 69429 69428
69319 43 44 69428 69427
69320 42 43 69427 69426
69321 41 42 69426 69425
69322 40 41 69425 69424
69323 39 40 69424 69423
69324 38 39 69423 69422
69325 37 38 69422 69421
69326 36 37 69421 69420
69327 35 36 69420 69419
69328 34 35 69419 69418
69329 33 34 69418 69417
69330 32 33 69417 69133
