       990
88 62 120 968 967
89 967 968 997 966
90 966 997 1026 965
178 120 119 969 968
179 968 969 998 997
180 997 998 1027 1026
268 119 118 970 969
269 969 970 999 998
270 998 999 1028 1027
358 118 117 971 970
359 970 971 1000 999
360 999 1000 1029 1028
448 117 116 972 971
449 971 972 1001 1000
450 1000 1001 1030 1029
538 116 115 973 972
539 972 973 1002 1001
540 1001 1002 1031 1030
628 115 114 974 973
629 973 974 1003 1002
630 1002 1003 1032 1031
718 114 113 975 974
719 974 975 1004 1003
720 1003 1004 1033 1032
808 113 112 976 975
809 975 976 1005 1004
810 1004 1005 1034 1033
898 112 111 977 976
899 976 977 1006 1005
900 1005 1006 1035 1034
988 111 110 978 977
989 977 978 1007 1006
990 1006 1007 1036 1035
1078 110 109 979 978
1079 978 979 1008 1007
1080 1007 1008 1037 1036
1168 109 108 980 979
1169 979 980 1009 1008
1170 1008 1009 1038 1037
1258 108 107 981 980
1259 980 981 1010 1009
1260 1009 1010 1039 1038
1348 107 106 982 981
1349 981 982 1011 1010
1350 1010 1011 1040 1039
1438 106 105 983 982
1439 982 983 1012 1011
1440 1011 1012 1041 1040
1528 105 104 984 983
1529 983 984 1013 1012
1530 1012 1013 1042 1041
1618 104 103 985 984
1619 984 985 1014 1013
1620 1013 1014 1043 1042
1708 103 102 986 985
1709 985 986 1015 1014
1710 1014 1015 1044 1043
1798 102 101 987 986
1799 986 987 1016 1015
1800 1015 1016 1045 1044
1888 101 100 988 987
1889 987 988 1017 1016
1890 1016 1017 1046 1045
1978 100 99 989 988
1979 988 989 1018 1017
1980 1017 1018 1047 1046
2068 99 98 990 989
2069 989 990 1019 1018
2070 1018 1019 1048 1047
2158 98 97 991 990
2159 990 991 1020 1019
2160 1019 1020 1049 1048
2248 97 96 992 991
2249 991 992 1021 1020
2250 1020 1021 1050 1049
2338 96 95 993 992
2339 992 993 1022 1021
2340 1021 1022 1051 1050
2428 95 94 994 993
2429 993 994 1023 1022
2430 1022 1023 1052 1051
2518 94 93 995 994
2519 994 995 1024 1023
2520 1023 1024 1053 1052
2608 93 92 996 995
2609 995 996 1025 1024
2610 1024 1025 1054 1053
2698 92 2 964 996
2699 996 964 963 1025
2700 1025 963 962 1054
2707 5773 3848 5781 5807
2708 5774 5773 5807 5808
2709 3847 5774 5808 5787
2716 5807 5781 5782 5810
2717 5808 5807 5810 5809
2718 5787 5808 5809 5788
2725 5810 5782 3852 5785
2726 5809 5810 5785 5786
2727 5788 5809 5786 3851
2761 5885 3864 5893 5919
2762 5886 5885 5919 5920
2763 3863 5886 5920 5899
2770 5919 5893 5894 5922
2771 5920 5919 5922 5921
2772 5899 5920 5921 5900
2779 5922 5894 3868 5897
2780 5921 5922 5897 5898
2781 5900 5921 5898 3867
3571 7217 3988 7221 7239
3572 7218 7217 7239 7240
3573 3987 7218 7240 7225
3580 7239 7221 7222 7242
3581 7240 7239 7242 7241
3582 7225 7240 7241 7226
3589 7242 7222 3864 5885
3590 7241 7242 5885 5886
3591 7226 7241 5886 3863
3598 7261 3992 7265 7283
3599 7262 7261 7283 7284
3600 3991 7262 7284 7269
3607 7283 7265 7266 7286
3608 7284 7283 7286 7285
3609 7269 7284 7285 7270
3616 7286 7266 3988 7217
3617 7285 7286 7217 7218
3618 7270 7285 7218 3987
3625 7305 3996 7309 7327
3626 7306 7305 7327 7328
3627 3995 7306 7328 7313
3634 7327 7309 7310 7330
3635 7328 7327 7330 7329
3636 7313 7328 7329 7314
3643 7330 7310 3992 7261
3644 7329 7330 7261 7262
3645 7314 7329 7262 3991
3652 7349 4000 7353 7371
3653 7350 7349 7371 7372
3654 3999 7350 7372 7357
3661 7371 7353 7354 7374
3662 7372 7371 7374 7373
3663 7357 7372 7373 7358
3670 7374 7354 3996 7305
3671 7373 7374 7305 7306
3672 7358 7373 7306 3995
3679 7393 4004 7397 7415
3680 7394 7393 7415 7416
3681 4003 7394 7416 7401
3688 7415 7397 7398 7418
3689 7416 7415 7418 7417
3690 7401 7416 7417 7402
3697 7418 7398 4000 7349
3698 7417 7418 7349 7350
3699 7402 7417 7350 3999
3706 7437 4008 7441 7459
3707 7438 7437 7459 7460
3708 4007 7438 7460 7445
3715 7459 7441 7442 7462
3716 7460 7459 7462 7461
3717 7445 7460 7461 7446
3724 7462 7442 4004 7393
3725 7461 7462 7393 7394
3726 7446 7461 7394 4003
3733 7481 4012 7485 7503
3734 7482 7481 7503 7504
3735 4011 7482 7504 7489
3742 7503 7485 7486 7506
3743 7504 7503 7506 7505
3744 7489 7504 7505 7490
3751 7506 7486 4008 7437
3752 7505 7506 7437 7438
3753 7490 7505 7438 4007
3760 7525 4016 7529 7547
3761 7526 7525 7547 7548
3762 4015 7526 7548 7533
3769 7547 7529 7530 7550
3770 7548 7547 7550 7549
3771 7533 7548 7549 7534
3778 7550 7530 4012 7481
3779 7549 7550 7481 7482
3780 7534 7549 7482 4011
3787 7569 4020 7573 7591
3788 7570 7569 7591 7592
3789 4019 7570 7592 7577
3796 7591 7573 7574 7594
3797 7592 7591 7594 7593
3798 7577 7592 7593 7578
3805 7594 7574 4016 7525
3806 7593 7594 7525 7526
3807 7578 7593 7526 4015
3814 7613 4024 7617 7635
3815 7614 7613 7635 7636
3816 4023 7614 7636 7621
3823 7635 7617 7618 7638
3824 7636 7635 7638 7637
3825 7621 7636 7637 7622
3832 7638 7618 4020 7569
3833 7637 7638 7569 7570
3834 7622 7637 7570 4019
3841 7657 4028 7661 7679
3842 7658 7657 7679 7680
3843 4027 7658 7680 7665
3850 7679 7661 7662 7682
3851 7680 7679 7682 7681
3852 7665 7680 7681 7666
3859 7682 7662 4024 7613
3860 7681 7682 7613 7614
3861 7666 7681 7614 4023
3868 7701 4032 7705 7723
3869 7702 7701 7723 7724
3870 4031 7702 7724 7709
3877 7723 7705 7706 7726
3878 7724 7723 7726 7725
3879 7709 7724 7725 7710
3886 7726 7706 4028 7657
3887 7725 7726 7657 7658
3888 7710 7725 7658 4027
3895 7745 4036 7749 7767
3896 7746 7745 7767 7768
3897 4035 7746 7768 7753
3904 7767 7749 7750 7770
3905 7768 7767 7770 7769
3906 7753 7768 7769 7754
3913 7770 7750 4032 7701
3914 7769 7770 7701 7702
3915 7754 7769 7702 4031
3922 7789 4040 7793 7811
3923 7790 7789 7811 7812
3924 4039 7790 7812 7797
3931 7811 7793 7794 7814
3932 7812 7811 7814 7813
3933 7797 7812 7813 7798
3940 7814 7794 4036 7745
3941 7813 7814 7745 7746
3942 7798 7813 7746 4035
3949 7833 4044 7837 7855
3950 7834 7833 7855 7856
3951 4043 7834 7856 7841
3958 7855 7837 7838 7858
3959 7856 7855 7858 7857
3960 7841 7856 7857 7842
3967 7858 7838 4040 7789
3968 7857 7858 7789 7790
3969 7842 7857 7790 4039
3976 7877 4048 7881 7899
3977 7878 7877 7899 7900
3978 4047 7878 7900 7885
3985 7899 7881 7882 7902
3986 7900 7899 7902 7901
3987 7885 7900 7901 7886
3994 7902 7882 4044 7833
3995 7901 7902 7833 7834
3996 7886 7901 7834 4043
4003 7921 4052 7925 7943
4004 7922 7921 7943 7944
4005 4051 7922 7944 7929
4012 7943 7925 7926 7946
4013 7944 7943 7946 7945
4014 7929 7944 7945 7930
4021 7946 7926 4048 7877
4022 7945 7946 7877 7878
4023 7930 7945 7878 4047
4030 7965 4056 7969 7987
4031 7966 7965 7987 7988
4032 4055 7966 7988 7973
4039 7987 7969 7970 7990
4040 7988 7987 7990 7989
4041 7973 7988 7989 7974
4048 7990 7970 4052 7921
4049 7989 7990 7921 7922
4050 7974 7989 7922 4051
4057 8009 4060 8013 8031
4058 8010 8009 8031 8032
4059 4059 8010 8032 8017
4066 8031 8013 8014 8034
4067 8032 8031 8034 8033
4068 8017 8032 8033 8018
4075 8034 8014 4056 7965
4076 8033 8034 7965 7966
4077 8018 8033 7966 4055
4084 8053 4064 8057 8075
4085 8054 8053 8075 8076
4086 4063 8054 8076 8061
4093 8075 8057 8058 8078
4094 8076 8075 8078 8077
4095 8061 8076 8077 8062
4102 8078 8058 4060 8009
4103 8077 8078 8009 8010
4104 8062 8077 8010 4059
4111 8097 4068 8101 8119
4112 8098 8097 8119 8120
4113 4067 8098 8120 8105
4120 8119 8101 8102 8122
4121 8120 8119 8122 8121
4122 8105 8120 8121 8106
4129 8122 8102 4064 8053
4130 8121 8122 8053 8054
4131 8106 8121 8054 4063
4138 8141 4072 8145 8163
4139 8142 8141 8163 8164
4140 4071 8142 8164 8149
4147 8163 8145 8146 8166
4148 8164 8163 8166 8165
4149 8149 8164 8165 8150
4156 8166 8146 4068 8097
4157 8165 8166 8097 8098
4158 8150 8165 8098 4067
4165 8185 4076 8189 8207
4166 8186 8185 8207 8208
4167 4075 8186 8208 8193
4174 8207 8189 8190 8210
4175 8208 8207 8210 8209
4176 8193 8208 8209 8194
4183 8210 8190 4072 8141
4184 8209 8210 8141 8142
4185 8194 8209 8142 4071
4192 8229 4080 8233 8251
4193 8230 8229 8251 8252
4194 4079 8230 8252 8237
4201 8251 8233 8234 8254
4202 8252 8251 8254 8253
4203 8237 8252 8253 8238
4210 8254 8234 4076 8185
4211 8253 8254 8185 8186
4212 8238 8253 8186 4075
4219 8273 4084 8277 8295
4220 8274 8273 8295 8296
4221 4083 8274 8296 8281
4228 8295 8277 8278 8298
4229 8296 8295 8298 8297
4230 8281 8296 8297 8282
4237 8298 8278 4080 8229
4238 8297 8298 8229 8230
4239 8282 8297 8230 4079
4246 8317 4088 8321 8339
4247 8318 8317 8339 8340
4248 4087 8318 8340 8325
4255 8339 8321 8322 8342
4256 8340 8339 8342 8341
4257 8325 8340 8341 8326
4264 8342 8322 4084 8273
4265 8341 8342 8273 8274
4266 8326 8341 8274 4083
4273 8361 4092 8365 8383
4274 8362 8361 8383 8384
4275 4091 8362 8384 8369
4282 8383 8365 8366 8386
4283 8384 8383 8386 8385
4284 8369 8384 8385 8370
4291 8386 8366 4088 8317
4292 8385 8386 8317 8318
4293 8370 8385 8318 4087
4300 5785 3852 8403 8415
4301 5786 5785 8415 8416
4302 3851 5786 8416 8405
4309 8415 8403 8404 8418
4310 8416 8415 8418 8417
4311 8405 8416 8417 8406
4318 8418 8404 4092 8361
4319 8417 8418 8361 8362
4320 8406 8417 8362 4091
27001 36971 5893 3864 1054
27004 36972 5894 5893 36971
27007 962 3868 5894 36972
27011 962 36972 36971 1054
27391 37273 7221 3988 1053
27394 37274 7222 7221 37273
27397 1054 3864 7222 37274
27401 1054 37274 37273 1053
27781 37515 7265 3992 1052
27784 37516 7266 7265 37515
27787 1053 3988 7266 37516
27791 1053 37516 37515 1052
28171 37757 7309 3996 1051
28174 37758 7310 7309 37757
28177 1052 3992 7310 37758
28181 1052 37758 37757 1051
28561 37999 7353 4000 1050
28564 38000 7354 7353 37999
28567 1051 3996 7354 38000
28571 1051 38000 37999 1050
28951 38241 7397 4004 1049
28954 38242 7398 7397 38241
28957 1050 4000 7398 38242
28961 1050 38242 38241 1049
29341 38483 7441 4008 1048
29344 38484 7442 7441 38483
29347 1049 4004 7442 38484
29351 1049 38484 38483 1048
29731 38725 7485 4012 1047
29734 38726 7486 7485 38725
29737 1048 4008 7486 38726
29741 1048 38726 38725 1047
30121 38967 7529 4016 1046
30124 38968 7530 7529 38967
30127 1047 4012 7530 38968
30131 1047 38968 38967 1046
30511 39209 7573 4020 1045
30514 39210 7574 7573 39209
30517 1046 4016 7574 39210
30521 1046 39210 39209 1045
30901 39451 7617 4024 1044
30904 39452 7618 7617 39451
30907 1045 4020 7618 39452
30911 1045 39452 39451 1044
31291 39693 7661 4028 1043
31294 39694 7662 7661 39693
31297 1044 4024 7662 39694
31301 1044 39694 39693 1043
31681 39935 7705 4032 1042
31684 39936 7706 7705 39935
31687 1043 4028 7706 39936
31691 1043 39936 39935 1042
32071 40177 7749 4036 1041
32074 40178 7750 7749 40177
32077 1042 4032 7750 40178
32081 1042 40178 40177 1041
32461 40419 7793 4040 1040
32464 40420 7794 7793 40419
32467 1041 4036 7794 40420
32471 1041 40420 40419 1040
32851 40661 7837 4044 1039
32854 40662 7838 7837 40661
32857 1040 4040 7838 40662
32861 1040 40662 40661 1039
33241 40903 7881 4048 1038
33244 40904 7882 7881 40903
33247 1039 4044 7882 40904
33251 1039 40904 40903 1038
33631 41145 7925 4052 1037
33634 41146 7926 7925 41145
33637 1038 4048 7926 41146
33641 1038 41146 41145 1037
34021 41387 7969 4056 1036
34024 41388 7970 7969 41387
34027 1037 4052 7970 41388
34031 1037 41388 41387 1036
34411 41629 8013 4060 1035
34414 41630 8014 8013 41629
34417 1036 4056 8014 41630
34421 1036 41630 41629 1035
34801 41871 8057 4064 1034
34804 41872 8058 8057 41871
34807 1035 4060 8058 41872
34811 1035 41872 41871 1034
35191 42113 8101 4068 1033
35194 42114 8102 8101 42113
35197 1034 4064 8102 42114
35201 1034 42114 42113 1033
35581 42355 8145 4072 1032
35584 42356 8146 8145 42355
35587 1033 4068 8146 42356
35591 1033 42356 42355 1032
35971 42597 8189 4076 1031
35974 42598 8190 8189 42597
35977 1032 4072 8190 42598
35981 1032 42598 42597 1031
36361 42839 8233 4080 1030
36364 42840 8234 8233 42839
36367 1031 4076 8234 42840
36371 1031 42840 42839 1030
36751 43081 8277 4084 1029
36754 43082 8278 8277 43081
36757 1030 4080 8278 43082
36761 1030 43082 43081 1029
37141 43323 8321 4088 1028
37144 43324 8322 8321 43323
37147 1029 4084 8322 43324
37151 1029 43324 43323 1028
37531 43565 8365 4092 1027
37534 43566 8366 8365 43565
37537 1028 4088 8366 43566
37541 1028 43566 43565 1027
37921 43807 8403 3852 1026
37924 43808 8404 8403 43807
37927 1027 4092 8404 43808
37931 1027 43808 43807 1026
38311 44049 5781 3848 965
38314 44050 5782 5781 44049
38317 1026 3852 5782 44050
38321 1026 44050 44049 965
38701 5900 3867 52933 53200
38702 53200 52933 52932 53289
38703 53289 52932 44832 44921
38971 5899 5900 53200 53199
38972 53199 53200 53289 53288
38973 53288 53289 44921 44920
39241 3863 5899 53199 53198
39242 53198 53199 53288 53287
39243 53287 53288 44920 44919
39511 7226 3863 53198 53197
39512 53197 53198 53287 53286
39513 53286 53287 44919 44918
39781 7225 7226 53197 53196
39782 53196 53197 53286 53285
39783 53285 53286 44918 44917
40051 3987 7225 53196 53195
40052 53195 53196 53285 53284
40053 53284 53285 44917 44916
40321 7270 3987 53195 53194
40322 53194 53195 53284 53283
40323 53283 53284 44916 44915
40591 7269 7270 53194 53193
40592 53193 53194 53283 53282
40593 53282 53283 44915 44914
40861 3991 7269 53193 53192
40862 53192 53193 53282 53281
40863 53281 53282 44914 44913
41131 7314 3991 53192 53191
41132 53191 53192 53281 53280
41133 53280 53281 44913 44912
41401 7313 7314 53191 53190
41402 53190 53191 53280 53279
41403 53279 53280 44912 44911
41671 3995 7313 53190 53189
41672 53189 53190 53279 53278
41673 53278 53279 44911 44910
41941 7358 3995 53189 53188
41942 53188 53189 53278 53277
41943 53277 53278 44910 44909
42211 7357 7358 53188 53187
42212 53187 53188 53277 53276
42213 53276 53277 44909 44908
42481 3999 7357 53187 53186
42482 53186 53187 53276 53275
42483 53275 53276 44908 44907
42751 7402 3999 53186 53185
42752 53185 53186 53275 53274
42753 53274 53275 44907 44906
43021 7401 7402 53185 53184
43022 53184 53185 53274 53273
43023 53273 53274 44906 44905
43291 4003 7401 53184 53183
43292 53183 53184 53273 53272
43293 53272 53273 44905 44904
43561 7446 4003 53183 53182
43562 53182 53183 53272 53271
43563 53271 53272 44904 44903
43831 7445 7446 53182 53181
43832 53181 53182 53271 53270
43833 53270 53271 44903 44902
44101 4007 7445 53181 53180
44102 53180 53181 53270 53269
44103 53269 53270 44902 44901
44371 7490 4007 53180 53179
44372 53179 53180 53269 53268
44373 53268 53269 44901 44900
44641 7489 7490 53179 53178
44642 53178 53179 53268 53267
44643 53267 53268 44900 44899
44911 4011 7489 53178 53177
44912 53177 53178 53267 53266
44913 53266 53267 44899 44898
45181 7534 4011 53177 53176
45182 53176 53177 53266 53265
45183 53265 53266 44898 44897
45451 7533 7534 53176 53175
45452 53175 53176 53265 53264
45453 53264 53265 44897 44896
45721 4015 7533 53175 53174
45722 53174 53175 53264 53263
45723 53263 53264 44896 44895
45991 7578 4015 53174 53173
45992 53173 53174 53263 53262
45993 53262 53263 44895 44894
46261 7577 7578 53173 53172
46262 53172 53173 53262 53261
46263 53261 53262 44894 44893
46531 4019 7577 53172 53171
46532 53171 53172 53261 53260
46533 53260 53261 44893 44892
46801 7622 4019 53171 53170
46802 53170 53171 53260 53259
46803 53259 53260 44892 44891
47071 7621 7622 53170 53169
47072 53169 53170 53259 53258
47073 53258 53259 44891 44890
47341 4023 7621 53169 53168
47342 53168 53169 53258 53257
47343 53257 53258 44890 44889
47611 7666 4023 53168 53167
47612 53167 53168 53257 53256
47613 53256 53257 44889 44888
47881 7665 7666 53167 53166
47882 53166 53167 53256 53255
47883 53255 53256 44888 44887
48151 4027 7665 53166 53165
48152 53165 53166 53255 53254
48153 53254 53255 44887 44886
48421 7710 4027 53165 53164
48422 53164 53165 53254 53253
48423 53253 53254 44886 44885
48691 7709 7710 53164 53163
48692 53163 53164 53253 53252
48693 53252 53253 44885 44884
48961 4031 7709 53163 53162
48962 53162 53163 53252 53251
48963 53251 53252 44884 44883
49231 7754 4031 53162 53161
49232 53161 53162 53251 53250
49233 53250 53251 44883 44882
49501 7753 7754 53161 53160
49502 53160 53161 53250 53249
49503 53249 53250 44882 44881
49771 4035 7753 53160 53159
49772 53159 53160 53249 53248
49773 53248 53249 44881 44880
50041 7798 4035 53159 53158
50042 53158 53159 53248 53247
50043 53247 53248 44880 44879
50311 7797 7798 53158 53157
50312 53157 53158 53247 53246
50313 53246 53247 44879 44878
50581 4039 7797 53157 53156
50582 53156 53157 53246 53245
50583 53245 53246 44878 44877
50851 7842 4039 53156 53155
50852 53155 53156 53245 53244
50853 53244 53245 44877 44876
51121 7841 7842 53155 53154
51122 53154 53155 53244 53243
51123 53243 53244 44876 44875
51391 4043 7841 53154 53153
51392 53153 53154 53243 53242
51393 53242 53243 44875 44874
51661 7886 4043 53153 53152
51662 53152 53153 53242 53241
51663 53241 53242 44874 44873
51931 7885 7886 53152 53151
51932 53151 53152 53241 53240
51933 53240 53241 44873 44872
52201 4047 7885 53151 53150
52202 53150 53151 53240 53239
52203 53239 53240 44872 44871
52471 7930 4047 53150 53149
52472 53149 53150 53239 53238
52473 53238 53239 44871 44870
52741 7929 7930 53149 53148
52742 53148 53149 53238 53237
52743 53237 53238 44870 44869
53011 4051 7929 53148 53147
53012 53147 53148 53237 53236
53013 53236 53237 44869 44868
53281 7974 4051 53147 53146
53282 53146 53147 53236 53235
53283 53235 53236 44868 44867
53551 7973 7974 53146 53145
53552 53145 53146 53235 53234
53553 53234 53235 44867 44866
53821 4055 7973 53145 53144
53822 53144 53145 53234 53233
53823 53233 53234 44866 44865
54091 8018 4055 53144 53143
54092 53143 53144 53233 53232
54093 53232 53233 44865 44864
54361 8017 8018 53143 53142
54362 53142 53143 53232 53231
54363 53231 53232 44864 44863
54631 4059 8017 53142 53141
54632 53141 53142 53231 53230
54633 53230 53231 44863 44862
54901 8062 4059 53141 53140
54902 53140 53141 53230 53229
54903 53229 53230 44862 44861
55171 8061 8062 53140 53139
55172 53139 53140 53229 53228
55173 53228 53229 44861 44860
55441 4063 8061 53139 53138
55442 53138 53139 53228 53227
55443 53227 53228 44860 44859
55711 8106 4063 53138 53137
55712 53137 53138 53227 53226
55713 53226 53227 44859 44858
55981 8105 8106 53137 53136
55982 53136 53137 53226 53225
55983 53225 53226 44858 44857
56251 4067 8105 53136 53135
56252 53135 53136 53225 53224
56253 53224 53225 44857 44856
56521 8150 4067 53135 53134
56522 53134 53135 53224 53223
56523 53223 53224 44856 44855
56791 8149 8150 53134 53133
56792 53133 53134 53223 53222
56793 53222 53223 44855 44854
57061 4071 8149 53133 53132
57062 53132 53133 53222 53221
57063 53221 53222 44854 44853
57331 8194 4071 53132 53131
57332 53131 53132 53221 53220
57333 53220 53221 44853 44852
57601 8193 8194 53131 53130
57602 53130 53131 53220 53219
57603 53219 53220 44852 44851
57871 4075 8193 53130 53129
57872 53129 53130 53219 53218
57873 53218 53219 44851 44850
58141 8238 4075 53129 53128
58142 53128 53129 53218 53217
58143 53217 53218 44850 44849
58411 8237 8238 53128 53127
58412 53127 53128 53217 53216
58413 53216 53217 44849 44848
58681 4079 8237 53127 53126
58682 53126 53127 53216 53215
58683 53215 53216 44848 44847
58951 8282 4079 53126 53125
58952 53125 53126 53215 53214
58953 53214 53215 44847 44846
59221 8281 8282 53125 53124
59222 53124 53125 53214 53213
59223 53213 53214 44846 44845
59491 4083 8281 53124 53123
59492 53123 53124 53213 53212
59493 53212 53213 44845 44844
59761 8326 4083 53123 53122
59762 53122 53123 53212 53211
59763 53211 53212 44844 44843
60031 8325 8326 53122 53121
60032 53121 53122 53211 53210
60033 53210 53211 44843 44842
60301 4087 8325 53121 53120
60302 53120 53121 53210 53209
60303 53209 53210 44842 44841
60571 8370 4087 53120 53119
60572 53119 53120 53209 53208
60573 53208 53209 44841 44840
60841 8369 8370 53119 53118
60842 53118 53119 53208 53207
60843 53207 53208 44840 44839
61111 4091 8369 53118 53117
61112 53117 53118 53207 53206
61113 53206 53207 44839 44838
61381 8406 4091 53117 53116
61382 53116 53117 53206 53205
61383 53205 53206 44838 44837
61651 8405 8406 53116 53115
61652 53115 53116 53205 53204
61653 53204 53205 44837 44836
61921 3851 8405 53115 53114
61922 53114 53115 53204 53203
61923 53203 53204 44836 44835
62191 5788 3851 53114 53113
62192 53113 53114 53203 53202
62193 53202 53203 44835 44834
62461 5787 5788 53113 53112
62462 53112 53113 53202 53201
62463 53201 53202 44834 44833
62731 3847 5787 53112 44564
62732 44564 53112 53201 44563
62733 44563 53201 44833 44562
63871 69627 70063 69860 69620
63872 70063 70064 69861 69860
63873 70064 70065 69862 69861
63874 70065 70066 69863 69862
63875 70066 70067 69864 69863
63876 70067 70068 69865 69864
63877 70068 70069 69866 69865
63878 70069 70070 69867 69866
63879 70070 70071 69868 69867
63880 70071 70072 69869 69868
63881 70072 70073 69870 69869
63882 70073 70074 69871 69870
63883 70074 70075 69872 69871
63884 70075 70076 69873 69872
63885 70076 70077 69874 69873
63886 70077 70078 69875 69874
63887 70078 70079 69876 69875
63888 70079 70080 69877 69876
63889 70080 70081 69878 69877
63890 70081 70082 69879 69878
63891 70082 70083 69880 69879
63892 70083 70084 69881 69880
63893 70084 70085 69882 69881
63894 70085 70086 69883 69882
63895 70086 70087 69884 69883
63896 70087 70088 69885 69884
63897 70088 70089 69886 69885
63898 70089 70090 69887 69886
63899 70090 70091 69888 69887
63900 70091 69176 69140 69888
64771 69626 70034 70063 69627
64772 70034 70035 70064 70063
64773 70035 70036 70065 70064
64774 70036 70037 70066 70065
64775 70037 70038 70067 70066
64776 70038 70039 70068 70067
64777 70039 70040 70069 70068
64778 70040 70041 70070 70069
64779 70041 70042 70071 70070
64780 70042 70043 70072 70071
64781 70043 70044 70073 70072
64782 70044 70045 70074 70073
64783 70045 70046 70075 70074
64784 70046 70047 70076 70075
64785 70047 70048 70077 70076
64786 70048 70049 70078 70077
64787 70049 70050 70079 70078
64788 70050 70051 70080 70079
64789 70051 70052 70081 70080
64790 70052 70053 70082 70081
64791 70053 70054 70083 70082
64792 70054 70055 70084 70083
64793 70055 70056 70085 70084
64794 70056 70057 70086 70085
64795 70057 70058 70087 70086
64796 70058 70059 70088 70087
64797 70059 70060 70089 70088
64798 70060 70061 70090 70089
64799 70061 70062 70091 70090
64800 70062 69175 69176 70091
65671 69625 70005 70034 69626
65672 70005 70006 70035 70034
65673 70006 70007 70036 70035
65674 70007 70008 70037 70036
65675 70008 70009 70038 70037
65676 70009 70010 70039 70038
65677 70010 70011 70040 70039
65678 70011 70012 70041 70040
65679 70012 70013 70042 70041
65680 70013 70014 70043 70042
65681 70014 70015 70044 70043
65682 70015 70016 70045 70044
65683 70016 70017 70046 70045
65684 70017 70018 70047 70046
65685 70018 70019 70048 70047
65686 70019 70020 70049 70048
65687 70020 70021 70050 70049
65688 70021 70022 70051 70050
65689 70022 70023 70052 70051
65690 70023 70024 70053 70052
65691 70024 70025 70054 70053
65692 70025 70026 70055 70054
65693 70026 70027 70056 70055
65694 70027 70028 70057 70056
65695 70028 70029 70058 70057
65696 70029 70030 70059 70058
65697 70030 70031 70060 70059
65698 70031 70032 70061 70060
65699 70032 70033 70062 70061
65700 70033 69174 69175 70062
66571 69624 69976 70005 69625
66572 69976 69977 70006 70005
66573 69977 69978 70007 70006
66574 69978 69979 70008 70007
66575 69979 69980 70009 70008
66576 69980 69981 70010 70009
66577 69981 69982 70011 70010
66578 69982 69983 70012 70011
66579 69983 69984 70013 70012
66580 69984 69985 70014 70013
66581 69985 69986 70015 70014
66582 69986 69987 70016 70015
66583 69987 69988 70017 70016
66584 69988 69989 70018 70017
66585 69989 69990 70019 70018
66586 69990 69991 70020 70019
66587 69991 69992 70021 70020
66588 69992 69993 70022 70021
66589 69993 69994 70023 70022
66590 69994 69995 70024 70023
66591 69995 69996 70025 70024
66592 69996 69997 70026 70025
66593 69997 69998 70027 70026
66594 69998 69999 70028 70027
66595 69999 70000 70029 70028
66596 70000 70001 70030 70029
66597 70001 70002 70031 70030
66598 70002 70003 70032 70031
66599 70003 70004 70033 70032
66600 70004 69173 69174 70033
67471 69623 69947 69976 69624
67472 69947 69948 69977 69976
67473 69948 69949 69978 69977
67474 69949 69950 69979 69978
67475 69950 69951 69980 69979
67476 69951 69952 69981 69980
67477 69952 69953 69982 69981
67478 69953 69954 69983 69982
67479 69954 69955 69984 69983
67480 69955 69956 69985 69984
67481 69956 69957 69986 69985
67482 69957 69958 69987 69986
67483 69958 69959 69988 69987
67484 69959 69960 69989 69988
67485 69960 69961 69990 69989
67486 69961 69962 69991 69990
67487 69962 69963 69992 69991
67488 69963 69964 69993 69992
67489 69964 69965 69994 69993
67490 69965 69966 69995 69994
67491 69966 69967 69996 69995
67492 69967 69968 69997 69996
67493 69968 69969 69998 69997
67494 69969 69970 69999 69998
67495 69970 69971 70000 69999
67496 69971 69972 70001 70000
67497 69972 69973 70002 70001
67498 69973 69974 70003 70002
67499 69974 69975 70004 70003
67500 69975 69172 69173 70004
68371 69622 69918 69947 69623
68372 69918 69919 69948 69947
68373 69919 69920 69949 69948
68374 69920 69921 69950 69949
68375 69921 69922 69951 69950
68376 69922 69923 69952 69951
68377 69923 69924 69953 69952
68378 69924 69925 69954 69953
68379 69925 69926 69955 69954
68380 69926 69927 69956 69955
68381 69927 69928 69957 69956
68382 69928 69929 69958 69957
68383 69929 69930 69959 69958
68384 69930 69931 69960 69959
68385 69931 69932 69961 69960
68386 69932 69933 69962 69961
68387 69933 69934 69963 69962
68388 69934 69935 69964 69963
68389 69935 69936 69965 69964
68390 69936 69937 69966 69965
68391 69937 69938 69967 69966
68392 69938 69939 69968 69967
68393 69939 69940 69969 69968
68394 69940 69941 69970 69969
68395 69941 69942 69971 69970
68396 69942 69943 69972 69971
68397 69943 69944 69973 69972
68398 69944 69945 69974 69973
68399 69945 69946 69975 69974
68400 69946 69171 69172 69975
69271 69621 69889 69918 69622
69272 69889 69890 69919 69918
69273 69890 69891 69920 69919
69274 69891 69892 69921 69920
69275 69892 69893 69922 69921
69276 69893 69894 69923 69922
69277 69894 69895 69924 69923
69278 69895 69896 69925 69924
69279 69896 69897 69926 69925
69280 69897 69898 69927 69926
69281 69898 69899 69928 69927
69282 69899 69900 69929 69928
69283 69900 69901 69930 69929
69284 69901 69902 69931 69930
69285 69902 69903 69932 69931
69286 69903 69904 69933 69932
69287 69904 69905 69934 69933
69288 69905 69906 69935 69934
69289 69906 69907 69936 69935
69290 69907 69908 69937 69936
69291 69908 69909 69938 69937
69292 69909 69910 69939 69938
69293 69910 69911 69940 69939
69294 69911 69912 69941 69940
69295 69912 69913 69942 69941
69296 69913 69914 69943 69942
69297 69914 69915 69944 69943
69298 69915 69916 69945 69944
69299 69916 69917 69946 69945
69300 69917 69170 69171 69946
70171 2 92 69889 69621
70172 92 93 69890 69889
70173 93 94 69891 69890
70174 94 95 69892 69891
70175 95 96 69893 69892
70176 96 97 69894 69893
70177 97 98 69895 69894
70178 98 99 69896 69895
70179 99 100 69897 69896
70180 100 101 69898 69897
70181 101 102 69899 69898
70182 102 103 69900 69899
70183 103 104 69901 69900
70184 104 105 69902 69901
70185 105 106 69903 69902
70186 106 107 69904 69903
70187 107 108 69905 69904
70188 108 109 69906 69905
70189 109 110 69907 69906
70190 110 111 69908 69907
70191 111 112 69909 69908
70192 112 113 69910 69909
70193 113 114 69911 69910
70194 114 115 69912 69911
70195 115 116 69913 69912
70196 116 117 69914 69913
70197 117 118 69915 69914
70198 118 119 69916 69915
70199 119 120 69917 69916
70200 120 62 69170 69917
