       990
2611 3 1 1057 1086
2612 1086 1057 1056 1115
2613 1115 1056 1055 1144
2614 4 3 1086 1085
2615 1085 1086 1115 1114
2616 1114 1115 1144 1143
2617 5 4 1085 1084
2618 1084 1085 1114 1113
2619 1113 1114 1143 1142
2620 6 5 1084 1083
2621 1083 1084 1113 1112
2622 1112 1113 1142 1141
2623 7 6 1083 1082
2624 1082 1083 1112 1111
2625 1111 1112 1141 1140
2626 8 7 1082 1081
2627 1081 1082 1111 1110
2628 1110 1111 1140 1139
2629 9 8 1081 1080
2630 1080 1081 1110 1109
2631 1109 1110 1139 1138
2632 10 9 1080 1079
2633 1079 1080 1109 1108
2634 1108 1109 1138 1137
2635 11 10 1079 1078
2636 1078 1079 1108 1107
2637 1107 1108 1137 1136
2638 12 11 1078 1077
2639 1077 1078 1107 1106
2640 1106 1107 1136 1135
2641 13 12 1077 1076
2642 1076 1077 1106 1105
2643 1105 1106 1135 1134
2644 14 13 1076 1075
2645 1075 1076 1105 1104
2646 1104 1105 1134 1133
2647 15 14 1075 1074
2648 1074 1075 1104 1103
2649 1103 1104 1133 1132
2650 16 15 1074 1073
2651 1073 1074 1103 1102
2652 1102 1103 1132 1131
2653 17 16 1073 1072
2654 1072 1073 1102 1101
2655 1101 1102 1131 1130
2656 18 17 1072 1071
2657 1071 1072 1101 1100
2658 1100 1101 1130 1129
2659 19 18 1071 1070
2660 1070 1071 1100 1099
2661 1099 1100 1129 1128
2662 20 19 1070 1069
2663 1069 1070 1099 1098
2664 1098 1099 1128 1127
2665 21 20 1069 1068
2666 1068 1069 1098 1097
2667 1097 1098 1127 1126
2668 22 21 1068 1067
2669 1067 1068 1097 1096
2670 1096 1097 1126 1125
2671 23 22 1067 1066
2672 1066 1067 1096 1095
2673 1095 1096 1125 1124
2674 24 23 1066 1065
2675 1065 1066 1095 1094
2676 1094 1095 1124 1123
2677 25 24 1065 1064
2678 1064 1065 1094 1093
2679 1093 1094 1123 1122
2680 26 25 1064 1063
2681 1063 1064 1093 1092
2682 1092 1093 1122 1121
2683 27 26 1063 1062
2684 1062 1063 1092 1091
2685 1091 1092 1121 1120
2686 28 27 1062 1061
2687 1061 1062 1091 1090
2688 1090 1091 1120 1119
2689 29 28 1061 1060
2690 1060 1061 1090 1089
2691 1089 1090 1119 1118
2692 30 29 1060 1059
2693 1059 1060 1089 1088
2694 1088 1089 1118 1117
2695 31 30 1059 1058
2696 1058 1059 1088 1087
2697 1087 1088 1117 1116
2698 2 31 1058 964
2699 964 1058 1087 963
2700 963 1087 1116 962
2773 3865 5891 5915 5889
2774 5891 5892 5916 5915
2775 5892 3866 5901 5916
2776 5889 5915 5918 5890
2777 5915 5916 5917 5918
2778 5916 5901 5902 5917
2779 5890 5918 5897 3868
2780 5918 5917 5898 5897
2781 5917 5902 3867 5898
2800 3873 5947 5971 5945
2801 5947 5948 5972 5971
2802 5948 3874 5957 5972
2803 5945 5971 5974 5946
2804 5971 5972 5973 5974
2805 5972 5957 5958 5973
2806 5946 5974 5953 3876
2807 5974 5973 5954 5953
2808 5973 5958 3875 5954
4339 3876 5953 8455 8435
4340 5953 5954 8456 8455
4341 5954 3875 8445 8456
4342 8435 8455 8458 8436
4343 8455 8456 8457 8458
4344 8456 8445 8446 8457
4345 8436 8458 8441 4096
4346 8458 8457 8442 8441
4347 8457 8446 4095 8442
4366 4096 8441 8499 8479
4367 8441 8442 8500 8499
4368 8442 4095 8489 8500
4369 8479 8499 8502 8480
4370 8499 8500 8501 8502
4371 8500 8489 8490 8501
4372 8480 8502 8485 4100
4373 8502 8501 8486 8485
4374 8501 8490 4099 8486
4393 4100 8485 8543 8523
4394 8485 8486 8544 8543
4395 8486 4099 8533 8544
4396 8523 8543 8546 8524
4397 8543 8544 8545 8546
4398 8544 8533 8534 8545
4399 8524 8546 8529 4104
4400 8546 8545 8530 8529
4401 8545 8534 4103 8530
4420 4104 8529 8587 8567
4421 8529 8530 8588 8587
4422 8530 4103 8577 8588
4423 8567 8587 8590 8568
4424 8587 8588 8589 8590
4425 8588 8577 8578 8589
4426 8568 8590 8573 4108
4427 8590 8589 8574 8573
4428 8589 8578 4107 8574
4447 4108 8573 8631 8611
4448 8573 8574 8632 8631
4449 8574 4107 8621 8632
4450 8611 8631 8634 8612
4451 8631 8632 8633 8634
4452 8632 8621 8622 8633
4453 8612 8634 8617 4112
4454 8634 8633 8618 8617
4455 8633 8622 4111 8618
4474 4112 8617 8675 8655
4475 8617 8618 8676 8675
4476 8618 4111 8665 8676
4477 8655 8675 8678 8656
4478 8675 8676 8677 8678
4479 8676 8665 8666 8677
4480 8656 8678 8661 4116
4481 8678 8677 8662 8661
4482 8677 8666 4115 8662
4501 4116 8661 8719 8699
4502 8661 8662 8720 8719
4503 8662 4115 8709 8720
4504 8699 8719 8722 8700
4505 8719 8720 8721 8722
4506 8720 8709 8710 8721
4507 8700 8722 8705 4120
4508 8722 8721 8706 8705
4509 8721 8710 4119 8706
4528 4120 8705 8763 8743
4529 8705 8706 8764 8763
4530 8706 4119 8753 8764
4531 8743 8763 8766 8744
4532 8763 8764 8765 8766
4533 8764 8753 8754 8765
4534 8744 8766 8749 4124
4535 8766 8765 8750 8749
4536 8765 8754 4123 8750
4555 4124 8749 8807 8787
4556 8749 8750 8808 8807
4557 8750 4123 8797 8808
4558 8787 8807 8810 8788
4559 8807 8808 8809 8810
4560 8808 8797 8798 8809
4561 8788 8810 8793 4128
4562 8810 8809 8794 8793
4563 8809 8798 4127 8794
4582 4128 8793 8851 8831
4583 8793 8794 8852 8851
4584 8794 4127 8841 8852
4585 8831 8851 8854 8832
4586 8851 8852 8853 8854
4587 8852 8841 8842 8853
4588 8832 8854 8837 4132
4589 8854 8853 8838 8837
4590 8853 8842 4131 8838
4609 4132 8837 8895 8875
4610 8837 8838 8896 8895
4611 8838 4131 8885 8896
4612 8875 8895 8898 8876
4613 8895 8896 8897 8898
4614 8896 8885 8886 8897
4615 8876 8898 8881 4136
4616 8898 8897 8882 8881
4617 8897 8886 4135 8882
4636 4136 8881 8939 8919
4637 8881 8882 8940 8939
4638 8882 4135 8929 8940
4639 8919 8939 8942 8920
4640 8939 8940 8941 8942
4641 8940 8929 8930 8941
4642 8920 8942 8925 4140
4643 8942 8941 8926 8925
4644 8941 8930 4139 8926
4663 4140 8925 8983 8963
4664 8925 8926 8984 8983
4665 8926 4139 8973 8984
4666 8963 8983 8986 8964
4667 8983 8984 8985 8986
4668 8984 8973 8974 8985
4669 8964 8986 8969 4144
4670 8986 8985 8970 8969
4671 8985 8974 4143 8970
4690 4144 8969 9027 9007
4691 8969 8970 9028 9027
4692 8970 4143 9017 9028
4693 9007 9027 9030 9008
4694 9027 9028 9029 9030
4695 9028 9017 9018 9029
4696 9008 9030 9013 4148
4697 9030 9029 9014 9013
4698 9029 9018 4147 9014
4717 4148 9013 9071 9051
4718 9013 9014 9072 9071
4719 9014 4147 9061 9072
4720 9051 9071 9074 9052
4721 9071 9072 9073 9074
4722 9072 9061 9062 9073
4723 9052 9074 9057 4152
4724 9074 9073 9058 9057
4725 9073 9062 4151 9058
4744 4152 9057 9115 9095
4745 9057 9058 9116 9115
4746 9058 4151 9105 9116
4747 9095 9115 9118 9096
4748 9115 9116 9117 9118
4749 9116 9105 9106 9117
4750 9096 9118 9101 4156
4751 9118 9117 9102 9101
4752 9117 9106 4155 9102
4771 4156 9101 9159 9139
4772 9101 9102 9160 9159
4773 9102 4155 9149 9160
4774 9139 9159 9162 9140
4775 9159 9160 9161 9162
4776 9160 9149 9150 9161
4777 9140 9162 9145 4160
4778 9162 9161 9146 9145
4779 9161 9150 4159 9146
4798 4160 9145 9203 9183
4799 9145 9146 9204 9203
4800 9146 4159 9193 9204
4801 9183 9203 9206 9184
4802 9203 9204 9205 9206
4803 9204 9193 9194 9205
4804 9184 9206 9189 4164
4805 9206 9205 9190 9189
4806 9205 9194 4163 9190
4825 4164 9189 9247 9227
4826 9189 9190 9248 9247
4827 9190 4163 9237 9248
4828 9227 9247 9250 9228
4829 9247 9248 9249 9250
4830 9248 9237 9238 9249
4831 9228 9250 9233 4168
4832 9250 9249 9234 9233
4833 9249 9238 4167 9234
4852 4168 9233 9291 9271
4853 9233 9234 9292 9291
4854 9234 4167 9281 9292
4855 9271 9291 9294 9272
4856 9291 9292 9293 9294
4857 9292 9281 9282 9293
4858 9272 9294 9277 4172
4859 9294 9293 9278 9277
4860 9293 9282 4171 9278
4879 4172 9277 9335 9315
4880 9277 9278 9336 9335
4881 9278 4171 9325 9336
4882 9315 9335 9338 9316
4883 9335 9336 9337 9338
4884 9336 9325 9326 9337
4885 9316 9338 9321 4176
4886 9338 9337 9322 9321
4887 9337 9326 4175 9322
4906 4176 9321 9379 9359
4907 9321 9322 9380 9379
4908 9322 4175 9369 9380
4909 9359 9379 9382 9360
4910 9379 9380 9381 9382
4911 9380 9369 9370 9381
4912 9360 9382 9365 4180
4913 9382 9381 9366 9365
4914 9381 9370 4179 9366
4933 4180 9365 9423 9403
4934 9365 9366 9424 9423
4935 9366 4179 9413 9424
4936 9403 9423 9426 9404
4937 9423 9424 9425 9426
4938 9424 9413 9414 9425
4939 9404 9426 9409 4184
4940 9426 9425 9410 9409
4941 9425 9414 4183 9410
4960 4184 9409 9467 9447
4961 9409 9410 9468 9467
4962 9410 4183 9457 9468
4963 9447 9467 9470 9448
4964 9467 9468 9469 9470
4965 9468 9457 9458 9469
4966 9448 9470 9453 4188
4967 9470 9469 9454 9453
4968 9469 9458 4187 9454
4987 4188 9453 9511 9491
4988 9453 9454 9512 9511
4989 9454 4187 9501 9512
4990 9491 9511 9514 9492
4991 9511 9512 9513 9514
4992 9512 9501 9502 9513
4993 9492 9514 9497 4192
4994 9514 9513 9498 9497
4995 9513 9502 4191 9498
5014 4192 9497 9555 9535
5015 9497 9498 9556 9555
5016 9498 4191 9545 9556
5017 9535 9555 9558 9536
5018 9555 9556 9557 9558
5019 9556 9545 9546 9557
5020 9536 9558 9541 4196
5021 9558 9557 9542 9541
5022 9557 9546 4195 9542
5041 4196 9541 9599 9579
5042 9541 9542 9600 9599
5043 9542 4195 9589 9600
5044 9579 9599 9602 9580
5045 9599 9600 9601 9602
5046 9600 9589 9590 9601
5047 9580 9602 9585 4200
5048 9602 9601 9586 9585
5049 9601 9590 4199 9586
5068 4200 9585 9635 9621
5069 9585 9586 9636 9635
5070 9586 4199 9625 9636
5071 9621 9635 9638 9622
5072 9635 9636 9637 9638
5073 9636 9625 9626 9637
5074 9622 9638 5891 3865
5075 9638 9637 5892 5891
5076 9637 9626 3866 5892
27007 36973 5890 3868 962
27008 36974 5889 5890 36973
27009 1116 3865 5889 36974
27013 1116 36974 36973 962
27020 36983 9622 3865 1116
27021 36984 9621 9622 36983
27022 1117 4200 9621 36984
27026 1117 36984 36983 1116
27033 36993 9580 4200 1117
27034 36994 9579 9580 36993
27035 1118 4196 9579 36994
27039 1118 36994 36993 1117
27046 37003 9536 4196 1118
27047 37004 9535 9536 37003
27048 1119 4192 9535 37004
27052 1119 37004 37003 1118
27059 37013 9492 4192 1119
27060 37014 9491 9492 37013
27061 1120 4188 9491 37014
27065 1120 37014 37013 1119
27072 37023 9448 4188 1120
27073 37024 9447 9448 37023
27074 1121 4184 9447 37024
27078 1121 37024 37023 1120
27085 37033 9404 4184 1121
27086 37034 9403 9404 37033
27087 1122 4180 9403 37034
27091 1122 37034 37033 1121
27098 37043 9360 4180 1122
27099 37044 9359 9360 37043
27100 1123 4176 9359 37044
27104 1123 37044 37043 1122
27111 37053 9316 4176 1123
27112 37054 9315 9316 37053
27113 1124 4172 9315 37054
27117 1124 37054 37053 1123
27124 37063 9272 4172 1124
27125 37064 9271 9272 37063
27126 1125 4168 9271 37064
27130 1125 37064 37063 1124
27137 37073 9228 4168 1125
27138 37074 9227 9228 37073
27139 1126 4164 9227 37074
27143 1126 37074 37073 1125
27150 37083 9184 4164 1126
27151 37084 9183 9184 37083
27152 1127 4160 9183 37084
27156 1127 37084 37083 1126
27163 37093 9140 4160 1127
27164 37094 9139 9140 37093
27165 1128 4156 9139 37094
27169 1128 37094 37093 1127
27176 37103 9096 4156 1128
27177 37104 9095 9096 37103
27178 1129 4152 9095 37104
27182 1129 37104 37103 1128
27189 37113 9052 4152 1129
27190 37114 9051 9052 37113
27191 1130 4148 9051 37114
27195 1130 37114 37113 1129
27202 37123 9008 4148 1130
27203 37124 9007 9008 37123
27204 1131 4144 9007 37124
27208 1131 37124 37123 1130
27215 37133 8964 4144 1131
27216 37134 8963 8964 37133
27217 1132 4140 8963 37134
27221 1132 37134 37133 1131
27228 37143 8920 4140 1132
27229 37144 8919 8920 37143
27230 1133 4136 8919 37144
27234 1133 37144 37143 1132
27241 37153 8876 4136 1133
27242 37154 8875 8876 37153
27243 1134 4132 8875 37154
27247 1134 37154 37153 1133
27254 37163 8832 4132 1134
27255 37164 8831 8832 37163
27256 1135 4128 8831 37164
27260 1135 37164 37163 1134
27267 37173 8788 4128 1135
27268 37174 8787 8788 37173
27269 1136 4124 8787 37174
27273 1136 37174 37173 1135
27280 37183 8744 4124 1136
27281 37184 8743 8744 37183
27282 1137 4120 8743 37184
27286 1137 37184 37183 1136
27293 37193 8700 4120 1137
27294 37194 8699 8700 37193
27295 1138 4116 8699 37194
27299 1138 37194 37193 1137
27306 37203 8656 4116 1138
27307 37204 8655 8656 37203
27308 1139 4112 8655 37204
27312 1139 37204 37203 1138
27319 37213 8612 4112 1139
27320 37214 8611 8612 37213
27321 1140 4108 8611 37214
27325 1140 37214 37213 1139
27332 37223 8568 4108 1140
27333 37224 8567 8568 37223
27334 1141 4104 8567 37224
27338 1141 37224 37223 1140
27345 37233 8524 4104 1141
27346 37234 8523 8524 37233
27347 1142 4100 8523 37234
27351 1142 37234 37233 1141
27358 37243 8480 4100 1142
27359 37244 8479 8480 37243
27360 1143 4096 8479 37244
27364 1143 37244 37243 1142
27371 37253 8436 4096 1143
27372 37254 8435 8436 37253
27373 1144 3876 8435 37254
27377 1144 37254 37253 1143
27384 37263 5946 3876 1144
27385 37264 5945 5946 37263
27386 1055 3873 5945 37264
27390 1055 37264 37263 1144
38701 3867 5902 52934 52933
38702 52933 52934 53023 52932
38703 52932 53023 44922 44832
38704 5902 5901 52935 52934
38705 52934 52935 53024 53023
38706 53023 53024 44923 44922
38707 5901 3866 52936 52935
38708 52935 52936 53025 53024
38709 53024 53025 44924 44923
38710 3866 9626 52937 52936
38711 52936 52937 53026 53025
38712 53025 53026 44925 44924
38713 9626 9625 52938 52937
38714 52937 52938 53027 53026
38715 53026 53027 44926 44925
38716 9625 4199 52939 52938
38717 52938 52939 53028 53027
38718 53027 53028 44927 44926
38719 4199 9590 52940 52939
38720 52939 52940 53029 53028
38721 53028 53029 44928 44927
38722 9590 9589 52941 52940
38723 52940 52941 53030 53029
38724 53029 53030 44929 44928
38725 9589 4195 52942 52941
38726 52941 52942 53031 53030
38727 53030 53031 44930 44929
38728 4195 9546 52943 52942
38729 52942 52943 53032 53031
38730 53031 53032 44931 44930
38731 9546 9545 52944 52943
38732 52943 52944 53033 53032
38733 53032 53033 44932 44931
38734 9545 4191 52945 52944
38735 52944 52945 53034 53033
38736 53033 53034 44933 44932
38737 4191 9502 52946 52945
38738 52945 52946 53035 53034
38739 53034 53035 44934 44933
38740 9502 9501 52947 52946
38741 52946 52947 53036 53035
38742 53035 53036 44935 44934
38743 9501 4187 52948 52947
38744 52947 52948 53037 53036
38745 53036 53037 44936 44935
38746 4187 9458 52949 52948
38747 52948 52949 53038 53037
38748 53037 53038 44937 44936
38749 9458 9457 52950 52949
38750 52949 52950 53039 53038
38751 53038 53039 44938 44937
38752 9457 4183 52951 52950
38753 52950 52951 53040 53039
38754 53039 53040 44939 44938
38755 4183 9414 52952 52951
38756 52951 52952 53041 53040
38757 53040 53041 44940 44939
38758 9414 9413 52953 52952
38759 52952 52953 53042 53041
38760 53041 53042 44941 44940
38761 9413 4179 52954 52953
38762 52953 52954 53043 53042
38763 53042 53043 44942 44941
38764 4179 9370 52955 52954
38765 52954 52955 53044 53043
38766 53043 53044 44943 44942
38767 9370 9369 52956 52955
38768 52955 52956 53045 53044
38769 53044 53045 44944 44943
38770 9369 4175 52957 52956
38771 52956 52957 53046 53045
38772 53045 53046 44945 44944
38773 4175 9326 52958 52957
38774 52957 52958 53047 53046
38775 53046 53047 44946 44945
38776 9326 9325 52959 52958
38777 52958 52959 53048 53047
38778 53047 53048 44947 44946
38779 9325 4171 52960 52959
38780 52959 52960 53049 53048
38781 53048 53049 44948 44947
38782 4171 9282 52961 52960
38783 52960 52961 53050 53049
38784 53049 53050 44949 44948
38785 9282 9281 52962 52961
38786 52961 52962 53051 53050
38787 53050 53051 44950 44949
38788 9281 4167 52963 52962
38789 52962 52963 53052 53051
38790 53051 53052 44951 44950
38791 4167 9238 52964 52963
38792 52963 52964 53053 53052
38793 53052 53053 44952 44951
38794 9238 9237 52965 52964
38795 52964 52965 53054 53053
38796 53053 53054 44953 44952
38797 9237 4163 52966 52965
38798 52965 52966 53055 53054
38799 53054 53055 44954 44953
38800 4163 9194 52967 52966
38801 52966 52967 53056 53055
38802 53055 53056 44955 44954
38803 9194 9193 52968 52967
38804 52967 52968 53057 53056
38805 53056 53057 44956 44955
38806 9193 4159 52969 52968
38807 52968 52969 53058 53057
38808 53057 53058 44957 44956
38809 4159 9150 52970 52969
38810 52969 52970 53059 53058
38811 53058 53059 44958 44957
38812 9150 9149 52971 52970
38813 52970 52971 53060 53059
38814 53059 53060 44959 44958
38815 9149 4155 52972 52971
38816 52971 52972 53061 53060
38817 53060 53061 44960 44959
38818 4155 9106 52973 52972
38819 52972 52973 53062 53061
38820 53061 53062 44961 44960
38821 9106 9105 52974 52973
38822 52973 52974 53063 53062
38823 53062 53063 44962 44961
38824 9105 4151 52975 52974
38825 52974 52975 53064 53063
38826 53063 53064 44963 44962
38827 4151 9062 52976 52975
38828 52975 52976 53065 53064
38829 53064 53065 44964 44963
38830 9062 9061 52977 52976
38831 52976 52977 53066 53065
38832 53065 53066 44965 44964
38833 9061 4147 52978 52977
38834 52977 52978 53067 53066
38835 53066 53067 44966 44965
38836 4147 9018 52979 52978
38837 52978 52979 53068 53067
38838 53067 53068 44967 44966
38839 9018 9017 52980 52979
38840 52979 52980 53069 53068
38841 53068 53069 44968 44967
38842 9017 4143 52981 52980
38843 52980 52981 53070 53069
38844 53069 53070 44969 44968
38845 4143 8974 52982 52981
38846 52981 52982 53071 53070
38847 53070 53071 44970 44969
38848 8974 8973 52983 52982
38849 52982 52983 53072 53071
38850 53071 53072 44971 44970
38851 8973 4139 52984 52983
38852 52983 52984 53073 53072
38853 53072 53073 44972 44971
38854 4139 8930 52985 52984
38855 52984 52985 53074 53073
38856 53073 53074 44973 44972
38857 8930 8929 52986 52985
38858 52985 52986 53075 53074
38859 53074 53075 44974 44973
38860 8929 4135 52987 52986
38861 52986 52987 53076 53075
38862 53075 53076 44975 44974
38863 4135 8886 52988 52987
38864 52987 52988 53077 53076
38865 53076 53077 44976 44975
38866 8886 8885 52989 52988
38867 52988 52989 53078 53077
38868 53077 53078 44977 44976
38869 8885 4131 52990 52989
38870 52989 52990 53079 53078
38871 53078 53079 44978 44977
38872 4131 8842 52991 52990
38873 52990 52991 53080 53079
38874 53079 53080 44979 44978
38875 8842 8841 52992 52991
38876 52991 52992 53081 53080
38877 53080 53081 44980 44979
38878 8841 4127 52993 52992
38879 52992 52993 53082 53081
38880 53081 53082 44981 44980
38881 4127 8798 52994 52993
38882 52993 52994 53083 53082
38883 53082 53083 44982 44981
38884 8798 8797 52995 52994
38885 52994 52995 53084 53083
38886 53083 53084 44983 44982
38887 8797 4123 52996 52995
38888 52995 52996 53085 53084
38889 53084 53085 44984 44983
38890 4123 8754 52997 52996
38891 52996 52997 53086 53085
38892 53085 53086 44985 44984
38893 8754 8753 52998 52997
38894 52997 52998 53087 53086
38895 53086 53087 44986 44985
38896 8753 4119 52999 52998
38897 52998 52999 53088 53087
38898 53087 53088 44987 44986
38899 4119 8710 53000 52999
38900 52999 53000 53089 53088
38901 53088 53089 44988 44987
38902 8710 8709 53001 53000
38903 53000 53001 53090 53089
38904 53089 53090 44989 44988
38905 8709 4115 53002 53001
38906 53001 53002 53091 53090
38907 53090 53091 44990 44989
38908 4115 8666 53003 53002
38909 53002 53003 53092 53091
38910 53091 53092 44991 44990
38911 8666 8665 53004 53003
38912 53003 53004 53093 53092
38913 53092 53093 44992 44991
38914 8665 4111 53005 53004
38915 53004 53005 53094 53093
38916 53093 53094 44993 44992
38917 4111 8622 53006 53005
38918 53005 53006 53095 53094
38919 53094 53095 44994 44993
38920 8622 8621 53007 53006
38921 53006 53007 53096 53095
38922 53095 53096 44995 44994
38923 8621 4107 53008 53007
38924 53007 53008 53097 53096
38925 53096 53097 44996 44995
38926 4107 8578 53009 53008
38927 53008 53009 53098 53097
38928 53097 53098 44997 44996
38929 8578 8577 53010 53009
38930 53009 53010 53099 53098
38931 53098 53099 44998 44997
38932 8577 4103 53011 53010
38933 53010 53011 53100 53099
38934 53099 53100 44999 44998
38935 4103 8534 53012 53011
38936 53011 53012 53101 53100
38937 53100 53101 45000 44999
38938 8534 8533 53013 53012
38939 53012 53013 53102 53101
38940 53101 53102 45001 45000
38941 8533 4099 53014 53013
38942 53013 53014 53103 53102
38943 53102 53103 45002 45001
38944 4099 8490 53015 53014
38945 53014 53015 53104 53103
38946 53103 53104 45003 45002
38947 8490 8489 53016 53015
38948 53015 53016 53105 53104
38949 53104 53105 45004 45003
38950 8489 4095 53017 53016
38951 53016 53017 53106 53105
38952 53105 53106 45005 45004
38953 4095 8446 53018 53017
38954 53017 53018 53107 53106
38955 53106 53107 45006 45005
38956 8446 8445 53019 53018
38957 53018 53019 53108 53107
38958 53107 53108 45007 45006
38959 8445 3875 53020 53019
38960 53019 53020 53109 53108
38961 53108 53109 45008 45007
38962 3875 5958 53021 53020
38963 53020 53021 53110 53109
38964 53109 53110 45009 45008
38965 5958 5957 53022 53021
38966 53021 53022 53111 53110
38967 53110 53111 45010 45009
38968 5957 3874 44383 53022
38969 53022 44383 44382 53111
38970 53111 44382 44292 45010
63001 69387 69831 69628 69380
63031 69831 69832 69629 69628
63061 69832 69833 69630 69629
63091 69833 69834 69631 69630
63121 69834 69835 69632 69631
63151 69835 69836 69633 69632
63181 69836 69837 69634 69633
63211 69837 69838 69635 69634
63241 69838 69839 69636 69635
63271 69839 69840 69637 69636
63301 69840 69841 69638 69637
63331 69841 69842 69639 69638
63361 69842 69843 69640 69639
63391 69843 69844 69641 69640
63421 69844 69845 69642 69641
63451 69845 69846 69643 69642
63481 69846 69847 69644 69643
63511 69847 69848 69645 69644
63541 69848 69849 69646 69645
63571 69849 69850 69647 69646
63601 69850 69851 69648 69647
63631 69851 69852 69649 69648
63661 69852 69853 69650 69649
63691 69853 69854 69651 69650
63721 69854 69855 69652 69651
63751 69855 69856 69653 69652
63781 69856 69857 69654 69653
63811 69857 69858 69655 69654
63841 69858 69859 69656 69655
63871 69859 69627 69620 69656
63901 69386 69802 69831 69387
63931 69802 69803 69832 69831
63961 69803 69804 69833 69832
63991 69804 69805 69834 69833
64021 69805 69806 69835 69834
64051 69806 69807 69836 69835
64081 69807 69808 69837 69836
64111 69808 69809 69838 69837
64141 69809 69810 69839 69838
64171 69810 69811 69840 69839
64201 69811 69812 69841 69840
64231 69812 69813 69842 69841
64261 69813 69814 69843 69842
64291 69814 69815 69844 69843
64321 69815 69816 69845 69844
64351 69816 69817 69846 69845
64381 69817 69818 69847 69846
64411 69818 69819 69848 69847
64441 69819 69820 69849 69848
64471 69820 69821 69850 69849
64501 69821 69822 69851 69850
64531 69822 69823 69852 69851
64561 69823 69824 69853 69852
64591 69824 69825 69854 69853
64621 69825 69826 69855 69854
64651 69826 69827 69856 69855
64681 69827 69828 69857 69856
64711 69828 69829 69858 69857
64741 69829 69830 69859 69858
64771 69830 69626 69627 69859
64801 69385 69773 69802 69386
64831 69773 69774 69803 69802
64861 69774 69775 69804 69803
64891 69775 69776 69805 69804
64921 69776 69777 69806 69805
64951 69777 69778 69807 69806
64981 69778 69779 69808 69807
65011 69779 69780 69809 69808
65041 69780 69781 69810 69809
65071 69781 69782 69811 69810
65101 69782 69783 69812 69811
65131 69783 69784 69813 69812
65161 69784 69785 69814 69813
65191 69785 69786 69815 69814
65221 69786 69787 69816 69815
65251 69787 69788 69817 69816
65281 69788 69789 69818 69817
65311 69789 69790 69819 69818
65341 69790 69791 69820 69819
65371 69791 69792 69821 69820
65401 69792 69793 69822 69821
65431 69793 69794 69823 69822
65461 69794 69795 69824 69823
65491 69795 69796 69825 69824
65521 69796 69797 69826 69825
65551 69797 69798 69827 69826
65581 69798 69799 69828 69827
65611 69799 69800 69829 69828
65641 69800 69801 69830 69829
65671 69801 69625 69626 69830
65701 69384 69744 69773 69385
65731 69744 69745 69774 69773
65761 69745 69746 69775 69774
65791 69746 69747 69776 69775
65821 69747 69748 69777 69776
65851 69748 69749 69778 69777
65881 69749 69750 69779 69778
65911 69750 69751 69780 69779
65941 69751 69752 69781 69780
65971 69752 69753 69782 69781
66001 69753 69754 69783 69782
66031 69754 69755 69784 69783
66061 69755 69756 69785 69784
66091 69756 69757 69786 69785
66121 69757 69758 69787 69786
66151 69758 69759 69788 69787
66181 69759 69760 69789 69788
66211 69760 69761 69790 69789
66241 69761 69762 69791 69790
66271 69762 69763 69792 69791
66301 69763 69764 69793 69792
66331 69764 69765 69794 69793
66361 69765 69766 69795 69794
66391 69766 69767 69796 69795
66421 69767 69768 69797 69796
66451 69768 69769 69798 69797
66481 69769 69770 69799 69798
66511 69770 69771 69800 69799
66541 69771 69772 69801 69800
66571 69772 69624 69625 69801
66601 69383 69715 69744 69384
66631 69715 69716 69745 69744
66661 69716 69717 69746 69745
66691 69717 69718 69747 69746
66721 69718 69719 69748 69747
66751 69719 69720 69749 69748
66781 69720 69721 69750 69749
66811 69721 69722 69751 69750
66841 69722 69723 69752 69751
66871 69723 69724 69753 69752
66901 69724 69725 69754 69753
66931 69725 69726 69755 69754
66961 69726 69727 69756 69755
66991 69727 69728 69757 69756
67021 69728 69729 69758 69757
67051 69729 69730 69759 69758
67081 69730 69731 69760 69759
67111 69731 69732 69761 69760
67141 69732 69733 69762 69761
67171 69733 69734 69763 69762
67201 69734 69735 69764 69763
67231 69735 69736 69765 69764
67261 69736 69737 69766 69765
67291 69737 69738 69767 69766
67321 69738 69739 69768 69767
67351 69739 69740 69769 69768
67381 69740 69741 69770 69769
67411 69741 69742 69771 69770
67441 69742 69743 69772 69771
67471 69743 69623 69624 69772
67501 69382 69686 69715 69383
67531 69686 69687 69716 69715
67561 69687 69688 69717 69716
67591 69688 69689 69718 69717
67621 69689 69690 69719 69718
67651 69690 69691 69720 69719
67681 69691 69692 69721 69720
67711 69692 69693 69722 69721
67741 69693 69694 69723 69722
67771 69694 69695 69724 69723
67801 69695 69696 69725 69724
67831 69696 69697 69726 69725
67861 69697 69698 69727 69726
67891 69698 69699 69728 69727
67921 69699 69700 69729 69728
67951 69700 69701 69730 69729
67981 69701 69702 69731 69730
68011 69702 69703 69732 69731
68041 69703 69704 69733 69732
68071 69704 69705 69734 69733
68101 69705 69706 69735 69734
68131 69706 69707 69736 69735
68161 69707 69708 69737 69736
68191 69708 69709 69738 69737
68221 69709 69710 69739 69738
68251 69710 69711 69740 69739
68281 69711 69712 69741 69740
68311 69712 69713 69742 69741
68341 69713 69714 69743 69742
68371 69714 69622 69623 69743
68401 69381 69657 69686 69382
68431 69657 69658 69687 69686
68461 69658 69659 69688 69687
68491 69659 69660 69689 69688
68521 69660 69661 69690 69689
68551 69661 69662 69691 69690
68581 69662 69663 69692 69691
68611 69663 69664 69693 69692
68641 69664 69665 69694 69693
68671 69665 69666 69695 69694
68701 69666 69667 69696 69695
68731 69667 69668 69697 69696
68761 69668 69669 69698 69697
68791 69669 69670 69699 69698
68821 69670 69671 69700 69699
68851 69671 69672 69701 69700
68881 69672 69673 69702 69701
68911 69673 69674 69703 69702
68941 69674 69675 69704 69703
68971 69675 69676 69705 69704
69001 69676 69677 69706 69705
69031 69677 69678 69707 69706
69061 69678 69679 69708 69707
69091 69679 69680 69709 69708
69121 69680 69681 69710 69709
69151 69681 69682 69711 69710
69181 69682 69683 69712 69711
69211 69683 69684 69713 69712
69241 69684 69685 69714 69713
69271 69685 69621 69622 69714
69301 1 3 69657 69381
69331 3 4 69658 69657
69361 4 5 69659 69658
69391 5 6 69660 69659
69421 6 7 69661 69660
69451 7 8 69662 69661
69481 8 9 69663 69662
69511 9 10 69664 69663
69541 10 11 69665 69664
69571 11 12 69666 69665
69601 12 13 69667 69666
69631 13 14 69668 69667
69661 14 15 69669 69668
69691 15 16 69670 69669
69721 16 17 69671 69670
69751 17 18 69672 69671
69781 18 19 69673 69672
69811 19 20 69674 69673
69841 20 21 69675 69674
69871 21 22 69676 69675
69901 22 23 69677 69676
69931 23 24 69678 69677
69961 24 25 69679 69678
69991 25 26 69680 69679
70021 26 27 69681 69680
70051 27 28 69682 69681
70081 28 29 69683 69682
70111 29 30 69684 69683
70141 30 31 69685 69684
70171 31 2 69621 69685
