          12           4
  0.000000000000000E+000
       11.2409400000        0.0000000000       -4.0968900000        0.0000000000
        3.5645400000        0.0000000000       -3.4524100000        0.0000000000
       13.0885000000        0.0000000000       -8.8381000000        0.0000000000
   1217.10000000000     
       10.0390400000        3.7566500000      -13.6704600000        0.0000000000
        0.0000000000        0.0000000000        0.0000000000        0.0000000000
       12.5815000000       -1.2638000000       -3.6426000000       -5.5281000000
   3482.00000000000     
       14.4947000000       -1.4708900000        0.0000000000        0.0000000000
        8.1661600000       -1.5820600000        0.0000000000        0.0000000000
        7.9565000000       -6.4761000000        5.5283000000       -3.0807000000
   3631.00000000000     
       25.1486000000      -41.1538000000       51.9932000000      -26.6083000000
       12.9303000000      -21.2590000000       27.8988000000      -14.1080000000
        7.9565000000       -6.4761000000        5.5283000000       -3.0807000000
   5611.00000000000     
       25.9698400000      -16.9341200000        0.0000000000        0.0000000000
       20.7689000000      -16.5314700000        0.0000000000        0.0000000000
        7.9565000000       -6.4761000000        5.5283000000       -3.0807000000
   5711.00000000000     
       29.3889600000      -21.4065600000        0.0000000000        0.0000000000
       17.7073200000      -13.5065200000        0.0000000000        0.0000000000
       11.2494000000       -8.0298000000        0.0000000000        0.0000000000
   5961.00000000000     
       30.7876500000      -23.2541500000        0.0000000000        0.0000000000
       15.2421300000      -11.0855200000        0.0000000000        0.0000000000
        7.1089000000       -3.8045000000        0.0000000000        0.0000000000
   6161.00000000000     
       25.4138900000      -17.6972200000        0.0000000000        0.0000000000
        5.7502000000       -1.2742000000        0.0000000000        0.0000000000
        2.6910000000        0.6924000000        0.0000000000        0.0000000000
   6251.00000000000     
        8.7854100000       -0.7495300000        0.0000000000        0.0000000000
        6.7062300000       -2.2485900000        0.0000000000        0.0000000000
        2.6910000000        0.6924000000        0.0000000000        0.0000000000
   6336.00000000000     
        6.5000000000        0.0000000000        0.0000000000        0.0000000000
        3.7500000000        0.0000000000        0.0000000000        0.0000000000
        2.9000000000        0.0000000000        0.0000000000        0.0000000000
   6351.00000000000     
        5.8000000000        0.0000000000        0.0000000000        0.0000000000
        3.3600000000        0.0000000000        0.0000000000        0.0000000000
        2.6000000000        0.0000000000        0.0000000000        0.0000000000
   6371.00000000000     
        5.8000000000        0.0000000000        0.0000000000        0.0000000000
        3.3600000000        0.0000000000        0.0000000000        0.0000000000
        2.6000000000        0.0000000000        0.0000000000        0.0000000000
   6120505.36002571     
   60.0000000000000       0.000000000000000E+000  0.000000000000000E+000
