         396
       229       1805        691       1806        692
       230       2900       1805       2901       1806
       231       4014       2900       4015       2901
       232       5109       4014       5110       4015
       233       6223       5109       6224       5110
       234       7318       6223       7319       6224
       235       8432       7318       8433       7319
       236       9527       8432       9528       8433
       237      10641       9527      10642       9528
       238      11736      10641      11737      10642
       239      12850      11736      12851      11737
       240      13945      12850      13946      12851
       469       1806        692       1807        693
       470       2901       1806       2902       1807
       471       4015       2901       4016       2902
       472       5110       4015       5111       4016
       473       6224       5110       6225       5111
       474       7319       6224       7320       6225
       475       8433       7319       8434       7320
       476       9528       8433       9529       8434
       477      10642       9528      10643       9529
       478      11737      10642      11738      10643
       479      12851      11737      12852      11738
       480      13946      12851      13947      12852
       709       1807        693       1808        694
       710       2902       1807       2903       1808
       711       4016       2902       4017       2903
       712       5111       4016       5112       4017
       713       6225       5111       6226       5112
       714       7320       6225       7321       6226
       715       8434       7320       8435       7321
       716       9529       8434       9530       8435
       717      10643       9529      10644       9530
       718      11738      10643      11739      10644
       719      12852      11738      12853      11739
       720      13947      12852      13948      12853
       949       1808        694       1809        695
       950       2903       1808       2904       1809
       951       4017       2903       4018       2904
       952       5112       4017       5113       4018
       953       6226       5112       6227       5113
       954       7321       6226       7322       6227
       955       8435       7321       8436       7322
       956       9530       8435       9531       8436
       957      10644       9530      10645       9531
       958      11739      10644      11740      10645
       959      12853      11739      12854      11740
       960      13948      12853      13949      12854
      1189       1809        695       1810        696
      1190       2904       1809       2905       1810
      1191       4018       2904       4019       2905
      1192       5113       4018       5114       4019
      1193       6227       5113       6228       5114
      1194       7322       6227       7323       6228
      1195       8436       7322       8437       7323
      1196       9531       8436       9532       8437
      1197      10645       9531      10646       9532
      1198      11740      10645      11741      10646
      1199      12854      11740      12855      11741
      1200      13949      12854      13950      12855
      1429       1810        696       1811        697
      1430       2905       1810       2906       1811
      1431       4019       2905       4020       2906
      1432       5114       4019       5115       4020
      1433       6228       5114       6229       5115
      1434       7323       6228       7324       6229
      1435       8437       7323       8438       7324
      1436       9532       8437       9533       8438
      1437      10646       9532      10647       9533
      1438      11741      10646      11742      10647
      1439      12855      11741      12856      11742
      1440      13950      12855      13951      12856
      1669       1811        697       1812        698
      1670       2906       1811       2907       1812
      1671       4020       2906       4021       2907
      1672       5115       4020       5116       4021
      1673       6229       5115       6230       5116
      1674       7324       6229       7325       6230
      1675       8438       7324       8439       7325
      1676       9533       8438       9534       8439
      1677      10647       9533      10648       9534
      1678      11742      10647      11743      10648
      1679      12856      11742      12857      11743
      1680      13951      12856      13952      12857
      1909       1812        698       1813        699
      1910       2907       1812       2908       1813
      1911       4021       2907       4022       2908
      1912       5116       4021       5117       4022
      1913       6230       5116       6231       5117
      1914       7325       6230       7326       6231
      1915       8439       7325       8440       7326
      1916       9534       8439       9535       8440
      1917      10648       9534      10649       9535
      1918      11743      10648      11744      10649
      1919      12857      11743      12858      11744
      1920      13952      12857      13953      12858
      2149       1813        699       1814        700
      2150       2908       1813       2909       1814
      2151       4022       2908       4023       2909
      2152       5117       4022       5118       4023
      2153       6231       5117       6232       5118
      2154       7326       6231       7327       6232
      2155       8440       7326       8441       7327
      2156       9535       8440       9536       8441
      2157      10649       9535      10650       9536
      2158      11744      10649      11745      10650
      2159      12858      11744      12859      11745
      2160      13953      12858      13954      12859
      2389       1814        700       1815        701
      2390       2909       1814       2910       1815
      2391       4023       2909       4024       2910
      2392       5118       4023       5119       4024
      2393       6232       5118       6233       5119
      2394       7327       6232       7328       6233
      2395       8441       7327       8442       7328
      2396       9536       8441       9537       8442
      2397      10650       9536      10651       9537
      2398      11745      10650      11746      10651
      2399      12859      11745      12860      11746
      2400      13954      12859      13955      12860
      2629       1815        701       1816        702
      2630       2910       1815       2911       1816
      2631       4024       2910       4025       2911
      2632       5119       4024       5120       4025
      2633       6233       5119       6234       5120
      2634       7328       6233       7329       6234
      2635       8442       7328       8443       7329
      2636       9537       8442       9538       8443
      2637      10651       9537      10652       9538
      2638      11746      10651      11747      10652
      2639      12860      11746      12861      11747
      2640      13955      12860      13956      12861
      2869       1816        702       1817        703
      2870       2911       1816       2912       1817
      2871       4025       2911       4026       2912
      2872       5120       4025       5121       4026
      2873       6234       5120       6235       5121
      2874       7329       6234       7330       6235
      2875       8443       7329       8444       7330
      2876       9538       8443       9539       8444
      2877      10652       9538      10653       9539
      2878      11747      10652      11748      10653
      2879      12861      11747      12862      11748
      2880      13956      12861      13957      12862
      3109       1817        703       1818        704
      3110       2912       1817       2913       1818
      3111       4026       2912       4027       2913
      3112       5121       4026       5122       4027
      3113       6235       5121       6236       5122
      3114       7330       6235       7331       6236
      3115       8444       7330       8445       7331
      3116       9539       8444       9540       8445
      3117      10653       9539      10654       9540
      3118      11748      10653      11749      10654
      3119      12862      11748      12863      11749
      3120      13957      12862      13958      12863
      3349       1818        704       1819        705
      3350       2913       1818       2914       1819
      3351       4027       2913       4028       2914
      3352       5122       4027       5123       4028
      3353       6236       5122       6237       5123
      3354       7331       6236       7332       6237
      3355       8445       7331       8446       7332
      3356       9540       8445       9541       8446
      3357      10654       9540      10655       9541
      3358      11749      10654      11750      10655
      3359      12863      11749      12864      11750
      3360      13958      12863      13959      12864
      3589       1819        705       1820        706
      3590       2914       1819       2915       1820
      3591       4028       2914       4029       2915
      3592       5123       4028       5124       4029
      3593       6237       5123       6238       5124
      3594       7332       6237       7333       6238
      3595       8446       7332       8447       7333
      3596       9541       8446       9542       8447
      3597      10655       9541      10656       9542
      3598      11750      10655      11751      10656
      3599      12864      11750      12865      11751
      3600      13959      12864      13960      12865
      5330       2916       2201       2917       2202
      5331       2916       1821       2201       1822
      5334       2201       1822       2202       1823
      5336       2915       1820       2916       1821
      5346       1086        707       1087        708
      5347       1821        707       1822       1086
      5350       1822       1086       1823       1087
      5352       1820        706       1821        707
      5362       5125       4410       5126       4411
      5363       5125       4030       4410       4031
      5366       4410       4031       4411       4032
      5368       5124       4029       5125       4030
      5378       3295       2916       3296       2917
      5379       4030       2916       4031       3295
      5382       4031       3295       4032       3296
      5384       4029       2915       4030       2916
      5394       7334       6619       7335       6620
      5395       7334       6239       6619       6240
      5398       6619       6240       6620       6241
      5400       7333       6238       7334       6239
      5410       5504       5125       5505       5126
      5411       6239       5125       6240       5504
      5414       6240       5504       6241       5505
      5416       6238       5124       6239       5125
      5426       9543       8828       9544       8829
      5427       9543       8448       8828       8449
      5430       8828       8449       8829       8450
      5432       9542       8447       9543       8448
      5442       7713       7334       7714       7335
      5443       8448       7334       8449       7713
      5446       8449       7713       8450       7714
      5448       8447       7333       8448       7334
      5458      11752      11037      11753      11038
      5459      11752      10657      11037      10658
      5462      11037      10658      11038      10659
      5464      11751      10656      11752      10657
      5474       9922       9543       9923       9544
      5475      10657       9543      10658       9922
      5478      10658       9922      10659       9923
      5480      10656       9542      10657       9543
      5490      13961      13246      13962      13247
      5491      13961      12866      13246      12867
      5494      13246      12867      13247      12868
      5496      13960      12865      13961      12866
      5506      12131      11752      12132      11753
      5507      12866      11752      12867      12131
      5510      12867      12131      12868      12132
      5512      12865      11751      12866      11752
      6457       1087        708       1088        709
      6458       1823       1087       1824       1088
      6459       2202       1823       2203       1824
      6460       2917       2202       2918       2203
      6461       3296       2917       3297       2918
      6462       4032       3296       4033       3297
      6463       4411       4032       4412       4033
      6464       5126       4411       5127       4412
      6465       5505       5126       5506       5127
      6466       6241       5505       6242       5506
      6467       6620       6241       6621       6242
      6468       7335       6620       7336       6621
      6469       7714       7335       7715       7336
      6470       8450       7714       8451       7715
      6471       8829       8450       8830       8451
      6472       9544       8829       9545       8830
      6473       9923       9544       9924       9545
      6474      10659       9923      10660       9924
      6475      11038      10659      11039      10660
      6476      11753      11038      11754      11039
      6477      12132      11753      12133      11754
      6478      12868      12132      12869      12133
      6479      13247      12868      13248      12869
      6480      13962      13247      13963      13248
      7417       1088        709       1089        710
      7418       1824       1088       1825       1089
      7419       2203       1824       2204       1825
      7420       2918       2203       2919       2204
      7421       3297       2918       3298       2919
      7422       4033       3297       4034       3298
      7423       4412       4033       4413       4034
      7424       5127       4412       5128       4413
      7425       5506       5127       5507       5128
      7426       6242       5506       6243       5507
      7427       6621       6242       6622       6243
      7428       7336       6621       7337       6622
      7429       7715       7336       7716       7337
      7430       8451       7715       8452       7716
      7431       8830       8451       8831       8452
      7432       9545       8830       9546       8831
      7433       9924       9545       9925       9546
      7434      10660       9924      10661       9925
      7435      11039      10660      11040      10661
      7436      11754      11039      11755      11040
      7437      12133      11754      12134      11755
      7438      12869      12133      12870      12134
      7439      13248      12869      13249      12870
      7440      13963      13248      13964      13249
      8377       1089        710       1090        711
      8378       1825       1089       1826       1090
      8379       2204       1825       2205       1826
      8380       2919       2204       2920       2205
      8381       3298       2919       3299       2920
      8382       4034       3298       4035       3299
      8383       4413       4034       4414       4035
      8384       5128       4413       5129       4414
      8385       5507       5128       5508       5129
      8386       6243       5507       6244       5508
      8387       6622       6243       6623       6244
      8388       7337       6622       7338       6623
      8389       7716       7337       7717       7338
      8390       8452       7716       8453       7717
      8391       8831       8452       8832       8453
      8392       9546       8831       9547       8832
      8393       9925       9546       9926       9547
      8394      10661       9925      10662       9926
      8395      11040      10661      11041      10662
      8396      11755      11040      11756      11041
      8397      12134      11755      12135      11756
      8398      12870      12134      12871      12135
      8399      13249      12870      13250      12871
      8400      13964      13249      13965      13250
      9337       1090        711       1091        712
      9338       1826       1090       1827       1091
      9339       2205       1826       2206       1827
      9340       2920       2205       2921       2206
      9341       3299       2920       3300       2921
      9342       4035       3299       4036       3300
      9343       4414       4035       4415       4036
      9344       5129       4414       5130       4415
      9345       5508       5129       5509       5130
      9346       6244       5508       6245       5509
      9347       6623       6244       6624       6245
      9348       7338       6623       7339       6624
      9349       7717       7338       7718       7339
      9350       8453       7717       8454       7718
      9351       8832       8453       8833       8454
      9352       9547       8832       9548       8833
      9353       9926       9547       9927       9548
      9354      10662       9926      10663       9927
      9355      11041      10662      11042      10663
      9356      11756      11041      11757      11042
      9357      12135      11756      12136      11757
      9358      12871      12135      12872      12136
      9359      13250      12871      13251      12872
      9360      13965      13250      13966      13251
     10297       1091        712       1092        713
     10298       1827       1091       1828       1092
     10299       2206       1827       2207       1828
     10300       2921       2206       2922       2207
     10301       3300       2921       3301       2922
     10302       4036       3300       4037       3301
     10303       4415       4036       4416       4037
     10304       5130       4415       5131       4416
     10305       5509       5130       5510       5131
     10306       6245       5509       6246       5510
     10307       6624       6245       6625       6246
     10308       7339       6624       7340       6625
     10309       7718       7339       7719       7340
     10310       8454       7718       8455       7719
     10311       8833       8454       8834       8455
     10312       9548       8833       9549       8834
     10313       9927       9548       9928       9549
     10314      10663       9927      10664       9928
     10315      11042      10663      11043      10664
     10316      11757      11042      11758      11043
     10317      12136      11757      12137      11758
     10318      12872      12136      12873      12137
     10319      13251      12872      13252      12873
     10320      13966      13251      13967      13252
     11257       1092        713       1093        714
     11258       1828       1092       1829       1093
     11259       2207       1828       2208       1829
     11260       2922       2207       2923       2208
     11261       3301       2922       3302       2923
     11262       4037       3301       4038       3302
     11263       4416       4037       4417       4038
     11264       5131       4416       5132       4417
     11265       5510       5131       5511       5132
     11266       6246       5510       6247       5511
     11267       6625       6246       6626       6247
     11268       7340       6625       7341       6626
     11269       7719       7340       7720       7341
     11270       8455       7719       8456       7720
     11271       8834       8455       8835       8456
     11272       9549       8834       9550       8835
     11273       9928       9549       9929       9550
     11274      10664       9928      10665       9929
     11275      11043      10664      11044      10665
     11276      11758      11043      11759      11044
     11277      12137      11758      12138      11759
     11278      12873      12137      12874      12138
     11279      13252      12873      13253      12874
     11280      13967      13252      13968      13253
     12217       1093        714       1094        715
     12218       1829       1093       1830       1094
     12219       2208       1829       2209       1830
     12220       2923       2208       2924       2209
     12221       3302       2923       3303       2924
     12222       4038       3302       4039       3303
     12223       4417       4038       4418       4039
     12224       5132       4417       5133       4418
     12225       5511       5132       5512       5133
     12226       6247       5511       6248       5512
     12227       6626       6247       6627       6248
     12228       7341       6626       7342       6627
     12229       7720       7341       7721       7342
     12230       8456       7720       8457       7721
     12231       8835       8456       8836       8457
     12232       9550       8835       9551       8836
     12233       9929       9550       9930       9551
     12234      10665       9929      10666       9930
     12235      11044      10665      11045      10666
     12236      11759      11044      11760      11045
     12237      12138      11759      12139      11760
     12238      12874      12138      12875      12139
     12239      13253      12874      13254      12875
     12240      13968      13253      13969      13254
