         396
         1          1       1095          2       1096
         2       1095       2210       1096       2211
         3       2210       3304       2211       3305
         4       3304       4419       3305       4420
         5       4419       5513       4420       5514
         6       5513       6628       5514       6629
         7       6628       7722       6629       7723
         8       7722       8837       7723       8838
         9       8837       9931       8838       9932
        10       9931      11046       9932      11047
        11      11046      12140      11047      12141
        12      12140      13255      12141      13256
       241          2       1096          3       1097
       242       1096       2211       1097       2212
       243       2211       3305       2212       3306
       244       3305       4420       3306       4421
       245       4420       5514       4421       5515
       246       5514       6629       5515       6630
       247       6629       7723       6630       7724
       248       7723       8838       7724       8839
       249       8838       9932       8839       9933
       250       9932      11047       9933      11048
       251      11047      12141      11048      12142
       252      12141      13256      12142      13257
       481          3       1097          4       1098
       482       1097       2212       1098       2213
       483       2212       3306       2213       3307
       484       3306       4421       3307       4422
       485       4421       5515       4422       5516
       486       5515       6630       5516       6631
       487       6630       7724       6631       7725
       488       7724       8839       7725       8840
       489       8839       9933       8840       9934
       490       9933      11048       9934      11049
       491      11048      12142      11049      12143
       492      12142      13257      12143      13258
       721          4       1098          5       1099
       722       1098       2213       1099       2214
       723       2213       3307       2214       3308
       724       3307       4422       3308       4423
       725       4422       5516       4423       5517
       726       5516       6631       5517       6632
       727       6631       7725       6632       7726
       728       7725       8840       7726       8841
       729       8840       9934       8841       9935
       730       9934      11049       9935      11050
       731      11049      12143      11050      12144
       732      12143      13258      12144      13259
       961          5       1099          6       1100
       962       1099       2214       1100       2215
       963       2214       3308       2215       3309
       964       3308       4423       3309       4424
       965       4423       5517       4424       5518
       966       5517       6632       5518       6633
       967       6632       7726       6633       7727
       968       7726       8841       7727       8842
       969       8841       9935       8842       9936
       970       9935      11050       9936      11051
       971      11050      12144      11051      12145
       972      12144      13259      12145      13260
      1201          6       1100          7       1101
      1202       1100       2215       1101       2216
      1203       2215       3309       2216       3310
      1204       3309       4424       3310       4425
      1205       4424       5518       4425       5519
      1206       5518       6633       5519       6634
      1207       6633       7727       6634       7728
      1208       7727       8842       7728       8843
      1209       8842       9936       8843       9937
      1210       9936      11051       9937      11052
      1211      11051      12145      11052      12146
      1212      12145      13260      12146      13261
      1441          7       1101          8       1102
      1442       1101       2216       1102       2217
      1443       2216       3310       2217       3311
      1444       3310       4425       3311       4426
      1445       4425       5519       4426       5520
      1446       5519       6634       5520       6635
      1447       6634       7728       6635       7729
      1448       7728       8843       7729       8844
      1449       8843       9937       8844       9938
      1450       9937      11052       9938      11053
      1451      11052      12146      11053      12147
      1452      12146      13261      12147      13262
      1681          8       1102          9       1103
      1682       1102       2217       1103       2218
      1683       2217       3311       2218       3312
      1684       3311       4426       3312       4427
      1685       4426       5520       4427       5521
      1686       5520       6635       5521       6636
      1687       6635       7729       6636       7730
      1688       7729       8844       7730       8845
      1689       8844       9938       8845       9939
      1690       9938      11053       9939      11054
      1691      11053      12147      11054      12148
      1692      12147      13262      12148      13263
      1921          9       1103         10       1104
      1922       1103       2218       1104       2219
      1923       2218       3312       2219       3313
      1924       3312       4427       3313       4428
      1925       4427       5521       4428       5522
      1926       5521       6636       5522       6637
      1927       6636       7730       6637       7731
      1928       7730       8845       7731       8846
      1929       8845       9939       8846       9940
      1930       9939      11054       9940      11055
      1931      11054      12148      11055      12149
      1932      12148      13263      12149      13264
      2161         10       1104         11       1105
      2162       1104       2219       1105       2220
      2163       2219       3313       2220       3314
      2164       3313       4428       3314       4429
      2165       4428       5522       4429       5523
      2166       5522       6637       5523       6638
      2167       6637       7731       6638       7732
      2168       7731       8846       7732       8847
      2169       8846       9940       8847       9941
      2170       9940      11055       9941      11056
      2171      11055      12149      11056      12150
      2172      12149      13264      12150      13265
      2401         11       1105         12       1106
      2402       1105       2220       1106       2221
      2403       2220       3314       2221       3315
      2404       3314       4429       3315       4430
      2405       4429       5523       4430       5524
      2406       5523       6638       5524       6639
      2407       6638       7732       6639       7733
      2408       7732       8847       7733       8848
      2409       8847       9941       8848       9942
      2410       9941      11056       9942      11057
      2411      11056      12150      11057      12151
      2412      12150      13265      12151      13266
      2641         12       1106         13       1107
      2642       1106       2221       1107       2222
      2643       2221       3315       2222       3316
      2644       3315       4430       3316       4431
      2645       4430       5524       4431       5525
      2646       5524       6639       5525       6640
      2647       6639       7733       6640       7734
      2648       7733       8848       7734       8849
      2649       8848       9942       8849       9943
      2650       9942      11057       9943      11058
      2651      11057      12151      11058      12152
      2652      12151      13266      12152      13267
      2881         13       1107         14       1108
      2882       1107       2222       1108       2223
      2883       2222       3316       2223       3317
      2884       3316       4431       3317       4432
      2885       4431       5525       4432       5526
      2886       5525       6640       5526       6641
      2887       6640       7734       6641       7735
      2888       7734       8849       7735       8850
      2889       8849       9943       8850       9944
      2890       9943      11058       9944      11059
      2891      11058      12152      11059      12153
      2892      12152      13267      12153      13268
      3121         14       1108         15       1109
      3122       1108       2223       1109       2224
      3123       2223       3317       2224       3318
      3124       3317       4432       3318       4433
      3125       4432       5526       4433       5527
      3126       5526       6641       5527       6642
      3127       6641       7735       6642       7736
      3128       7735       8850       7736       8851
      3129       8850       9944       8851       9945
      3130       9944      11059       9945      11060
      3131      11059      12153      11060      12154
      3132      12153      13268      12154      13269
      3361         15       1109         16       1110
      3362       1109       2224       1110       2225
      3363       2224       3318       2225       3319
      3364       3318       4433       3319       4434
      3365       4433       5527       4434       5528
      3366       5527       6642       5528       6643
      3367       6642       7736       6643       7737
      3368       7736       8851       7737       8852
      3369       8851       9945       8852       9946
      3370       9945      11060       9946      11061
      3371      11060      12154      11061      12155
      3372      12154      13269      12155      13270
      3610       1831       2226       1832       2227
      3611       1111       2226       1112       1831
      3614       1112       1831       1113       1832
      3616       1110       2225       1111       2226
      3626         17        716         18        717
      3627         17       1111        716       1112
      3630        716       1112        717       1113
      3632         16       1110         17       1111
      3642       4040       4435       4041       4436
      3643       3320       4435       3321       4040
      3646       3321       4040       3322       4041
      3648       3319       4434       3320       4435
      3658       2226       2925       2227       2926
      3659       2226       3320       2925       3321
      3662       2925       3321       2926       3322
      3664       2225       3319       2226       3320
      3674       6249       6644       6250       6645
      3675       5529       6644       5530       6249
      3678       5530       6249       5531       6250
      3680       5528       6643       5529       6644
      3690       4435       5134       4436       5135
      3691       4435       5529       5134       5530
      3694       5134       5530       5135       5531
      3696       4434       5528       4435       5529
      3706       8458       8853       8459       8854
      3707       7738       8853       7739       8458
      3710       7739       8458       7740       8459
      3712       7737       8852       7738       8853
      3722       6644       7343       6645       7344
      3723       6644       7738       7343       7739
      3726       7343       7739       7344       7740
      3728       6643       7737       6644       7738
      3738      10667      11062      10668      11063
      3739       9947      11062       9948      10667
      3742       9948      10667       9949      10668
      3744       9946      11061       9947      11062
      3754       8853       9552       8854       9553
      3755       8853       9947       9552       9948
      3758       9552       9948       9553       9949
      3760       8852       9946       8853       9947
      3770      12876      13271      12877      13272
      3771      12156      13271      12157      12876
      3774      12157      12876      12158      12877
      3776      12155      13270      12156      13271
      3786      11062      11761      11063      11762
      3787      11062      12156      11761      12157
      3790      11761      12157      11762      12158
      3792      11061      12155      11062      12156
      5521         18        717         19        718
      5522        717       1113        718       1114
      5523       1113       1832       1114       1833
      5524       1832       2227       1833       2228
      5525       2227       2926       2228       2927
      5526       2926       3322       2927       3323
      5527       3322       4041       3323       4042
      5528       4041       4436       4042       4437
      5529       4436       5135       4437       5136
      5530       5135       5531       5136       5532
      5531       5531       6250       5532       6251
      5532       6250       6645       6251       6646
      5533       6645       7344       6646       7345
      5534       7344       7740       7345       7741
      5535       7740       8459       7741       8460
      5536       8459       8854       8460       8855
      5537       8854       9553       8855       9554
      5538       9553       9949       9554       9950
      5539       9949      10668       9950      10669
      5540      10668      11063      10669      11064
      5541      11063      11762      11064      11763
      5542      11762      12158      11763      12159
      5543      12158      12877      12159      12878
      5544      12877      13272      12878      13273
      6481         19        718         20        719
      6482        718       1114        719       1115
      6483       1114       1833       1115       1834
      6484       1833       2228       1834       2229
      6485       2228       2927       2229       2928
      6486       2927       3323       2928       3324
      6487       3323       4042       3324       4043
      6488       4042       4437       4043       4438
      6489       4437       5136       4438       5137
      6490       5136       5532       5137       5533
      6491       5532       6251       5533       6252
      6492       6251       6646       6252       6647
      6493       6646       7345       6647       7346
      6494       7345       7741       7346       7742
      6495       7741       8460       7742       8461
      6496       8460       8855       8461       8856
      6497       8855       9554       8856       9555
      6498       9554       9950       9555       9951
      6499       9950      10669       9951      10670
      6500      10669      11064      10670      11065
      6501      11064      11763      11065      11764
      6502      11763      12159      11764      12160
      6503      12159      12878      12160      12879
      6504      12878      13273      12879      13274
      7441         20        719         21        720
      7442        719       1115        720       1116
      7443       1115       1834       1116       1835
      7444       1834       2229       1835       2230
      7445       2229       2928       2230       2929
      7446       2928       3324       2929       3325
      7447       3324       4043       3325       4044
      7448       4043       4438       4044       4439
      7449       4438       5137       4439       5138
      7450       5137       5533       5138       5534
      7451       5533       6252       5534       6253
      7452       6252       6647       6253       6648
      7453       6647       7346       6648       7347
      7454       7346       7742       7347       7743
      7455       7742       8461       7743       8462
      7456       8461       8856       8462       8857
      7457       8856       9555       8857       9556
      7458       9555       9951       9556       9952
      7459       9951      10670       9952      10671
      7460      10670      11065      10671      11066
      7461      11065      11764      11066      11765
      7462      11764      12160      11765      12161
      7463      12160      12879      12161      12880
      7464      12879      13274      12880      13275
      8401         21        720         22        721
      8402        720       1116        721       1117
      8403       1116       1835       1117       1836
      8404       1835       2230       1836       2231
      8405       2230       2929       2231       2930
      8406       2929       3325       2930       3326
      8407       3325       4044       3326       4045
      8408       4044       4439       4045       4440
      8409       4439       5138       4440       5139
      8410       5138       5534       5139       5535
      8411       5534       6253       5535       6254
      8412       6253       6648       6254       6649
      8413       6648       7347       6649       7348
      8414       7347       7743       7348       7744
      8415       7743       8462       7744       8463
      8416       8462       8857       8463       8858
      8417       8857       9556       8858       9557
      8418       9556       9952       9557       9953
      8419       9952      10671       9953      10672
      8420      10671      11066      10672      11067
      8421      11066      11765      11067      11766
      8422      11765      12161      11766      12162
      8423      12161      12880      12162      12881
      8424      12880      13275      12881      13276
      9361         22        721         23        722
      9362        721       1117        722       1118
      9363       1117       1836       1118       1837
      9364       1836       2231       1837       2232
      9365       2231       2930       2232       2931
      9366       2930       3326       2931       3327
      9367       3326       4045       3327       4046
      9368       4045       4440       4046       4441
      9369       4440       5139       4441       5140
      9370       5139       5535       5140       5536
      9371       5535       6254       5536       6255
      9372       6254       6649       6255       6650
      9373       6649       7348       6650       7349
      9374       7348       7744       7349       7745
      9375       7744       8463       7745       8464
      9376       8463       8858       8464       8859
      9377       8858       9557       8859       9558
      9378       9557       9953       9558       9954
      9379       9953      10672       9954      10673
      9380      10672      11067      10673      11068
      9381      11067      11766      11068      11767
      9382      11766      12162      11767      12163
      9383      12162      12881      12163      12882
      9384      12881      13276      12882      13277
     10321         23        722         24        723
     10322        722       1118        723       1119
     10323       1118       1837       1119       1838
     10324       1837       2232       1838       2233
     10325       2232       2931       2233       2932
     10326       2931       3327       2932       3328
     10327       3327       4046       3328       4047
     10328       4046       4441       4047       4442
     10329       4441       5140       4442       5141
     10330       5140       5536       5141       5537
     10331       5536       6255       5537       6256
     10332       6255       6650       6256       6651
     10333       6650       7349       6651       7350
     10334       7349       7745       7350       7746
     10335       7745       8464       7746       8465
     10336       8464       8859       8465       8860
     10337       8859       9558       8860       9559
     10338       9558       9954       9559       9955
     10339       9954      10673       9955      10674
     10340      10673      11068      10674      11069
     10341      11068      11767      11069      11768
     10342      11767      12163      11768      12164
     10343      12163      12882      12164      12883
     10344      12882      13277      12883      13278
     11281         24        723         25        724
     11282        723       1119        724       1120
     11283       1119       1838       1120       1839
     11284       1838       2233       1839       2234
     11285       2233       2932       2234       2933
     11286       2932       3328       2933       3329
     11287       3328       4047       3329       4048
     11288       4047       4442       4048       4443
     11289       4442       5141       4443       5142
     11290       5141       5537       5142       5538
     11291       5537       6256       5538       6257
     11292       6256       6651       6257       6652
     11293       6651       7350       6652       7351
     11294       7350       7746       7351       7747
     11295       7746       8465       7747       8466
     11296       8465       8860       8466       8861
     11297       8860       9559       8861       9560
     11298       9559       9955       9560       9956
     11299       9955      10674       9956      10675
     11300      10674      11069      10675      11070
     11301      11069      11768      11070      11769
     11302      11768      12164      11769      12165
     11303      12164      12883      12165      12884
     11304      12883      13278      12884      13279
