         660
        12      13255      13289      13256      13290
        24      13289      13324      13290      13325
        36      13324      13358      13325      13359
        48      13358      13393      13359      13394
        60      13393      13427      13394      13428
        72      13427      13462      13428      13463
        84      13462      13496      13463      13497
        96      13496      13531      13497      13532
       108      13531      13565      13532      13566
       120      13565      13600      13566      13601
       132      13600      13634      13601      13635
       144      13634      13669      13635      13670
       156      13669      13703      13670      13704
       168      13703      13738      13704      13739
       180      13738      13772      13739      13773
       192      13772      13807      13773      13808
       204      13807      13841      13808      13842
       216      13841      13876      13842      13877
       228      13876      13910      13877      13911
       240      13910      13945      13911      13946
       252      13256      13290      13257      13291
       264      13290      13325      13291      13326
       276      13325      13359      13326      13360
       288      13359      13394      13360      13395
       300      13394      13428      13395      13429
       312      13428      13463      13429      13464
       324      13463      13497      13464      13498
       336      13497      13532      13498      13533
       348      13532      13566      13533      13567
       360      13566      13601      13567      13602
       372      13601      13635      13602      13636
       384      13635      13670      13636      13671
       396      13670      13704      13671      13705
       408      13704      13739      13705      13740
       420      13739      13773      13740      13774
       432      13773      13808      13774      13809
       444      13808      13842      13809      13843
       456      13842      13877      13843      13878
       468      13877      13911      13878      13912
       480      13911      13946      13912      13947
       492      13257      13291      13258      13292
       504      13291      13326      13292      13327
       516      13326      13360      13327      13361
       528      13360      13395      13361      13396
       540      13395      13429      13396      13430
       552      13429      13464      13430      13465
       564      13464      13498      13465      13499
       576      13498      13533      13499      13534
       588      13533      13567      13534      13568
       600      13567      13602      13568      13603
       612      13602      13636      13603      13637
       624      13636      13671      13637      13672
       636      13671      13705      13672      13706
       648      13705      13740      13706      13741
       660      13740      13774      13741      13775
       672      13774      13809      13775      13810
       684      13809      13843      13810      13844
       696      13843      13878      13844      13879
       708      13878      13912      13879      13913
       720      13912      13947      13913      13948
       732      13258      13292      13259      13293
       744      13292      13327      13293      13328
       756      13327      13361      13328      13362
       768      13361      13396      13362      13397
       780      13396      13430      13397      13431
       792      13430      13465      13431      13466
       804      13465      13499      13466      13500
       816      13499      13534      13500      13535
       828      13534      13568      13535      13569
       840      13568      13603      13569      13604
       852      13603      13637      13604      13638
       864      13637      13672      13638      13673
       876      13672      13706      13673      13707
       888      13706      13741      13707      13742
       900      13741      13775      13742      13776
       912      13775      13810      13776      13811
       924      13810      13844      13811      13845
       936      13844      13879      13845      13880
       948      13879      13913      13880      13914
       960      13913      13948      13914      13949
       972      13259      13293      13260      13294
       984      13293      13328      13294      13329
       996      13328      13362      13329      13363
      1008      13362      13397      13363      13398
      1020      13397      13431      13398      13432
      1032      13431      13466      13432      13467
      1044      13466      13500      13467      13501
      1056      13500      13535      13501      13536
      1068      13535      13569      13536      13570
      1080      13569      13604      13570      13605
      1092      13604      13638      13605      13639
      1104      13638      13673      13639      13674
      1116      13673      13707      13674      13708
      1128      13707      13742      13708      13743
      1140      13742      13776      13743      13777
      1152      13776      13811      13777      13812
      1164      13811      13845      13812      13846
      1176      13845      13880      13846      13881
      1188      13880      13914      13881      13915
      1200      13914      13949      13915      13950
      1212      13260      13294      13261      13295
      1224      13294      13329      13295      13330
      1236      13329      13363      13330      13364
      1248      13363      13398      13364      13399
      1260      13398      13432      13399      13433
      1272      13432      13467      13433      13468
      1284      13467      13501      13468      13502
      1296      13501      13536      13502      13537
      1308      13536      13570      13537      13571
      1320      13570      13605      13571      13606
      1332      13605      13639      13606      13640
      1344      13639      13674      13640      13675
      1356      13674      13708      13675      13709
      1368      13708      13743      13709      13744
      1380      13743      13777      13744      13778
      1392      13777      13812      13778      13813
      1404      13812      13846      13813      13847
      1416      13846      13881      13847      13882
      1428      13881      13915      13882      13916
      1440      13915      13950      13916      13951
      1452      13261      13295      13262      13296
      1464      13295      13330      13296      13331
      1476      13330      13364      13331      13365
      1488      13364      13399      13365      13400
      1500      13399      13433      13400      13434
      1512      13433      13468      13434      13469
      1524      13468      13502      13469      13503
      1536      13502      13537      13503      13538
      1548      13537      13571      13538      13572
      1560      13571      13606      13572      13607
      1572      13606      13640      13607      13641
      1584      13640      13675      13641      13676
      1596      13675      13709      13676      13710
      1608      13709      13744      13710      13745
      1620      13744      13778      13745      13779
      1632      13778      13813      13779      13814
      1644      13813      13847      13814      13848
      1656      13847      13882      13848      13883
      1668      13882      13916      13883      13917
      1680      13916      13951      13917      13952
      1692      13262      13296      13263      13297
      1704      13296      13331      13297      13332
      1716      13331      13365      13332      13366
      1728      13365      13400      13366      13401
      1740      13400      13434      13401      13435
      1752      13434      13469      13435      13470
      1764      13469      13503      13470      13504
      1776      13503      13538      13504      13539
      1788      13538      13572      13539      13573
      1800      13572      13607      13573      13608
      1812      13607      13641      13608      13642
      1824      13641      13676      13642      13677
      1836      13676      13710      13677      13711
      1848      13710      13745      13711      13746
      1860      13745      13779      13746      13780
      1872      13779      13814      13780      13815
      1884      13814      13848      13815      13849
      1896      13848      13883      13849      13884
      1908      13883      13917      13884      13918
      1920      13917      13952      13918      13953
      1932      13263      13297      13264      13298
      1944      13297      13332      13298      13333
      1956      13332      13366      13333      13367
      1968      13366      13401      13367      13402
      1980      13401      13435      13402      13436
      1992      13435      13470      13436      13471
      2004      13470      13504      13471      13505
      2016      13504      13539      13505      13540
      2028      13539      13573      13540      13574
      2040      13573      13608      13574      13609
      2052      13608      13642      13609      13643
      2064      13642      13677      13643      13678
      2076      13677      13711      13678      13712
      2088      13711      13746      13712      13747
      2100      13746      13780      13747      13781
      2112      13780      13815      13781      13816
      2124      13815      13849      13816      13850
      2136      13849      13884      13850      13885
      2148      13884      13918      13885      13919
      2160      13918      13953      13919      13954
      2172      13264      13298      13265      13299
      2184      13298      13333      13299      13334
      2196      13333      13367      13334      13368
      2208      13367      13402      13368      13403
      2220      13402      13436      13403      13437
      2232      13436      13471      13437      13472
      2244      13471      13505      13472      13506
      2256      13505      13540      13506      13541
      2268      13540      13574      13541      13575
      2280      13574      13609      13575      13610
      2292      13609      13643      13610      13644
      2304      13643      13678      13644      13679
      2316      13678      13712      13679      13713
      2328      13712      13747      13713      13748
      2340      13747      13781      13748      13782
      2352      13781      13816      13782      13817
      2364      13816      13850      13817      13851
      2376      13850      13885      13851      13886
      2388      13885      13919      13886      13920
      2400      13919      13954      13920      13955
      2412      13265      13299      13266      13300
      2424      13299      13334      13300      13335
      2436      13334      13368      13335      13369
      2448      13368      13403      13369      13404
      2460      13403      13437      13404      13438
      2472      13437      13472      13438      13473
      2484      13472      13506      13473      13507
      2496      13506      13541      13507      13542
      2508      13541      13575      13542      13576
      2520      13575      13610      13576      13611
      2532      13610      13644      13611      13645
      2544      13644      13679      13645      13680
      2556      13679      13713      13680      13714
      2568      13713      13748      13714      13749
      2580      13748      13782      13749      13783
      2592      13782      13817      13783      13818
      2604      13817      13851      13818      13852
      2616      13851      13886      13852      13887
      2628      13886      13920      13887      13921
      2640      13920      13955      13921      13956
      2652      13266      13300      13267      13301
      2664      13300      13335      13301      13336
      2676      13335      13369      13336      13370
      2688      13369      13404      13370      13405
      2700      13404      13438      13405      13439
      2712      13438      13473      13439      13474
      2724      13473      13507      13474      13508
      2736      13507      13542      13508      13543
      2748      13542      13576      13543      13577
      2760      13576      13611      13577      13612
      2772      13611      13645      13612      13646
      2784      13645      13680      13646      13681
      2796      13680      13714      13681      13715
      2808      13714      13749      13715      13750
      2820      13749      13783      13750      13784
      2832      13783      13818      13784      13819
      2844      13818      13852      13819      13853
      2856      13852      13887      13853      13888
      2868      13887      13921      13888      13922
      2880      13921      13956      13922      13957
      2892      13267      13301      13268      13302
      2904      13301      13336      13302      13337
      2916      13336      13370      13337      13371
      2928      13370      13405      13371      13406
      2940      13405      13439      13406      13440
      2952      13439      13474      13440      13475
      2964      13474      13508      13475      13509
      2976      13508      13543      13509      13544
      2988      13543      13577      13544      13578
      3000      13577      13612      13578      13613
      3012      13612      13646      13613      13647
      3024      13646      13681      13647      13682
      3036      13681      13715      13682      13716
      3048      13715      13750      13716      13751
      3060      13750      13784      13751      13785
      3072      13784      13819      13785      13820
      3084      13819      13853      13820      13854
      3096      13853      13888      13854      13889
      3108      13888      13922      13889      13923
      3120      13922      13957      13923      13958
      3132      13268      13302      13269      13303
      3144      13302      13337      13303      13338
      3156      13337      13371      13338      13372
      3168      13371      13406      13372      13407
      3180      13406      13440      13407      13441
      3192      13440      13475      13441      13476
      3204      13475      13509      13476      13510
      3216      13509      13544      13510      13545
      3228      13544      13578      13545      13579
      3240      13578      13613      13579      13614
      3252      13613      13647      13614      13648
      3264      13647      13682      13648      13683
      3276      13682      13716      13683      13717
      3288      13716      13751      13717      13752
      3300      13751      13785      13752      13786
      3312      13785      13820      13786      13821
      3324      13820      13854      13821      13855
      3336      13854      13889      13855      13890
      3348      13889      13923      13890      13924
      3360      13923      13958      13924      13959
      3372      13269      13303      13270      13304
      3384      13303      13338      13304      13339
      3396      13338      13372      13339      13373
      3408      13372      13407      13373      13408
      3420      13407      13441      13408      13442
      3432      13441      13476      13442      13477
      3444      13476      13510      13477      13511
      3456      13510      13545      13511      13546
      3468      13545      13579      13546      13580
      3480      13579      13614      13580      13615
      3492      13614      13648      13615      13649
      3504      13648      13683      13649      13684
      3516      13683      13717      13684      13718
      3528      13717      13752      13718      13753
      3540      13752      13786      13753      13787
      3552      13786      13821      13787      13822
      3564      13821      13855      13822      13856
      3576      13855      13890      13856      13891
      3588      13890      13924      13891      13925
      3600      13924      13959      13925      13960
      3761      13306      13315      13307      13316
      3762      13315      13340      13316      13341
      3765      13305      13340      13306      13315
      3768      13304      13339      13305      13340
      3769      13280      13306      13281      13307
      3770      13271      13280      13272      13281
      3773      13271      13305      13280      13306
      3776      13270      13304      13271      13305
      3953      13375      13384      13376      13385
      3954      13384      13409      13385      13410
      3957      13374      13409      13375      13384
      3960      13373      13408      13374      13409
      3961      13349      13375      13350      13376
      3962      13340      13349      13341      13350
      3965      13340      13374      13349      13375
      3968      13339      13373      13340      13374
      4145      13444      13453      13445      13454
      4146      13453      13478      13454      13479
      4149      13443      13478      13444      13453
      4152      13442      13477      13443      13478
      4153      13418      13444      13419      13445
      4154      13409      13418      13410      13419
      4157      13409      13443      13418      13444
      4160      13408      13442      13409      13443
      4337      13513      13522      13514      13523
      4338      13522      13547      13523      13548
      4341      13512      13547      13513      13522
      4344      13511      13546      13512      13547
      4345      13487      13513      13488      13514
      4346      13478      13487      13479      13488
      4349      13478      13512      13487      13513
      4352      13477      13511      13478      13512
      4529      13582      13591      13583      13592
      4530      13591      13616      13592      13617
      4533      13581      13616      13582      13591
      4536      13580      13615      13581      13616
      4537      13556      13582      13557      13583
      4538      13547      13556      13548      13557
      4541      13547      13581      13556      13582
      4544      13546      13580      13547      13581
      4721      13651      13660      13652      13661
      4722      13660      13685      13661      13686
      4725      13650      13685      13651      13660
      4728      13649      13684      13650      13685
      4729      13625      13651      13626      13652
      4730      13616      13625      13617      13626
      4733      13616      13650      13625      13651
      4736      13615      13649      13616      13650
      4913      13720      13729      13721      13730
      4914      13729      13754      13730      13755
      4917      13719      13754      13720      13729
      4920      13718      13753      13719      13754
      4921      13694      13720      13695      13721
      4922      13685      13694      13686      13695
      4925      13685      13719      13694      13720
      4928      13684      13718      13685      13719
      5105      13789      13798      13790      13799
      5106      13798      13823      13799      13824
      5109      13788      13823      13789      13798
      5112      13787      13822      13788      13823
      5113      13763      13789      13764      13790
      5114      13754      13763      13755      13764
      5117      13754      13788      13763      13789
      5120      13753      13787      13754      13788
      5297      13858      13867      13859      13868
      5298      13867      13892      13868      13893
      5301      13857      13892      13858      13867
      5304      13856      13891      13857      13892
      5305      13832      13858      13833      13859
      5306      13823      13832      13824      13833
      5309      13823      13857      13832      13858
      5312      13822      13856      13823      13857
      5489      13927      13936      13928      13937
      5490      13936      13961      13937      13962
      5493      13926      13961      13927      13936
      5496      13925      13960      13926      13961
      5497      13901      13927      13902      13928
      5498      13892      13901      13893      13902
      5501      13892      13926      13901      13927
      5504      13891      13925      13892      13926
      5544      13272      13281      13273      13282
      5568      13281      13307      13282      13308
      5592      13307      13316      13308      13317
      5616      13316      13341      13317      13342
      5640      13341      13350      13342      13351
      5664      13350      13376      13351      13377
      5688      13376      13385      13377      13386
      5712      13385      13410      13386      13411
      5736      13410      13419      13411      13420
      5760      13419      13445      13420      13446
      5784      13445      13454      13446      13455
      5808      13454      13479      13455      13480
      5832      13479      13488      13480      13489
      5856      13488      13514      13489      13515
      5880      13514      13523      13515      13524
      5904      13523      13548      13524      13549
      5928      13548      13557      13549      13558
      5952      13557      13583      13558      13584
      5976      13583      13592      13584      13593
      6000      13592      13617      13593      13618
      6024      13617      13626      13618      13627
      6048      13626      13652      13627      13653
      6072      13652      13661      13653      13662
      6096      13661      13686      13662      13687
      6120      13686      13695      13687      13696
      6144      13695      13721      13696      13722
      6168      13721      13730      13722      13731
      6192      13730      13755      13731      13756
      6216      13755      13764      13756      13765
      6240      13764      13790      13765      13791
      6264      13790      13799      13791      13800
      6288      13799      13824      13800      13825
      6312      13824      13833      13825      13834
      6336      13833      13859      13834      13860
      6360      13859      13868      13860      13869
      6384      13868      13893      13869      13894
      6408      13893      13902      13894      13903
      6432      13902      13928      13903      13929
      6456      13928      13937      13929      13938
      6480      13937      13962      13938      13963
      6504      13273      13282      13274      13283
      6528      13282      13308      13283      13309
      6552      13308      13317      13309      13318
      6576      13317      13342      13318      13343
      6600      13342      13351      13343      13352
      6624      13351      13377      13352      13378
      6648      13377      13386      13378      13387
      6672      13386      13411      13387      13412
      6696      13411      13420      13412      13421
      6720      13420      13446      13421      13447
      6744      13446      13455      13447      13456
      6768      13455      13480      13456      13481
      6792      13480      13489      13481      13490
      6816      13489      13515      13490      13516
      6840      13515      13524      13516      13525
      6864      13524      13549      13525      13550
      6888      13549      13558      13550      13559
      6912      13558      13584      13559      13585
      6936      13584      13593      13585      13594
      6960      13593      13618      13594      13619
      6984      13618      13627      13619      13628
      7008      13627      13653      13628      13654
      7032      13653      13662      13654      13663
      7056      13662      13687      13663      13688
      7080      13687      13696      13688      13697
      7104      13696      13722      13697      13723
      7128      13722      13731      13723      13732
      7152      13731      13756      13732      13757
      7176      13756      13765      13757      13766
      7200      13765      13791      13766      13792
      7224      13791      13800      13792      13801
      7248      13800      13825      13801      13826
      7272      13825      13834      13826      13835
      7296      13834      13860      13835      13861
      7320      13860      13869      13861      13870
      7344      13869      13894      13870      13895
      7368      13894      13903      13895      13904
      7392      13903      13929      13904      13930
      7416      13929      13938      13930      13939
      7440      13938      13963      13939      13964
      7464      13274      13283      13275      13284
      7488      13283      13309      13284      13310
      7512      13309      13318      13310      13319
      7536      13318      13343      13319      13344
      7560      13343      13352      13344      13353
      7584      13352      13378      13353      13379
      7608      13378      13387      13379      13388
      7632      13387      13412      13388      13413
      7656      13412      13421      13413      13422
      7680      13421      13447      13422      13448
      7704      13447      13456      13448      13457
      7728      13456      13481      13457      13482
      7752      13481      13490      13482      13491
      7776      13490      13516      13491      13517
      7800      13516      13525      13517      13526
      7824      13525      13550      13526      13551
      7848      13550      13559      13551      13560
      7872      13559      13585      13560      13586
      7896      13585      13594      13586      13595
      7920      13594      13619      13595      13620
      7944      13619      13628      13620      13629
      7968      13628      13654      13629      13655
      7992      13654      13663      13655      13664
      8016      13663      13688      13664      13689
      8040      13688      13697      13689      13698
      8064      13697      13723      13698      13724
      8088      13723      13732      13724      13733
      8112      13732      13757      13733      13758
      8136      13757      13766      13758      13767
      8160      13766      13792      13767      13793
      8184      13792      13801      13793      13802
      8208      13801      13826      13802      13827
      8232      13826      13835      13827      13836
      8256      13835      13861      13836      13862
      8280      13861      13870      13862      13871
      8304      13870      13895      13871      13896
      8328      13895      13904      13896      13905
      8352      13904      13930      13905      13931
      8376      13930      13939      13931      13940
      8400      13939      13964      13940      13965
      8424      13275      13284      13276      13285
      8448      13284      13310      13285      13311
      8472      13310      13319      13311      13320
      8496      13319      13344      13320      13345
      8520      13344      13353      13345      13354
      8544      13353      13379      13354      13380
      8568      13379      13388      13380      13389
      8592      13388      13413      13389      13414
      8616      13413      13422      13414      13423
      8640      13422      13448      13423      13449
      8664      13448      13457      13449      13458
      8688      13457      13482      13458      13483
      8712      13482      13491      13483      13492
      8736      13491      13517      13492      13518
      8760      13517      13526      13518      13527
      8784      13526      13551      13527      13552
      8808      13551      13560      13552      13561
      8832      13560      13586      13561      13587
      8856      13586      13595      13587      13596
      8880      13595      13620      13596      13621
      8904      13620      13629      13621      13630
      8928      13629      13655      13630      13656
      8952      13655      13664      13656      13665
      8976      13664      13689      13665      13690
      9000      13689      13698      13690      13699
      9024      13698      13724      13699      13725
      9048      13724      13733      13725      13734
      9072      13733      13758      13734      13759
      9096      13758      13767      13759      13768
      9120      13767      13793      13768      13794
      9144      13793      13802      13794      13803
      9168      13802      13827      13803      13828
      9192      13827      13836      13828      13837
      9216      13836      13862      13837      13863
      9240      13862      13871      13863      13872
      9264      13871      13896      13872      13897
      9288      13896      13905      13897      13906
      9312      13905      13931      13906      13932
      9336      13931      13940      13932      13941
      9360      13940      13965      13941      13966
      9384      13276      13285      13277      13286
      9408      13285      13311      13286      13312
      9432      13311      13320      13312      13321
      9456      13320      13345      13321      13346
      9480      13345      13354      13346      13355
      9504      13354      13380      13355      13381
      9528      13380      13389      13381      13390
      9552      13389      13414      13390      13415
      9576      13414      13423      13415      13424
      9600      13423      13449      13424      13450
      9624      13449      13458      13450      13459
      9648      13458      13483      13459      13484
      9672      13483      13492      13484      13493
      9696      13492      13518      13493      13519
      9720      13518      13527      13519      13528
      9744      13527      13552      13528      13553
      9768      13552      13561      13553      13562
      9792      13561      13587      13562      13588
      9816      13587      13596      13588      13597
      9840      13596      13621      13597      13622
      9864      13621      13630      13622      13631
      9888      13630      13656      13631      13657
      9912      13656      13665      13657      13666
      9936      13665      13690      13666      13691
      9960      13690      13699      13691      13700
      9984      13699      13725      13700      13726
     10008      13725      13734      13726      13735
     10032      13734      13759      13735      13760
     10056      13759      13768      13760      13769
     10080      13768      13794      13769      13795
     10104      13794      13803      13795      13804
     10128      13803      13828      13804      13829
     10152      13828      13837      13829      13838
     10176      13837      13863      13838      13864
     10200      13863      13872      13864      13873
     10224      13872      13897      13873      13898
     10248      13897      13906      13898      13907
     10272      13906      13932      13907      13933
     10296      13932      13941      13933      13942
     10320      13941      13966      13942      13967
     10344      13277      13286      13278      13287
     10368      13286      13312      13287      13313
     10392      13312      13321      13313      13322
     10416      13321      13346      13322      13347
     10440      13346      13355      13347      13356
     10464      13355      13381      13356      13382
     10488      13381      13390      13382      13391
     10512      13390      13415      13391      13416
     10536      13415      13424      13416      13425
     10560      13424      13450      13425      13451
     10584      13450      13459      13451      13460
     10608      13459      13484      13460      13485
     10632      13484      13493      13485      13494
     10656      13493      13519      13494      13520
     10680      13519      13528      13520      13529
     10704      13528      13553      13529      13554
     10728      13553      13562      13554      13563
     10752      13562      13588      13563      13589
     10776      13588      13597      13589      13598
     10800      13597      13622      13598      13623
     10824      13622      13631      13623      13632
     10848      13631      13657      13632      13658
     10872      13657      13666      13658      13667
     10896      13666      13691      13667      13692
     10920      13691      13700      13692      13701
     10944      13700      13726      13701      13727
     10968      13726      13735      13727      13736
     10992      13735      13760      13736      13761
     11016      13760      13769      13761      13770
     11040      13769      13795      13770      13796
     11064      13795      13804      13796      13805
     11088      13804      13829      13805      13830
     11112      13829      13838      13830      13839
     11136      13838      13864      13839      13865
     11160      13864      13873      13865      13874
     11184      13873      13898      13874      13899
     11208      13898      13907      13899      13908
     11232      13907      13933      13908      13934
     11256      13933      13942      13934      13943
     11280      13942      13967      13943      13968
     11304      13278      13287      13279      13288
     11328      13287      13313      13288      13314
     11352      13313      13322      13314      13323
     11376      13322      13347      13323      13348
     11400      13347      13356      13348      13357
     11424      13356      13382      13357      13383
     11448      13382      13391      13383      13392
     11472      13391      13416      13392      13417
     11496      13416      13425      13417      13426
     11520      13425      13451      13426      13452
     11544      13451      13460      13452      13461
     11568      13460      13485      13461      13486
     11592      13485      13494      13486      13495
     11616      13494      13520      13495      13521
     11640      13520      13529      13521      13530
     11664      13529      13554      13530      13555
     11688      13554      13563      13555      13564
     11712      13563      13589      13564      13590
     11736      13589      13598      13590      13599
     11760      13598      13623      13599      13624
     11784      13623      13632      13624      13633
     11808      13632      13658      13633      13659
     11832      13658      13667      13659      13668
     11856      13667      13692      13668      13693
     11880      13692      13701      13693      13702
     11904      13701      13727      13702      13728
     11928      13727      13736      13728      13737
     11952      13736      13761      13737      13762
     11976      13761      13770      13762      13771
     12000      13770      13796      13771      13797
     12024      13796      13805      13797      13806
     12048      13805      13830      13806      13831
     12072      13830      13839      13831      13840
     12096      13839      13865      13840      13866
     12120      13865      13874      13866      13875
     12144      13874      13899      13875      13900
     12168      13899      13908      13900      13909
     12192      13908      13934      13909      13935
     12216      13934      13943      13935      13944
     12240      13943      13968      13944      13969
