         660
         1          1         35          2         36
        13         35         70         36         71
        25         70        104         71        105
        37        104        139        105        140
        49        139        173        140        174
        61        173        208        174        209
        73        208        242        209        243
        85        242        277        243        278
        97        277        311        278        312
       109        311        346        312        347
       121        346        380        347        381
       133        380        415        381        416
       145        415        449        416        450
       157        449        484        450        485
       169        484        518        485        519
       181        518        553        519        554
       193        553        587        554        588
       205        587        622        588        623
       217        622        656        623        657
       229        656        691        657        692
       241          2         36          3         37
       253         36         71         37         72
       265         71        105         72        106
       277        105        140        106        141
       289        140        174        141        175
       301        174        209        175        210
       313        209        243        210        244
       325        243        278        244        279
       337        278        312        279        313
       349        312        347        313        348
       361        347        381        348        382
       373        381        416        382        417
       385        416        450        417        451
       397        450        485        451        486
       409        485        519        486        520
       421        519        554        520        555
       433        554        588        555        589
       445        588        623        589        624
       457        623        657        624        658
       469        657        692        658        693
       481          3         37          4         38
       493         37         72         38         73
       505         72        106         73        107
       517        106        141        107        142
       529        141        175        142        176
       541        175        210        176        211
       553        210        244        211        245
       565        244        279        245        280
       577        279        313        280        314
       589        313        348        314        349
       601        348        382        349        383
       613        382        417        383        418
       625        417        451        418        452
       637        451        486        452        487
       649        486        520        487        521
       661        520        555        521        556
       673        555        589        556        590
       685        589        624        590        625
       697        624        658        625        659
       709        658        693        659        694
       721          4         38          5         39
       733         38         73         39         74
       745         73        107         74        108
       757        107        142        108        143
       769        142        176        143        177
       781        176        211        177        212
       793        211        245        212        246
       805        245        280        246        281
       817        280        314        281        315
       829        314        349        315        350
       841        349        383        350        384
       853        383        418        384        419
       865        418        452        419        453
       877        452        487        453        488
       889        487        521        488        522
       901        521        556        522        557
       913        556        590        557        591
       925        590        625        591        626
       937        625        659        626        660
       949        659        694        660        695
       961          5         39          6         40
       973         39         74         40         75
       985         74        108         75        109
       997        108        143        109        144
      1009        143        177        144        178
      1021        177        212        178        213
      1033        212        246        213        247
      1045        246        281        247        282
      1057        281        315        282        316
      1069        315        350        316        351
      1081        350        384        351        385
      1093        384        419        385        420
      1105        419        453        420        454
      1117        453        488        454        489
      1129        488        522        489        523
      1141        522        557        523        558
      1153        557        591        558        592
      1165        591        626        592        627
      1177        626        660        627        661
      1189        660        695        661        696
      1201          6         40          7         41
      1213         40         75         41         76
      1225         75        109         76        110
      1237        109        144        110        145
      1249        144        178        145        179
      1261        178        213        179        214
      1273        213        247        214        248
      1285        247        282        248        283
      1297        282        316        283        317
      1309        316        351        317        352
      1321        351        385        352        386
      1333        385        420        386        421
      1345        420        454        421        455
      1357        454        489        455        490
      1369        489        523        490        524
      1381        523        558        524        559
      1393        558        592        559        593
      1405        592        627        593        628
      1417        627        661        628        662
      1429        661        696        662        697
      1441          7         41          8         42
      1453         41         76         42         77
      1465         76        110         77        111
      1477        110        145        111        146
      1489        145        179        146        180
      1501        179        214        180        215
      1513        214        248        215        249
      1525        248        283        249        284
      1537        283        317        284        318
      1549        317        352        318        353
      1561        352        386        353        387
      1573        386        421        387        422
      1585        421        455        422        456
      1597        455        490        456        491
      1609        490        524        491        525
      1621        524        559        525        560
      1633        559        593        560        594
      1645        593        628        594        629
      1657        628        662        629        663
      1669        662        697        663        698
      1681          8         42          9         43
      1693         42         77         43         78
      1705         77        111         78        112
      1717        111        146        112        147
      1729        146        180        147        181
      1741        180        215        181        216
      1753        215        249        216        250
      1765        249        284        250        285
      1777        284        318        285        319
      1789        318        353        319        354
      1801        353        387        354        388
      1813        387        422        388        423
      1825        422        456        423        457
      1837        456        491        457        492
      1849        491        525        492        526
      1861        525        560        526        561
      1873        560        594        561        595
      1885        594        629        595        630
      1897        629        663        630        664
      1909        663        698        664        699
      1921          9         43         10         44
      1933         43         78         44         79
      1945         78        112         79        113
      1957        112        147        113        148
      1969        147        181        148        182
      1981        181        216        182        217
      1993        216        250        217        251
      2005        250        285        251        286
      2017        285        319        286        320
      2029        319        354        320        355
      2041        354        388        355        389
      2053        388        423        389        424
      2065        423        457        424        458
      2077        457        492        458        493
      2089        492        526        493        527
      2101        526        561        527        562
      2113        561        595        562        596
      2125        595        630        596        631
      2137        630        664        631        665
      2149        664        699        665        700
      2161         10         44         11         45
      2173         44         79         45         80
      2185         79        113         80        114
      2197        113        148        114        149
      2209        148        182        149        183
      2221        182        217        183        218
      2233        217        251        218        252
      2245        251        286        252        287
      2257        286        320        287        321
      2269        320        355        321        356
      2281        355        389        356        390
      2293        389        424        390        425
      2305        424        458        425        459
      2317        458        493        459        494
      2329        493        527        494        528
      2341        527        562        528        563
      2353        562        596        563        597
      2365        596        631        597        632
      2377        631        665        632        666
      2389        665        700        666        701
      2401         11         45         12         46
      2413         45         80         46         81
      2425         80        114         81        115
      2437        114        149        115        150
      2449        149        183        150        184
      2461        183        218        184        219
      2473        218        252        219        253
      2485        252        287        253        288
      2497        287        321        288        322
      2509        321        356        322        357
      2521        356        390        357        391
      2533        390        425        391        426
      2545        425        459        426        460
      2557        459        494        460        495
      2569        494        528        495        529
      2581        528        563        529        564
      2593        563        597        564        598
      2605        597        632        598        633
      2617        632        666        633        667
      2629        666        701        667        702
      2641         12         46         13         47
      2653         46         81         47         82
      2665         81        115         82        116
      2677        115        150        116        151
      2689        150        184        151        185
      2701        184        219        185        220
      2713        219        253        220        254
      2725        253        288        254        289
      2737        288        322        289        323
      2749        322        357        323        358
      2761        357        391        358        392
      2773        391        426        392        427
      2785        426        460        427        461
      2797        460        495        461        496
      2809        495        529        496        530
      2821        529        564        530        565
      2833        564        598        565        599
      2845        598        633        599        634
      2857        633        667        634        668
      2869        667        702        668        703
      2881         13         47         14         48
      2893         47         82         48         83
      2905         82        116         83        117
      2917        116        151        117        152
      2929        151        185        152        186
      2941        185        220        186        221
      2953        220        254        221        255
      2965        254        289        255        290
      2977        289        323        290        324
      2989        323        358        324        359
      3001        358        392        359        393
      3013        392        427        393        428
      3025        427        461        428        462
      3037        461        496        462        497
      3049        496        530        497        531
      3061        530        565        531        566
      3073        565        599        566        600
      3085        599        634        600        635
      3097        634        668        635        669
      3109        668        703        669        704
      3121         14         48         15         49
      3133         48         83         49         84
      3145         83        117         84        118
      3157        117        152        118        153
      3169        152        186        153        187
      3181        186        221        187        222
      3193        221        255        222        256
      3205        255        290        256        291
      3217        290        324        291        325
      3229        324        359        325        360
      3241        359        393        360        394
      3253        393        428        394        429
      3265        428        462        429        463
      3277        462        497        463        498
      3289        497        531        498        532
      3301        531        566        532        567
      3313        566        600        567        601
      3325        600        635        601        636
      3337        635        669        636        670
      3349        669        704        670        705
      3361         15         49         16         50
      3373         49         84         50         85
      3385         84        118         85        119
      3397        118        153        119        154
      3409        153        187        154        188
      3421        187        222        188        223
      3433        222        256        223        257
      3445        256        291        257        292
      3457        291        325        292        326
      3469        325        360        326        361
      3481        360        394        361        395
      3493        394        429        395        430
      3505        429        463        430        464
      3517        463        498        464        499
      3529        498        532        499        533
      3541        532        567        533        568
      3553        567        601        568        602
      3565        601        636        602        637
      3577        636        670        637        671
      3589        670        705        671        706
      3617         52         61         53         62
      3618         61         86         62         87
      3621         51         86         52         61
      3624         50         85         51         86
      3625         26         52         27         53
      3626         17         26         18         27
      3629         17         51         26         52
      3632         16         50         17         51
      3809        121        130        122        131
      3810        130        155        131        156
      3813        120        155        121        130
      3816        119        154        120        155
      3817         95        121         96        122
      3818         86         95         87         96
      3821         86        120         95        121
      3824         85        119         86        120
      4001        190        199        191        200
      4002        199        224        200        225
      4005        189        224        190        199
      4008        188        223        189        224
      4009        164        190        165        191
      4010        155        164        156        165
      4013        155        189        164        190
      4016        154        188        155        189
      4193        259        268        260        269
      4194        268        293        269        294
      4197        258        293        259        268
      4200        257        292        258        293
      4201        233        259        234        260
      4202        224        233        225        234
      4205        224        258        233        259
      4208        223        257        224        258
      4385        328        337        329        338
      4386        337        362        338        363
      4389        327        362        328        337
      4392        326        361        327        362
      4393        302        328        303        329
      4394        293        302        294        303
      4397        293        327        302        328
      4400        292        326        293        327
      4577        397        406        398        407
      4578        406        431        407        432
      4581        396        431        397        406
      4584        395        430        396        431
      4585        371        397        372        398
      4586        362        371        363        372
      4589        362        396        371        397
      4592        361        395        362        396
      4769        466        475        467        476
      4770        475        500        476        501
      4773        465        500        466        475
      4776        464        499        465        500
      4777        440        466        441        467
      4778        431        440        432        441
      4781        431        465        440        466
      4784        430        464        431        465
      4961        535        544        536        545
      4962        544        569        545        570
      4965        534        569        535        544
      4968        533        568        534        569
      4969        509        535        510        536
      4970        500        509        501        510
      4973        500        534        509        535
      4976        499        533        500        534
      5153        604        613        605        614
      5154        613        638        614        639
      5157        603        638        604        613
      5160        602        637        603        638
      5161        578        604        579        605
      5162        569        578        570        579
      5165        569        603        578        604
      5168        568        602        569        603
      5345        673        682        674        683
      5346        682        707        683        708
      5349        672        707        673        682
      5352        671        706        672        707
      5353        647        673        648        674
      5354        638        647        639        648
      5357        638        672        647        673
      5360        637        671        638        672
      5521         18         27         19         28
      5545         27         53         28         54
      5569         53         62         54         63
      5593         62         87         63         88
      5617         87         96         88         97
      5641         96        122         97        123
      5665        122        131        123        132
      5689        131        156        132        157
      5713        156        165        157        166
      5737        165        191        166        192
      5761        191        200        192        201
      5785        200        225        201        226
      5809        225        234        226        235
      5833        234        260        235        261
      5857        260        269        261        270
      5881        269        294        270        295
      5905        294        303        295        304
      5929        303        329        304        330
      5953        329        338        330        339
      5977        338        363        339        364
      6001        363        372        364        373
      6025        372        398        373        399
      6049        398        407        399        408
      6073        407        432        408        433
      6097        432        441        433        442
      6121        441        467        442        468
      6145        467        476        468        477
      6169        476        501        477        502
      6193        501        510        502        511
      6217        510        536        511        537
      6241        536        545        537        546
      6265        545        570        546        571
      6289        570        579        571        580
      6313        579        605        580        606
      6337        605        614        606        615
      6361        614        639        615        640
      6385        639        648        640        649
      6409        648        674        649        675
      6433        674        683        675        684
      6457        683        708        684        709
      6481         19         28         20         29
      6505         28         54         29         55
      6529         54         63         55         64
      6553         63         88         64         89
      6577         88         97         89         98
      6601         97        123         98        124
      6625        123        132        124        133
      6649        132        157        133        158
      6673        157        166        158        167
      6697        166        192        167        193
      6721        192        201        193        202
      6745        201        226        202        227
      6769        226        235        227        236
      6793        235        261        236        262
      6817        261        270        262        271
      6841        270        295        271        296
      6865        295        304        296        305
      6889        304        330        305        331
      6913        330        339        331        340
      6937        339        364        340        365
      6961        364        373        365        374
      6985        373        399        374        400
      7009        399        408        400        409
      7033        408        433        409        434
      7057        433        442        434        443
      7081        442        468        443        469
      7105        468        477        469        478
      7129        477        502        478        503
      7153        502        511        503        512
      7177        511        537        512        538
      7201        537        546        538        547
      7225        546        571        547        572
      7249        571        580        572        581
      7273        580        606        581        607
      7297        606        615        607        616
      7321        615        640        616        641
      7345        640        649        641        650
      7369        649        675        650        676
      7393        675        684        676        685
      7417        684        709        685        710
      7441         20         29         21         30
      7465         29         55         30         56
      7489         55         64         56         65
      7513         64         89         65         90
      7537         89         98         90         99
      7561         98        124         99        125
      7585        124        133        125        134
      7609        133        158        134        159
      7633        158        167        159        168
      7657        167        193        168        194
      7681        193        202        194        203
      7705        202        227        203        228
      7729        227        236        228        237
      7753        236        262        237        263
      7777        262        271        263        272
      7801        271        296        272        297
      7825        296        305        297        306
      7849        305        331        306        332
      7873        331        340        332        341
      7897        340        365        341        366
      7921        365        374        366        375
      7945        374        400        375        401
      7969        400        409        401        410
      7993        409        434        410        435
      8017        434        443        435        444
      8041        443        469        444        470
      8065        469        478        470        479
      8089        478        503        479        504
      8113        503        512        504        513
      8137        512        538        513        539
      8161        538        547        539        548
      8185        547        572        548        573
      8209        572        581        573        582
      8233        581        607        582        608
      8257        607        616        608        617
      8281        616        641        617        642
      8305        641        650        642        651
      8329        650        676        651        677
      8353        676        685        677        686
      8377        685        710        686        711
      8401         21         30         22         31
      8425         30         56         31         57
      8449         56         65         57         66
      8473         65         90         66         91
      8497         90         99         91        100
      8521         99        125        100        126
      8545        125        134        126        135
      8569        134        159        135        160
      8593        159        168        160        169
      8617        168        194        169        195
      8641        194        203        195        204
      8665        203        228        204        229
      8689        228        237        229        238
      8713        237        263        238        264
      8737        263        272        264        273
      8761        272        297        273        298
      8785        297        306        298        307
      8809        306        332        307        333
      8833        332        341        333        342
      8857        341        366        342        367
      8881        366        375        367        376
      8905        375        401        376        402
      8929        401        410        402        411
      8953        410        435        411        436
      8977        435        444        436        445
      9001        444        470        445        471
      9025        470        479        471        480
      9049        479        504        480        505
      9073        504        513        505        514
      9097        513        539        514        540
      9121        539        548        540        549
      9145        548        573        549        574
      9169        573        582        574        583
      9193        582        608        583        609
      9217        608        617        609        618
      9241        617        642        618        643
      9265        642        651        643        652
      9289        651        677        652        678
      9313        677        686        678        687
      9337        686        711        687        712
      9361         22         31         23         32
      9385         31         57         32         58
      9409         57         66         58         67
      9433         66         91         67         92
      9457         91        100         92        101
      9481        100        126        101        127
      9505        126        135        127        136
      9529        135        160        136        161
      9553        160        169        161        170
      9577        169        195        170        196
      9601        195        204        196        205
      9625        204        229        205        230
      9649        229        238        230        239
      9673        238        264        239        265
      9697        264        273        265        274
      9721        273        298        274        299
      9745        298        307        299        308
      9769        307        333        308        334
      9793        333        342        334        343
      9817        342        367        343        368
      9841        367        376        368        377
      9865        376        402        377        403
      9889        402        411        403        412
      9913        411        436        412        437
      9937        436        445        437        446
      9961        445        471        446        472
      9985        471        480        472        481
     10009        480        505        481        506
     10033        505        514        506        515
     10057        514        540        515        541
     10081        540        549        541        550
     10105        549        574        550        575
     10129        574        583        575        584
     10153        583        609        584        610
     10177        609        618        610        619
     10201        618        643        619        644
     10225        643        652        644        653
     10249        652        678        653        679
     10273        678        687        679        688
     10297        687        712        688        713
     10321         23         32         24         33
     10345         32         58         33         59
     10369         58         67         59         68
     10393         67         92         68         93
     10417         92        101         93        102
     10441        101        127        102        128
     10465        127        136        128        137
     10489        136        161        137        162
     10513        161        170        162        171
     10537        170        196        171        197
     10561        196        205        197        206
     10585        205        230        206        231
     10609        230        239        231        240
     10633        239        265        240        266
     10657        265        274        266        275
     10681        274        299        275        300
     10705        299        308        300        309
     10729        308        334        309        335
     10753        334        343        335        344
     10777        343        368        344        369
     10801        368        377        369        378
     10825        377        403        378        404
     10849        403        412        404        413
     10873        412        437        413        438
     10897        437        446        438        447
     10921        446        472        447        473
     10945        472        481        473        482
     10969        481        506        482        507
     10993        506        515        507        516
     11017        515        541        516        542
     11041        541        550        542        551
     11065        550        575        551        576
     11089        575        584        576        585
     11113        584        610        585        611
     11137        610        619        611        620
     11161        619        644        620        645
     11185        644        653        645        654
     11209        653        679        654        680
     11233        679        688        680        689
     11257        688        713        689        714
     11281         24         33         25         34
     11305         33         59         34         60
     11329         59         68         60         69
     11353         68         93         69         94
     11377         93        102         94        103
     11401        102        128        103        129
     11425        128        137        129        138
     11449        137        162        138        163
     11473        162        171        163        172
     11497        171        197        172        198
     11521        197        206        198        207
     11545        206        231        207        232
     11569        231        240        232        241
     11593        240        266        241        267
     11617        266        275        267        276
     11641        275        300        276        301
     11665        300        309        301        310
     11689        309        335        310        336
     11713        335        344        336        345
     11737        344        369        345        370
     11761        369        378        370        379
     11785        378        404        379        405
     11809        404        413        405        414
     11833        413        438        414        439
     11857        438        447        439        448
     11881        447        473        448        474
     11905        473        482        474        483
     11929        482        507        483        508
     11953        507        516        508        517
     11977        516        542        517        543
     12001        542        551        543        552
     12025        551        576        552        577
     12049        576        585        577        586
     12073        585        611        586        612
     12097        611        620        612        621
     12121        620        645        621        646
     12145        645        654        646        655
     12169        654        680        655        681
     12193        680        689        681        690
     12217        689        714        690        715
