         240
         1          1       1095       1130         35
         2       1095       2210       2244       1130
         3       2210       3304       3339       2244
         4       3304       4419       4453       3339
         5       4419       5513       5548       4453
         6       5513       6628       6662       5548
         7       6628       7722       7757       6662
         8       7722       8837       8871       7757
         9       8837       9931       9966       8871
        10       9931      11046      11080       9966
        11      11046      12140      12175      11080
        12      12140      13255      13289      12175
        13         35       1130       1166         70
        14       1130       2244       2279       1166
        15       2244       3339       3375       2279
        16       3339       4453       4488       3375
        17       4453       5548       5584       4488
        18       5548       6662       6697       5584
        19       6662       7757       7793       6697
        20       7757       8871       8906       7793
        21       8871       9966      10002       8906
        22       9966      11080      11115      10002
        23      11080      12175      12211      11115
        24      12175      13289      13324      12211
        25         70       1166       1201        104
        26       1166       2279       2313       1201
        27       2279       3375       3410       2313
        28       3375       4488       4522       3410
        29       4488       5584       5619       4522
        30       5584       6697       6731       5619
        31       6697       7793       7828       6731
        32       7793       8906       8940       7828
        33       8906      10002      10037       8940
        34      10002      11115      11149      10037
        35      11115      12211      12246      11149
        36      12211      13324      13358      12246
        37        104       1201       1237        139
        38       1201       2313       2348       1237
        39       2313       3410       3446       2348
        40       3410       4522       4557       3446
        41       4522       5619       5655       4557
        42       5619       6731       6766       5655
        43       6731       7828       7864       6766
        44       7828       8940       8975       7864
        45       8940      10037      10073       8975
        46      10037      11149      11184      10073
        47      11149      12246      12282      11184
        48      12246      13358      13393      12282
        49        139       1237       1272        173
        50       1237       2348       2382       1272
        51       2348       3446       3481       2382
        52       3446       4557       4591       3481
        53       4557       5655       5690       4591
        54       5655       6766       6800       5690
        55       6766       7864       7899       6800
        56       7864       8975       9009       7899
        57       8975      10073      10108       9009
        58      10073      11184      11218      10108
        59      11184      12282      12317      11218
        60      12282      13393      13427      12317
        61        173       1272       1308        208
        62       1272       2382       2417       1308
        63       2382       3481       3517       2417
        64       3481       4591       4626       3517
        65       4591       5690       5726       4626
        66       5690       6800       6835       5726
        67       6800       7899       7935       6835
        68       7899       9009       9044       7935
        69       9009      10108      10144       9044
        70      10108      11218      11253      10144
        71      11218      12317      12353      11253
        72      12317      13427      13462      12353
        73        208       1308       1343        242
        74       1308       2417       2451       1343
        75       2417       3517       3552       2451
        76       3517       4626       4660       3552
        77       4626       5726       5761       4660
        78       5726       6835       6869       5761
        79       6835       7935       7970       6869
        80       7935       9044       9078       7970
        81       9044      10144      10179       9078
        82      10144      11253      11287      10179
        83      11253      12353      12388      11287
        84      12353      13462      13496      12388
        85        242       1343       1379        277
        86       1343       2451       2486       1379
        87       2451       3552       3588       2486
        88       3552       4660       4695       3588
        89       4660       5761       5797       4695
        90       5761       6869       6904       5797
        91       6869       7970       8006       6904
        92       7970       9078       9113       8006
        93       9078      10179      10215       9113
        94      10179      11287      11322      10215
        95      11287      12388      12424      11322
        96      12388      13496      13531      12424
        97        277       1379       1414        311
        98       1379       2486       2520       1414
        99       2486       3588       3623       2520
       100       3588       4695       4729       3623
       101       4695       5797       5832       4729
       102       5797       6904       6938       5832
       103       6904       8006       8041       6938
       104       8006       9113       9147       8041
       105       9113      10215      10250       9147
       106      10215      11322      11356      10250
       107      11322      12424      12459      11356
       108      12424      13531      13565      12459
       109        311       1414       1450        346
       110       1414       2520       2555       1450
       111       2520       3623       3659       2555
       112       3623       4729       4764       3659
       113       4729       5832       5868       4764
       114       5832       6938       6973       5868
       115       6938       8041       8077       6973
       116       8041       9147       9182       8077
       117       9147      10250      10286       9182
       118      10250      11356      11391      10286
       119      11356      12459      12495      11391
       120      12459      13565      13600      12495
       121        346       1450       1485        380
       122       1450       2555       2589       1485
       123       2555       3659       3694       2589
       124       3659       4764       4798       3694
       125       4764       5868       5903       4798
       126       5868       6973       7007       5903
       127       6973       8077       8112       7007
       128       8077       9182       9216       8112
       129       9182      10286      10321       9216
       130      10286      11391      11425      10321
       131      11391      12495      12530      11425
       132      12495      13600      13634      12530
       133        380       1485       1521        415
       134       1485       2589       2624       1521
       135       2589       3694       3730       2624
       136       3694       4798       4833       3730
       137       4798       5903       5939       4833
       138       5903       7007       7042       5939
       139       7007       8112       8148       7042
       140       8112       9216       9251       8148
       141       9216      10321      10357       9251
       142      10321      11425      11460      10357
       143      11425      12530      12566      11460
       144      12530      13634      13669      12566
       145        415       1521       1556        449
       146       1521       2624       2658       1556
       147       2624       3730       3765       2658
       148       3730       4833       4867       3765
       149       4833       5939       5974       4867
       150       5939       7042       7076       5974
       151       7042       8148       8183       7076
       152       8148       9251       9285       8183
       153       9251      10357      10392       9285
       154      10357      11460      11494      10392
       155      11460      12566      12601      11494
       156      12566      13669      13703      12601
       157        449       1556       1592        484
       158       1556       2658       2693       1592
       159       2658       3765       3801       2693
       160       3765       4867       4902       3801
       161       4867       5974       6010       4902
       162       5974       7076       7111       6010
       163       7076       8183       8219       7111
       164       8183       9285       9320       8219
       165       9285      10392      10428       9320
       166      10392      11494      11529      10428
       167      11494      12601      12637      11529
       168      12601      13703      13738      12637
       169        484       1592       1627        518
       170       1592       2693       2727       1627
       171       2693       3801       3836       2727
       172       3801       4902       4936       3836
       173       4902       6010       6045       4936
       174       6010       7111       7145       6045
       175       7111       8219       8254       7145
       176       8219       9320       9354       8254
       177       9320      10428      10463       9354
       178      10428      11529      11563      10463
       179      11529      12637      12672      11563
       180      12637      13738      13772      12672
       181        518       1627       1663        553
       182       1627       2727       2762       1663
       183       2727       3836       3872       2762
       184       3836       4936       4971       3872
       185       4936       6045       6081       4971
       186       6045       7145       7180       6081
       187       7145       8254       8290       7180
       188       8254       9354       9389       8290
       189       9354      10463      10499       9389
       190      10463      11563      11598      10499
       191      11563      12672      12708      11598
       192      12672      13772      13807      12708
       193        553       1663       1698        587
       194       1663       2762       2796       1698
       195       2762       3872       3907       2796
       196       3872       4971       5005       3907
       197       4971       6081       6116       5005
       198       6081       7180       7214       6116
       199       7180       8290       8325       7214
       200       8290       9389       9423       8325
       201       9389      10499      10534       9423
       202      10499      11598      11632      10534
       203      11598      12708      12743      11632
       204      12708      13807      13841      12743
       205        587       1698       1734        622
       206       1698       2796       2831       1734
       207       2796       3907       3943       2831
       208       3907       5005       5040       3943
       209       5005       6116       6152       5040
       210       6116       7214       7249       6152
       211       7214       8325       8361       7249
       212       8325       9423       9458       8361
       213       9423      10534      10570       9458
       214      10534      11632      11667      10570
       215      11632      12743      12779      11667
       216      12743      13841      13876      12779
       217        622       1734       1769        656
       218       1734       2831       2865       1769
       219       2831       3943       3978       2865
       220       3943       5040       5074       3978
       221       5040       6152       6187       5074
       222       6152       7249       7283       6187
       223       7249       8361       8396       7283
       224       8361       9458       9492       8396
       225       9458      10570      10605       9492
       226      10570      11667      11701      10605
       227      11667      12779      12814      11701
       228      12779      13876      13910      12814
       229        656       1769       1805        691
       230       1769       2865       2900       1805
       231       2865       3978       4014       2900
       232       3978       5074       5109       4014
       233       5074       6187       6223       5109
       234       6187       7283       7318       6223
       235       7283       8396       8432       7318
       236       8396       9492       9527       8432
       237       9492      10605      10641       9527
       238      10605      11701      11736      10641
       239      11701      12814      12850      11736
       240      12814      13910      13945      12850
