         960
     11281         25        724        733         34
     11282        724       1120       1129        733
     11283       1120       1839       1848       1129
     11284       1839       2234       2243       1848
     11285       2234       2933       2942       2243
     11286       2933       3329       3338       2942
     11287       3329       4048       4057       3338
     11288       4048       4443       4452       4057
     11289       4443       5142       5151       4452
     11290       5142       5538       5547       5151
     11291       5538       6257       6266       5547
     11292       6257       6652       6661       6266
     11293       6652       7351       7360       6661
     11294       7351       7747       7756       7360
     11295       7747       8466       8475       7756
     11296       8466       8861       8870       8475
     11297       8861       9560       9569       8870
     11298       9560       9956       9965       9569
     11299       9956      10675      10684       9965
     11300      10675      11070      11079      10684
     11301      11070      11769      11778      11079
     11302      11769      12165      12174      11778
     11303      12165      12884      12893      12174
     11304      12884      13279      13288      12893
     11305         34        733        743         60
     11306        733       1129       1156        743
     11307       1129       1848       1858       1156
     11308       1848       2243       2269       1858
     11309       2243       2942       2952       2269
     11310       2942       3338       3365       2952
     11311       3338       4057       4067       3365
     11312       4057       4452       4478       4067
     11313       4452       5151       5161       4478
     11314       5151       5547       5574       5161
     11315       5547       6266       6276       5574
     11316       6266       6661       6687       6276
     11317       6661       7360       7370       6687
     11318       7360       7756       7783       7370
     11319       7756       8475       8485       7783
     11320       8475       8870       8896       8485
     11321       8870       9569       9579       8896
     11322       9569       9965       9992       9579
     11323       9965      10684      10694       9992
     11324      10684      11079      11105      10694
     11325      11079      11778      11788      11105
     11326      11778      12174      12201      11788
     11327      12174      12893      12903      12201
     11328      12893      13288      13314      12903
     11329         60        743        752         69
     11330        743       1156       1165        752
     11331       1156       1858       1867       1165
     11332       1858       2269       2278       1867
     11333       2269       2952       2961       2278
     11334       2952       3365       3374       2961
     11335       3365       4067       4076       3374
     11336       4067       4478       4487       4076
     11337       4478       5161       5170       4487
     11338       5161       5574       5583       5170
     11339       5574       6276       6285       5583
     11340       6276       6687       6696       6285
     11341       6687       7370       7379       6696
     11342       7370       7783       7792       7379
     11343       7783       8485       8494       7792
     11344       8485       8896       8905       8494
     11345       8896       9579       9588       8905
     11346       9579       9992      10001       9588
     11347       9992      10694      10703      10001
     11348      10694      11105      11114      10703
     11349      11105      11788      11797      11114
     11350      11788      12201      12210      11797
     11351      12201      12903      12912      12210
     11352      12903      13314      13323      12912
     11353         69        752        761         94
     11354        752       1165       1191        761
     11355       1165       1867       1876       1191
     11356       1867       2278       2303       1876
     11357       2278       2961       2970       2303
     11358       2961       3374       3400       2970
     11359       3374       4076       4085       3400
     11360       4076       4487       4512       4085
     11361       4487       5170       5179       4512
     11362       5170       5583       5609       5179
     11363       5583       6285       6294       5609
     11364       6285       6696       6721       6294
     11365       6696       7379       7388       6721
     11366       7379       7792       7818       7388
     11367       7792       8494       8503       7818
     11368       8494       8905       8930       8503
     11369       8905       9588       9597       8930
     11370       9588      10001      10027       9597
     11371      10001      10703      10712      10027
     11372      10703      11114      11139      10712
     11373      11114      11797      11806      11139
     11374      11797      12210      12236      11806
     11375      12210      12912      12921      12236
     11376      12912      13323      13348      12921
     11377         94        761        770        103
     11378        761       1191       1200        770
     11379       1191       1876       1885       1200
     11380       1876       2303       2312       1885
     11381       2303       2970       2979       2312
     11382       2970       3400       3409       2979
     11383       3400       4085       4094       3409
     11384       4085       4512       4521       4094
     11385       4512       5179       5188       4521
     11386       5179       5609       5618       5188
     11387       5609       6294       6303       5618
     11388       6294       6721       6730       6303
     11389       6721       7388       7397       6730
     11390       7388       7818       7827       7397
     11391       7818       8503       8512       7827
     11392       8503       8930       8939       8512
     11393       8930       9597       9606       8939
     11394       9597      10027      10036       9606
     11395      10027      10712      10721      10036
     11396      10712      11139      11148      10721
     11397      11139      11806      11815      11148
     11398      11806      12236      12245      11815
     11399      12236      12921      12930      12245
     11400      12921      13348      13357      12930
     11401        103        770        780        129
     11402        770       1200       1227        780
     11403       1200       1885       1895       1227
     11404       1885       2312       2338       1895
     11405       2312       2979       2989       2338
     11406       2979       3409       3436       2989
     11407       3409       4094       4104       3436
     11408       4094       4521       4547       4104
     11409       4521       5188       5198       4547
     11410       5188       5618       5645       5198
     11411       5618       6303       6313       5645
     11412       6303       6730       6756       6313
     11413       6730       7397       7407       6756
     11414       7397       7827       7854       7407
     11415       7827       8512       8522       7854
     11416       8512       8939       8965       8522
     11417       8939       9606       9616       8965
     11418       9606      10036      10063       9616
     11419      10036      10721      10731      10063
     11420      10721      11148      11174      10731
     11421      11148      11815      11825      11174
     11422      11815      12245      12272      11825
     11423      12245      12930      12940      12272
     11424      12930      13357      13383      12940
     11425        129        780        789        138
     11426        780       1227       1236        789
     11427       1227       1895       1904       1236
     11428       1895       2338       2347       1904
     11429       2338       2989       2998       2347
     11430       2989       3436       3445       2998
     11431       3436       4104       4113       3445
     11432       4104       4547       4556       4113
     11433       4547       5198       5207       4556
     11434       5198       5645       5654       5207
     11435       5645       6313       6322       5654
     11436       6313       6756       6765       6322
     11437       6756       7407       7416       6765
     11438       7407       7854       7863       7416
     11439       7854       8522       8531       7863
     11440       8522       8965       8974       8531
     11441       8965       9616       9625       8974
     11442       9616      10063      10072       9625
     11443      10063      10731      10740      10072
     11444      10731      11174      11183      10740
     11445      11174      11825      11834      11183
     11446      11825      12272      12281      11834
     11447      12272      12940      12949      12281
     11448      12940      13383      13392      12949
     11449        138        789        798        163
     11450        789       1236       1262        798
     11451       1236       1904       1913       1262
     11452       1904       2347       2372       1913
     11453       2347       2998       3007       2372
     11454       2998       3445       3471       3007
     11455       3445       4113       4122       3471
     11456       4113       4556       4581       4122
     11457       4556       5207       5216       4581
     11458       5207       5654       5680       5216
     11459       5654       6322       6331       5680
     11460       6322       6765       6790       6331
     11461       6765       7416       7425       6790
     11462       7416       7863       7889       7425
     11463       7863       8531       8540       7889
     11464       8531       8974       8999       8540
     11465       8974       9625       9634       8999
     11466       9625      10072      10098       9634
     11467      10072      10740      10749      10098
     11468      10740      11183      11208      10749
     11469      11183      11834      11843      11208
     11470      11834      12281      12307      11843
     11471      12281      12949      12958      12307
     11472      12949      13392      13417      12958
     11473        163        798        807        172
     11474        798       1262       1271        807
     11475       1262       1913       1922       1271
     11476       1913       2372       2381       1922
     11477       2372       3007       3016       2381
     11478       3007       3471       3480       3016
     11479       3471       4122       4131       3480
     11480       4122       4581       4590       4131
     11481       4581       5216       5225       4590
     11482       5216       5680       5689       5225
     11483       5680       6331       6340       5689
     11484       6331       6790       6799       6340
     11485       6790       7425       7434       6799
     11486       7425       7889       7898       7434
     11487       7889       8540       8549       7898
     11488       8540       8999       9008       8549
     11489       8999       9634       9643       9008
     11490       9634      10098      10107       9643
     11491      10098      10749      10758      10107
     11492      10749      11208      11217      10758
     11493      11208      11843      11852      11217
     11494      11843      12307      12316      11852
     11495      12307      12958      12967      12316
     11496      12958      13417      13426      12967
     11497        172        807        817        198
     11498        807       1271       1298        817
     11499       1271       1922       1932       1298
     11500       1922       2381       2407       1932
     11501       2381       3016       3026       2407
     11502       3016       3480       3507       3026
     11503       3480       4131       4141       3507
     11504       4131       4590       4616       4141
     11505       4590       5225       5235       4616
     11506       5225       5689       5716       5235
     11507       5689       6340       6350       5716
     11508       6340       6799       6825       6350
     11509       6799       7434       7444       6825
     11510       7434       7898       7925       7444
     11511       7898       8549       8559       7925
     11512       8549       9008       9034       8559
     11513       9008       9643       9653       9034
     11514       9643      10107      10134       9653
     11515      10107      10758      10768      10134
     11516      10758      11217      11243      10768
     11517      11217      11852      11862      11243
     11518      11852      12316      12343      11862
     11519      12316      12967      12977      12343
     11520      12967      13426      13452      12977
     11521        198        817        826        207
     11522        817       1298       1307        826
     11523       1298       1932       1941       1307
     11524       1932       2407       2416       1941
     11525       2407       3026       3035       2416
     11526       3026       3507       3516       3035
     11527       3507       4141       4150       3516
     11528       4141       4616       4625       4150
     11529       4616       5235       5244       4625
     11530       5235       5716       5725       5244
     11531       5716       6350       6359       5725
     11532       6350       6825       6834       6359
     11533       6825       7444       7453       6834
     11534       7444       7925       7934       7453
     11535       7925       8559       8568       7934
     11536       8559       9034       9043       8568
     11537       9034       9653       9662       9043
     11538       9653      10134      10143       9662
     11539      10134      10768      10777      10143
     11540      10768      11243      11252      10777
     11541      11243      11862      11871      11252
     11542      11862      12343      12352      11871
     11543      12343      12977      12986      12352
     11544      12977      13452      13461      12986
     11545        207        826        835        232
     11546        826       1307       1333        835
     11547       1307       1941       1950       1333
     11548       1941       2416       2441       1950
     11549       2416       3035       3044       2441
     11550       3035       3516       3542       3044
     11551       3516       4150       4159       3542
     11552       4150       4625       4650       4159
     11553       4625       5244       5253       4650
     11554       5244       5725       5751       5253
     11555       5725       6359       6368       5751
     11556       6359       6834       6859       6368
     11557       6834       7453       7462       6859
     11558       7453       7934       7960       7462
     11559       7934       8568       8577       7960
     11560       8568       9043       9068       8577
     11561       9043       9662       9671       9068
     11562       9662      10143      10169       9671
     11563      10143      10777      10786      10169
     11564      10777      11252      11277      10786
     11565      11252      11871      11880      11277
     11566      11871      12352      12378      11880
     11567      12352      12986      12995      12378
     11568      12986      13461      13486      12995
     11569        232        835        844        241
     11570        835       1333       1342        844
     11571       1333       1950       1959       1342
     11572       1950       2441       2450       1959
     11573       2441       3044       3053       2450
     11574       3044       3542       3551       3053
     11575       3542       4159       4168       3551
     11576       4159       4650       4659       4168
     11577       4650       5253       5262       4659
     11578       5253       5751       5760       5262
     11579       5751       6368       6377       5760
     11580       6368       6859       6868       6377
     11581       6859       7462       7471       6868
     11582       7462       7960       7969       7471
     11583       7960       8577       8586       7969
     11584       8577       9068       9077       8586
     11585       9068       9671       9680       9077
     11586       9671      10169      10178       9680
     11587      10169      10786      10795      10178
     11588      10786      11277      11286      10795
     11589      11277      11880      11889      11286
     11590      11880      12378      12387      11889
     11591      12378      12995      13004      12387
     11592      12995      13486      13495      13004
     11593        241        844        854        267
     11594        844       1342       1369        854
     11595       1342       1959       1969       1369
     11596       1959       2450       2476       1969
     11597       2450       3053       3063       2476
     11598       3053       3551       3578       3063
     11599       3551       4168       4178       3578
     11600       4168       4659       4685       4178
     11601       4659       5262       5272       4685
     11602       5262       5760       5787       5272
     11603       5760       6377       6387       5787
     11604       6377       6868       6894       6387
     11605       6868       7471       7481       6894
     11606       7471       7969       7996       7481
     11607       7969       8586       8596       7996
     11608       8586       9077       9103       8596
     11609       9077       9680       9690       9103
     11610       9680      10178      10205       9690
     11611      10178      10795      10805      10205
     11612      10795      11286      11312      10805
     11613      11286      11889      11899      11312
     11614      11889      12387      12414      11899
     11615      12387      13004      13014      12414
     11616      13004      13495      13521      13014
     11617        267        854        863        276
     11618        854       1369       1378        863
     11619       1369       1969       1978       1378
     11620       1969       2476       2485       1978
     11621       2476       3063       3072       2485
     11622       3063       3578       3587       3072
     11623       3578       4178       4187       3587
     11624       4178       4685       4694       4187
     11625       4685       5272       5281       4694
     11626       5272       5787       5796       5281
     11627       5787       6387       6396       5796
     11628       6387       6894       6903       6396
     11629       6894       7481       7490       6903
     11630       7481       7996       8005       7490
     11631       7996       8596       8605       8005
     11632       8596       9103       9112       8605
     11633       9103       9690       9699       9112
     11634       9690      10205      10214       9699
     11635      10205      10805      10814      10214
     11636      10805      11312      11321      10814
     11637      11312      11899      11908      11321
     11638      11899      12414      12423      11908
     11639      12414      13014      13023      12423
     11640      13014      13521      13530      13023
     11641        276        863        872        301
     11642        863       1378       1404        872
     11643       1378       1978       1987       1404
     11644       1978       2485       2510       1987
     11645       2485       3072       3081       2510
     11646       3072       3587       3613       3081
     11647       3587       4187       4196       3613
     11648       4187       4694       4719       4196
     11649       4694       5281       5290       4719
     11650       5281       5796       5822       5290
     11651       5796       6396       6405       5822
     11652       6396       6903       6928       6405
     11653       6903       7490       7499       6928
     11654       7490       8005       8031       7499
     11655       8005       8605       8614       8031
     11656       8605       9112       9137       8614
     11657       9112       9699       9708       9137
     11658       9699      10214      10240       9708
     11659      10214      10814      10823      10240
     11660      10814      11321      11346      10823
     11661      11321      11908      11917      11346
     11662      11908      12423      12449      11917
     11663      12423      13023      13032      12449
     11664      13023      13530      13555      13032
     11665        301        872        881        310
     11666        872       1404       1413        881
     11667       1404       1987       1996       1413
     11668       1987       2510       2519       1996
     11669       2510       3081       3090       2519
     11670       3081       3613       3622       3090
     11671       3613       4196       4205       3622
     11672       4196       4719       4728       4205
     11673       4719       5290       5299       4728
     11674       5290       5822       5831       5299
     11675       5822       6405       6414       5831
     11676       6405       6928       6937       6414
     11677       6928       7499       7508       6937
     11678       7499       8031       8040       7508
     11679       8031       8614       8623       8040
     11680       8614       9137       9146       8623
     11681       9137       9708       9717       9146
     11682       9708      10240      10249       9717
     11683      10240      10823      10832      10249
     11684      10823      11346      11355      10832
     11685      11346      11917      11926      11355
     11686      11917      12449      12458      11926
     11687      12449      13032      13041      12458
     11688      13032      13555      13564      13041
     11689        310        881        891        336
     11690        881       1413       1440        891
     11691       1413       1996       2006       1440
     11692       1996       2519       2545       2006
     11693       2519       3090       3100       2545
     11694       3090       3622       3649       3100
     11695       3622       4205       4215       3649
     11696       4205       4728       4754       4215
     11697       4728       5299       5309       4754
     11698       5299       5831       5858       5309
     11699       5831       6414       6424       5858
     11700       6414       6937       6963       6424
     11701       6937       7508       7518       6963
     11702       7508       8040       8067       7518
     11703       8040       8623       8633       8067
     11704       8623       9146       9172       8633
     11705       9146       9717       9727       9172
     11706       9717      10249      10276       9727
     11707      10249      10832      10842      10276
     11708      10832      11355      11381      10842
     11709      11355      11926      11936      11381
     11710      11926      12458      12485      11936
     11711      12458      13041      13051      12485
     11712      13041      13564      13590      13051
     11713        336        891        900        345
     11714        891       1440       1449        900
     11715       1440       2006       2015       1449
     11716       2006       2545       2554       2015
     11717       2545       3100       3109       2554
     11718       3100       3649       3658       3109
     11719       3649       4215       4224       3658
     11720       4215       4754       4763       4224
     11721       4754       5309       5318       4763
     11722       5309       5858       5867       5318
     11723       5858       6424       6433       5867
     11724       6424       6963       6972       6433
     11725       6963       7518       7527       6972
     11726       7518       8067       8076       7527
     11727       8067       8633       8642       8076
     11728       8633       9172       9181       8642
     11729       9172       9727       9736       9181
     11730       9727      10276      10285       9736
     11731      10276      10842      10851      10285
     11732      10842      11381      11390      10851
     11733      11381      11936      11945      11390
     11734      11936      12485      12494      11945
     11735      12485      13051      13060      12494
     11736      13051      13590      13599      13060
     11737        345        900        909        370
     11738        900       1449       1475        909
     11739       1449       2015       2024       1475
     11740       2015       2554       2579       2024
     11741       2554       3109       3118       2579
     11742       3109       3658       3684       3118
     11743       3658       4224       4233       3684
     11744       4224       4763       4788       4233
     11745       4763       5318       5327       4788
     11746       5318       5867       5893       5327
     11747       5867       6433       6442       5893
     11748       6433       6972       6997       6442
     11749       6972       7527       7536       6997
     11750       7527       8076       8102       7536
     11751       8076       8642       8651       8102
     11752       8642       9181       9206       8651
     11753       9181       9736       9745       9206
     11754       9736      10285      10311       9745
     11755      10285      10851      10860      10311
     11756      10851      11390      11415      10860
     11757      11390      11945      11954      11415
     11758      11945      12494      12520      11954
     11759      12494      13060      13069      12520
     11760      13060      13599      13624      13069
     11761        370        909        918        379
     11762        909       1475       1484        918
     11763       1475       2024       2033       1484
     11764       2024       2579       2588       2033
     11765       2579       3118       3127       2588
     11766       3118       3684       3693       3127
     11767       3684       4233       4242       3693
     11768       4233       4788       4797       4242
     11769       4788       5327       5336       4797
     11770       5327       5893       5902       5336
     11771       5893       6442       6451       5902
     11772       6442       6997       7006       6451
     11773       6997       7536       7545       7006
     11774       7536       8102       8111       7545
     11775       8102       8651       8660       8111
     11776       8651       9206       9215       8660
     11777       9206       9745       9754       9215
     11778       9745      10311      10320       9754
     11779      10311      10860      10869      10320
     11780      10860      11415      11424      10869
     11781      11415      11954      11963      11424
     11782      11954      12520      12529      11963
     11783      12520      13069      13078      12529
     11784      13069      13624      13633      13078
     11785        379        918        928        405
     11786        918       1484       1511        928
     11787       1484       2033       2043       1511
     11788       2033       2588       2614       2043
     11789       2588       3127       3137       2614
     11790       3127       3693       3720       3137
     11791       3693       4242       4252       3720
     11792       4242       4797       4823       4252
     11793       4797       5336       5346       4823
     11794       5336       5902       5929       5346
     11795       5902       6451       6461       5929
     11796       6451       7006       7032       6461
     11797       7006       7545       7555       7032
     11798       7545       8111       8138       7555
     11799       8111       8660       8670       8138
     11800       8660       9215       9241       8670
     11801       9215       9754       9764       9241
     11802       9754      10320      10347       9764
     11803      10320      10869      10879      10347
     11804      10869      11424      11450      10879
     11805      11424      11963      11973      11450
     11806      11963      12529      12556      11973
     11807      12529      13078      13088      12556
     11808      13078      13633      13659      13088
     11809        405        928        937        414
     11810        928       1511       1520        937
     11811       1511       2043       2052       1520
     11812       2043       2614       2623       2052
     11813       2614       3137       3146       2623
     11814       3137       3720       3729       3146
     11815       3720       4252       4261       3729
     11816       4252       4823       4832       4261
     11817       4823       5346       5355       4832
     11818       5346       5929       5938       5355
     11819       5929       6461       6470       5938
     11820       6461       7032       7041       6470
     11821       7032       7555       7564       7041
     11822       7555       8138       8147       7564
     11823       8138       8670       8679       8147
     11824       8670       9241       9250       8679
     11825       9241       9764       9773       9250
     11826       9764      10347      10356       9773
     11827      10347      10879      10888      10356
     11828      10879      11450      11459      10888
     11829      11450      11973      11982      11459
     11830      11973      12556      12565      11982
     11831      12556      13088      13097      12565
     11832      13088      13659      13668      13097
     11833        414        937        946        439
     11834        937       1520       1546        946
     11835       1520       2052       2061       1546
     11836       2052       2623       2648       2061
     11837       2623       3146       3155       2648
     11838       3146       3729       3755       3155
     11839       3729       4261       4270       3755
     11840       4261       4832       4857       4270
     11841       4832       5355       5364       4857
     11842       5355       5938       5964       5364
     11843       5938       6470       6479       5964
     11844       6470       7041       7066       6479
     11845       7041       7564       7573       7066
     11846       7564       8147       8173       7573
     11847       8147       8679       8688       8173
     11848       8679       9250       9275       8688
     11849       9250       9773       9782       9275
     11850       9773      10356      10382       9782
     11851      10356      10888      10897      10382
     11852      10888      11459      11484      10897
     11853      11459      11982      11991      11484
     11854      11982      12565      12591      11991
     11855      12565      13097      13106      12591
     11856      13097      13668      13693      13106
     11857        439        946        955        448
     11858        946       1546       1555        955
     11859       1546       2061       2070       1555
     11860       2061       2648       2657       2070
     11861       2648       3155       3164       2657
     11862       3155       3755       3764       3164
     11863       3755       4270       4279       3764
     11864       4270       4857       4866       4279
     11865       4857       5364       5373       4866
     11866       5364       5964       5973       5373
     11867       5964       6479       6488       5973
     11868       6479       7066       7075       6488
     11869       7066       7573       7582       7075
     11870       7573       8173       8182       7582
     11871       8173       8688       8697       8182
     11872       8688       9275       9284       8697
     11873       9275       9782       9791       9284
     11874       9782      10382      10391       9791
     11875      10382      10897      10906      10391
     11876      10897      11484      11493      10906
     11877      11484      11991      12000      11493
     11878      11991      12591      12600      12000
     11879      12591      13106      13115      12600
     11880      13106      13693      13702      13115
     11881        448        955        965        474
     11882        955       1555       1582        965
     11883       1555       2070       2080       1582
     11884       2070       2657       2683       2080
     11885       2657       3164       3174       2683
     11886       3164       3764       3791       3174
     11887       3764       4279       4289       3791
     11888       4279       4866       4892       4289
     11889       4866       5373       5383       4892
     11890       5373       5973       6000       5383
     11891       5973       6488       6498       6000
     11892       6488       7075       7101       6498
     11893       7075       7582       7592       7101
     11894       7582       8182       8209       7592
     11895       8182       8697       8707       8209
     11896       8697       9284       9310       8707
     11897       9284       9791       9801       9310
     11898       9791      10391      10418       9801
     11899      10391      10906      10916      10418
     11900      10906      11493      11519      10916
     11901      11493      12000      12010      11519
     11902      12000      12600      12627      12010
     11903      12600      13115      13125      12627
     11904      13115      13702      13728      13125
     11905        474        965        974        483
     11906        965       1582       1591        974
     11907       1582       2080       2089       1591
     11908       2080       2683       2692       2089
     11909       2683       3174       3183       2692
     11910       3174       3791       3800       3183
     11911       3791       4289       4298       3800
     11912       4289       4892       4901       4298
     11913       4892       5383       5392       4901
     11914       5383       6000       6009       5392
     11915       6000       6498       6507       6009
     11916       6498       7101       7110       6507
     11917       7101       7592       7601       7110
     11918       7592       8209       8218       7601
     11919       8209       8707       8716       8218
     11920       8707       9310       9319       8716
     11921       9310       9801       9810       9319
     11922       9801      10418      10427       9810
     11923      10418      10916      10925      10427
     11924      10916      11519      11528      10925
     11925      11519      12010      12019      11528
     11926      12010      12627      12636      12019
     11927      12627      13125      13134      12636
     11928      13125      13728      13737      13134
     11929        483        974        983        508
     11930        974       1591       1617        983
     11931       1591       2089       2098       1617
     11932       2089       2692       2717       2098
     11933       2692       3183       3192       2717
     11934       3183       3800       3826       3192
     11935       3800       4298       4307       3826
     11936       4298       4901       4926       4307
     11937       4901       5392       5401       4926
     11938       5392       6009       6035       5401
     11939       6009       6507       6516       6035
     11940       6507       7110       7135       6516
     11941       7110       7601       7610       7135
     11942       7601       8218       8244       7610
     11943       8218       8716       8725       8244
     11944       8716       9319       9344       8725
     11945       9319       9810       9819       9344
     11946       9810      10427      10453       9819
     11947      10427      10925      10934      10453
     11948      10925      11528      11553      10934
     11949      11528      12019      12028      11553
     11950      12019      12636      12662      12028
     11951      12636      13134      13143      12662
     11952      13134      13737      13762      13143
     11953        508        983        992        517
     11954        983       1617       1626        992
     11955       1617       2098       2107       1626
     11956       2098       2717       2726       2107
     11957       2717       3192       3201       2726
     11958       3192       3826       3835       3201
     11959       3826       4307       4316       3835
     11960       4307       4926       4935       4316
     11961       4926       5401       5410       4935
     11962       5401       6035       6044       5410
     11963       6035       6516       6525       6044
     11964       6516       7135       7144       6525
     11965       7135       7610       7619       7144
     11966       7610       8244       8253       7619
     11967       8244       8725       8734       8253
     11968       8725       9344       9353       8734
     11969       9344       9819       9828       9353
     11970       9819      10453      10462       9828
     11971      10453      10934      10943      10462
     11972      10934      11553      11562      10943
     11973      11553      12028      12037      11562
     11974      12028      12662      12671      12037
     11975      12662      13143      13152      12671
     11976      13143      13762      13771      13152
     11977        517        992       1002        543
     11978        992       1626       1653       1002
     11979       1626       2107       2117       1653
     11980       2107       2726       2752       2117
     11981       2726       3201       3211       2752
     11982       3201       3835       3862       3211
     11983       3835       4316       4326       3862
     11984       4316       4935       4961       4326
     11985       4935       5410       5420       4961
     11986       5410       6044       6071       5420
     11987       6044       6525       6535       6071
     11988       6525       7144       7170       6535
     11989       7144       7619       7629       7170
     11990       7619       8253       8280       7629
     11991       8253       8734       8744       8280
     11992       8734       9353       9379       8744
     11993       9353       9828       9838       9379
     11994       9828      10462      10489       9838
     11995      10462      10943      10953      10489
     11996      10943      11562      11588      10953
     11997      11562      12037      12047      11588
     11998      12037      12671      12698      12047
     11999      12671      13152      13162      12698
     12000      13152      13771      13797      13162
     12001        543       1002       1011        552
     12002       1002       1653       1662       1011
     12003       1653       2117       2126       1662
     12004       2117       2752       2761       2126
     12005       2752       3211       3220       2761
     12006       3211       3862       3871       3220
     12007       3862       4326       4335       3871
     12008       4326       4961       4970       4335
     12009       4961       5420       5429       4970
     12010       5420       6071       6080       5429
     12011       6071       6535       6544       6080
     12012       6535       7170       7179       6544
     12013       7170       7629       7638       7179
     12014       7629       8280       8289       7638
     12015       8280       8744       8753       8289
     12016       8744       9379       9388       8753
     12017       9379       9838       9847       9388
     12018       9838      10489      10498       9847
     12019      10489      10953      10962      10498
     12020      10953      11588      11597      10962
     12021      11588      12047      12056      11597
     12022      12047      12698      12707      12056
     12023      12698      13162      13171      12707
     12024      13162      13797      13806      13171
     12025        552       1011       1020        577
     12026       1011       1662       1688       1020
     12027       1662       2126       2135       1688
     12028       2126       2761       2786       2135
     12029       2761       3220       3229       2786
     12030       3220       3871       3897       3229
     12031       3871       4335       4344       3897
     12032       4335       4970       4995       4344
     12033       4970       5429       5438       4995
     12034       5429       6080       6106       5438
     12035       6080       6544       6553       6106
     12036       6544       7179       7204       6553
     12037       7179       7638       7647       7204
     12038       7638       8289       8315       7647
     12039       8289       8753       8762       8315
     12040       8753       9388       9413       8762
     12041       9388       9847       9856       9413
     12042       9847      10498      10524       9856
     12043      10498      10962      10971      10524
     12044      10962      11597      11622      10971
     12045      11597      12056      12065      11622
     12046      12056      12707      12733      12065
     12047      12707      13171      13180      12733
     12048      13171      13806      13831      13180
     12049        577       1020       1029        586
     12050       1020       1688       1697       1029
     12051       1688       2135       2144       1697
     12052       2135       2786       2795       2144
     12053       2786       3229       3238       2795
     12054       3229       3897       3906       3238
     12055       3897       4344       4353       3906
     12056       4344       4995       5004       4353
     12057       4995       5438       5447       5004
     12058       5438       6106       6115       5447
     12059       6106       6553       6562       6115
     12060       6553       7204       7213       6562
     12061       7204       7647       7656       7213
     12062       7647       8315       8324       7656
     12063       8315       8762       8771       8324
     12064       8762       9413       9422       8771
     12065       9413       9856       9865       9422
     12066       9856      10524      10533       9865
     12067      10524      10971      10980      10533
     12068      10971      11622      11631      10980
     12069      11622      12065      12074      11631
     12070      12065      12733      12742      12074
     12071      12733      13180      13189      12742
     12072      13180      13831      13840      13189
     12073        586       1029       1039        612
     12074       1029       1697       1724       1039
     12075       1697       2144       2154       1724
     12076       2144       2795       2821       2154
     12077       2795       3238       3248       2821
     12078       3238       3906       3933       3248
     12079       3906       4353       4363       3933
     12080       4353       5004       5030       4363
     12081       5004       5447       5457       5030
     12082       5447       6115       6142       5457
     12083       6115       6562       6572       6142
     12084       6562       7213       7239       6572
     12085       7213       7656       7666       7239
     12086       7656       8324       8351       7666
     12087       8324       8771       8781       8351
     12088       8771       9422       9448       8781
     12089       9422       9865       9875       9448
     12090       9865      10533      10560       9875
     12091      10533      10980      10990      10560
     12092      10980      11631      11657      10990
     12093      11631      12074      12084      11657
     12094      12074      12742      12769      12084
     12095      12742      13189      13199      12769
     12096      13189      13840      13866      13199
     12097        612       1039       1048        621
     12098       1039       1724       1733       1048
     12099       1724       2154       2163       1733
     12100       2154       2821       2830       2163
     12101       2821       3248       3257       2830
     12102       3248       3933       3942       3257
     12103       3933       4363       4372       3942
     12104       4363       5030       5039       4372
     12105       5030       5457       5466       5039
     12106       5457       6142       6151       5466
     12107       6142       6572       6581       6151
     12108       6572       7239       7248       6581
     12109       7239       7666       7675       7248
     12110       7666       8351       8360       7675
     12111       8351       8781       8790       8360
     12112       8781       9448       9457       8790
     12113       9448       9875       9884       9457
     12114       9875      10560      10569       9884
     12115      10560      10990      10999      10569
     12116      10990      11657      11666      10999
     12117      11657      12084      12093      11666
     12118      12084      12769      12778      12093
     12119      12769      13199      13208      12778
     12120      13199      13866      13875      13208
     12121        621       1048       1057        646
     12122       1048       1733       1759       1057
     12123       1733       2163       2172       1759
     12124       2163       2830       2855       2172
     12125       2830       3257       3266       2855
     12126       3257       3942       3968       3266
     12127       3942       4372       4381       3968
     12128       4372       5039       5064       4381
     12129       5039       5466       5475       5064
     12130       5466       6151       6177       5475
     12131       6151       6581       6590       6177
     12132       6581       7248       7273       6590
     12133       7248       7675       7684       7273
     12134       7675       8360       8386       7684
     12135       8360       8790       8799       8386
     12136       8790       9457       9482       8799
     12137       9457       9884       9893       9482
     12138       9884      10569      10595       9893
     12139      10569      10999      11008      10595
     12140      10999      11666      11691      11008
     12141      11666      12093      12102      11691
     12142      12093      12778      12804      12102
     12143      12778      13208      13217      12804
     12144      13208      13875      13900      13217
     12145        646       1057       1066        655
     12146       1057       1759       1768       1066
     12147       1759       2172       2181       1768
     12148       2172       2855       2864       2181
     12149       2855       3266       3275       2864
     12150       3266       3968       3977       3275
     12151       3968       4381       4390       3977
     12152       4381       5064       5073       4390
     12153       5064       5475       5484       5073
     12154       5475       6177       6186       5484
     12155       6177       6590       6599       6186
     12156       6590       7273       7282       6599
     12157       7273       7684       7693       7282
     12158       7684       8386       8395       7693
     12159       8386       8799       8808       8395
     12160       8799       9482       9491       8808
     12161       9482       9893       9902       9491
     12162       9893      10595      10604       9902
     12163      10595      11008      11017      10604
     12164      11008      11691      11700      11017
     12165      11691      12102      12111      11700
     12166      12102      12804      12813      12111
     12167      12804      13217      13226      12813
     12168      13217      13900      13909      13226
     12169        655       1066       1076        681
     12170       1066       1768       1795       1076
     12171       1768       2181       2191       1795
     12172       2181       2864       2890       2191
     12173       2864       3275       3285       2890
     12174       3275       3977       4004       3285
     12175       3977       4390       4400       4004
     12176       4390       5073       5099       4400
     12177       5073       5484       5494       5099
     12178       5484       6186       6213       5494
     12179       6186       6599       6609       6213
     12180       6599       7282       7308       6609
     12181       7282       7693       7703       7308
     12182       7693       8395       8422       7703
     12183       8395       8808       8818       8422
     12184       8808       9491       9517       8818
     12185       9491       9902       9912       9517
     12186       9902      10604      10631       9912
     12187      10604      11017      11027      10631
     12188      11017      11700      11726      11027
     12189      11700      12111      12121      11726
     12190      12111      12813      12840      12121
     12191      12813      13226      13236      12840
     12192      13226      13909      13935      13236
     12193        681       1076       1085        690
     12194       1076       1795       1804       1085
     12195       1795       2191       2200       1804
     12196       2191       2890       2899       2200
     12197       2890       3285       3294       2899
     12198       3285       4004       4013       3294
     12199       4004       4400       4409       4013
     12200       4400       5099       5108       4409
     12201       5099       5494       5503       5108
     12202       5494       6213       6222       5503
     12203       6213       6609       6618       6222
     12204       6609       7308       7317       6618
     12205       7308       7703       7712       7317
     12206       7703       8422       8431       7712
     12207       8422       8818       8827       8431
     12208       8818       9517       9526       8827
     12209       9517       9912       9921       9526
     12210       9912      10631      10640       9921
     12211      10631      11027      11036      10640
     12212      11027      11726      11735      11036
     12213      11726      12121      12130      11735
     12214      12121      12840      12849      12130
     12215      12840      13236      13245      12849
     12216      13236      13935      13944      13245
     12217        690       1085       1094        715
     12218       1085       1804       1830       1094
     12219       1804       2200       2209       1830
     12220       2200       2899       2924       2209
     12221       2899       3294       3303       2924
     12222       3294       4013       4039       3303
     12223       4013       4409       4418       4039
     12224       4409       5108       5133       4418
     12225       5108       5503       5512       5133
     12226       5503       6222       6248       5512
     12227       6222       6618       6627       6248
     12228       6618       7317       7342       6627
     12229       7317       7712       7721       7342
     12230       7712       8431       8457       7721
     12231       8431       8827       8836       8457
     12232       8827       9526       9551       8836
     12233       9526       9921       9930       9551
     12234       9921      10640      10666       9930
     12235      10640      11036      11045      10666
     12236      11036      11735      11760      11045
     12237      11735      12130      12139      11760
     12238      12130      12849      12875      12139
     12239      12849      13245      13254      12875
     12240      13245      13944      13969      13254
