32
73 4 34 286 82
74 82 286 287 83
75 83 287 288 84
76 84 288 66 8
61 34 35 289 286
62 286 289 290 287
63 287 290 291 288
64 288 291 67 66
249 35 36 292 289
250 289 292 293 290
251 290 293 294 291
252 291 294 68 67
225 36 37 295 292
226 292 295 296 293
227 293 296 297 294
228 294 297 69 68
209 37 38 298 295
210 295 298 299 296
211 296 299 300 297
212 297 300 70 69
221 38 39 301 298
222 298 301 302 299
223 299 302 303 300
224 300 303 71 70
189 39 40 304 301
190 301 304 305 302
191 302 305 306 303
192 303 306 72 71
105 40 1 73 304
106 304 73 74 305
107 305 74 75 306
108 306 75 5 72
