32
25 2 18 238 76
26 76 238 239 77
27 77 239 240 78
28 78 240 50 6
173 18 19 241 238
174 238 241 242 239
175 239 242 243 240
176 240 243 51 50
233 19 20 244 241
234 241 244 245 242
235 242 245 246 243
236 243 246 52 51
141 20 21 247 244
142 244 247 248 245
143 245 248 249 246
144 246 249 53 52
129 21 22 250 247
130 247 250 251 248
131 248 251 252 249
132 249 252 54 53
193 22 23 253 250
194 250 253 254 251
195 251 254 255 252
196 252 255 55 54
149 23 24 256 253
150 253 256 257 254
151 254 257 258 255
152 255 258 56 55
49 24 3 79 256
50 256 79 80 257
51 257 80 81 258
52 258 81 7 56
