80
1 117 116 136 123
5 106 86 29 30
9 103 95 117 92
13 86 106 131 118
17 118 131 139 140
21 32 91 100 31
25 2 18 93 17
29 138 141 146 145
33 85 107 121 133
37 17 93 99 16
41 100 106 30 31
45 101 96 104 94
49 3 25 103 24
53 129 146 142 136
57 91 108 120 100
61 34 35 102 98
65 122 135 143 132
69 114 90 135 122
73 4 34 98 33
77 85 14 15 107
81 104 122 132 125
85 14 85 113 13
89 10 11 114 96
93 25 26 95 103
97 117 123 110 92
101 105 126 130 121
105 9 101 40 1
109 118 124 115 86
113 134 88 110 123
117 127 128 112 87
121 127 125 132 144
125 144 137 128 127
129 21 22 110 88
133 99 105 121 107
137 106 100 120 131
141 20 21 88 109
145 12 90 114 11
149 103 92 23 24
153 137 120 108 128
157 16 99 107 15
161 104 125 111 94
165 133 121 130 141
169 141 138 119 133
173 97 93 18 19
177 98 102 108 91
181 145 146 129 140
185 102 112 128 108
189 101 94 39 40
193 92 110 22 23
197 134 126 109 88
201 140 139 147 145
205 127 87 111 125
209 37 38 111 87
213 137 139 131 120
217 95 89 116 117
221 94 111 38 39
225 36 37 87 112
229 139 137 144 147
233 19 20 109 97
237 124 118 140 129
241 91 32 33 98
245 132 143 147 144
249 112 102 35 36
253 116 124 129 136
257 138 143 135 119
261 101 9 10 96
265 96 114 122 104
269 141 130 142 146
273 115 89 27 28
277 124 116 89 115
281 93 97 105 99
285 97 109 126 105
289 136 142 134 123
293 13 113 90 12
297 90 113 119 135
301 27 89 95 26
305 28 29 86 115
309 133 119 113 85
313 126 134 142 130
317 145 147 143 138
