320
1 117 123 136 116 403 421 460 400
2 403 421 460 400 404 422 461 401
3 404 422 461 401 405 423 462 402
4 405 423 462 402 180 186 199 179
5 106 30 29 86 370 274 271 310
6 370 274 271 310 371 275 272 311
7 371 275 272 311 372 276 273 312
8 372 276 273 312 169 62 61 149
9 103 92 117 95 361 328 403 337
10 361 328 403 337 362 329 404 338
11 362 329 404 338 363 330 405 339
12 363 330 405 339 166 155 180 158
13 86 118 131 106 310 406 445 370
14 310 406 445 370 311 407 446 371
15 311 407 446 371 312 408 447 372
16 312 408 447 372 149 181 194 169
17 118 140 139 131 406 472 469 445
18 406 472 469 445 407 473 470 446
19 407 473 470 446 408 474 471 447
20 408 474 471 447 181 203 202 194
21 32 31 100 91 280 277 352 325
22 280 277 352 325 281 278 353 326
23 281 278 353 326 282 279 354 327
24 282 279 354 327 64 63 163 154
25 2 17 93 18 76 235 331 238
26 76 235 331 238 77 236 332 239
27 77 236 332 239 78 237 333 240
28 78 237 333 240 6 49 156 50
29 138 145 146 141 466 487 490 475
30 466 487 490 475 467 488 491 476
31 467 488 491 476 468 489 492 477
32 468 489 492 477 201 208 209 204
33 85 133 121 107 307 451 415 373
34 307 451 415 373 308 452 416 374
35 308 452 416 374 309 453 417 375
36 309 453 417 375 148 196 184 170
37 17 16 99 93 235 232 349 331
38 235 232 349 331 236 233 350 332
39 236 233 350 332 237 234 351 333
40 237 234 351 333 49 48 162 156
41 100 31 30 106 352 277 274 370
42 352 277 274 370 353 278 275 371
43 353 278 275 371 354 279 276 372
44 354 279 276 372 163 63 62 169
45 101 94 104 96 355 334 364 340
46 355 334 364 340 356 335 365 341
47 356 335 365 341 357 336 366 342
48 357 336 366 342 164 157 167 159
49 3 24 103 25 79 256 361 259
50 79 256 361 259 80 257 362 260
51 80 257 362 260 81 258 363 261
52 81 258 363 261 7 56 166 57
53 129 136 142 146 439 460 478 490
54 439 460 478 490 440 461 479 491
55 440 461 479 491 441 462 480 492
56 441 462 480 492 192 199 205 209
57 91 100 120 108 325 352 412 376
58 325 352 412 376 326 353 413 377
59 326 353 413 377 327 354 414 378
60 327 354 414 378 154 163 183 171
61 34 98 102 35 286 346 358 289
62 286 346 358 289 287 347 359 290
63 287 347 359 290 288 348 360 291
64 288 348 360 291 66 161 165 67
65 122 132 143 135 418 448 481 457
66 418 448 481 457 419 449 482 458
67 419 449 482 458 420 450 483 459
68 420 450 483 459 185 195 206 198
69 114 122 135 90 394 418 457 322
70 394 418 457 322 395 419 458 323
71 395 419 458 323 396 420 459 324
72 396 420 459 324 177 185 198 153
73 4 33 98 34 82 283 346 286
74 82 283 346 286 83 284 347 287
75 83 284 347 287 84 285 348 288
76 84 285 348 288 8 65 161 66
77 85 107 15 14 307 373 229 226
78 307 373 229 226 308 374 230 227
79 308 374 230 227 309 375 231 228
80 309 375 231 228 148 170 47 46
81 104 125 132 122 364 427 448 418
82 364 427 448 418 365 428 449 419
83 365 428 449 419 366 429 450 420
84 366 429 450 420 167 188 195 185
85 14 13 113 85 226 223 391 307
86 226 223 391 307 227 224 392 308
87 227 224 392 308 228 225 393 309
88 228 225 393 309 46 45 176 148
89 10 96 114 11 214 340 394 217
90 214 340 394 217 215 341 395 218
91 215 341 395 218 216 342 396 219
92 216 342 396 219 42 159 177 43
93 25 103 95 26 259 361 337 262
94 259 361 337 262 260 362 338 263
95 260 362 338 263 261 363 339 264
96 261 363 339 264 57 166 158 58
97 117 92 110 123 403 328 382 421
98 403 328 382 421 404 329 383 422
99 404 329 383 422 405 330 384 423
100 405 330 384 423 180 155 173 186
101 105 121 130 126 367 415 442 430
102 367 415 442 430 368 416 443 431
103 368 416 443 431 369 417 444 432
104 369 417 444 432 168 184 193 189
105 9 1 40 101 211 73 304 355
106 211 73 304 355 212 74 305 356
107 212 74 305 356 213 75 306 357
108 213 75 306 357 41 5 72 164
109 118 86 115 124 406 310 397 424
110 406 310 397 424 407 311 398 425
111 407 311 398 425 408 312 399 426
112 408 312 399 426 181 149 178 187
113 134 123 110 88 454 421 382 316
114 454 421 382 316 455 422 383 317
115 455 422 383 317 456 423 384 318
116 456 423 384 318 197 186 173 151
117 127 87 112 128 433 313 388 436
118 433 313 388 436 434 314 389 437
119 434 314 389 437 435 315 390 438
120 435 315 390 438 190 150 175 191
121 127 144 132 125 433 484 448 427
122 433 484 448 427 434 485 449 428
123 434 485 449 428 435 486 450 429
124 435 486 450 429 190 207 195 188
125 144 127 128 137 484 433 436 463
126 484 433 436 463 485 434 437 464
127 485 434 437 464 486 435 438 465
128 486 435 438 465 207 190 191 200
129 21 88 110 22 247 316 382 250
130 247 316 382 250 248 317 383 251
131 248 317 383 251 249 318 384 252
132 249 318 384 252 53 151 173 54
133 99 107 121 105 349 373 415 367
134 349 373 415 367 350 374 416 368
135 350 374 416 368 351 375 417 369
136 351 375 417 369 162 170 184 168
137 106 131 120 100 370 445 412 352
138 370 445 412 352 371 446 413 353
139 371 446 413 353 372 447 414 354
140 372 447 414 354 169 194 183 163
141 20 109 88 21 244 379 316 247
142 244 379 316 247 245 380 317 248
143 245 380 317 248 246 381 318 249
144 246 381 318 249 52 172 151 53
145 12 11 114 90 220 217 394 322
146 220 217 394 322 221 218 395 323
147 221 218 395 323 222 219 396 324
148 222 219 396 324 44 43 177 153
149 103 24 23 92 361 256 253 328
150 361 256 253 328 362 257 254 329
151 362 257 254 329 363 258 255 330
152 363 258 255 330 166 56 55 155
153 137 128 108 120 463 436 376 412
154 463 436 376 412 464 437 377 413
155 464 437 377 413 465 438 378 414
156 465 438 378 414 200 191 171 183
157 16 15 107 99 232 229 373 349
158 232 229 373 349 233 230 374 350
159 233 230 374 350 234 231 375 351
160 234 231 375 351 48 47 170 162
161 104 94 111 125 364 334 385 427
162 364 334 385 427 365 335 386 428
163 365 335 386 428 366 336 387 429
164 366 336 387 429 167 157 174 188
165 133 141 130 121 451 475 442 415
166 451 475 442 415 452 476 443 416
167 452 476 443 416 453 477 444 417
168 453 477 444 417 196 204 193 184
169 141 133 119 138 475 451 409 466
170 475 451 409 466 476 452 410 467
171 476 452 410 467 477 453 411 468
172 477 453 411 468 204 196 182 201
173 97 19 18 93 343 241 238 331
174 343 241 238 331 344 242 239 332
175 344 242 239 332 345 243 240 333
176 345 243 240 333 160 51 50 156
177 98 91 108 102 346 325 376 358
178 346 325 376 358 347 326 377 359
179 347 326 377 359 348 327 378 360
180 348 327 378 360 161 154 171 165
181 145 140 129 146 487 472 439 490
182 487 472 439 490 488 473 440 491
183 488 473 440 491 489 474 441 492
184 489 474 441 492 208 203 192 209
185 102 108 128 112 358 376 436 388
186 358 376 436 388 359 377 437 389
187 359 377 437 389 360 378 438 390
188 360 378 438 390 165 171 191 175
189 101 40 39 94 355 304 301 334
190 355 304 301 334 356 305 302 335
191 356 305 302 335 357 306 303 336
192 357 306 303 336 164 72 71 157
193 92 23 22 110 328 253 250 382
194 328 253 250 382 329 254 251 383
195 329 254 251 383 330 255 252 384
196 330 255 252 384 155 55 54 173
197 134 88 109 126 454 316 379 430
198 454 316 379 430 455 317 380 431
199 455 317 380 431 456 318 381 432
200 456 318 381 432 197 151 172 189
201 140 145 147 139 472 487 493 469
202 472 487 493 469 473 488 494 470
203 473 488 494 470 474 489 495 471
204 474 489 495 471 203 208 210 202
205 127 125 111 87 433 427 385 313
206 433 427 385 313 434 428 386 314
207 434 428 386 314 435 429 387 315
208 435 429 387 315 190 188 174 150
209 37 87 111 38 295 313 385 298
210 295 313 385 298 296 314 386 299
211 296 314 386 299 297 315 387 300
212 297 315 387 300 69 150 174 70
213 137 120 131 139 463 412 445 469
214 463 412 445 469 464 413 446 470
215 464 413 446 470 465 414 447 471
216 465 414 447 471 200 183 194 202
217 95 117 116 89 337 403 400 319
218 337 403 400 319 338 404 401 320
219 338 404 401 320 339 405 402 321
220 339 405 402 321 158 180 179 152
221 94 39 38 111 334 301 298 385
222 334 301 298 385 335 302 299 386
223 335 302 299 386 336 303 300 387
224 336 303 300 387 157 71 70 174
225 36 112 87 37 292 388 313 295
226 292 388 313 295 293 389 314 296
227 293 389 314 296 294 390 315 297
228 294 390 315 297 68 175 150 69
229 139 147 144 137 469 493 484 463
230 469 493 484 463 470 494 485 464
231 470 494 485 464 471 495 486 465
232 471 495 486 465 202 210 207 200
233 19 97 109 20 241 343 379 244
234 241 343 379 244 242 344 380 245
235 242 344 380 245 243 345 381 246
236 243 345 381 246 51 160 172 52
237 124 129 140 118 424 439 472 406
238 424 439 472 406 425 440 473 407
239 425 440 473 407 426 441 474 408
240 426 441 474 408 187 192 203 181
241 91 98 33 32 325 346 283 280
242 325 346 283 280 326 347 284 281
243 326 347 284 281 327 348 285 282
244 327 348 285 282 154 161 65 64
245 132 144 147 143 448 484 493 481
246 448 484 493 481 449 485 494 482
247 449 485 494 482 450 486 495 483
248 450 486 495 483 195 207 210 206
249 112 36 35 102 388 292 289 358
250 388 292 289 358 389 293 290 359
251 389 293 290 359 390 294 291 360
252 390 294 291 360 175 68 67 165
253 116 136 129 124 400 460 439 424
254 400 460 439 424 401 461 440 425
255 401 461 440 425 402 462 441 426
256 402 462 441 426 179 199 192 187
257 138 119 135 143 466 409 457 481
258 466 409 457 481 467 410 458 482
259 467 410 458 482 468 411 459 483
260 468 411 459 483 201 182 198 206
261 101 96 10 9 355 340 214 211
262 355 340 214 211 356 341 215 212
263 356 341 215 212 357 342 216 213
264 357 342 216 213 164 159 42 41
265 96 104 122 114 340 364 418 394
266 340 364 418 394 341 365 419 395
267 341 365 419 395 342 366 420 396
268 342 366 420 396 159 167 185 177
269 141 146 142 130 475 490 478 442
270 475 490 478 442 476 491 479 443
271 476 491 479 443 477 492 480 444
272 477 492 480 444 204 209 205 193
273 115 28 27 89 397 268 265 319
274 397 268 265 319 398 269 266 320
275 398 269 266 320 399 270 267 321
276 399 270 267 321 178 60 59 152
277 124 115 89 116 424 397 319 400
278 424 397 319 400 425 398 320 401
279 425 398 320 401 426 399 321 402
280 426 399 321 402 187 178 152 179
281 93 99 105 97 331 349 367 343
282 331 349 367 343 332 350 368 344
283 332 350 368 344 333 351 369 345
284 333 351 369 345 156 162 168 160
285 97 105 126 109 343 367 430 379
286 343 367 430 379 344 368 431 380
287 344 368 431 380 345 369 432 381
288 345 369 432 381 160 168 189 172
289 136 123 134 142 460 421 454 478
290 460 421 454 478 461 422 455 479
291 461 422 455 479 462 423 456 480
292 462 423 456 480 199 186 197 205
293 13 12 90 113 223 220 322 391
294 223 220 322 391 224 221 323 392
295 224 221 323 392 225 222 324 393
296 225 222 324 393 45 44 153 176
297 90 135 119 113 322 457 409 391
298 322 457 409 391 323 458 410 392
299 323 458 410 392 324 459 411 393
300 324 459 411 393 153 198 182 176
301 27 26 95 89 265 262 337 319
302 265 262 337 319 266 263 338 320
303 266 263 338 320 267 264 339 321
304 267 264 339 321 59 58 158 152
305 28 115 86 29 268 397 310 271
306 268 397 310 271 269 398 311 272
307 269 398 311 272 270 399 312 273
308 270 399 312 273 60 178 149 61
309 133 85 113 119 451 307 391 409
310 451 307 391 409 452 308 392 410
311 452 308 392 410 453 309 393 411
312 453 309 393 411 196 148 176 182
313 126 130 142 134 430 442 478 454
314 430 442 478 454 431 443 479 455
315 431 443 479 455 432 444 480 456
316 432 444 480 456 189 193 205 197
317 145 138 143 147 487 466 481 493
318 487 466 481 493 488 467 482 494
319 488 467 482 494 489 468 483 495
320 489 468 483 495 208 201 206 210
