495
1 0.000000 0.000000 0.000000
2 10000.000000 0.000000 0.000000
3 10000.000000 8000.000000 0.000000
4 0.000000 8000.000000 0.000000
5 0.000000 0.000000 -5000.000000
6 10000.000000 0.000000 -5000.000000
7 10000.000000 8000.000000 -5000.000000
8 0.000000 8000.000000 -5000.000000
9 1000.000000 0.000000 0.000000
10 2000.000000 0.000000 0.000000
11 3000.000000 0.000000 0.000000
12 4000.000000 0.000000 0.000000
13 5000.000000 0.000000 0.000000
14 6000.000000 0.000000 0.000000
15 7000.000000 0.000000 0.000000
16 8000.000000 0.000000 0.000000
17 9000.000000 0.000000 0.000000
18 10000.000000 1000.000000 -0.000001
19 10000.000000 2000.000000 -0.000000
20 10000.000000 3000.000000 0.000001
21 10000.000000 4000.000000 0.000000
22 10000.000000 5000.000000 -0.000001
23 10000.000000 6000.000000 -0.000000
24 10000.000000 7000.000000 0.000001
25 9000.000000 8000.000000 0.000002
26 8000.000000 8000.000000 0.000003
27 7000.000000 8000.000000 0.000003
28 6000.000000 8000.000000 0.000002
29 5000.000000 8000.000000 -0.000000
30 4000.000000 8000.000000 -0.000002
31 3000.000000 8000.000000 -0.000003
32 2000.000000 8000.000000 -0.000003
33 1000.000000 8000.000000 -0.000002
34 0.000000 7000.000000 0.000000
35 0.000000 6000.000000 0.000000
36 0.000000 5000.000000 0.000000
37 0.000000 4000.000000 0.000000
38 0.000000 3000.000000 0.000000
39 0.000000 2000.000000 0.000000
40 0.000000 1000.000000 0.000000
41 1000.000000 0.000000 -5000.000000
42 2000.000000 0.000000 -5000.000000
43 3000.000000 0.000000 -5000.000000
44 4000.000000 0.000000 -5000.000000
45 5000.000000 0.000000 -5000.000000
46 6000.000000 0.000000 -5000.000000
47 7000.000000 0.000000 -5000.000000
48 8000.000000 0.000000 -5000.000000
49 9000.000000 0.000000 -5000.000000
50 10000.000000 1000.000000 -5000.000000
51 10000.000000 2000.000000 -5000.000000
52 10000.000000 3000.000000 -5000.000000
53 10000.000000 4000.000000 -5000.000000
54 10000.000000 5000.000000 -5000.000000
55 10000.000000 6000.000000 -5000.000000
56 10000.000000 7000.000000 -5000.000000
57 9000.000000 8000.000000 -5000.000000
58 8000.000000 8000.000000 -5000.000000
59 7000.000000 8000.000000 -5000.000000
60 6000.000000 8000.000000 -5000.000000
61 5000.000000 8000.000000 -5000.000000
62 4000.000000 8000.000000 -5000.000000
63 3000.000000 8000.000000 -5000.000000
64 2000.000000 8000.000000 -5000.000000
65 1000.000000 8000.000000 -5000.000000
66 0.000000 7000.000000 -5000.000000
67 0.000000 6000.000000 -5000.000000
68 0.000000 5000.000000 -5000.000000
69 0.000000 4000.000000 -5000.000000
70 0.000000 3000.000000 -5000.000000
71 0.000000 2000.000000 -5000.000000
72 0.000000 1000.000000 -5000.000000
73 0.000000 0.000000 -250.000000
74 0.000000 0.000000 -500.000000
75 0.000000 0.000000 -2750.000000
76 10000.000000 0.000000 -250.000000
77 10000.000000 0.000000 -500.000000
78 10000.000000 0.000000 -2750.000000
79 10000.000000 8000.000000 -250.000000
80 10000.000000 8000.000000 -500.000000
81 10000.000000 8000.000000 -2750.000000
82 0.000000 8000.000000 -250.000000
83 0.000000 8000.000000 -500.000000
84 0.000000 8000.000000 -2750.000000
85 5999.961975 999.961975 -117.553184
86 4999.999531 6999.999531 -0.000060
87 998.756692 3998.756692 -0.229341
88 8999.999977 3999.999977 0.000005
89 6999.999992 6999.999992 190.211303
90 3998.746686 998.746686 117.684203
91 1999.996827 6999.996827 -190.211180
92 8999.999998 5999.999998 -0.000002
93 9000.000000 1000.000000 -117.557052
94 989.866281 1989.866281 1.854759
95 7999.999999 6999.999999 190.211304
96 1990.388673 990.388673 189.812974
97 8999.999997 1999.999997 -0.000001
98 999.997960 6999.997960 -117.556843
99 7999.999975 999.999975 -190.211305
100 2999.996410 6999.996410 -190.211443
101 991.914918 991.914918 116.724161
102 999.957393 5999.957393 0.007869
103 9000.000000 7000.000000 117.557052
104 1992.747252 1992.747252 2.163722
105 7999.999849 1999.999849 -0.000046
106 3999.997748 6999.997748 -117.557280
107 6999.992647 999.992647 -190.211017
108 1999.926411 5999.926411 0.021989
109 8999.999972 2999.999972 117.557054
110 8999.999984 4999.999984 -117.557053
111 996.371726 2996.371726 -117.185977
112 999.674859 4999.674859 117.523977
113 4999.682930 999.682930 0.039845
114 2996.432974 996.432974 190.346353
115 5999.999891 6999.999891 117.557039
116 6999.999594 5999.999594 -0.000123
117 7999.999874 5999.999874 -0.000040
118 4999.987913 5999.987913 0.000000
119 4999.553921 1999.553921 0.000039
120 2999.932235 5999.932235 0.020249
121 6999.988123 1999.988123 -0.003549
122 2996.047662 1996.047662 1.181834
123 7999.999476 4999.999476 -190.211324
124 5999.995616 5999.995616 -0.000811
125 1996.032047 2996.032047 -190.052936
126 7999.998705 2999.998705 190.211354
127 1998.441092 3998.441092 -0.465628
128 1999.502251 4999.502251 190.191907
129 5999.978208 4999.978208 -117.554834
130 6999.985648 2999.985648 190.210746
131 3999.959068 5999.959068 0.007560
132 2997.481460 2997.481460 -190.307376
133 5999.886650 1999.886650 -0.020929
134 7999.998133 3999.998133 0.000559
135 3998.406252 1998.406252 0.294704
136 6999.993097 4999.993097 -190.211035
137 2999.593691 4999.593691 190.227036
138 4999.598157 2999.598157 -0.050498
139 3999.769653 4999.769653 117.580460
140 4999.901306 4999.901306 0.012403
141 5999.877421 2999.877421 117.544585
142 6999.981207 3999.981207 0.005616
143 3998.772160 2998.772160 -117.681624
144 2998.744664 3998.744664 -0.375170
145 4999.729171 3999.729171 -0.000014
146 5999.902122 3999.902122 0.018073
147 3999.280825 3999.280825 -0.132885
148 5999.961975 999.961975 -5000.000000
149 4999.999531 6999.999531 -5000.000000
150 998.756692 3998.756692 -5000.000000
151 8999.999977 3999.999977 -5000.000000
152 6999.999992 6999.999992 -5000.000000
153 3998.746686 998.746686 -5000.000000
154 1999.996827 6999.996827 -5000.000000
155 8999.999998 5999.999998 -5000.000000
156 9000.000000 1000.000000 -5000.000000
157 989.866281 1989.866281 -5000.000000
158 7999.999999 6999.999999 -5000.000000
159 1990.388673 990.388673 -5000.000000
160 8999.999997 1999.999997 -5000.000000
161 999.997960 6999.997960 -5000.000000
162 7999.999975 999.999975 -5000.000000
163 2999.996410 6999.996410 -5000.000000
164 991.914918 991.914918 -5000.000000
165 999.957393 5999.957393 -5000.000000
166 9000.000000 7000.000000 -5000.000000
167 1992.747252 1992.747252 -5000.000000
168 7999.999849 1999.999849 -5000.000000
169 3999.997748 6999.997748 -5000.000000
170 6999.992647 999.992647 -5000.000000
171 1999.926411 5999.926411 -5000.000000
172 8999.999972 2999.999972 -5000.000000
173 8999.999984 4999.999984 -5000.000000
174 996.371726 2996.371726 -5000.000000
175 999.674859 4999.674859 -5000.000000
176 4999.682930 999.682930 -5000.000000
177 2996.432974 996.432974 -5000.000000
178 5999.999891 6999.999891 -5000.000000
179 6999.999594 5999.999594 -5000.000000
180 7999.999874 5999.999874 -5000.000000
181 4999.987913 5999.987913 -5000.000000
182 4999.553921 1999.553921 -5000.000000
183 2999.932235 5999.932235 -5000.000000
184 6999.988123 1999.988123 -5000.000000
185 2996.047662 1996.047662 -5000.000000
186 7999.999476 4999.999476 -5000.000000
187 5999.995616 5999.995616 -5000.000000
188 1996.032047 2996.032047 -5000.000000
189 7999.998705 2999.998705 -5000.000000
190 1998.441092 3998.441092 -5000.000000
191 1999.502251 4999.502251 -5000.000000
192 5999.978208 4999.978208 -5000.000000
193 6999.985648 2999.985648 -5000.000000
194 3999.959068 5999.959068 -5000.000000
195 2997.481460 2997.481460 -5000.000000
196 5999.886650 1999.886650 -5000.000000
197 7999.998133 3999.998133 -5000.000000
198 3998.406252 1998.406252 -5000.000000
199 6999.993097 4999.993097 -5000.000000
200 2999.593691 4999.593691 -5000.000000
201 4999.598157 2999.598157 -5000.000000
202 3999.769653 4999.769653 -5000.000000
203 4999.901306 4999.901306 -5000.000000
204 5999.877421 2999.877421 -5000.000000
205 6999.981207 3999.981207 -5000.000000
206 3998.772160 2998.772160 -5000.000000
207 2998.744664 3998.744664 -5000.000000
208 4999.729171 3999.729171 -5000.000000
209 5999.902122 3999.902122 -5000.000000
210 3999.280825 3999.280825 -5000.000000
211 1000.000000 0.000000 -250.000000
212 1000.000000 0.000000 -500.000000
213 1000.000000 0.000000 -2750.000000
214 2000.000000 0.000000 -250.000000
215 2000.000000 0.000000 -500.000000
216 2000.000000 0.000000 -2750.000000
217 3000.000000 0.000000 -250.000000
218 3000.000000 0.000000 -500.000000
219 3000.000000 0.000000 -2750.000000
220 4000.000000 0.000000 -250.000000
221 4000.000000 0.000000 -500.000000
222 4000.000000 0.000000 -2750.000000
223 5000.000000 0.000000 -250.000000
224 5000.000000 0.000000 -500.000000
225 5000.000000 0.000000 -2750.000000
226 6000.000000 0.000000 -250.000000
227 6000.000000 0.000000 -500.000000
228 6000.000000 0.000000 -2750.000000
229 7000.000000 0.000000 -250.000000
230 7000.000000 0.000000 -500.000000
231 7000.000000 0.000000 -2750.000000
232 8000.000000 0.000000 -250.000000
233 8000.000000 0.000000 -500.000000
234 8000.000000 0.000000 -2750.000000
235 9000.000000 0.000000 -250.000000
236 9000.000000 0.000000 -500.000000
237 9000.000000 0.000000 -2750.000000
238 10000.000000 1000.000000 -250.000001
239 10000.000000 1000.000000 -500.000001
240 10000.000000 1000.000000 -2750.000001
241 10000.000000 2000.000000 -250.000000
242 10000.000000 2000.000000 -500.000000
243 10000.000000 2000.000000 -2750.000000
244 10000.000000 3000.000000 -249.999999
245 10000.000000 3000.000000 -499.999999
246 10000.000000 3000.000000 -2749.999999
247 10000.000000 4000.000000 -250.000000
248 10000.000000 4000.000000 -500.000000
249 10000.000000 4000.000000 -2750.000000
250 10000.000000 5000.000000 -250.000001
251 10000.000000 5000.000000 -500.000001
252 10000.000000 5000.000000 -2750.000001
253 10000.000000 6000.000000 -250.000000
254 10000.000000 6000.000000 -500.000000
255 10000.000000 6000.000000 -2750.000000
256 10000.000000 7000.000000 -249.999999
257 10000.000000 7000.000000 -499.999999
258 10000.000000 7000.000000 -2749.999999
259 9000.000000 8000.000000 -249.999998
260 9000.000000 8000.000000 -499.999998
261 9000.000000 8000.000000 -2749.999999
262 8000.000000 8000.000000 -249.999997
263 8000.000000 8000.000000 -499.999998
264 8000.000000 8000.000000 -2749.999999
265 7000.000000 8000.000000 -249.999997
266 7000.000000 8000.000000 -499.999998
267 7000.000000 8000.000000 -2749.999999
268 6000.000000 8000.000000 -249.999998
269 6000.000000 8000.000000 -499.999998
270 6000.000000 8000.000000 -2749.999999
271 5000.000000 8000.000000 -250.000000
272 5000.000000 8000.000000 -500.000000
273 5000.000000 8000.000000 -2750.000000
274 4000.000000 8000.000000 -250.000002
275 4000.000000 8000.000000 -500.000002
276 4000.000000 8000.000000 -2750.000001
277 3000.000000 8000.000000 -250.000003
278 3000.000000 8000.000000 -500.000002
279 3000.000000 8000.000000 -2750.000001
280 2000.000000 8000.000000 -250.000003
281 2000.000000 8000.000000 -500.000002
282 2000.000000 8000.000000 -2750.000001
283 1000.000000 8000.000000 -250.000002
284 1000.000000 8000.000000 -500.000002
285 1000.000000 8000.000000 -2750.000001
286 0.000000 7000.000000 -250.000000
287 0.000000 7000.000000 -500.000000
288 0.000000 7000.000000 -2750.000000
289 0.000000 6000.000000 -250.000000
290 0.000000 6000.000000 -500.000000
291 0.000000 6000.000000 -2750.000000
292 0.000000 5000.000000 -250.000000
293 0.000000 5000.000000 -500.000000
294 0.000000 5000.000000 -2750.000000
295 0.000000 4000.000000 -250.000000
296 0.000000 4000.000000 -500.000000
297 0.000000 4000.000000 -2750.000000
298 0.000000 3000.000000 -250.000000
299 0.000000 3000.000000 -500.000000
300 0.000000 3000.000000 -2750.000000
301 0.000000 2000.000000 -250.000000
302 0.000000 2000.000000 -500.000000
303 0.000000 2000.000000 -2750.000000
304 0.000000 1000.000000 -250.000000
305 0.000000 1000.000000 -500.000000
306 0.000000 1000.000000 -2750.000000
307 5999.961975 999.961975 -361.675525
308 5999.961975 999.961975 -605.797865
309 5999.961975 999.961975 -2802.898933
310 4999.999531 6999.999531 -250.000057
311 4999.999531 6999.999531 -500.000054
312 4999.999531 6999.999531 -2750.000027
313 998.756692 3998.756692 -250.217874
314 998.756692 3998.756692 -500.206407
315 998.756692 3998.756692 -2750.103203
316 8999.999977 3999.999977 -249.999995
317 8999.999977 3999.999977 -499.999995
318 8999.999977 3999.999977 -2749.999998
319 6999.999992 6999.999992 -69.299262
320 6999.999992 6999.999992 -328.809828
321 6999.999992 6999.999992 -2664.404914
322 3998.746686 998.746686 -138.200007
323 3998.746686 998.746686 -394.084217
324 3998.746686 998.746686 -2697.042108
325 1999.996827 6999.996827 -430.700621
326 1999.996827 6999.996827 -671.190062
327 1999.996827 6999.996827 -2835.595031
328 8999.999998 5999.999998 -250.000001
329 8999.999998 5999.999998 -500.000001
330 8999.999998 5999.999998 -2750.000001
331 9000.000000 1000.000000 -361.679199
332 9000.000000 1000.000000 -605.801346
333 9000.000000 1000.000000 -2802.900673
334 989.866281 1989.866281 -248.237979
335 989.866281 1989.866281 -498.330717
336 989.866281 1989.866281 -2749.165358
337 7999.999999 6999.999999 -69.299262
338 7999.999999 6999.999999 -328.809827
339 7999.999999 6999.999999 -2664.404913
340 1990.388673 990.388673 -69.677675
341 1990.388673 990.388673 -329.168324
342 1990.388673 990.388673 -2664.584162
343 8999.999997 1999.999997 -250.000001
344 8999.999997 1999.999997 -500.000001
345 8999.999997 1999.999997 -2750.000000
346 999.997960 6999.997960 -361.679001
347 999.997960 6999.997960 -605.801159
348 999.997960 6999.997960 -2802.900579
349 7999.999975 999.999975 -430.700739
350 7999.999975 999.999975 -671.190174
351 7999.999975 999.999975 -2835.595087
352 2999.996410 6999.996410 -430.700871
353 2999.996410 6999.996410 -671.190299
354 2999.996410 6999.996410 -2835.595149
355 991.914918 991.914918 -139.112047
356 991.914918 991.914918 -394.948255
357 991.914918 991.914918 -2697.474128
358 999.957393 5999.957393 -249.992525
359 999.957393 5999.957393 -499.992918
360 999.957393 5999.957393 -2749.996459
361 9000.000000 7000.000000 -138.320801
362 9000.000000 7000.000000 -394.198654
363 9000.000000 7000.000000 -2697.099327
364 1992.747252 1992.747252 -247.944464
365 1992.747252 1992.747252 -498.052650
366 1992.747252 1992.747252 -2749.026325
367 7999.999849 1999.999849 -250.000043
368 7999.999849 1999.999849 -500.000041
369 7999.999849 1999.999849 -2750.000021
370 3999.997748 6999.997748 -361.679416
371 3999.997748 6999.997748 -605.801552
372 3999.997748 6999.997748 -2802.900776
373 6999.992647 999.992647 -430.700467
374 6999.992647 999.992647 -671.189916
375 6999.992647 999.992647 -2835.594958
376 1999.926411 5999.926411 -249.979111
377 1999.926411 5999.926411 -499.980210
378 1999.926411 5999.926411 -2749.990105
379 8999.999972 2999.999972 -138.320798
380 8999.999972 2999.999972 -394.198651
381 8999.999972 2999.999972 -2697.099326
382 8999.999984 4999.999984 -361.679200
383 8999.999984 4999.999984 -605.801348
384 8999.999984 4999.999984 -2802.900674
385 996.371726 2996.371726 -361.326678
386 996.371726 2996.371726 -605.467379
387 996.371726 2996.371726 -2802.733690
388 999.674859 4999.674859 -138.352221
389 999.674859 4999.674859 -394.228420
390 999.674859 4999.674859 -2697.114210
391 4999.682930 999.682930 -249.962147
392 4999.682930 999.682930 -499.964140
393 4999.682930 999.682930 -2749.982070
394 2996.432974 996.432974 -69.170965
395 2996.432974 996.432974 -328.688282
396 2996.432974 996.432974 -2664.344141
397 5999.999891 6999.999891 -138.320813
398 5999.999891 6999.999891 -394.198665
399 5999.999891 6999.999891 -2697.099333
400 6999.999594 5999.999594 -250.000117
401 6999.999594 5999.999594 -500.000111
402 6999.999594 5999.999594 -2750.000056
403 7999.999874 5999.999874 -250.000038
404 7999.999874 5999.999874 -500.000036
405 7999.999874 5999.999874 -2750.000018
406 4999.987913 5999.987913 -250.000000
407 4999.987913 5999.987913 -500.000000
408 4999.987913 5999.987913 -2750.000000
409 4999.553921 1999.553921 -249.999963
410 4999.553921 1999.553921 -499.999965
411 4999.553921 1999.553921 -2749.999982
412 2999.932235 5999.932235 -249.980763
413 2999.932235 5999.932235 -499.981775
414 2999.932235 5999.932235 -2749.990888
415 6999.988123 1999.988123 -250.003372
416 6999.988123 1999.988123 -500.003194
417 6999.988123 1999.988123 -2750.001597
418 2996.047662 1996.047662 -248.877257
419 2996.047662 1996.047662 -498.936349
420 2996.047662 1996.047662 -2749.468174
421 7999.999476 4999.999476 -430.700758
422 7999.999476 4999.999476 -671.190192
423 7999.999476 4999.999476 -2835.595096
424 5999.995616 5999.995616 -250.000770
425 5999.995616 5999.995616 -500.000730
426 5999.995616 5999.995616 -2750.000365
427 1996.032047 2996.032047 -430.550289
428 1996.032047 2996.032047 -671.047642
429 1996.032047 2996.032047 -2835.523821
430 7999.998705 2999.998705 -69.299214
431 7999.998705 2999.998705 -328.809781
432 7999.998705 2999.998705 -2664.404891
433 1998.441092 3998.441092 -250.442346
434 1998.441092 3998.441092 -500.419065
435 1998.441092 3998.441092 -2750.209533
436 1999.502251 4999.502251 -69.317688
437 1999.502251 4999.502251 -328.827284
438 1999.502251 4999.502251 -2664.413642
439 5999.978208 4999.978208 -361.677093
440 5999.978208 4999.978208 -605.799351
441 5999.978208 4999.978208 -2802.899675
442 6999.985648 2999.985648 -69.299792
443 6999.985648 2999.985648 -328.810329
444 6999.985648 2999.985648 -2664.405164
445 3999.959068 5999.959068 -249.992818
446 3999.959068 5999.959068 -499.993196
447 3999.959068 5999.959068 -2749.996598
448 2997.481460 2997.481460 -430.792008
449 2997.481460 2997.481460 -671.276639
450 2997.481460 2997.481460 -2835.638319
451 5999.886650 1999.886650 -250.019883
452 5999.886650 1999.886650 -500.018836
453 5999.886650 1999.886650 -2750.009418
454 7999.998133 3999.998133 -249.999469
455 7999.998133 3999.998133 -499.999497
456 7999.998133 3999.998133 -2749.999748
457 3998.406252 1998.406252 -249.720031
458 3998.406252 1998.406252 -499.734766
459 3998.406252 1998.406252 -2749.867383
460 6999.993097 4999.993097 -430.700483
461 6999.993097 4999.993097 -671.189931
462 6999.993097 4999.993097 -2835.594966
463 2999.593691 4999.593691 -69.284315
464 2999.593691 4999.593691 -328.795667
465 2999.593691 4999.593691 -2664.397834
466 4999.598157 2999.598157 -250.047973
467 4999.598157 2999.598157 -500.045448
468 4999.598157 2999.598157 -2750.022724
469 3999.769653 4999.769653 -138.298563
470 3999.769653 4999.769653 -394.177586
471 3999.769653 4999.769653 -2697.088793
472 4999.901306 4999.901306 -249.988217
473 4999.901306 4999.901306 -499.988837
474 4999.901306 4999.901306 -2749.994419
475 5999.877421 2999.877421 -138.332644
476 5999.877421 2999.877421 -394.209873
477 5999.877421 2999.877421 -2697.104937
478 6999.981207 3999.981207 -249.994665
479 6999.981207 3999.981207 -499.994945
480 6999.981207 3999.981207 -2749.997473
481 3998.772160 2998.772160 -361.797543
482 3998.772160 2998.772160 -605.913462
483 3998.772160 2998.772160 -2802.956731
484 2998.744664 3998.744664 -250.356412
485 2998.744664 3998.744664 -500.337653
486 2998.744664 3998.744664 -2750.168827
487 4999.729171 3999.729171 -250.000014
488 4999.729171 3999.729171 -500.000013
489 4999.729171 3999.729171 -2750.000007
490 5999.902122 3999.902122 -249.982830
491 5999.902122 3999.902122 -499.983734
492 5999.902122 3999.902122 -2749.991867
493 3999.280825 3999.280825 -250.126241
494 3999.280825 3999.280825 -500.119597
495 3999.280825 3999.280825 -2750.059798
