  24851  CE    3770540.194093     375794.778375        0.00        0.00
  24853  CE    3771245.142806     381341.534900        0.00        0.00
   K851  CE    3770540.194093     375794.778375        0.00        0.00
   K853  CE    3771245.142806     381341.534900        0.00        0.00
    BVH  CI    3771287.223592     371199.161741        0.00        0.00
    CAB  CI    3780444.660252     348729.637807        0.00        0.00
    DJJ  CI    3774690.021889     365788.275263        0.00        0.00
   DJJB  CI    3774690.021889     365788.275263        0.00        0.00
    GR2  CI    3775840.420798     380163.280642        0.00        0.00
    GRF  CI    3775941.393569     380072.320783        0.00        0.00
    LAF  CI    3748222.391683     376849.747924        0.00        0.00
    LAX  CI    3756632.948247     369335.533371        0.00        0.00
    LCG  CI    3762853.919174     372743.220601        0.00        0.00
    PDR  CI    3758759.514975     367228.127192        0.00        0.00
    SMF  CI    3765299.026424     366421.222454        0.00        0.00
    SMS  CI    3764511.850697     365540.030956        0.00        0.00
    SPF  CI    3769762.226999     348077.027970        0.00        0.00
    TCF  CI    3772403.408916     352470.414102        0.00        0.00
    USC  CI    3764835.171833     381232.340025        0.00        0.00
    WNS  CI    3775572.000924     372724.507168        0.00        0.00
    WTT  CI    3756982.464007     383984.272469        0.00        0.00
   FABS  FA    3770467.255447     355014.474196        0.00        0.00
   5081  NP    3772430.358145     352378.540706        0.00        0.00
   5399  NP    3756538.331182     369602.304617        0.00        0.00
   5402  NP    3771266.130124     371281.939298        0.00        0.00
   5404  NP    3780363.811004     348721.882056        0.00        0.00
    BVH  NP    3771287.223592     371199.161741        0.00        0.00
    GRF  NP    3775941.393569     380072.320783        0.00        0.00
    LAX  NP    3756632.948247     369335.533371        0.00        0.00
    TCF  NP    3772403.408916     352470.414102        0.00        0.00
