1872
271 491 611 690 496 497 660 711 546
272 611 612 689 690 660 659 712 711
273 612 613 688 689 659 658 713 712
274 613 614 687 688 658 657 714 713
275 614 615 686 687 657 656 715 714
276 615 257 294 686 656 258 352 715
277 496 690 695 495 546 711 716 547
278 690 689 694 695 711 712 717 716
279 689 688 693 694 712 713 718 717
280 688 687 692 693 713 714 719 718
281 687 686 691 692 714 715 720 719
282 686 294 295 691 715 352 351 720
283 495 695 700 494 547 716 721 548
284 695 694 699 700 716 717 722 721
285 694 693 698 699 717 718 723 722
286 693 692 697 698 718 719 724 723
287 692 691 696 697 719 720 725 724
288 691 295 296 696 720 351 350 725
289 494 700 705 493 548 721 726 549
290 700 699 704 705 721 722 727 726
291 699 698 703 704 722 723 728 727
292 698 697 702 703 723 724 729 728
293 697 696 701 702 724 725 730 729
294 696 296 297 701 725 350 349 730
295 493 705 710 492 549 726 731 550
296 705 704 709 710 726 727 732 731
297 704 703 708 709 727 728 733 732
298 703 702 707 708 728 729 734 733
299 702 701 706 707 729 730 735 734
300 701 297 298 706 730 349 348 735
301 492 710 560 15 550 731 601 18
302 710 709 559 560 731 732 602 601
303 709 708 558 559 732 733 603 602
304 708 707 557 558 733 734 604 603
305 707 706 556 557 734 735 605 604
306 706 298 293 556 735 348 299 605
307 497 660 711 546 498 655 736 541
308 660 659 712 711 655 654 737 736
309 659 658 713 712 654 653 738 737
310 658 657 714 713 653 652 739 738
311 657 656 715 714 652 651 740 739
312 656 258 352 715 651 259 347 740
313 546 711 716 547 541 736 741 542
314 711 712 717 716 736 737 742 741
315 712 713 718 717 737 738 743 742
316 713 714 719 718 738 739 744 743
317 714 715 720 719 739 740 745 744
318 715 352 351 720 740 347 346 745
319 547 716 721 548 542 741 746 543
320 716 717 722 721 741 742 747 746
321 717 718 723 722 742 743 748 747
322 718 719 724 723 743 744 749 748
323 719 720 725 724 744 745 750 749
324 720 351 350 725 745 346 345 750
325 548 721 726 549 543 746 751 544
326 721 722 727 726 746 747 752 751
327 722 723 728 727 747 748 753 752
328 723 724 729 728 748 749 754 753
329 724 725 730 729 749 750 755 754
330 725 350 349 730 750 345 344 755
331 549 726 731 550 544 751 756 545
332 726 727 732 731 751 752 757 756
333 727 728 733 732 752 753 758 757
334 728 729 734 733 753 754 759 758
335 729 730 735 734 754 755 760 759
336 730 349 348 735 755 344 343 760
337 550 731 601 18 545 756 596 19
338 731 732 602 601 756 757 597 596
339 732 733 603 602 757 758 598 597
340 733 734 604 603 758 759 599 598
341 734 735 605 604 759 760 600 599
342 735 348 299 605 760 343 300 600
343 498 655 736 541 499 650 761 536
344 655 654 737 736 650 649 762 761
345 654 653 738 737 649 648 763 762
346 653 652 739 738 648 647 764 763
347 652 651 740 739 647 646 765 764
348 651 259 347 740 646 260 342 765
349 541 736 741 542 536 761 766 537
350 736 737 742 741 761 762 767 766
351 737 738 743 742 762 763 768 767
352 738 739 744 743 763 764 769 768
353 739 740 745 744 764 765 770 769
354 740 347 346 745 765 342 341 770
355 542 741 746 543 537 766 771 538
356 741 742 747 746 766 767 772 771
357 742 743 748 747 767 768 773 772
358 743 744 749 748 768 769 774 773
359 744 745 750 749 769 770 775 774
360 745 346 345 750 770 341 340 775
361 543 746 751 544 538 771 776 539
362 746 747 752 751 771 772 777 776
363 747 748 753 752 772 773 778 777
364 748 749 754 753 773 774 779 778
365 749 750 755 754 774 775 780 779
366 750 345 344 755 775 340 339 780
367 544 751 756 545 539 776 781 540
368 751 752 757 756 776 777 782 781
369 752 753 758 757 777 778 783 782
370 753 754 759 758 778 779 784 783
371 754 755 760 759 779 780 785 784
372 755 344 343 760 780 339 338 785
373 545 756 596 19 540 781 591 20
374 756 757 597 596 781 782 592 591
375 757 758 598 597 782 783 593 592
376 758 759 599 598 783 784 594 593
377 759 760 600 599 784 785 595 594
378 760 343 300 600 785 338 301 595
379 499 650 761 536 500 645 786 531
380 650 649 762 761 645 644 787 786
381 649 648 763 762 644 643 788 787
382 648 647 764 763 643 642 789 788
383 647 646 765 764 642 641 790 789
384 646 260 342 765 641 261 337 790
385 536 761 766 537 531 786 791 532
386 761 762 767 766 786 787 792 791
387 762 763 768 767 787 788 793 792
388 763 764 769 768 788 789 794 793
389 764 765 770 769 789 790 795 794
390 765 342 341 770 790 337 336 795
391 537 766 771 538 532 791 796 533
392 766 767 772 771 791 792 797 796
393 767 768 773 772 792 793 798 797
394 768 769 774 773 793 794 799 798
395 769 770 775 774 794 795 800 799
396 770 341 340 775 795 336 335 800
397 538 771 776 539 533 796 801 534
398 771 772 777 776 796 797 802 801
399 772 773 778 777 797 798 803 802
400 773 774 779 778 798 799 804 803
401 774 775 780 779 799 800 805 804
402 775 340 339 780 800 335 334 805
403 539 776 781 540 534 801 806 535
404 776 777 782 781 801 802 807 806
405 777 778 783 782 802 803 808 807
406 778 779 784 783 803 804 809 808
407 779 780 785 784 804 805 810 809
408 780 339 338 785 805 334 333 810
409 540 781 591 20 535 806 586 21
410 781 782 592 591 806 807 587 586
411 782 783 593 592 807 808 588 587
412 783 784 594 593 808 809 589 588
413 784 785 595 594 809 810 590 589
414 785 338 301 595 810 333 302 590
415 500 645 786 531 501 640 811 526
416 645 644 787 786 640 639 812 811
417 644 643 788 787 639 638 813 812
418 643 642 789 788 638 637 814 813
419 642 641 790 789 637 636 815 814
420 641 261 337 790 636 262 332 815
421 531 786 791 532 526 811 816 527
422 786 787 792 791 811 812 817 816
423 787 788 793 792 812 813 818 817
424 788 789 794 793 813 814 819 818
425 789 790 795 794 814 815 820 819
426 790 337 336 795 815 332 331 820
427 532 791 796 533 527 816 821 528
428 791 792 797 796 816 817 822 821
429 792 793 798 797 817 818 823 822
430 793 794 799 798 818 819 824 823
431 794 795 800 799 819 820 825 824
432 795 336 335 800 820 331 330 825
433 533 796 801 534 528 821 826 529
434 796 797 802 801 821 822 827 826
435 797 798 803 802 822 823 828 827
436 798 799 804 803 823 824 829 828
437 799 800 805 804 824 825 830 829
438 800 335 334 805 825 330 329 830
439 534 801 806 535 529 826 831 530
440 801 802 807 806 826 827 832 831
441 802 803 808 807 827 828 833 832
442 803 804 809 808 828 829 834 833
443 804 805 810 809 829 830 835 834
444 805 334 333 810 830 329 328 835
445 535 806 586 21 530 831 581 22
446 806 807 587 586 831 832 582 581
447 807 808 588 587 832 833 583 582
448 808 809 589 588 833 834 584 583
449 809 810 590 589 834 835 585 584
450 810 333 302 590 835 328 303 585
451 501 640 811 526 502 635 836 521
452 640 639 812 811 635 634 837 836
453 639 638 813 812 634 633 838 837
454 638 637 814 813 633 632 839 838
455 637 636 815 814 632 631 840 839
456 636 262 332 815 631 263 327 840
457 526 811 816 527 521 836 841 522
458 811 812 817 816 836 837 842 841
459 812 813 818 817 837 838 843 842
460 813 814 819 818 838 839 844 843
461 814 815 820 819 839 840 845 844
462 815 332 331 820 840 327 326 845
463 527 816 821 528 522 841 846 523
464 816 817 822 821 841 842 847 846
465 817 818 823 822 842 843 848 847
466 818 819 824 823 843 844 849 848
467 819 820 825 824 844 845 850 849
468 820 331 330 825 845 326 325 850
469 528 821 826 529 523 846 851 524
470 821 822 827 826 846 847 852 851
471 822 823 828 827 847 848 853 852
472 823 824 829 828 848 849 854 853
473 824 825 830 829 849 850 855 854
474 825 330 329 830 850 325 324 855
475 529 826 831 530 524 851 856 525
476 826 827 832 831 851 852 857 856
477 827 828 833 832 852 853 858 857
478 828 829 834 833 853 854 859 858
479 829 830 835 834 854 855 860 859
480 830 329 328 835 855 324 323 860
481 530 831 581 22 525 856 576 23
482 831 832 582 581 856 857 577 576
483 832 833 583 582 857 858 578 577
484 833 834 584 583 858 859 579 578
485 834 835 585 584 859 860 580 579
486 835 328 303 585 860 323 304 580
487 502 635 836 521 503 630 861 516
488 635 634 837 836 630 629 862 861
489 634 633 838 837 629 628 863 862
490 633 632 839 838 628 627 864 863
491 632 631 840 839 627 626 865 864
492 631 263 327 840 626 264 322 865
493 521 836 841 522 516 861 866 517
494 836 837 842 841 861 862 867 866
495 837 838 843 842 862 863 868 867
496 838 839 844 843 863 864 869 868
497 839 840 845 844 864 865 870 869
498 840 327 326 845 865 322 321 870
499 522 841 846 523 517 866 871 518
500 841 842 847 846 866 867 872 871
501 842 843 848 847 867 868 873 872
502 843 844 849 848 868 869 874 873
503 844 845 850 849 869 870 875 874
504 845 326 325 850 870 321 320 875
505 523 846 851 524 518 871 876 519
506 846 847 852 851 871 872 877 876
507 847 848 853 852 872 873 878 877
508 848 849 854 853 873 874 879 878
509 849 850 855 854 874 875 880 879
510 850 325 324 855 875 320 319 880
511 524 851 856 525 519 876 881 520
512 851 852 857 856 876 877 882 881
513 852 853 858 857 877 878 883 882
514 853 854 859 858 878 879 884 883
515 854 855 860 859 879 880 885 884
516 855 324 323 860 880 319 318 885
517 525 856 576 23 520 881 571 24
518 856 857 577 576 881 882 572 571
519 857 858 578 577 882 883 573 572
520 858 859 579 578 883 884 574 573
521 859 860 580 579 884 885 575 574
522 860 323 304 580 885 318 305 575
523 503 630 861 516 504 625 886 511
524 630 629 862 861 625 624 887 886
525 629 628 863 862 624 623 888 887
526 628 627 864 863 623 622 889 888
527 627 626 865 864 622 621 890 889
528 626 264 322 865 621 265 317 890
529 516 861 866 517 511 886 891 512
530 861 862 867 866 886 887 892 891
531 862 863 868 867 887 888 893 892
532 863 864 869 868 888 889 894 893
533 864 865 870 869 889 890 895 894
534 865 322 321 870 890 317 316 895
535 517 866 871 518 512 891 896 513
536 866 867 872 871 891 892 897 896
537 867 868 873 872 892 893 898 897
538 868 869 874 873 893 894 899 898
539 869 870 875 874 894 895 900 899
540 870 321 320 875 895 316 315 900
541 518 871 876 519 513 896 901 514
542 871 872 877 876 896 897 902 901
543 872 873 878 877 897 898 903 902
544 873 874 879 878 898 899 904 903
545 874 875 880 879 899 900 905 904
546 875 320 319 880 900 315 314 905
547 519 876 881 520 514 901 906 515
548 876 877 882 881 901 902 907 906
549 877 878 883 882 902 903 908 907
550 878 879 884 883 903 904 909 908
551 879 880 885 884 904 905 910 909
552 880 319 318 885 905 314 313 910
553 520 881 571 24 515 906 566 25
554 881 882 572 571 906 907 567 566
555 882 883 573 572 907 908 568 567
556 883 884 574 573 908 909 569 568
557 884 885 575 574 909 910 570 569
558 885 318 305 575 910 313 306 570
559 504 625 886 511 505 620 911 506
560 625 624 887 886 620 619 912 911
561 624 623 888 887 619 618 913 912
562 623 622 889 888 618 617 914 913
563 622 621 890 889 617 616 915 914
564 621 265 317 890 616 266 312 915
565 511 886 891 512 506 911 916 507
566 886 887 892 891 911 912 917 916
567 887 888 893 892 912 913 918 917
568 888 889 894 893 913 914 919 918
569 889 890 895 894 914 915 920 919
570 890 317 316 895 915 312 311 920
571 512 891 896 513 507 916 921 508
572 891 892 897 896 916 917 922 921
573 892 893 898 897 917 918 923 922
574 893 894 899 898 918 919 924 923
575 894 895 900 899 919 920 925 924
576 895 316 315 900 920 311 310 925
577 513 896 901 514 508 921 926 509
578 896 897 902 901 921 922 927 926
579 897 898 903 902 922 923 928 927
580 898 899 904 903 923 924 929 928
581 899 900 905 904 924 925 930 929
582 900 315 314 905 925 310 309 930
583 514 901 906 515 509 926 931 510
584 901 902 907 906 926 927 932 931
585 902 903 908 907 927 928 933 932
586 903 904 909 908 928 929 934 933
587 904 905 910 909 929 930 935 934
588 905 314 313 910 930 309 308 935
589 515 906 566 25 510 931 561 26
590 906 907 567 566 931 932 562 561
591 907 908 568 567 932 933 563 562
592 908 909 569 568 933 934 564 563
593 909 910 570 569 934 935 565 564
594 910 313 306 570 935 308 307 565
595 505 620 911 506 485 610 665 486
596 620 619 912 911 610 609 670 665
597 619 618 913 912 609 608 675 670
598 618 617 914 913 608 607 680 675
599 617 616 915 914 607 606 685 680
600 616 266 312 915 606 254 292 685
601 506 911 916 507 486 665 664 487
602 911 912 917 916 665 670 669 664
603 912 913 918 917 670 675 674 669
604 913 914 919 918 675 680 679 674
605 914 915 920 919 680 685 684 679
606 915 312 311 920 685 292 291 684
607 507 916 921 508 487 664 663 488
608 916 917 922 921 664 669 668 663
609 917 918 923 922 669 674 673 668
610 918 919 924 923 674 679 678 673
611 919 920 925 924 679 684 683 678
612 920 311 310 925 684 291 290 683
613 508 921 926 509 488 663 662 489
614 921 922 927 926 663 668 667 662
615 922 923 928 927 668 673 672 667
616 923 924 929 928 673 678 677 672
617 924 925 930 929 678 683 682 677
618 925 310 309 930 683 290 289 682
619 509 926 931 510 489 662 661 490
620 926 927 932 931 662 667 666 661
621 927 928 933 932 667 672 671 666
622 928 929 934 933 672 677 676 671
623 929 930 935 934 677 682 681 676
624 930 309 308 935 682 289 288 681
625 510 931 561 26 490 661 551 1
626 931 932 562 561 661 666 552 551
627 932 933 563 562 666 671 553 552
628 933 934 564 563 671 676 554 553
629 934 935 565 564 676 681 555 554
630 935 308 307 565 681 288 287 555
91 194 355 386 195 200 374 395 249
92 355 356 385 386 374 373 396 395
93 356 293 298 385 373 299 348 396
94 195 386 388 196 249 395 397 250
95 386 385 387 388 395 396 398 397
96 385 298 297 387 396 348 349 398
97 196 388 390 197 250 397 399 251
98 388 387 389 390 397 398 400 399
99 387 297 296 389 398 349 350 400
100 197 390 392 198 251 399 401 252
101 390 389 391 392 399 400 402 401
102 389 296 295 391 400 350 351 402
103 198 392 394 199 252 401 403 253
104 392 391 393 394 401 402 404 403
105 391 295 294 393 402 351 352 404
106 199 394 268 184 253 403 285 185
107 394 393 267 268 403 404 286 285
108 393 294 257 267 404 352 258 286
109 200 374 395 249 201 372 405 244
110 374 373 396 395 372 371 406 405
111 373 299 348 396 371 300 343 406
112 249 395 397 250 244 405 407 245
113 395 396 398 397 405 406 408 407
114 396 348 349 398 406 343 344 408
115 250 397 399 251 245 407 409 246
116 397 398 400 399 407 408 410 409
117 398 349 350 400 408 344 345 410
118 251 399 401 252 246 409 411 247
119 399 400 402 401 409 410 412 411
120 400 350 351 402 410 345 346 412
121 252 401 403 253 247 411 413 248
122 401 402 404 403 411 412 414 413
123 402 351 352 404 412 346 347 414
124 253 403 285 185 248 413 283 186
125 403 404 286 285 413 414 284 283
126 404 352 258 286 414 347 259 284
127 201 372 405 244 202 370 415 239
128 372 371 406 405 370 369 416 415
129 371 300 343 406 369 301 338 416
130 244 405 407 245 239 415 417 240
131 405 406 408 407 415 416 418 417
132 406 343 344 408 416 338 339 418
133 245 407 409 246 240 417 419 241
134 407 408 410 409 417 418 420 419
135 408 344 345 410 418 339 340 420
136 246 409 411 247 241 419 421 242
137 409 410 412 411 419 420 422 421
138 410 345 346 412 420 340 341 422
139 247 411 413 248 242 421 423 243
140 411 412 414 413 421 422 424 423
141 412 346 347 414 422 341 342 424
142 248 413 283 186 243 423 281 187
143 413 414 284 283 423 424 282 281
144 414 347 259 284 424 342 260 282
145 202 370 415 239 203 368 425 234
146 370 369 416 415 368 367 426 425
147 369 301 338 416 367 302 333 426
148 239 415 417 240 234 425 427 235
149 415 416 418 417 425 426 428 427
150 416 338 339 418 426 333 334 428
151 240 417 419 241 235 427 429 236
152 417 418 420 419 427 428 430 429
153 418 339 340 420 428 334 335 430
154 241 419 421 242 236 429 431 237
155 419 420 422 421 429 430 432 431
156 420 340 341 422 430 335 336 432
157 242 421 423 243 237 431 433 238
158 421 422 424 423 431 432 434 433
159 422 341 342 424 432 336 337 434
160 243 423 281 187 238 433 279 188
161 423 424 282 281 433 434 280 279
162 424 342 260 282 434 337 261 280
163 203 368 425 234 204 366 435 229
164 368 367 426 425 366 365 436 435
165 367 302 333 426 365 303 328 436
166 234 425 427 235 229 435 437 230
167 425 426 428 427 435 436 438 437
168 426 333 334 428 436 328 329 438
169 235 427 429 236 230 437 439 231
170 427 428 430 429 437 438 440 439
171 428 334 335 430 438 329 330 440
172 236 429 431 237 231 439 441 232
173 429 430 432 431 439 440 442 441
174 430 335 336 432 440 330 331 442
175 237 431 433 238 232 441 443 233
176 431 432 434 433 441 442 444 443
177 432 336 337 434 442 331 332 444
178 238 433 279 188 233 443 277 189
179 433 434 280 279 443 444 278 277
180 434 337 261 280 444 332 262 278
181 204 366 435 229 205 364 445 224
182 366 365 436 435 364 363 446 445
183 365 303 328 436 363 304 323 446
184 229 435 437 230 224 445 447 225
185 435 436 438 437 445 446 448 447
186 436 328 329 438 446 323 324 448
187 230 437 439 231 225 447 449 226
188 437 438 440 439 447 448 450 449
189 438 329 330 440 448 324 325 450
190 231 439 441 232 226 449 451 227
191 439 440 442 441 449 450 452 451
192 440 330 331 442 450 325 326 452
193 232 441 443 233 227 451 453 228
194 441 442 444 443 451 452 454 453
195 442 331 332 444 452 326 327 454
196 233 443 277 189 228 453 275 190
197 443 444 278 277 453 454 276 275
198 444 332 262 278 454 327 263 276
199 205 364 445 224 206 362 455 219
200 364 363 446 445 362 361 456 455
201 363 304 323 446 361 305 318 456
202 224 445 447 225 219 455 457 220
203 445 446 448 447 455 456 458 457
204 446 323 324 448 456 318 319 458
205 225 447 449 226 220 457 459 221
206 447 448 450 449 457 458 460 459
207 448 324 325 450 458 319 320 460
208 226 449 451 227 221 459 461 222
209 449 450 452 451 459 460 462 461
210 450 325 326 452 460 320 321 462
211 227 451 453 228 222 461 463 223
212 451 452 454 453 461 462 464 463
213 452 326 327 454 462 321 322 464
214 228 453 275 190 223 463 273 191
215 453 454 276 275 463 464 274 273
216 454 327 263 276 464 322 264 274
217 206 362 455 219 207 360 465 214
218 362 361 456 455 360 359 466 465
219 361 305 318 456 359 306 313 466
220 219 455 457 220 214 465 467 215
221 455 456 458 457 465 466 468 467
222 456 318 319 458 466 313 314 468
223 220 457 459 221 215 467 469 216
224 457 458 460 459 467 468 470 469
225 458 319 320 460 468 314 315 470
226 221 459 461 222 216 469 471 217
227 459 460 462 461 469 470 472 471
228 460 320 321 462 470 315 316 472
229 222 461 463 223 217 471 473 218
230 461 462 464 463 471 472 474 473
231 462 321 322 464 472 316 317 474
232 223 463 273 191 218 473 271 192
233 463 464 274 273 473 474 272 271
234 464 322 264 274 474 317 265 272
235 207 360 465 214 208 358 475 209
236 360 359 466 465 358 357 476 475
237 359 306 313 466 357 307 308 476
238 214 465 467 215 209 475 477 210
239 465 466 468 467 475 476 478 477
240 466 313 314 468 476 308 309 478
241 215 467 469 216 210 477 479 211
242 467 468 470 469 477 478 480 479
243 468 314 315 470 478 309 310 480
244 216 469 471 217 211 479 481 212
245 469 470 472 471 479 480 482 481
246 470 315 316 472 480 310 311 482
247 217 471 473 218 212 481 483 213
248 471 472 474 473 481 482 484 483
249 472 316 317 474 482 311 312 484
250 218 473 271 192 213 483 269 193
251 473 474 272 271 483 484 270 269
252 474 317 265 272 484 312 266 270
253 208 358 475 209 177 354 379 179
254 358 357 476 475 354 353 384 379
255 357 307 308 476 353 287 288 384
256 209 475 477 210 179 379 378 180
257 475 476 478 477 379 384 383 378
258 476 308 309 478 384 288 289 383
259 210 477 479 211 180 378 377 181
260 477 478 480 479 378 383 382 377
261 478 309 310 480 383 289 290 382
262 211 479 481 212 181 377 376 182
263 479 480 482 481 377 382 381 376
264 480 310 311 482 382 290 291 381
265 212 481 483 213 182 376 375 183
266 481 482 484 483 376 381 380 375
267 482 311 312 484 381 291 292 380
268 213 483 269 193 183 375 255 178
269 483 484 270 269 375 380 256 255
270 484 312 266 270 380 292 254 256
991 1299 1311 1408 1398 1332 1336 1473 1458
992 1311 1310 1413 1408 1336 1338 1474 1473
993 1310 1309 1418 1413 1338 1340 1475 1474
994 1309 1308 1423 1418 1340 1342 1476 1475
995 1308 1307 1428 1423 1342 1344 1477 1476
996 1307 1306 1433 1428 1344 1346 1478 1477
997 1306 1305 1438 1433 1346 1348 1479 1478
998 1305 1304 1443 1438 1348 1350 1480 1479
999 1304 1303 1448 1443 1350 1352 1481 1480
1000 1303 1302 1403 1448 1352 1334 1471 1481
1001 1398 1408 1409 1399 1458 1473 1482 1459
1002 1408 1413 1414 1409 1473 1474 1483 1482
1003 1413 1418 1419 1414 1474 1475 1484 1483
1004 1418 1423 1424 1419 1475 1476 1485 1484
1005 1423 1428 1429 1424 1476 1477 1486 1485
1006 1428 1433 1434 1429 1477 1478 1487 1486
1007 1433 1438 1439 1434 1478 1479 1488 1487
1008 1438 1443 1444 1439 1479 1480 1489 1488
1009 1443 1448 1449 1444 1480 1481 1490 1489
1010 1448 1403 1404 1449 1481 1471 1469 1490
1011 1399 1409 1410 1400 1459 1482 1491 1460
1012 1409 1414 1415 1410 1482 1483 1492 1491
1013 1414 1419 1420 1415 1483 1484 1493 1492
1014 1419 1424 1425 1420 1484 1485 1494 1493
1015 1424 1429 1430 1425 1485 1486 1495 1494
1016 1429 1434 1435 1430 1486 1487 1496 1495
1017 1434 1439 1440 1435 1487 1488 1497 1496
1018 1439 1444 1445 1440 1488 1489 1498 1497
1019 1444 1449 1450 1445 1489 1490 1499 1498
1020 1449 1404 1405 1450 1490 1469 1467 1499
1021 1400 1410 1411 1401 1460 1491 1500 1461
1022 1410 1415 1416 1411 1491 1492 1501 1500
1023 1415 1420 1421 1416 1492 1493 1502 1501
1024 1420 1425 1426 1421 1493 1494 1503 1502
1025 1425 1430 1431 1426 1494 1495 1504 1503
1026 1430 1435 1436 1431 1495 1496 1505 1504
1027 1435 1440 1441 1436 1496 1497 1506 1505
1028 1440 1445 1446 1441 1497 1498 1507 1506
1029 1445 1450 1451 1446 1498 1499 1508 1507
1030 1450 1405 1406 1451 1499 1467 1465 1508
1031 1401 1411 1412 1402 1461 1500 1509 1462
1032 1411 1416 1417 1412 1500 1501 1510 1509
1033 1416 1421 1422 1417 1501 1502 1511 1510
1034 1421 1426 1427 1422 1502 1503 1512 1511
1035 1426 1431 1432 1427 1503 1504 1513 1512
1036 1431 1436 1437 1432 1504 1505 1514 1513
1037 1436 1441 1442 1437 1505 1506 1515 1514
1038 1441 1446 1447 1442 1506 1507 1516 1515
1039 1446 1451 1452 1447 1507 1508 1517 1516
1040 1451 1406 1407 1452 1508 1465 1463 1517
1041 1402 1412 14 2 1462 1509 28 4
1042 1412 1417 13 14 1509 1510 30 28
1043 1417 1422 12 13 1510 1511 32 30
1044 1422 1427 11 12 1511 1512 34 32
1045 1427 1432 10 11 1512 1513 36 34
1046 1432 1437 9 10 1513 1514 38 36
1047 1437 1442 8 9 1514 1515 40 38
1048 1442 1447 7 8 1515 1516 42 40
1049 1447 1452 6 7 1516 1517 44 42
1050 1452 1407 5 6 1517 1463 17 44
1051 1332 1336 1473 1458 1333 1337 1518 1453
1052 1336 1338 1474 1473 1337 1339 1519 1518
1053 1338 1340 1475 1474 1339 1341 1520 1519
1054 1340 1342 1476 1475 1341 1343 1521 1520
1055 1342 1344 1477 1476 1343 1345 1522 1521
1056 1344 1346 1478 1477 1345 1347 1523 1522
1057 1346 1348 1479 1478 1347 1349 1524 1523
1058 1348 1350 1480 1479 1349 1351 1525 1524
1059 1350 1352 1481 1480 1351 1353 1526 1525
1060 1352 1334 1471 1481 1353 1335 1472 1526
1061 1458 1473 1482 1459 1453 1518 1527 1454
1062 1473 1474 1483 1482 1518 1519 1528 1527
1063 1474 1475 1484 1483 1519 1520 1529 1528
1064 1475 1476 1485 1484 1520 1521 1530 1529
1065 1476 1477 1486 1485 1521 1522 1531 1530
1066 1477 1478 1487 1486 1522 1523 1532 1531
1067 1478 1479 1488 1487 1523 1524 1533 1532
1068 1479 1480 1489 1488 1524 1525 1534 1533
1069 1480 1481 1490 1489 1525 1526 1535 1534
1070 1481 1471 1469 1490 1526 1472 1470 1535
1071 1459 1482 1491 1460 1454 1527 1536 1455
1072 1482 1483 1492 1491 1527 1528 1537 1536
1073 1483 1484 1493 1492 1528 1529 1538 1537
1074 1484 1485 1494 1493 1529 1530 1539 1538
1075 1485 1486 1495 1494 1530 1531 1540 1539
1076 1486 1487 1496 1495 1531 1532 1541 1540
1077 1487 1488 1497 1496 1532 1533 1542 1541
1078 1488 1489 1498 1497 1533 1534 1543 1542
1079 1489 1490 1499 1498 1534 1535 1544 1543
1080 1490 1469 1467 1499 1535 1470 1468 1544
1081 1460 1491 1500 1461 1455 1536 1545 1456
1082 1491 1492 1501 1500 1536 1537 1546 1545
1083 1492 1493 1502 1501 1537 1538 1547 1546
1084 1493 1494 1503 1502 1538 1539 1548 1547
1085 1494 1495 1504 1503 1539 1540 1549 1548
1086 1495 1496 1505 1504 1540 1541 1550 1549
1087 1496 1497 1506 1505 1541 1542 1551 1550
1088 1497 1498 1507 1506 1542 1543 1552 1551
1089 1498 1499 1508 1507 1543 1544 1553 1552
1090 1499 1467 1465 1508 1544 1468 1466 1553
1091 1461 1500 1509 1462 1456 1545 1554 1457
1092 1500 1501 1510 1509 1545 1546 1555 1554
1093 1501 1502 1511 1510 1546 1547 1556 1555
1094 1502 1503 1512 1511 1547 1548 1557 1556
1095 1503 1504 1513 1512 1548 1549 1558 1557
1096 1504 1505 1514 1513 1549 1550 1559 1558
1097 1505 1506 1515 1514 1550 1551 1560 1559
1098 1506 1507 1516 1515 1551 1552 1561 1560
1099 1507 1508 1517 1516 1552 1553 1562 1561
1100 1508 1465 1463 1517 1553 1466 1464 1562
1101 1462 1509 28 4 1457 1554 27 3
1102 1509 1510 30 28 1554 1555 29 27
1103 1510 1511 32 30 1555 1556 31 29
1104 1511 1512 34 32 1556 1557 33 31
1105 1512 1513 36 34 1557 1558 35 33
1106 1513 1514 38 36 1558 1559 37 35
1107 1514 1515 40 38 1559 1560 39 37
1108 1515 1516 42 40 1560 1561 41 39
1109 1516 1517 44 42 1561 1562 43 41
1110 1517 1463 17 44 1562 1464 16 43
1111 1333 1337 1518 1453 485 505 506 486
1112 1337 1339 1519 1518 505 504 511 506
1113 1339 1341 1520 1519 504 503 516 511
1114 1341 1343 1521 1520 503 502 521 516
1115 1343 1345 1522 1521 502 501 526 521
1116 1345 1347 1523 1522 501 500 531 526
1117 1347 1349 1524 1523 500 499 536 531
1118 1349 1351 1525 1524 499 498 541 536
1119 1351 1353 1526 1525 498 497 546 541
1120 1353 1335 1472 1526 497 491 496 546
1121 1453 1518 1527 1454 486 506 507 487
1122 1518 1519 1528 1527 506 511 512 507
1123 1519 1520 1529 1528 511 516 517 512
1124 1520 1521 1530 1529 516 521 522 517
1125 1521 1522 1531 1530 521 526 527 522
1126 1522 1523 1532 1531 526 531 532 527
1127 1523 1524 1533 1532 531 536 537 532
1128 1524 1525 1534 1533 536 541 542 537
1129 1525 1526 1535 1534 541 546 547 542
1130 1526 1472 1470 1535 546 496 495 547
1131 1454 1527 1536 1455 487 507 508 488
1132 1527 1528 1537 1536 507 512 513 508
1133 1528 1529 1538 1537 512 517 518 513
1134 1529 1530 1539 1538 517 522 523 518
1135 1530 1531 1540 1539 522 527 528 523
1136 1531 1532 1541 1540 527 532 533 528
1137 1532 1533 1542 1541 532 537 538 533
1138 1533 1534 1543 1542 537 542 543 538
1139 1534 1535 1544 1543 542 547 548 543
1140 1535 1470 1468 1544 547 495 494 548
1141 1455 1536 1545 1456 488 508 509 489
1142 1536 1537 1546 1545 508 513 514 509
1143 1537 1538 1547 1546 513 518 519 514
1144 1538 1539 1548 1547 518 523 524 519
1145 1539 1540 1549 1548 523 528 529 524
1146 1540 1541 1550 1549 528 533 534 529
1147 1541 1542 1551 1550 533 538 539 534
1148 1542 1543 1552 1551 538 543 544 539
1149 1543 1544 1553 1552 543 548 549 544
1150 1544 1468 1466 1553 548 494 493 549
1151 1456 1545 1554 1457 489 509 510 490
1152 1545 1546 1555 1554 509 514 515 510
1153 1546 1547 1556 1555 514 519 520 515
1154 1547 1548 1557 1556 519 524 525 520
1155 1548 1549 1558 1557 524 529 530 525
1156 1549 1550 1559 1558 529 534 535 530
1157 1550 1551 1560 1559 534 539 540 535
1158 1551 1552 1561 1560 539 544 545 540
1159 1552 1553 1562 1561 544 549 550 545
1160 1553 1466 1464 1562 549 493 492 550
1161 1457 1554 27 3 490 510 26 1
1162 1554 1555 29 27 510 515 25 26
1163 1555 1556 31 29 515 520 24 25
1164 1556 1557 33 31 520 525 23 24
1165 1557 1558 35 33 525 530 22 23
1166 1558 1559 37 35 530 535 21 22
1167 1559 1560 39 37 535 540 20 21
1168 1560 1561 41 39 540 545 19 20
1169 1561 1562 43 41 545 550 18 19
1170 1562 1464 16 43 550 492 15 18
721 485 1135 1139 505 610 1160 1176 620
722 1135 1134 1138 1139 1160 1165 1177 1176
723 1134 1068 1083 1138 1165 1073 1093 1177
724 505 1139 1141 504 620 1176 1178 625
725 1139 1138 1140 1141 1176 1177 1179 1178
726 1138 1083 1082 1140 1177 1093 1098 1179
727 504 1141 1143 503 625 1178 1180 630
728 1141 1140 1142 1143 1178 1179 1181 1180
729 1140 1082 1081 1142 1179 1098 1103 1181
730 503 1143 1145 502 630 1180 1182 635
731 1143 1142 1144 1145 1180 1181 1183 1182
732 1142 1081 1080 1144 1181 1103 1108 1183
733 502 1145 1147 501 635 1182 1184 640
734 1145 1144 1146 1147 1182 1183 1185 1184
735 1144 1080 1079 1146 1183 1108 1113 1185
736 501 1147 1149 500 640 1184 1186 645
737 1147 1146 1148 1149 1184 1185 1187 1186
738 1146 1079 1078 1148 1185 1113 1118 1187
739 500 1149 1151 499 645 1186 1188 650
740 1149 1148 1150 1151 1186 1187 1189 1188
741 1148 1078 1077 1150 1187 1118 1123 1189
742 499 1151 1153 498 650 1188 1190 655
743 1151 1150 1152 1153 1188 1189 1191 1190
744 1150 1077 1076 1152 1189 1123 1128 1191
745 498 1153 1155 497 655 1190 1192 660
746 1153 1152 1154 1155 1190 1191 1193 1192
747 1152 1076 1075 1154 1191 1128 1133 1193
748 497 1155 1136 491 660 1192 1167 611
749 1155 1154 1137 1136 1192 1193 1166 1167
750 1154 1075 1074 1137 1193 1133 1088 1166
751 610 1160 1176 620 609 1159 1194 619
752 1160 1165 1177 1176 1159 1164 1195 1194
753 1165 1073 1093 1177 1164 1072 1092 1195
754 620 1176 1178 625 619 1194 1196 624
755 1176 1177 1179 1178 1194 1195 1197 1196
756 1177 1093 1098 1179 1195 1092 1097 1197
757 625 1178 1180 630 624 1196 1198 629
758 1178 1179 1181 1180 1196 1197 1199 1198
759 1179 1098 1103 1181 1197 1097 1102 1199
760 630 1180 1182 635 629 1198 1200 634
761 1180 1181 1183 1182 1198 1199 1201 1200
762 1181 1103 1108 1183 1199 1102 1107 1201
763 635 1182 1184 640 634 1200 1202 639
764 1182 1183 1185 1184 1200 1201 1203 1202
765 1183 1108 1113 1185 1201 1107 1112 1203
766 640 1184 1186 645 639 1202 1204 644
767 1184 1185 1187 1186 1202 1203 1205 1204
768 1185 1113 1118 1187 1203 1112 1117 1205
769 645 1186 1188 650 644 1204 1206 649
770 1186 1187 1189 1188 1204 1205 1207 1206
771 1187 1118 1123 1189 1205 1117 1122 1207
772 650 1188 1190 655 649 1206 1208 654
773 1188 1189 1191 1190 1206 1207 1209 1208
774 1189 1123 1128 1191 1207 1122 1127 1209
775 655 1190 1192 660 654 1208 1210 659
776 1190 1191 1193 1192 1208 1209 1211 1210
777 1191 1128 1133 1193 1209 1127 1132 1211
778 660 1192 1167 611 659 1210 1169 612
779 1192 1193 1166 1167 1210 1211 1168 1169
780 1193 1133 1088 1166 1211 1132 1087 1168
781 609 1159 1194 619 608 1158 1212 618
782 1159 1164 1195 1194 1158 1163 1213 1212
783 1164 1072 1092 1195 1163 1071 1091 1213
784 619 1194 1196 624 618 1212 1214 623
785 1194 1195 1197 1196 1212 1213 1215 1214
786 1195 1092 1097 1197 1213 1091 1096 1215
787 624 1196 1198 629 623 1214 1216 628
788 1196 1197 1199 1198 1214 1215 1217 1216
789 1197 1097 1102 1199 1215 1096 1101 1217
790 629 1198 1200 634 628 1216 1218 633
791 1198 1199 1201 1200 1216 1217 1219 1218
792 1199 1102 1107 1201 1217 1101 1106 1219
793 634 1200 1202 639 633 1218 1220 638
794 1200 1201 1203 1202 1218 1219 1221 1220
795 1201 1107 1112 1203 1219 1106 1111 1221
796 639 1202 1204 644 638 1220 1222 643
797 1202 1203 1205 1204 1220 1221 1223 1222
798 1203 1112 1117 1205 1221 1111 1116 1223
799 644 1204 1206 649 643 1222 1224 648
800 1204 1205 1207 1206 1222 1223 1225 1224
801 1205 1117 1122 1207 1223 1116 1121 1225
802 649 1206 1208 654 648 1224 1226 653
803 1206 1207 1209 1208 1224 1225 1227 1226
804 1207 1122 1127 1209 1225 1121 1126 1227
805 654 1208 1210 659 653 1226 1228 658
806 1208 1209 1211 1210 1226 1227 1229 1228
807 1209 1127 1132 1211 1227 1126 1131 1229
808 659 1210 1169 612 658 1228 1171 613
809 1210 1211 1168 1169 1228 1229 1170 1171
810 1211 1132 1087 1168 1229 1131 1086 1170
811 608 1158 1212 618 607 1157 1230 617
812 1158 1163 1213 1212 1157 1162 1231 1230
813 1163 1071 1091 1213 1162 1070 1090 1231
814 618 1212 1214 623 617 1230 1232 622
815 1212 1213 1215 1214 1230 1231 1233 1232
816 1213 1091 1096 1215 1231 1090 1095 1233
817 623 1214 1216 628 622 1232 1234 627
818 1214 1215 1217 1216 1232 1233 1235 1234
819 1215 1096 1101 1217 1233 1095 1100 1235
820 628 1216 1218 633 627 1234 1236 632
821 1216 1217 1219 1218 1234 1235 1237 1236
822 1217 1101 1106 1219 1235 1100 1105 1237
823 633 1218 1220 638 632 1236 1238 637
824 1218 1219 1221 1220 1236 1237 1239 1238
825 1219 1106 1111 1221 1237 1105 1110 1239
826 638 1220 1222 643 637 1238 1240 642
827 1220 1221 1223 1222 1238 1239 1241 1240
828 1221 1111 1116 1223 1239 1110 1115 1241
829 643 1222 1224 648 642 1240 1242 647
830 1222 1223 1225 1224 1240 1241 1243 1242
831 1223 1116 1121 1225 1241 1115 1120 1243
832 648 1224 1226 653 647 1242 1244 652
833 1224 1225 1227 1226 1242 1243 1245 1244
834 1225 1121 1126 1227 1243 1120 1125 1245
835 653 1226 1228 658 652 1244 1246 657
836 1226 1227 1229 1228 1244 1245 1247 1246
837 1227 1126 1131 1229 1245 1125 1130 1247
838 658 1228 1171 613 657 1246 1173 614
839 1228 1229 1170 1171 1246 1247 1172 1173
840 1229 1131 1086 1170 1247 1130 1085 1172
841 607 1157 1230 617 606 1156 1248 616
842 1157 1162 1231 1230 1156 1161 1249 1248
843 1162 1070 1090 1231 1161 1069 1089 1249
844 617 1230 1232 622 616 1248 1250 621
845 1230 1231 1233 1232 1248 1249 1251 1250
846 1231 1090 1095 1233 1249 1089 1094 1251
847 622 1232 1234 627 621 1250 1252 626
848 1232 1233 1235 1234 1250 1251 1253 1252
849 1233 1095 1100 1235 1251 1094 1099 1253
850 627 1234 1236 632 626 1252 1254 631
851 1234 1235 1237 1236 1252 1253 1255 1254
852 1235 1100 1105 1237 1253 1099 1104 1255
853 632 1236 1238 637 631 1254 1256 636
854 1236 1237 1239 1238 1254 1255 1257 1256
855 1237 1105 1110 1239 1255 1104 1109 1257
856 637 1238 1240 642 636 1256 1258 641
857 1238 1239 1241 1240 1256 1257 1259 1258
858 1239 1110 1115 1241 1257 1109 1114 1259
859 642 1240 1242 647 641 1258 1260 646
860 1240 1241 1243 1242 1258 1259 1261 1260
861 1241 1115 1120 1243 1259 1114 1119 1261
862 647 1242 1244 652 646 1260 1262 651
863 1242 1243 1245 1244 1260 1261 1263 1262
864 1243 1120 1125 1245 1261 1119 1124 1263
865 652 1244 1246 657 651 1262 1264 656
866 1244 1245 1247 1246 1262 1263 1265 1264
867 1245 1125 1130 1247 1263 1124 1129 1265
868 657 1246 1173 614 656 1264 1175 615
869 1246 1247 1172 1173 1264 1265 1174 1175
870 1247 1130 1085 1172 1265 1129 1084 1174
871 606 1156 1248 616 254 1003 1007 266
872 1156 1161 1249 1248 1003 1002 1006 1007
873 1161 1069 1089 1249 1002 969 981 1006
874 616 1248 1250 621 266 1007 1009 265
875 1248 1249 1251 1250 1007 1006 1008 1009
876 1249 1089 1094 1251 1006 981 980 1008
877 621 1250 1252 626 265 1009 1011 264
878 1250 1251 1253 1252 1009 1008 1010 1011
879 1251 1094 1099 1253 1008 980 979 1010
880 626 1252 1254 631 264 1011 1013 263
881 1252 1253 1255 1254 1011 1010 1012 1013
882 1253 1099 1104 1255 1010 979 978 1012
883 631 1254 1256 636 263 1013 1015 262
884 1254 1255 1257 1256 1013 1012 1014 1015
885 1255 1104 1109 1257 1012 978 977 1014
886 636 1256 1258 641 262 1015 1017 261
887 1256 1257 1259 1258 1015 1014 1016 1017
888 1257 1109 1114 1259 1014 977 976 1016
889 641 1258 1260 646 261 1017 1019 260
890 1258 1259 1261 1260 1017 1016 1018 1019
891 1259 1114 1119 1261 1016 976 975 1018
892 646 1260 1262 651 260 1019 1021 259
893 1260 1261 1263 1262 1019 1018 1020 1021
894 1261 1119 1124 1263 1018 975 974 1020
895 651 1262 1264 656 259 1021 1023 258
896 1262 1263 1265 1264 1021 1020 1022 1023
897 1263 1124 1129 1265 1020 974 973 1022
898 656 1264 1175 615 258 1023 1005 257
899 1264 1265 1174 1175 1023 1022 1004 1005
900 1265 1129 1084 1174 1022 973 972 1004
1261 1 551 561 26 112 1759 1770 116
1262 551 552 562 561 1759 1758 1771 1770
1263 552 553 563 562 1758 1757 1772 1771
1264 553 554 564 563 1757 1756 1773 1772
1265 554 555 565 564 1756 1755 1774 1773
1266 555 287 307 565 1755 1630 1634 1774
1267 26 561 566 25 116 1770 1775 118
1268 561 562 567 566 1770 1771 1776 1775
1269 562 563 568 567 1771 1772 1777 1776
1270 563 564 569 568 1772 1773 1778 1777
1271 564 565 570 569 1773 1774 1779 1778
1272 565 307 306 570 1774 1634 1636 1779
1273 25 566 571 24 118 1775 1780 120
1274 566 567 572 571 1775 1776 1781 1780
1275 567 568 573 572 1776 1777 1782 1781
1276 568 569 574 573 1777 1778 1783 1782
1277 569 570 575 574 1778 1779 1784 1783
1278 570 306 305 575 1779 1636 1638 1784
1279 24 571 576 23 120 1780 1785 122
1280 571 572 577 576 1780 1781 1786 1785
1281 572 573 578 577 1781 1782 1787 1786
1282 573 574 579 578 1782 1783 1788 1787
1283 574 575 580 579 1783 1784 1789 1788
1284 575 305 304 580 1784 1638 1640 1789
1285 23 576 581 22 122 1785 1790 124
1286 576 577 582 581 1785 1786 1791 1790
1287 577 578 583 582 1786 1787 1792 1791
1288 578 579 584 583 1787 1788 1793 1792
1289 579 580 585 584 1788 1789 1794 1793
1290 580 304 303 585 1789 1640 1642 1794
1291 22 581 586 21 124 1790 1795 126
1292 581 582 587 586 1790 1791 1796 1795
1293 582 583 588 587 1791 1792 1797 1796
1294 583 584 589 588 1792 1793 1798 1797
1295 584 585 590 589 1793 1794 1799 1798
1296 585 303 302 590 1794 1642 1644 1799
1297 21 586 591 20 126 1795 1800 128
1298 586 587 592 591 1795 1796 1801 1800
1299 587 588 593 592 1796 1797 1802 1801
1300 588 589 594 593 1797 1798 1803 1802
1301 589 590 595 594 1798 1799 1804 1803
1302 590 302 301 595 1799 1644 1646 1804
1303 20 591 596 19 128 1800 1805 130
1304 591 592 597 596 1800 1801 1806 1805
1305 592 593 598 597 1801 1802 1807 1806
1306 593 594 599 598 1802 1803 1808 1807
1307 594 595 600 599 1803 1804 1809 1808
1308 595 301 300 600 1804 1646 1648 1809
1309 19 596 601 18 130 1805 1810 132
1310 596 597 602 601 1805 1806 1811 1810
1311 597 598 603 602 1806 1807 1812 1811
1312 598 599 604 603 1807 1808 1813 1812
1313 599 600 605 604 1808 1809 1814 1813
1314 600 300 299 605 1809 1648 1650 1814
1315 18 601 560 15 132 1810 1760 114
1316 601 602 559 560 1810 1811 1762 1760
1317 602 603 558 559 1811 1812 1764 1762
1318 603 604 557 558 1812 1813 1766 1764
1319 604 605 556 557 1813 1814 1768 1766
1320 605 299 293 556 1814 1650 1631 1768
1321 112 1759 1770 116 111 1754 1815 115
1322 1759 1758 1771 1770 1754 1753 1816 1815
1323 1758 1757 1772 1771 1753 1752 1817 1816
1324 1757 1756 1773 1772 1752 1751 1818 1817
1325 1756 1755 1774 1773 1751 1750 1819 1818
1326 1755 1630 1634 1774 1750 1629 1633 1819
1327 116 1770 1775 118 115 1815 1820 117
1328 1770 1771 1776 1775 1815 1816 1821 1820
1329 1771 1772 1777 1776 1816 1817 1822 1821
1330 1772 1773 1778 1777 1817 1818 1823 1822
1331 1773 1774 1779 1778 1818 1819 1824 1823
1332 1774 1634 1636 1779 1819 1633 1635 1824
1333 118 1775 1780 120 117 1820 1825 119
1334 1775 1776 1781 1780 1820 1821 1826 1825
1335 1776 1777 1782 1781 1821 1822 1827 1826
1336 1777 1778 1783 1782 1822 1823 1828 1827
1337 1778 1779 1784 1783 1823 1824 1829 1828
1338 1779 1636 1638 1784 1824 1635 1637 1829
1339 120 1780 1785 122 119 1825 1830 121
1340 1780 1781 1786 1785 1825 1826 1831 1830
1341 1781 1782 1787 1786 1826 1827 1832 1831
1342 1782 1783 1788 1787 1827 1828 1833 1832
1343 1783 1784 1789 1788 1828 1829 1834 1833
1344 1784 1638 1640 1789 1829 1637 1639 1834
1345 122 1785 1790 124 121 1830 1835 123
1346 1785 1786 1791 1790 1830 1831 1836 1835
1347 1786 1787 1792 1791 1831 1832 1837 1836
1348 1787 1788 1793 1792 1832 1833 1838 1837
1349 1788 1789 1794 1793 1833 1834 1839 1838
1350 1789 1640 1642 1794 1834 1639 1641 1839
1351 124 1790 1795 126 123 1835 1840 125
1352 1790 1791 1796 1795 1835 1836 1841 1840
1353 1791 1792 1797 1796 1836 1837 1842 1841
1354 1792 1793 1798 1797 1837 1838 1843 1842
1355 1793 1794 1799 1798 1838 1839 1844 1843
1356 1794 1642 1644 1799 1839 1641 1643 1844
1357 126 1795 1800 128 125 1840 1845 127
1358 1795 1796 1801 1800 1840 1841 1846 1845
1359 1796 1797 1802 1801 1841 1842 1847 1846
1360 1797 1798 1803 1802 1842 1843 1848 1847
1361 1798 1799 1804 1803 1843 1844 1849 1848
1362 1799 1644 1646 1804 1844 1643 1645 1849
1363 128 1800 1805 130 127 1845 1850 129
1364 1800 1801 1806 1805 1845 1846 1851 1850
1365 1801 1802 1807 1806 1846 1847 1852 1851
1366 1802 1803 1808 1807 1847 1848 1853 1852
1367 1803 1804 1809 1808 1848 1849 1854 1853
1368 1804 1646 1648 1809 1849 1645 1647 1854
1369 130 1805 1810 132 129 1850 1855 131
1370 1805 1806 1811 1810 1850 1851 1856 1855
1371 1806 1807 1812 1811 1851 1852 1857 1856
1372 1807 1808 1813 1812 1852 1853 1858 1857
1373 1808 1809 1814 1813 1853 1854 1859 1858
1374 1809 1648 1650 1814 1854 1647 1649 1859
1375 132 1810 1760 114 131 1855 1761 113
1376 1810 1811 1762 1760 1855 1856 1763 1761
1377 1811 1812 1764 1762 1856 1857 1765 1763
1378 1812 1813 1766 1764 1857 1858 1767 1765
1379 1813 1814 1768 1766 1858 1859 1769 1767
1380 1814 1650 1631 1768 1859 1649 1632 1769
1381 111 1754 1815 115 78 1695 1705 90
1382 1754 1753 1816 1815 1695 1696 1706 1705
1383 1753 1752 1817 1816 1696 1697 1707 1706
1384 1752 1751 1818 1817 1697 1698 1708 1707
1385 1751 1750 1819 1818 1698 1699 1709 1708
1386 1750 1629 1633 1819 1699 1563 1588 1709
1387 115 1815 1820 117 90 1705 1710 89
1388 1815 1816 1821 1820 1705 1706 1711 1710
1389 1816 1817 1822 1821 1706 1707 1712 1711
1390 1817 1818 1823 1822 1707 1708 1713 1712
1391 1818 1819 1824 1823 1708 1709 1714 1713
1392 1819 1633 1635 1824 1709 1588 1587 1714
1393 117 1820 1825 119 89 1710 1715 88
1394 1820 1821 1826 1825 1710 1711 1716 1715
1395 1821 1822 1827 1826 1711 1712 1717 1716
1396 1822 1823 1828 1827 1712 1713 1718 1717
1397 1823 1824 1829 1828 1713 1714 1719 1718
1398 1824 1635 1637 1829 1714 1587 1586 1719
1399 119 1825 1830 121 88 1715 1720 87
1400 1825 1826 1831 1830 1715 1716 1721 1720
1401 1826 1827 1832 1831 1716 1717 1722 1721
1402 1827 1828 1833 1832 1717 1718 1723 1722
1403 1828 1829 1834 1833 1718 1719 1724 1723
1404 1829 1637 1639 1834 1719 1586 1585 1724
1405 121 1830 1835 123 87 1720 1725 86
1406 1830 1831 1836 1835 1720 1721 1726 1725
1407 1831 1832 1837 1836 1721 1722 1727 1726
1408 1832 1833 1838 1837 1722 1723 1728 1727
1409 1833 1834 1839 1838 1723 1724 1729 1728
1410 1834 1639 1641 1839 1724 1585 1584 1729
1411 123 1835 1840 125 86 1725 1730 85
1412 1835 1836 1841 1840 1725 1726 1731 1730
1413 1836 1837 1842 1841 1726 1727 1732 1731
1414 1837 1838 1843 1842 1727 1728 1733 1732
1415 1838 1839 1844 1843 1728 1729 1734 1733
1416 1839 1641 1643 1844 1729 1584 1583 1734
1417 125 1840 1845 127 85 1730 1735 84
1418 1840 1841 1846 1845 1730 1731 1736 1735
1419 1841 1842 1847 1846 1731 1732 1737 1736
1420 1842 1843 1848 1847 1732 1733 1738 1737
1421 1843 1844 1849 1848 1733 1734 1739 1738
1422 1844 1643 1645 1849 1734 1583 1582 1739
1423 127 1845 1850 129 84 1735 1740 83
1424 1845 1846 1851 1850 1735 1736 1741 1740
1425 1846 1847 1852 1851 1736 1737 1742 1741
1426 1847 1848 1853 1852 1737 1738 1743 1742
1427 1848 1849 1854 1853 1738 1739 1744 1743
1428 1849 1645 1647 1854 1739 1582 1581 1744
1429 129 1850 1855 131 83 1740 1745 82
1430 1850 1851 1856 1855 1740 1741 1746 1745
1431 1851 1852 1857 1856 1741 1742 1747 1746
1432 1852 1853 1858 1857 1742 1743 1748 1747
1433 1853 1854 1859 1858 1743 1744 1749 1748
1434 1854 1647 1649 1859 1744 1581 1580 1749
1435 131 1855 1761 113 82 1745 1700 81
1436 1855 1856 1763 1761 1745 1746 1701 1700
1437 1856 1857 1765 1763 1746 1747 1702 1701
1438 1857 1858 1767 1765 1747 1748 1703 1702
1439 1858 1859 1769 1767 1748 1749 1704 1703
1440 1859 1649 1632 1769 1749 1580 1577 1704
1603 1909 2047 2052 1913 1935 2145 2146 1940
1604 2047 2046 2051 2052 2145 2144 2147 2146
1605 2046 2045 2050 2051 2144 2143 2148 2147
1606 2045 2044 2049 2050 2143 2142 2149 2148
1607 2044 2043 2048 2049 2142 2141 2150 2149
1608 2043 2016 2023 2048 2141 2110 2115 2150
1609 1913 2052 2057 1912 1940 2146 2151 1945
1610 2052 2051 2056 2057 2146 2147 2152 2151
1611 2051 2050 2055 2056 2147 2148 2153 2152
1612 2050 2049 2054 2055 2148 2149 2154 2153
1613 2049 2048 2053 2054 2149 2150 2155 2154
1614 2048 2023 2022 2053 2150 2115 2120 2155
1615 1912 2057 610 485 1945 2151 665 486
1616 2057 2056 609 610 2151 2152 670 665
1617 2056 2055 608 609 2152 2153 675 670
1618 2055 2054 607 608 2153 2154 680 675
1619 2054 2053 606 607 2154 2155 685 680
1620 2053 2022 254 606 2155 2120 292 685
1621 1935 2145 2146 1940 1936 2140 2156 1941
1622 2145 2144 2147 2146 2140 2139 2157 2156
1623 2144 2143 2148 2147 2139 2138 2158 2157
1624 2143 2142 2149 2148 2138 2137 2159 2158
1625 2142 2141 2150 2149 2137 2136 2160 2159
1626 2141 2110 2115 2150 2136 2109 2114 2160
1627 1940 2146 2151 1945 1941 2156 2161 1946
1628 2146 2147 2152 2151 2156 2157 2162 2161
1629 2147 2148 2153 2152 2157 2158 2163 2162
1630 2148 2149 2154 2153 2158 2159 2164 2163
1631 2149 2150 2155 2154 2159 2160 2165 2164
1632 2150 2115 2120 2155 2160 2114 2119 2165
1633 1945 2151 665 486 1946 2161 664 487
1634 2151 2152 670 665 2161 2162 669 664
1635 2152 2153 675 670 2162 2163 674 669
1636 2153 2154 680 675 2163 2164 679 674
1637 2154 2155 685 680 2164 2165 684 679
1638 2155 2120 292 685 2165 2119 291 684
1639 1936 2140 2156 1941 1937 2135 2166 1942
1640 2140 2139 2157 2156 2135 2134 2167 2166
1641 2139 2138 2158 2157 2134 2133 2168 2167
1642 2138 2137 2159 2158 2133 2132 2169 2168
1643 2137 2136 2160 2159 2132 2131 2170 2169
1644 2136 2109 2114 2160 2131 2108 2113 2170
1645 1941 2156 2161 1946 1942 2166 2171 1947
1646 2156 2157 2162 2161 2166 2167 2172 2171
1647 2157 2158 2163 2162 2167 2168 2173 2172
1648 2158 2159 2164 2163 2168 2169 2174 2173
1649 2159 2160 2165 2164 2169 2170 2175 2174
1650 2160 2114 2119 2165 2170 2113 2118 2175
1651 1946 2161 664 487 1947 2171 663 488
1652 2161 2162 669 664 2171 2172 668 663
1653 2162 2163 674 669 2172 2173 673 668
1654 2163 2164 679 674 2173 2174 678 673
1655 2164 2165 684 679 2174 2175 683 678
1656 2165 2119 291 684 2175 2118 290 683
1657 1937 2135 2166 1942 1938 2130 2176 1943
1658 2135 2134 2167 2166 2130 2129 2177 2176
1659 2134 2133 2168 2167 2129 2128 2178 2177
1660 2133 2132 2169 2168 2128 2127 2179 2178
1661 2132 2131 2170 2169 2127 2126 2180 2179
1662 2131 2108 2113 2170 2126 2107 2112 2180
1663 1942 2166 2171 1947 1943 2176 2181 1948
1664 2166 2167 2172 2171 2176 2177 2182 2181
1665 2167 2168 2173 2172 2177 2178 2183 2182
1666 2168 2169 2174 2173 2178 2179 2184 2183
1667 2169 2170 2175 2174 2179 2180 2185 2184
1668 2170 2113 2118 2175 2180 2112 2117 2185
1669 1947 2171 663 488 1948 2181 662 489
1670 2171 2172 668 663 2181 2182 667 662
1671 2172 2173 673 668 2182 2183 672 667
1672 2173 2174 678 673 2183 2184 677 672
1673 2174 2175 683 678 2184 2185 682 677
1674 2175 2118 290 683 2185 2117 289 682
1675 1938 2130 2176 1943 1939 2125 2186 1944
1676 2130 2129 2177 2176 2125 2124 2187 2186
1677 2129 2128 2178 2177 2124 2123 2188 2187
1678 2128 2127 2179 2178 2123 2122 2189 2188
1679 2127 2126 2180 2179 2122 2121 2190 2189
1680 2126 2107 2112 2180 2121 2106 2111 2190
1681 1943 2176 2181 1948 1944 2186 2191 1949
1682 2176 2177 2182 2181 2186 2187 2192 2191
1683 2177 2178 2183 2182 2187 2188 2193 2192
1684 2178 2179 2184 2183 2188 2189 2194 2193
1685 2179 2180 2185 2184 2189 2190 2195 2194
1686 2180 2112 2117 2185 2190 2111 2116 2195
1687 1948 2181 662 489 1949 2191 661 490
1688 2181 2182 667 662 2191 2192 666 661
1689 2182 2183 672 667 2192 2193 671 666
1690 2183 2184 677 672 2193 2194 676 671
1691 2184 2185 682 677 2194 2195 681 676
1692 2185 2117 289 682 2195 2116 288 681
1693 1939 2125 2186 1944 1881 2089 2096 1885
1694 2125 2124 2187 2186 2089 2090 2097 2096
1695 2124 2123 2188 2187 2090 2091 2098 2097
1696 2123 2122 2189 2188 2091 2092 2099 2098
1697 2122 2121 2190 2189 2092 2093 2100 2099
1698 2121 2106 2111 2190 2093 2088 2095 2100
1699 1944 2186 2191 1949 1885 2096 2101 1884
1700 2186 2187 2192 2191 2096 2097 2102 2101
1701 2187 2188 2193 2192 2097 2098 2103 2102
1702 2188 2189 2194 2193 2098 2099 2104 2103
1703 2189 2190 2195 2194 2099 2100 2105 2104
1704 2190 2111 2116 2195 2100 2095 2094 2105
1705 1949 2191 661 490 1884 2101 551 1
1706 2191 2192 666 661 2101 2102 552 551
1707 2192 2193 671 666 2102 2103 553 552
1708 2193 2194 676 671 2103 2104 554 553
1709 2194 2195 681 676 2104 2105 555 554
1710 2195 2116 288 681 2105 2094 287 555
1 15 114 138 16 18 132 141 43
2 114 113 137 138 132 131 142 141
3 113 81 92 137 131 82 110 142
4 16 138 140 17 43 141 143 44
5 138 137 139 140 141 142 144 143
6 137 92 91 139 142 110 109 144
7 17 140 58 5 44 143 76 6
8 140 139 59 58 143 144 77 76
9 139 91 48 59 144 109 49 77
10 18 132 141 43 19 130 145 41
11 132 131 142 141 130 129 146 145
12 131 82 110 142 129 83 108 146
13 43 141 143 44 41 145 147 42
14 141 142 144 143 145 146 148 147
15 142 110 109 144 146 108 107 148
16 44 143 76 6 42 147 74 7
17 143 144 77 76 147 148 75 74
18 144 109 49 77 148 107 50 75
19 19 130 145 41 20 128 149 39
20 130 129 146 145 128 127 150 149
21 129 83 108 146 127 84 106 150
22 41 145 147 42 39 149 151 40
23 145 146 148 147 149 150 152 151
24 146 108 107 148 150 106 105 152
25 42 147 74 7 40 151 72 8
26 147 148 75 74 151 152 73 72
27 148 107 50 75 152 105 51 73
28 20 128 149 39 21 126 153 37
29 128 127 150 149 126 125 154 153
30 127 84 106 150 125 85 104 154
31 39 149 151 40 37 153 155 38
32 149 150 152 151 153 154 156 155
33 150 106 105 152 154 104 103 156
34 40 151 72 8 38 155 70 9
35 151 152 73 72 155 156 71 70
36 152 105 51 73 156 103 52 71
37 21 126 153 37 22 124 157 35
38 126 125 154 153 124 123 158 157
39 125 85 104 154 123 86 102 158
40 37 153 155 38 35 157 159 36
41 153 154 156 155 157 158 160 159
42 154 104 103 156 158 102 101 160
43 38 155 70 9 36 159 68 10
44 155 156 71 70 159 160 69 68
45 156 103 52 71 160 101 53 69
46 22 124 157 35 23 122 161 33
47 124 123 158 157 122 121 162 161
48 123 86 102 158 121 87 100 162
49 35 157 159 36 33 161 163 34
50 157 158 160 159 161 162 164 163
51 158 102 101 160 162 100 99 164
52 36 159 68 10 34 163 66 11
53 159 160 69 68 163 164 67 66
54 160 101 53 69 164 99 54 67
55 23 122 161 33 24 120 165 31
56 122 121 162 161 120 119 166 165
57 121 87 100 162 119 88 98 166
58 33 161 163 34 31 165 167 32
59 161 162 164 163 165 166 168 167
60 162 100 99 164 166 98 97 168
61 34 163 66 11 32 167 64 12
62 163 164 67 66 167 168 65 64
63 164 99 54 67 168 97 55 65
64 24 120 165 31 25 118 169 29
65 120 119 166 165 118 117 170 169
66 119 88 98 166 117 89 96 170
67 31 165 167 32 29 169 171 30
68 165 166 168 167 169 170 172 171
69 166 98 97 168 170 96 95 172
70 32 167 64 12 30 171 62 13
71 167 168 65 64 171 172 63 62
72 168 97 55 65 172 95 56 63
73 25 118 169 29 26 116 173 27
74 118 117 170 169 116 115 174 173
75 117 89 96 170 115 90 94 174
76 29 169 171 30 27 173 175 28
77 169 170 172 171 173 174 176 175
78 170 96 95 172 174 94 93 176
79 30 171 62 13 28 175 60 14
80 171 172 63 62 175 176 61 60
81 172 95 56 63 176 93 57 61
82 26 116 173 27 1 112 134 3
83 116 115 174 173 112 111 136 134
84 115 90 94 174 111 78 80 136
85 27 173 175 28 3 134 133 4
86 173 174 176 175 134 136 135 133
87 174 94 93 176 136 80 79 135
88 28 175 60 14 4 133 46 2
89 175 176 61 60 133 135 47 46
90 176 93 57 61 135 79 45 47
1171 1577 1632 1656 1578 1580 1649 1659 1605
1172 1632 1631 1655 1656 1649 1650 1660 1659
1173 1631 293 356 1655 1650 299 373 1660
1174 1578 1656 1658 1579 1605 1659 1661 1606
1175 1656 1655 1657 1658 1659 1660 1662 1661
1176 1655 356 355 1657 1660 373 374 1662
1177 1579 1658 1609 1567 1606 1661 1627 1568
1178 1658 1657 1610 1609 1661 1662 1628 1627
1179 1657 355 194 1610 1662 374 200 1628
1180 1580 1649 1659 1605 1581 1647 1663 1603
1181 1649 1650 1660 1659 1647 1648 1664 1663
1182 1650 299 373 1660 1648 300 371 1664
1183 1605 1659 1661 1606 1603 1663 1665 1604
1184 1659 1660 1662 1661 1663 1664 1666 1665
1185 1660 373 374 1662 1664 371 372 1666
1186 1606 1661 1627 1568 1604 1665 1625 1569
1187 1661 1662 1628 1627 1665 1666 1626 1625
1188 1662 374 200 1628 1666 372 201 1626
1189 1581 1647 1663 1603 1582 1645 1667 1601
1190 1647 1648 1664 1663 1645 1646 1668 1667
1191 1648 300 371 1664 1646 301 369 1668
1192 1603 1663 1665 1604 1601 1667 1669 1602
1193 1663 1664 1666 1665 1667 1668 1670 1669
1194 1664 371 372 1666 1668 369 370 1670
1195 1604 1665 1625 1569 1602 1669 1623 1570
1196 1665 1666 1626 1625 1669 1670 1624 1623
1197 1666 372 201 1626 1670 370 202 1624
1198 1582 1645 1667 1601 1583 1643 1671 1599
1199 1645 1646 1668 1667 1643 1644 1672 1671
1200 1646 301 369 1668 1644 302 367 1672
1201 1601 1667 1669 1602 1599 1671 1673 1600
1202 1667 1668 1670 1669 1671 1672 1674 1673
1203 1668 369 370 1670 1672 367 368 1674
1204 1602 1669 1623 1570 1600 1673 1621 1571
1205 1669 1670 1624 1623 1673 1674 1622 1621
1206 1670 370 202 1624 1674 368 203 1622
1207 1583 1643 1671 1599 1584 1641 1675 1597
1208 1643 1644 1672 1671 1641 1642 1676 1675
1209 1644 302 367 1672 1642 303 365 1676
1210 1599 1671 1673 1600 1597 1675 1677 1598
1211 1671 1672 1674 1673 1675 1676 1678 1677
1212 1672 367 368 1674 1676 365 366 1678
1213 1600 1673 1621 1571 1598 1677 1619 1572
1214 1673 1674 1622 1621 1677 1678 1620 1619
1215 1674 368 203 1622 1678 366 204 1620
1216 1584 1641 1675 1597 1585 1639 1679 1595
1217 1641 1642 1676 1675 1639 1640 1680 1679
1218 1642 303 365 1676 1640 304 363 1680
1219 1597 1675 1677 1598 1595 1679 1681 1596
1220 1675 1676 1678 1677 1679 1680 1682 1681
1221 1676 365 366 1678 1680 363 364 1682
1222 1598 1677 1619 1572 1596 1681 1617 1573
1223 1677 1678 1620 1619 1681 1682 1618 1617
1224 1678 366 204 1620 1682 364 205 1618
1225 1585 1639 1679 1595 1586 1637 1683 1593
1226 1639 1640 1680 1679 1637 1638 1684 1683
1227 1640 304 363 1680 1638 305 361 1684
1228 1595 1679 1681 1596 1593 1683 1685 1594
1229 1679 1680 1682 1681 1683 1684 1686 1685
1230 1680 363 364 1682 1684 361 362 1686
1231 1596 1681 1617 1573 1594 1685 1615 1574
1232 1681 1682 1618 1617 1685 1686 1616 1615
1233 1682 364 205 1618 1686 362 206 1616
1234 1586 1637 1683 1593 1587 1635 1687 1591
1235 1637 1638 1684 1683 1635 1636 1688 1687
1236 1638 305 361 1684 1636 306 359 1688
1237 1593 1683 1685 1594 1591 1687 1689 1592
1238 1683 1684 1686 1685 1687 1688 1690 1689
1239 1684 361 362 1686 1688 359 360 1690
1240 1594 1685 1615 1574 1592 1689 1613 1575
1241 1685 1686 1616 1615 1689 1690 1614 1613
1242 1686 362 206 1616 1690 360 207 1614
1243 1587 1635 1687 1591 1588 1633 1691 1589
1244 1635 1636 1688 1687 1633 1634 1692 1691
1245 1636 306 359 1688 1634 307 357 1692
1246 1591 1687 1689 1592 1589 1691 1693 1590
1247 1687 1688 1690 1689 1691 1692 1694 1693
1248 1688 359 360 1690 1692 357 358 1694
1249 1592 1689 1613 1575 1590 1693 1611 1576
1250 1689 1690 1614 1613 1693 1694 1612 1611
1251 1690 360 207 1614 1694 358 208 1612
1252 1588 1633 1691 1589 1563 1629 1652 1565
1253 1633 1634 1692 1691 1629 1630 1654 1652
1254 1634 307 357 1692 1630 287 353 1654
1255 1589 1691 1693 1590 1565 1652 1651 1566
1256 1691 1692 1694 1693 1652 1654 1653 1651
1257 1692 357 358 1694 1654 353 354 1653
1258 1590 1693 1611 1576 1566 1651 1607 1564
1259 1693 1694 1612 1611 1651 1653 1608 1607
1260 1694 358 208 1612 1653 354 177 1608
631 254 1003 1007 266 256 1025 1032 270
632 1003 1002 1006 1007 1025 1027 1033 1032
633 1002 969 981 1006 1027 971 985 1033
634 266 1007 1009 265 270 1032 1034 272
635 1007 1006 1008 1009 1032 1033 1035 1034
636 1006 981 980 1008 1033 985 987 1035
637 265 1009 1011 264 272 1034 1036 274
638 1009 1008 1010 1011 1034 1035 1037 1036
639 1008 980 979 1010 1035 987 989 1037
640 264 1011 1013 263 274 1036 1038 276
641 1011 1010 1012 1013 1036 1037 1039 1038
642 1010 979 978 1012 1037 989 991 1039
643 263 1013 1015 262 276 1038 1040 278
644 1013 1012 1014 1015 1038 1039 1041 1040
645 1012 978 977 1014 1039 991 993 1041
646 262 1015 1017 261 278 1040 1042 280
647 1015 1014 1016 1017 1040 1041 1043 1042
648 1014 977 976 1016 1041 993 995 1043
649 261 1017 1019 260 280 1042 1044 282
650 1017 1016 1018 1019 1042 1043 1045 1044
651 1016 976 975 1018 1043 995 997 1045
652 260 1019 1021 259 282 1044 1046 284
653 1019 1018 1020 1021 1044 1045 1047 1046
654 1018 975 974 1020 1045 997 999 1047
655 259 1021 1023 258 284 1046 1048 286
656 1021 1020 1022 1023 1046 1047 1049 1048
657 1020 974 973 1022 1047 999 1001 1049
658 258 1023 1005 257 286 1048 1029 267
659 1023 1022 1004 1005 1048 1049 1028 1029
660 1022 973 972 1004 1049 1001 983 1028
661 256 1025 1032 270 255 1024 1050 269
662 1025 1027 1033 1032 1024 1026 1051 1050
663 1027 971 985 1033 1026 970 984 1051
664 270 1032 1034 272 269 1050 1052 271
665 1032 1033 1035 1034 1050 1051 1053 1052
666 1033 985 987 1035 1051 984 986 1053
667 272 1034 1036 274 271 1052 1054 273
668 1034 1035 1037 1036 1052 1053 1055 1054
669 1035 987 989 1037 1053 986 988 1055
670 274 1036 1038 276 273 1054 1056 275
671 1036 1037 1039 1038 1054 1055 1057 1056
672 1037 989 991 1039 1055 988 990 1057
673 276 1038 1040 278 275 1056 1058 277
674 1038 1039 1041 1040 1056 1057 1059 1058
675 1039 991 993 1041 1057 990 992 1059
676 278 1040 1042 280 277 1058 1060 279
677 1040 1041 1043 1042 1058 1059 1061 1060
678 1041 993 995 1043 1059 992 994 1061
679 280 1042 1044 282 279 1060 1062 281
680 1042 1043 1045 1044 1060 1061 1063 1062
681 1043 995 997 1045 1061 994 996 1063
682 282 1044 1046 284 281 1062 1064 283
683 1044 1045 1047 1046 1062 1063 1065 1064
684 1045 997 999 1047 1063 996 998 1065
685 284 1046 1048 286 283 1064 1066 285
686 1046 1047 1049 1048 1064 1065 1067 1066
687 1047 999 1001 1049 1065 998 1000 1067
688 286 1048 1029 267 285 1066 1031 268
689 1048 1049 1028 1029 1066 1067 1030 1031
690 1049 1001 983 1028 1067 1000 982 1030
691 255 1024 1050 269 178 937 951 193
692 1024 1026 1051 1050 937 938 952 951
693 1026 970 984 1051 938 936 948 952
694 269 1050 1052 271 193 951 953 192
695 1050 1051 1053 1052 951 952 954 953
696 1051 984 986 1053 952 948 947 954
697 271 1052 1054 273 192 953 955 191
698 1052 1053 1055 1054 953 954 956 955
699 1053 986 988 1055 954 947 946 956
700 273 1054 1056 275 191 955 957 190
701 1054 1055 1057 1056 955 956 958 957
702 1055 988 990 1057 956 946 945 958
703 275 1056 1058 277 190 957 959 189
704 1056 1057 1059 1058 957 958 960 959
705 1057 990 992 1059 958 945 944 960
706 277 1058 1060 279 189 959 961 188
707 1058 1059 1061 1060 959 960 962 961
708 1059 992 994 1061 960 944 943 962
709 279 1060 1062 281 188 961 963 187
710 1060 1061 1063 1062 961 962 964 963
711 1061 994 996 1063 962 943 942 964
712 281 1062 1064 283 187 963 965 186
713 1062 1063 1065 1064 963 964 966 965
714 1063 996 998 1065 964 942 941 966
715 283 1064 1066 285 186 965 967 185
716 1064 1065 1067 1066 965 966 968 967
717 1065 998 1000 1067 966 941 940 968
718 285 1066 1031 268 185 967 949 184
719 1066 1067 1030 1031 967 968 950 949
720 1067 1000 982 1030 968 940 939 950
901 485 1333 1337 505 1135 1357 1362 1139
902 1333 1332 1336 1337 1357 1356 1363 1362
903 1332 1299 1311 1336 1356 1301 1315 1363
904 505 1337 1339 504 1139 1362 1364 1141
905 1337 1336 1338 1339 1362 1363 1365 1364
906 1336 1311 1310 1338 1363 1315 1317 1365
907 504 1339 1341 503 1141 1364 1366 1143
908 1339 1338 1340 1341 1364 1365 1367 1366
909 1338 1310 1309 1340 1365 1317 1319 1367
910 503 1341 1343 502 1143 1366 1368 1145
911 1341 1340 1342 1343 1366 1367 1369 1368
912 1340 1309 1308 1342 1367 1319 1321 1369
913 502 1343 1345 501 1145 1368 1370 1147
914 1343 1342 1344 1345 1368 1369 1371 1370
915 1342 1308 1307 1344 1369 1321 1323 1371
916 501 1345 1347 500 1147 1370 1372 1149
917 1345 1344 1346 1347 1370 1371 1373 1372
918 1344 1307 1306 1346 1371 1323 1325 1373
919 500 1347 1349 499 1149 1372 1374 1151
920 1347 1346 1348 1349 1372 1373 1375 1374
921 1346 1306 1305 1348 1373 1325 1327 1375
922 499 1349 1351 498 1151 1374 1376 1153
923 1349 1348 1350 1351 1374 1375 1377 1376
924 1348 1305 1304 1350 1375 1327 1329 1377
925 498 1351 1353 497 1153 1376 1378 1155
926 1351 1350 1352 1353 1376 1377 1379 1378
927 1350 1304 1303 1352 1377 1329 1331 1379
928 497 1353 1335 491 1155 1378 1358 1136
929 1353 1352 1334 1335 1378 1379 1360 1358
930 1352 1303 1302 1334 1379 1331 1313 1360
931 1135 1357 1362 1139 1134 1355 1380 1138
932 1357 1356 1363 1362 1355 1354 1381 1380
933 1356 1301 1315 1363 1354 1300 1314 1381
934 1139 1362 1364 1141 1138 1380 1382 1140
935 1362 1363 1365 1364 1380 1381 1383 1382
936 1363 1315 1317 1365 1381 1314 1316 1383
937 1141 1364 1366 1143 1140 1382 1384 1142
938 1364 1365 1367 1366 1382 1383 1385 1384
939 1365 1317 1319 1367 1383 1316 1318 1385
940 1143 1366 1368 1145 1142 1384 1386 1144
941 1366 1367 1369 1368 1384 1385 1387 1386
942 1367 1319 1321 1369 1385 1318 1320 1387
943 1145 1368 1370 1147 1144 1386 1388 1146
944 1368 1369 1371 1370 1386 1387 1389 1388
945 1369 1321 1323 1371 1387 1320 1322 1389
946 1147 1370 1372 1149 1146 1388 1390 1148
947 1370 1371 1373 1372 1388 1389 1391 1390
948 1371 1323 1325 1373 1389 1322 1324 1391
949 1149 1372 1374 1151 1148 1390 1392 1150
950 1372 1373 1375 1374 1390 1391 1393 1392
951 1373 1325 1327 1375 1391 1324 1326 1393
952 1151 1374 1376 1153 1150 1392 1394 1152
953 1374 1375 1377 1376 1392 1393 1395 1394
954 1375 1327 1329 1377 1393 1326 1328 1395
955 1153 1376 1378 1155 1152 1394 1396 1154
956 1376 1377 1379 1378 1394 1395 1397 1396
957 1377 1329 1331 1379 1395 1328 1330 1397
958 1155 1378 1358 1136 1154 1396 1359 1137
959 1378 1379 1360 1358 1396 1397 1361 1359
960 1379 1331 1313 1360 1397 1330 1312 1361
961 1134 1355 1380 1138 1068 1267 1281 1083
962 1355 1354 1381 1380 1267 1268 1282 1281
963 1354 1300 1314 1381 1268 1266 1278 1282
964 1138 1380 1382 1140 1083 1281 1283 1082
965 1380 1381 1383 1382 1281 1282 1284 1283
966 1381 1314 1316 1383 1282 1278 1277 1284
967 1140 1382 1384 1142 1082 1283 1285 1081
968 1382 1383 1385 1384 1283 1284 1286 1285
969 1383 1316 1318 1385 1284 1277 1276 1286
970 1142 1384 1386 1144 1081 1285 1287 1080
971 1384 1385 1387 1386 1285 1286 1288 1287
972 1385 1318 1320 1387 1286 1276 1275 1288
973 1144 1386 1388 1146 1080 1287 1289 1079
974 1386 1387 1389 1388 1287 1288 1290 1289
975 1387 1320 1322 1389 1288 1275 1274 1290
976 1146 1388 1390 1148 1079 1289 1291 1078
977 1388 1389 1391 1390 1289 1290 1292 1291
978 1389 1322 1324 1391 1290 1274 1273 1292
979 1148 1390 1392 1150 1078 1291 1293 1077
980 1390 1391 1393 1392 1291 1292 1294 1293
981 1391 1324 1326 1393 1292 1273 1272 1294
982 1150 1392 1394 1152 1077 1293 1295 1076
983 1392 1393 1395 1394 1293 1294 1296 1295
984 1393 1326 1328 1395 1294 1272 1271 1296
985 1152 1394 1396 1154 1076 1295 1297 1075
986 1394 1395 1397 1396 1295 1296 1298 1297
987 1395 1328 1330 1397 1296 1271 1270 1298
988 1154 1396 1359 1137 1075 1297 1279 1074
989 1396 1397 1361 1359 1297 1298 1280 1279
990 1397 1330 1312 1361 1298 1270 1269 1280
1792 178 183 375 255 2289 2309 2320 2293
1793 183 182 376 375 2309 2308 2321 2320
1794 182 181 377 376 2308 2307 2322 2321
1795 181 180 378 377 2307 2306 2323 2322
1796 180 179 379 378 2306 2305 2324 2323
1797 179 177 354 379 2305 2254 2266 2324
1798 255 375 380 256 2293 2320 2325 2294
1799 375 376 381 380 2320 2321 2326 2325
1800 376 377 382 381 2321 2322 2327 2326
1801 377 378 383 382 2322 2323 2328 2327
1802 378 379 384 383 2323 2324 2329 2328
1803 379 354 353 384 2324 2266 2267 2329
1804 256 380 292 254 2294 2325 2120 2022
1805 380 381 291 292 2325 2326 2119 2120
1806 381 382 290 291 2326 2327 2118 2119
1807 382 383 289 290 2327 2328 2117 2118
1808 383 384 288 289 2328 2329 2116 2117
1809 384 353 287 288 2329 2267 2094 2116
1810 2289 2309 2320 2293 2290 2304 2330 2291
1811 2309 2308 2321 2320 2304 2303 2331 2330
1812 2308 2307 2322 2321 2303 2302 2332 2331
1813 2307 2306 2323 2322 2302 2301 2333 2332
1814 2306 2305 2324 2323 2301 2300 2334 2333
1815 2305 2254 2266 2324 2300 2255 2264 2334
1816 2293 2320 2325 2294 2291 2330 2335 2292
1817 2320 2321 2326 2325 2330 2331 2336 2335
1818 2321 2322 2327 2326 2331 2332 2337 2336
1819 2322 2323 2328 2327 2332 2333 2338 2337
1820 2323 2324 2329 2328 2333 2334 2339 2338
1821 2324 2266 2267 2329 2334 2264 2265 2339
1822 2294 2325 2120 2022 2292 2335 2115 2023
1823 2325 2326 2119 2120 2335 2336 2114 2115
1824 2326 2327 2118 2119 2336 2337 2113 2114
1825 2327 2328 2117 2118 2337 2338 2112 2113
1826 2328 2329 2116 2117 2338 2339 2111 2112
1827 2329 2267 2094 2116 2339 2265 2095 2111
1828 2290 2304 2330 2291 2286 2299 2311 2287
1829 2304 2303 2331 2330 2299 2298 2313 2311
1830 2303 2302 2332 2331 2298 2297 2315 2313
1831 2302 2301 2333 2332 2297 2296 2317 2315
1832 2301 2300 2334 2333 2296 2295 2319 2317
1833 2300 2255 2264 2334 2295 2251 2262 2319
1834 2291 2330 2335 2292 2287 2311 2310 2288
1835 2330 2331 2336 2335 2311 2313 2312 2310
1836 2331 2332 2337 2336 2313 2315 2314 2312
1837 2332 2333 2338 2337 2315 2317 2316 2314
1838 2333 2334 2339 2338 2317 2319 2318 2316
1839 2334 2264 2265 2339 2319 2262 2263 2318
1840 2292 2335 2115 2023 2288 2310 2110 2016
1841 2335 2336 2114 2115 2310 2312 2109 2110
1842 2336 2337 2113 2114 2312 2314 2108 2109
1843 2337 2338 2112 2113 2314 2316 2107 2108
1844 2338 2339 2111 2112 2316 2318 2106 2107
1845 2339 2265 2095 2111 2318 2263 2088 2106
1468 1860 1867 1893 1891 1924 1929 1960 1958
1469 1867 1866 1895 1893 1929 1934 1961 1960
1470 1866 2 4 1895 1934 1402 1462 1961
1471 1891 1893 1892 1890 1958 1960 1962 1959
1472 1893 1895 1894 1892 1960 1961 1963 1962
1473 1895 4 3 1894 1961 1462 1457 1963
1474 1890 1892 1885 1881 1959 1962 1944 1939
1475 1892 1894 1884 1885 1962 1963 1949 1944
1476 1894 3 1 1884 1963 1457 490 1949
1477 1924 1929 1960 1958 1923 1928 1964 1956
1478 1929 1934 1961 1960 1928 1933 1965 1964
1479 1934 1402 1462 1961 1933 1401 1461 1965
1480 1958 1960 1962 1959 1956 1964 1966 1957
1481 1960 1961 1963 1962 1964 1965 1967 1966
1482 1961 1462 1457 1963 1965 1461 1456 1967
1483 1959 1962 1944 1939 1957 1966 1943 1938
1484 1962 1963 1949 1944 1966 1967 1948 1943
1485 1963 1457 490 1949 1967 1456 489 1948
1486 1923 1928 1964 1956 1922 1927 1968 1954
1487 1928 1933 1965 1964 1927 1932 1969 1968
1488 1933 1401 1461 1965 1932 1400 1460 1969
1489 1956 1964 1966 1957 1954 1968 1970 1955
1490 1964 1965 1967 1966 1968 1969 1971 1970
1491 1965 1461 1456 1967 1969 1460 1455 1971
1492 1957 1966 1943 1938 1955 1970 1942 1937
1493 1966 1967 1948 1943 1970 1971 1947 1942
1494 1967 1456 489 1948 1971 1455 488 1947
1495 1922 1927 1968 1954 1921 1926 1972 1952
1496 1927 1932 1969 1968 1926 1931 1973 1972
1497 1932 1400 1460 1969 1931 1399 1459 1973
1498 1954 1968 1970 1955 1952 1972 1974 1953
1499 1968 1969 1971 1970 1972 1973 1975 1974
1500 1969 1460 1455 1971 1973 1459 1454 1975
1501 1955 1970 1942 1937 1953 1974 1941 1936
1502 1970 1971 1947 1942 1974 1975 1946 1941
1503 1971 1455 488 1947 1975 1454 487 1946
1504 1921 1926 1972 1952 1920 1925 1976 1950
1505 1926 1931 1973 1972 1925 1930 1977 1976
1506 1931 1399 1459 1973 1930 1398 1458 1977
1507 1952 1972 1974 1953 1950 1976 1978 1951
1508 1972 1973 1975 1974 1976 1977 1979 1978
1509 1973 1459 1454 1975 1977 1458 1453 1979
1510 1953 1974 1941 1936 1951 1978 1940 1935
1511 1974 1975 1946 1941 1978 1979 1945 1940
1512 1975 1454 487 1946 1979 1453 486 1945
1513 1920 1925 1976 1950 1908 1915 1916 1910
1514 1925 1930 1977 1976 1915 1914 1918 1916
1515 1930 1398 1458 1977 1914 1299 1332 1918
1516 1950 1976 1978 1951 1910 1916 1917 1911
1517 1976 1977 1979 1978 1916 1918 1919 1917
1518 1977 1458 1453 1979 1918 1332 1333 1919
1519 1951 1978 1940 1935 1911 1917 1913 1909
1520 1978 1979 1945 1940 1917 1919 1912 1913
1521 1979 1453 486 1945 1919 1333 485 1912
1549 254 606 1156 1003 2022 2053 2068 2026
1550 606 607 1157 1156 2053 2054 2069 2068
1551 607 608 1158 1157 2054 2055 2070 2069
1552 608 609 1159 1158 2055 2056 2071 2070
1553 609 610 1160 1159 2056 2057 2072 2071
1554 610 485 1135 1160 2057 1912 1996 2072
1555 1003 1156 1161 1002 2026 2068 2073 2027
1556 1156 1157 1162 1161 2068 2069 2074 2073
1557 1157 1158 1163 1162 2069 2070 2075 2074
1558 1158 1159 1164 1163 2070 2071 2076 2075
1559 1159 1160 1165 1164 2071 2072 2077 2076
1560 1160 1135 1134 1165 2072 1996 1997 2077
1561 1002 1161 1069 969 2027 2073 2038 2020
1562 1161 1162 1070 1069 2073 2074 2039 2038
1563 1162 1163 1071 1070 2074 2075 2040 2039
1564 1163 1164 1072 1071 2075 2076 2041 2040
1565 1164 1165 1073 1072 2076 2077 2042 2041
1566 1165 1134 1068 1073 2077 1997 1992 2042
1567 2022 2053 2068 2026 2023 2048 2078 2024
1568 2053 2054 2069 2068 2048 2049 2079 2078
1569 2054 2055 2070 2069 2049 2050 2080 2079
1570 2055 2056 2071 2070 2050 2051 2081 2080
1571 2056 2057 2072 2071 2051 2052 2082 2081
1572 2057 1912 1996 2072 2052 1913 1994 2082
1573 2026 2068 2073 2027 2024 2078 2083 2025
1574 2068 2069 2074 2073 2078 2079 2084 2083
1575 2069 2070 2075 2074 2079 2080 2085 2084
1576 2070 2071 2076 2075 2080 2081 2086 2085
1577 2071 2072 2077 2076 2081 2082 2087 2086
1578 2072 1996 1997 2077 2082 1994 1995 2087
1579 2027 2073 2038 2020 2025 2083 2033 2021
1580 2073 2074 2039 2038 2083 2084 2034 2033
1581 2074 2075 2040 2039 2084 2085 2035 2034
1582 2075 2076 2041 2040 2085 2086 2036 2035
1583 2076 2077 2042 2041 2086 2087 2037 2036
1584 2077 1997 1992 2042 2087 1995 1993 2037
1585 2023 2048 2078 2024 2016 2043 2059 2018
1586 2048 2049 2079 2078 2043 2044 2061 2059
1587 2049 2050 2080 2079 2044 2045 2063 2061
1588 2050 2051 2081 2080 2045 2046 2065 2063
1589 2051 2052 2082 2081 2046 2047 2067 2065
1590 2052 1913 1994 2082 2047 1909 1990 2067
1591 2024 2078 2083 2025 2018 2059 2058 2019
1592 2078 2079 2084 2083 2059 2061 2060 2058
1593 2079 2080 2085 2084 2061 2063 2062 2060
1594 2080 2081 2086 2085 2063 2065 2064 2062
1595 2081 2082 2087 2086 2065 2067 2066 2064
1596 2082 1994 1995 2087 2067 1990 1991 2066
1597 2025 2083 2033 2021 2019 2058 2028 2017
1598 2083 2084 2034 2033 2058 2060 2029 2028
1599 2084 2085 2035 2034 2060 2062 2030 2029
1600 2085 2086 2036 2035 2062 2064 2031 2030
1601 2086 2087 2037 2036 2064 2066 2032 2031
1602 2087 1995 1993 2037 2066 1991 1989 2032
1711 287 1630 1755 555 2094 2203 2230 2105
1712 1630 1629 1750 1755 2203 2204 2231 2230
1713 1629 1563 1699 1750 2204 2199 2219 2231
1714 555 1755 1756 554 2105 2230 2232 2104
1715 1755 1750 1751 1756 2230 2231 2233 2232
1716 1750 1699 1698 1751 2231 2219 2218 2233
1717 554 1756 1757 553 2104 2232 2234 2103
1718 1756 1751 1752 1757 2232 2233 2235 2234
1719 1751 1698 1697 1752 2233 2218 2217 2235
1720 553 1757 1758 552 2103 2234 2236 2102
1721 1757 1752 1753 1758 2234 2235 2237 2236
1722 1752 1697 1696 1753 2235 2217 2216 2237
1723 552 1758 1759 551 2102 2236 2238 2101
1724 1758 1753 1754 1759 2236 2237 2239 2238
1725 1753 1696 1695 1754 2237 2216 2215 2239
1726 551 1759 112 1 2101 2238 1889 1884
1727 1759 1754 111 112 2238 2239 1888 1889
1728 1754 1695 78 111 2239 2215 1875 1888
1729 2094 2203 2230 2105 2095 2201 2240 2100
1730 2203 2204 2231 2230 2201 2202 2241 2240
1731 2204 2199 2219 2231 2202 2200 2214 2241
1732 2105 2230 2232 2104 2100 2240 2242 2099
1733 2230 2231 2233 2232 2240 2241 2243 2242
1734 2231 2219 2218 2233 2241 2214 2213 2243
1735 2104 2232 2234 2103 2099 2242 2244 2098
1736 2232 2233 2235 2234 2242 2243 2245 2244
1737 2233 2218 2217 2235 2243 2213 2212 2245
1738 2103 2234 2236 2102 2098 2244 2246 2097
1739 2234 2235 2237 2236 2244 2245 2247 2246
1740 2235 2217 2216 2237 2245 2212 2211 2247
1741 2102 2236 2238 2101 2097 2246 2248 2096
1742 2236 2237 2239 2238 2246 2247 2249 2248
1743 2237 2216 2215 2239 2247 2211 2210 2249
1744 2101 2238 1889 1884 2096 2248 1887 1885
1745 2238 2239 1888 1889 2248 2249 1886 1887
1746 2239 2215 1875 1888 2249 2210 1876 1886
1747 2095 2201 2240 2100 2088 2197 2220 2093
1748 2201 2202 2241 2240 2197 2198 2221 2220
1749 2202 2200 2214 2241 2198 2196 2209 2221
1750 2100 2240 2242 2099 2093 2220 2222 2092
1751 2240 2241 2243 2242 2220 2221 2223 2222
1752 2241 2214 2213 2243 2221 2209 2208 2223
1753 2099 2242 2244 2098 2092 2222 2224 2091
1754 2242 2243 2245 2244 2222 2223 2225 2224
1755 2243 2213 2212 2245 2223 2208 2207 2225
1756 2098 2244 2246 2097 2091 2224 2226 2090
1757 2244 2245 2247 2246 2224 2225 2227 2226
1758 2245 2212 2211 2247 2225 2207 2206 2227
1759 2097 2246 2248 2096 2090 2226 2228 2089
1760 2246 2247 2249 2248 2226 2227 2229 2228
1761 2247 2211 2210 2249 2227 2206 2205 2229
1762 2096 2248 1887 1885 2089 2228 1883 1881
1763 2248 2249 1886 1887 2228 2229 1882 1883
1764 2249 2210 1876 1886 2229 2205 1872 1882
1765 1564 1566 1651 1607 2256 2273 2278 2260
1766 1566 1565 1652 1651 2273 2272 2279 2278
1767 1565 1563 1629 1652 2272 2199 2204 2279
1768 1607 1651 1653 1608 2260 2278 2280 2261
1769 1651 1652 1654 1653 2278 2279 2281 2280
1770 1652 1629 1630 1654 2279 2204 2203 2281
1771 1608 1653 354 177 2261 2280 2266 2254
1772 1653 1654 353 354 2280 2281 2267 2266
1773 1654 1630 287 353 2281 2203 2094 2267
1774 2256 2273 2278 2260 2257 2271 2282 2258
1775 2273 2272 2279 2278 2271 2270 2283 2282
1776 2272 2199 2204 2279 2270 2200 2202 2283
1777 2260 2278 2280 2261 2258 2282 2284 2259
1778 2278 2279 2281 2280 2282 2283 2285 2284
1779 2279 2204 2203 2281 2283 2202 2201 2285
1780 2261 2280 2266 2254 2259 2284 2264 2255
1781 2280 2281 2267 2266 2284 2285 2265 2264
1782 2281 2203 2094 2267 2285 2201 2095 2265
1783 2257 2271 2282 2258 2250 2269 2275 2252
1784 2271 2270 2283 2282 2269 2268 2277 2275
1785 2270 2200 2202 2283 2268 2196 2198 2277
1786 2258 2282 2284 2259 2252 2275 2274 2253
1787 2282 2283 2285 2284 2275 2277 2276 2274
1788 2283 2202 2201 2285 2277 2198 2197 2276
1789 2259 2284 2264 2255 2253 2274 2262 2251
1790 2284 2285 2265 2264 2274 2276 2263 2262
1791 2285 2201 2095 2265 2276 2197 2088 2263
1846 2340 2344 2351 2349 2342 2346 2359 2355
1847 2344 2343 2353 2351 2346 2348 2360 2359
1848 2343 936 970 2353 2348 938 1026 2360
1849 2349 2351 2352 2350 2355 2359 2361 2357
1850 2351 2353 2354 2352 2359 2360 2362 2361
1851 2353 970 971 2354 2360 1026 1027 2362
1852 2350 2352 2021 2017 2357 2361 2025 2019
1853 2352 2354 2020 2021 2361 2362 2027 2025
1854 2354 971 969 2020 2362 1027 1002 2027
1855 2342 2346 2359 2355 2341 2345 2363 2356
1856 2346 2348 2360 2359 2345 2347 2364 2363
1857 2348 938 1026 2360 2347 937 1024 2364
1858 2355 2359 2361 2357 2356 2363 2365 2358
1859 2359 2360 2362 2361 2363 2364 2366 2365
1860 2360 1026 1027 2362 2364 1024 1025 2366
1861 2357 2361 2025 2019 2358 2365 2024 2018
1862 2361 2362 2027 2025 2365 2366 2026 2024
1863 2362 1027 1002 2027 2366 1025 1003 2026
1864 2341 2345 2363 2356 2286 2290 2291 2287
1865 2345 2347 2364 2363 2290 2289 2293 2291
1866 2347 937 1024 2364 2289 178 255 2293
1867 2356 2363 2365 2358 2287 2291 2292 2288
1868 2363 2364 2366 2365 2291 2293 2294 2292
1869 2364 1024 1025 2366 2293 255 256 2294
1870 2358 2365 2024 2018 2288 2292 2023 2016
1871 2365 2366 2026 2024 2292 2294 2022 2023
1872 2366 1025 1003 2026 2294 256 254 2022
1522 1266 1268 1354 1300 1983 2003 2008 1987
1523 1268 1267 1355 1354 2003 2002 2009 2008
1524 1267 1068 1134 1355 2002 1992 1997 2009
1525 1300 1354 1356 1301 1987 2008 2010 1988
1526 1354 1355 1357 1356 2008 2009 2011 2010
1527 1355 1134 1135 1357 2009 1997 1996 2011
1528 1301 1356 1332 1299 1988 2010 1918 1914
1529 1356 1357 1333 1332 2010 2011 1919 1918
1530 1357 1135 485 1333 2011 1996 1912 1919
1531 1983 2003 2008 1987 1984 2001 2012 1985
1532 2003 2002 2009 2008 2001 2000 2013 2012
1533 2002 1992 1997 2009 2000 1993 1995 2013
1534 1987 2008 2010 1988 1985 2012 2014 1986
1535 2008 2009 2011 2010 2012 2013 2015 2014
1536 2009 1997 1996 2011 2013 1995 1994 2015
1537 1988 2010 1918 1914 1986 2014 1916 1915
1538 2010 2011 1919 1918 2014 2015 1917 1916
1539 2011 1996 1912 1919 2015 1994 1913 1917
1540 1984 2001 2012 1985 1980 1999 2005 1981
1541 2001 2000 2013 2012 1999 1998 2007 2005
1542 2000 1993 1995 2013 1998 1989 1991 2007
1543 1985 2012 2014 1986 1981 2005 2004 1982
1544 2012 2013 2015 2014 2005 2007 2006 2004
1545 2013 1995 1994 2015 2007 1991 1990 2006
1546 1986 2014 1916 1915 1982 2004 1910 1908
1547 2014 2015 1917 1916 2004 2006 1911 1910
1548 2015 1994 1913 1917 2006 1990 1909 1911
1441 2 4 133 46 1866 1895 1900 1870
1442 4 3 134 133 1895 1894 1901 1900
1443 3 1 112 134 1894 1884 1889 1901
1444 46 133 135 47 1870 1900 1902 1871
1445 133 134 136 135 1900 1901 1903 1902
1446 134 112 111 136 1901 1889 1888 1903
1447 47 135 79 45 1871 1902 1879 1864
1448 135 136 80 79 1902 1903 1880 1879
1449 136 111 78 80 1903 1888 1875 1880
1450 1866 1895 1900 1870 1867 1893 1904 1868
1451 1895 1894 1901 1900 1893 1892 1905 1904
1452 1894 1884 1889 1901 1892 1885 1887 1905
1453 1870 1900 1902 1871 1868 1904 1906 1869
1454 1900 1901 1903 1902 1904 1905 1907 1906
1455 1901 1889 1888 1903 1905 1887 1886 1907
1456 1871 1902 1879 1864 1869 1906 1877 1865
1457 1902 1903 1880 1879 1906 1907 1878 1877
1458 1903 1888 1875 1880 1907 1886 1876 1878
1459 1867 1893 1904 1868 1860 1891 1897 1862
1460 1893 1892 1905 1904 1891 1890 1899 1897
1461 1892 1885 1887 1905 1890 1881 1883 1899
1462 1868 1904 1906 1869 1862 1897 1896 1863
1463 1904 1905 1907 1906 1897 1899 1898 1896
1464 1905 1887 1886 1907 1899 1883 1882 1898
1465 1869 1906 1877 1865 1863 1896 1873 1861
1466 1906 1907 1878 1877 1896 1898 1874 1873
1467 1907 1886 1876 1878 1898 1882 1872 1874
