 2
           0           0           6
           1           7          13
           2          14          20
           3          21          27
           4          28          34
           5          35          41
           6          42          48
           7          49          55
           8          56          62
           9          63          69
          10          70          76
          11          77          83
          12          84          90
          13          91          97
          14          98         104
          15         105         110
          16         111         116
          17         117         122
          18         123         128
          19         129         134
          20         135         140
          21         141         146
          22         147         152
          23         153         158
          24         159         164
          25         165         170
          26         171         176
          27         177         182
          28         183         188
          29         189         194
          30         195         200
          31         201         206
