>
-115.5497 32.9312
-115.5418 32.9142
-115.5358 32.9028
-115.5277 32.8890
-115.5162 32.8702
-115.5033 32.8535
-115.4880 32.8372
-115.4757 32.8213
-115.4647 32.8068
-115.4520 32.7905
-115.4368 32.7762
-115.4235 32.7598
-115.4082 32.7432
-115.3963 32.7302
-115.3798 32.7143
-115.3710 32.7030
-115.3607 32.6887
-115.3508 32.6765
-115.3430 32.6670
>
-115.9218 32.9917
-115.9097 32.9848
-115.8937 32.9745
-115.8728 32.9655
-115.8398 32.9498
-115.8217 32.9410
-115.7983 32.9295
-115.7797 32.9228
-115.7628 32.9182
-115.7512 32.9132
-115.7382 32.9062
-115.7268 32.9002
-115.7127 32.8947
-115.7003 32.8878
>
-115.8392 33.0127
-115.8205 33.0068
-115.8017 33.0015
-115.7892 32.9973
-115.7755 32.9913
-115.7637 32.9850
-115.7512 32.9757
-115.7382 32.9647
-115.7258 32.9532
-115.7148 32.9427
-115.7033 32.9318
-115.6918 32.9238
-115.6808 32.9162
-115.6717 32.9097
-115.6633 32.9045
-115.6545 32.9012
-115.6427 32.8927
>
-117.3472 33.0552
-117.3402 33.0418
-117.3342 33.0290
-117.3243 33.0112
-117.3177 32.9977
-117.3128 32.9837
-117.3083 32.9702
-117.3038 32.9572
-117.2980 32.9447
-117.2925 32.9317
-117.2882 32.9213
-117.2815 32.9072
-117.2745 32.8908
-117.2687 32.8758
-117.2627 32.8617
-117.2542 32.8492
-117.2458 32.8388
-117.2333 32.8270
-117.2233 32.8150
-117.2153 32.8037
-117.2048 32.7897
-117.1978 32.7783
-117.1918 32.7640
-117.1883 32.7530
-117.1835 32.7413
-117.1772 32.7268
-117.1687 32.7127
-117.1610 32.7002
-117.1505 32.6857
-117.1398 32.6692
-117.1317 32.6557
-117.1237 32.6408
-117.1193 32.6292
>
-118.7102 33.1937
-118.6978 33.1828
-118.6843 33.1702
-118.6613 33.1512
-118.6422 33.1357
-118.6252 33.1250
-118.6037 33.1017
-118.5828 33.0847
-118.5670 33.0722
-118.5523 33.0602
-118.5353 33.0433
-118.5233 33.0305
-118.5097 33.0143
-118.4958 32.9982
-118.4803 32.9803
-118.4688 32.9657
-118.4537 32.9503
-118.4357 32.9300
-118.4227 32.9193
-118.4042 32.9063
-118.3897 32.8923
-118.3763 32.8823
-118.3558 32.8633
-118.3415 32.8472
-118.3243 32.8282
-118.3115 32.8143
-118.2980 32.8005
-118.2832 32.7857
-118.2677 32.7747
-118.2520 32.7612
-118.2377 32.7482
-118.2172 32.7338
-118.2068 32.7263
-118.1953 32.7160
-118.1827 32.7027
-118.1658 32.6877
-118.1512 32.6738
-118.1365 32.6622
-118.1202 32.6515
-118.1022 32.6403
-118.0808 32.6268
-118.0620 32.6155
-118.0428 32.6043
-118.0268 32.5932
-118.0107 32.5823
-117.9893 32.5687
-117.9663 32.5545
-117.9492 32.5435
-117.9273 32.5315
-117.9023 32.5177
-117.8782 32.5027
-117.8552 32.4857
-117.8405 32.4743
-117.8258 32.4612
-117.8153 32.4568
>
-118.4718 33.8922
-118.4640 33.8787
-118.4550 33.8657
-118.4433 33.8545
-118.4295 33.8438
-118.4162 33.8312
-118.3983 33.8175
-118.3823 33.8068
-118.3673 33.7978
-118.3513 33.7897
-118.3317 33.7783
-118.3135 33.7678
-118.2965 33.7572
-118.2778 33.7475
-118.2590 33.7348
-118.2435 33.7207
-118.2305 33.7077
-118.2175 33.6948
-118.2020 33.6810
-118.1880 33.6663
-118.1742 33.6513
-118.1610 33.6325
-118.1503 33.6157
-118.1397 33.5983
-118.1312 33.5830
-118.1160 33.5625
-118.1052 33.5432
-118.0942 33.5262
-118.0795 33.5067
-118.0680 33.4870
-118.0608 33.4742
-118.0502 33.4550
-118.0387 33.4337
-118.0295 33.4167
-118.0203 33.3997
-118.0127 33.3835
-118.0045 33.3707
-117.9950 33.3602
>
-116.2448 33.9047
-116.2293 33.9037
-116.2192 33.9037
-116.2067 33.9040
-116.1895 33.9028
-116.1722 33.9002
-116.1542 33.8978
-116.1392 33.8973
-116.1140 33.9007
-116.0957 33.9017
-116.0728 33.9027
-116.0595 33.9063
-116.0482 33.9083
-116.0337 33.9128
-116.0117 33.9138
-115.9958 33.9110
-115.9792 33.9085
-115.9603 33.9087
-115.9333 33.9088
>
-117.6987 33.9677
-117.6882 33.9550
-117.6772 33.9423
-117.6628 33.9287
-117.6470 33.9112
-117.6323 33.8968
-117.6192 33.8837
-117.6093 33.8733
-117.5957 33.8608
-117.5823 33.8488
-117.5697 33.8365
-117.5550 33.8228
-117.5398 33.8102
-117.5257 33.7965
-117.5148 33.7872
-117.5037 33.7772
-117.4928 33.7663
-117.4797 33.7547
-117.4637 33.7425
-117.4512 33.7330
-117.4362 33.7227
-117.4212 33.7148
-117.4070 33.7087
-117.3927 33.7013
-117.3835 33.6888
-117.3807 33.6757
-117.3763 33.6627
-117.3622 33.6507
-117.3423 33.6398
-117.3228 33.6292
-117.2987 33.6128
-117.2787 33.5977
-117.2638 33.5905
-117.2447 33.5798
-117.2277 33.5677
-117.2143 33.5540
-117.1992 33.5408
-117.1815 33.5232
-117.1628 33.5072
-117.1397 33.4877
-117.1213 33.4703
-117.1040 33.4542
-117.0893 33.4418
-117.0677 33.4230
-117.0503 33.4083
-117.0348 33.3952
-117.0115 33.3758
-116.9887 33.3542
-116.9713 33.3408
-116.9535 33.3288
-116.9280 33.3142
-116.9012 33.3002
-116.8687 33.2828
-116.8437 33.2698
-116.8207 33.2598
-116.7983 33.2500
-116.7848 33.2438
-116.7692 33.2338
-116.7552 33.2253
-116.7370 33.2102
-116.7165 33.1947
-116.6885 33.1742
-116.6712 33.1608
-116.6550 33.1497
-116.6373 33.1378
-116.6172 33.1233
-116.5813 33.0947
-116.5608 33.0798
-116.5442 33.0682
-116.5242 33.0542
-116.5072 33.0403
-116.4947 33.0297
-116.4787 33.0192
-116.4648 33.0113
-116.4495 32.9993
-116.4318 32.9857
-116.4103 32.9767
-116.3872 32.9698
-116.3663 32.9668
-116.3428 32.9653
-116.3203 32.9647
-116.3007 32.9590
-116.2728 32.9437
-116.2577 32.9303
-116.2428 32.9062
-116.2305 32.8957
-116.2208 32.8845
-116.2088 32.8722
-116.1973 32.8603
-116.1888 32.8507
-116.1747 32.8388
-116.1603 32.8315
-116.1432 32.8268
-116.1245 32.8223
-116.1065 32.8195
-116.0868 32.8142
-116.0677 32.8057
-116.0503 32.7968
-116.0387 32.7907
-116.0255 32.7857
-116.0083 32.7812
>
-115.8937 32.6708
-115.8862 32.6585
-115.8693 32.6443
-115.8577 32.6328
>
-118.0178 33.9870
-118.0048 33.9803
-117.9858 33.9712
-117.9627 33.9622
-117.9313 33.9515
-117.9043 33.9452
-117.8790 33.9375
-117.8505 33.9282
-117.8203 33.9175
-117.7922 33.9073
-117.7665 33.8978
-117.7412 33.8860
-117.7173 33.8750
-117.6987 33.8707
-117.6772 33.8643
-117.6560 33.8603
-117.6357 33.8528
-117.6217 33.8460
-117.6022 33.8368
-117.5895 33.8303
-117.5767 33.8233
-117.5612 33.8125
-117.5478 33.8058
-117.5305 33.7977
-117.5105 33.7882
>
-116.6028 34.0177
-116.5848 34.0268
-116.5708 34.0377
-116.5542 34.0513
-116.5347 34.0628
-116.5140 34.0770
-116.4948 34.0877
-116.4715 34.0998
-116.4520 34.1083
-116.4322 34.1145
-116.4167 34.1197
-116.3872 34.1347
-116.3762 34.1382
-116.3543 34.1420
-116.3278 34.1445
-116.3033 34.1478
-116.2782 34.1462
-116.2512 34.1437
-116.2288 34.1425
-116.1910 34.1435
-116.1563 34.1393
-116.1162 34.1332
-116.0845 34.1288
-116.0530 34.1237
-116.0210 34.1202
-115.9993 34.1170
-115.9752 34.1137
-115.9478 34.1127
-115.9260 34.1108
-115.8988 34.1078
-115.8753 34.1038
-115.8488 34.0990
>
-118.3748 34.0208
-118.3692 34.0000
-118.3598 33.9895
-118.3537 33.9767
-118.3432 33.9632
-118.3327 33.9513
-118.3198 33.9373
-118.3057 33.9227
-118.2955 33.9092
-118.2837 33.8978
-118.2713 33.8863
-118.2557 33.8712
-118.2382 33.8587
-118.2213 33.8453
-118.2073 33.8315
-118.1912 33.8158
-118.1763 33.8028
-118.1608 33.7887
-118.1402 33.7722
-118.1203 33.7500
-118.1042 33.7470
-118.0863 33.7362
-118.0732 33.7260
-118.0573 33.7137
-118.0428 33.7017
-118.0248 33.6858
-118.0060 33.6687
-117.9918 33.6572
-117.9758 33.6453
-117.9598 33.6355
-117.9437 33.6265
-117.9303 33.6207
>
-118.5037 34.0268
-118.4873 34.0285
-118.4698 34.0345
-118.4523 34.0418
-118.4348 34.0508
-118.4172 34.0573
-118.4043 34.0635
-118.3912 34.0702
-118.3780 34.0757
-118.3597 34.0828
-118.3383 34.0887
-118.3225 34.0938
-118.3100 34.0953
-118.2963 34.0992
-118.2817 34.1033
-118.2713 34.1030
-118.2592 34.1060
-118.2502 34.1082
-118.2392 34.1098
-118.2235 34.1113
-118.2095 34.1115
-118.1968 34.1103
-118.1872 34.1098
-118.1747 34.1092
-118.1632 34.1088
-118.1498 34.1093
-118.1390 34.1073
>
-117.2488 34.0307
-117.2277 34.0232
-117.2063 34.0190
-117.1893 34.0183
-117.1693 34.0000
-117.1540 34.0000
-117.1320 34.0000
-117.1205 33.9997
-117.0857 33.9883
-117.0452 33.9838
-117.0298 33.9808
-117.0135 33.9762
-116.9983 33.9718
-116.9800 33.9678
-116.9563 33.9638
-116.9332 33.9575
-116.9068 33.9512
-116.8828 33.9485
-116.8648 33.9483
-116.8370 33.9468
-116.8168 33.9450
-116.7995 33.9440
-116.7798 33.9433
-116.7673 33.9442
-116.7448 33.9437
-116.7245 33.9422
-116.6918 33.9392
-116.6762 33.9388
-116.6552 33.9388
-116.6347 33.9362
-116.6160 33.9325
-116.5968 33.9285
-116.5735 33.9225
-116.5553 33.9175
-116.5363 33.9103
-116.5193 33.9052
-116.4972 33.8963
-116.4732 33.8883
-116.4473 33.8792
-116.4182 33.8697
-116.3900 33.8593
-116.3637 33.8477
-116.3457 33.8397
-116.3298 33.8317
-116.3122 33.8213
-116.2897 33.8092
-116.2617 33.7927
>
-118.9218 34.0373
-118.9088 34.0363
-118.8912 34.0362
-118.8722 34.0362
-118.8522 34.0362
-118.8350 34.0373
-118.8223 34.0383
-118.8062 34.0340
-118.7878 34.0285
-118.7662 34.0272
-118.7452 34.0280
-118.7243 34.0268
-118.7082 34.0268
-118.6947 34.0280
-118.6683 34.0268
-118.6577 34.0253
-118.6473 34.0237
-118.6258 34.0220
-118.6100 34.0207
-118.5968 34.0200
-118.5805 34.0197
-118.5633 34.0208
-118.5513 34.0218
-118.5398 34.0223
-118.5292 34.0227
-118.5172 34.0238
>
-120.0555 34.0937
-120.0428 34.0888
-120.0000 34.0938
>
-119.9867 34.0507
-119.9728 34.0473
-119.9563 34.0438
-119.9347 34.0368
-119.9103 34.0287
-119.9003 34.0268
-119.8863 34.0255
-119.8702 34.0228
-119.8508 34.0190
-119.8302 34.0157
-119.8100 34.0103
-119.7892 34.0068
-119.7683 34.0032
-119.7497 33.9992
-119.7282 33.9953
-119.7042 33.9903
-119.6803 33.9843
-119.6590 33.9815
-119.6363 33.9772
-119.6123 33.9718
-119.5908 33.9703
-119.5688 33.9698
-119.5478 33.9708
-119.5248 33.9720
-119.5047 33.9727
-119.4883 33.9732
-119.4707 33.9735
-119.4493 33.9757
-119.4303 33.9770
-119.4162 33.9773
>
-118.1257 34.1067
-118.1157 34.1068
-118.1047 34.1097
-118.0933 34.1127
-118.0805 34.1152
-118.0692 34.1193
-118.0585 34.1242
-118.0453 34.1303
-118.0298 34.1362
-118.0162 34.1408
-118.0043 34.1448
-117.9958 34.1483
-117.9848 34.1548
>
-119.2538 34.2237
-119.2402 34.2283
-119.2277 34.2318
-119.2117 34.2373
-119.1963 34.2420
-119.1802 34.2478
-119.1623 34.2588
-119.1462 34.2702
-119.1347 34.2797
-119.1222 34.2888
-119.1088 34.2988
-119.0975 34.3087
-119.0863 34.3158
-119.0765 34.3213
-119.0673 34.3280
-119.0592 34.3348
-119.0497 34.3400
-119.0350 34.3452
-119.0198 34.3473
-119.0048 34.3470
-118.9893 34.3442
-118.9730 34.3432
-118.9572 34.3462
-118.9412 34.3507
-118.9253 34.3592
-118.9117 34.3647
-118.9007 34.3667
-118.8898 34.3672
-118.8788 34.3672
-118.8670 34.3672
-118.8535 34.3672
>
-118.4693 34.2820
-118.4498 34.2853
-118.4342 34.2853
-118.4192 34.2865
-118.4043 34.2863
-118.3858 34.2860
-118.3658 34.2813
-118.3452 34.2758
-118.3268 34.2728
-118.3090 34.2690
-118.2968 34.2618
-118.2847 34.2500
-118.2713 34.2473
-118.2558 34.2367
-118.2403 34.2263
-118.2260 34.2178
-118.2123 34.2120
-118.1945 34.2053
-118.1748 34.1992
-118.1632 34.1963
-118.1472 34.1923
-118.1353 34.1890
-118.1250 34.1853
-118.1105 34.1805
-118.0967 34.1745
-118.0877 34.1718
-118.0698 34.1652
-118.0590 34.1615
-118.0468 34.1587
-118.0298 34.1558
-118.0157 34.1533
-118.0018 34.1488
-117.9857 34.1463
-117.9687 34.1455
-117.9523 34.1420
-117.9373 34.1402
-117.9212 34.1392
-117.9073 34.1378
-117.8900 34.1373
-117.8772 34.1377
-117.8573 34.1372
-117.8428 34.1377
-117.8310 34.1390
-117.8107 34.1345
-117.8017 34.1305
-117.7867 34.1257
-117.7742 34.1213
-117.7598 34.1178
-117.7427 34.1137
-117.7252 34.1120
-117.6962 34.1160
-117.6863 34.1193
-117.6792 34.1243
-117.6708 34.1312
-117.6623 34.1363
-117.6533 34.1427
-117.6392 34.1487
-117.6263 34.1498
-117.6150 34.1530
-117.5980 34.1550
-117.5798 34.1573
-117.5592 34.1583
-117.5393 34.1608
-117.5188 34.1618
-117.4998 34.1642
-117.4813 34.1673
-117.4650 34.1700
-117.4505 34.1730
-117.4370 34.1748
-117.4280 34.1767
-117.4172 34.1782
-117.4083 34.1797
>
-117.6218 34.3103
-117.6085 34.2987
-117.5907 34.2908
-117.5648 34.2797
-117.5417 34.2500
-117.5272 34.2500
-117.5057 34.2457
-117.4802 34.2325
-117.4538 34.2125
-117.4402 34.2065
-117.4258 34.1972
-117.4130 34.1877
-117.3928 34.1708
-117.3732 34.1510
-117.3642 34.1393
-117.3523 34.1282
-117.3397 34.1155
-117.3232 34.0997
-117.3053 34.0827
-117.2897 34.0668
-117.2722 34.0515
-117.2587 34.0397
-117.2483 34.0293
-117.2348 34.0163
-117.2177 34.0000
-117.2028 33.9922
-117.1853 33.9778
-117.1705 33.9650
-117.1567 33.9540
-117.1452 33.9440
-117.1318 33.9337
-117.1230 33.9240
-117.1170 33.9152
-117.1077 33.9020
-117.0983 33.8917
-117.0885 33.8813
-117.0793 33.8702
-117.0633 33.8527
-117.0478 33.8398
-117.0345 33.8273
-117.0170 33.8118
-117.0045 33.8008
-116.9867 33.7858
-116.9620 33.7717
-116.9425 33.7580
-116.9172 33.7415
-116.8973 33.7273
-116.8738 33.7133
-116.8492 33.7007
-116.8242 33.6868
-116.7978 33.6697
-116.7773 33.6568
-116.7547 33.6425
-116.7148 33.6182
-116.6847 33.5948
-116.6692 33.5862
-116.6562 33.5775
-116.6468 33.5717
-116.6318 33.5653
-116.6053 33.5538
-116.5897 33.5428
-116.5703 33.5263
-116.5498 33.5112
-116.5337 33.5003
-116.5112 33.4848
-116.4888 33.4753
-116.4667 33.4643
-116.4427 33.4457
-116.4182 33.4333
-116.3923 33.4207
-116.3698 33.4107
-116.3383 33.3942
-116.3133 33.3810
-116.2995 33.3717
-116.2878 33.3618
-116.2673 33.3498
-116.2465 33.3415
-116.2282 33.3313
-116.2087 33.3205
-116.1910 33.3103
-116.1762 33.2997
-116.1537 33.2873
-116.1413 33.2790
-116.1252 33.2657
>
-117.1053 33.9108
-117.0923 33.8985
-117.0780 33.8867
-117.0622 33.8748
-117.0407 33.8615
-117.0233 33.8493
-117.0087 33.8397
-116.9918 33.8273
-116.9788 33.8188
-116.9622 33.8093
-116.9508 33.8027
-116.9372 33.7968
-116.9245 33.7942
-116.9080 33.7923
-116.8932 33.7923
-116.8808 33.7930
-116.8705 33.7920
-116.8562 33.7842
-116.8407 33.7727
-116.8233 33.7588
-116.8098 33.7472
-116.7913 33.7302
-116.7793 33.7232
-116.7693 33.7173
-116.7562 33.7113
-116.7408 33.7033
-116.7265 33.6957
-116.7093 33.6857
-116.6962 33.6798
-116.6767 33.6703
>
-116.5182 33.4837
-116.5142 33.4697
-116.5098 33.4588
-116.5008 33.4465
-116.4903 33.4362
-116.4772 33.4250
-116.4623 33.4155
-116.4490 33.4070
-116.4365 33.3972
-116.4237 33.3870
-116.4108 33.3772
-116.3973 33.3687
-116.3838 33.3573
-116.3723 33.3497
-116.3597 33.3395
-116.3472 33.3302
-116.3342 33.3192
-116.3182 33.3032
-116.3018 33.2882
-116.2878 33.2757
-116.2720 33.2613
-116.2585 33.2485
-116.2447 33.2385
-116.2307 33.2253
-116.2185 33.2143
-116.2058 33.2052
-116.1833 33.1967
-116.1682 33.1902
-116.1580 33.1812
-116.1472 33.1707
-116.1377 33.1620
-116.1275 33.1515
-116.1188 33.1432
-116.1043 33.1332
-116.0903 33.1248
-116.0750 33.1145
-116.0613 33.1017
-116.0477 33.0892
-116.0347 33.0742
-116.0213 33.0587
-116.0087 33.0418
-115.9950 33.0282
-115.9837 33.0177
-115.9752 33.0117
>
-116.6385 33.5718
-116.6232 33.5677
-116.6078 33.5607
-116.5925 33.5547
-116.5763 33.5457
-116.5588 33.5363
-116.5413 33.5280
-116.5272 33.5230
-116.5098 33.5137
-116.4917 33.5058
-116.4742 33.5017
-116.4582 33.4982
-116.4427 33.4928
-116.4272 33.4858
-116.4118 33.4778
-116.3952 33.4688
-116.3742 33.4573
-116.3562 33.4483
-116.3393 33.4413
-116.3262 33.4375
-116.3077 33.4293
-116.2942 33.4267
-116.2783 33.4225
>
-118.7500 34.3470
-118.7400 34.3428
-118.7288 34.3390
-118.7130 34.3377
-118.6988 34.3358
-118.6828 34.3328
-118.6670 34.3298
-118.6507 34.3252
-118.6373 34.3223
-118.6242 34.3177
-118.6107 34.3132
-118.5957 34.3062
-118.5808 34.3007
-118.5667 34.2962
-118.5518 34.2917
-118.5378 34.2893
-118.5277 34.2902
-118.5155 34.2937
-118.5065 34.2992
-118.4978 34.3068
-118.4893 34.3143
-118.4807 34.3183
-118.4703 34.3232
-118.4592 34.3242
-118.4473 34.3227
-118.4303 34.3248
-118.4197 34.3252
-118.4078 34.3237
-118.3953 34.3210
-118.3818 34.3172
-118.3673 34.3153
-118.3557 34.3167
-118.3458 34.3183
-118.3337 34.3183
-118.3158 34.3188
>
-119.9145 34.4202
-119.8908 34.4178
-119.8738 34.4182
-119.8543 34.4178
-119.8250 34.4187
-119.8022 34.4203
-119.7810 34.4210
-119.7532 34.4242
-119.7322 34.4287
-119.7117 34.4338
-119.6917 34.4348
-119.6652 34.4333
-119.6408 34.4288
-119.6188 34.4272
-119.5982 34.4242
-119.5772 34.4203
-119.5583 34.4160
-119.5400 34.4137
-119.5222 34.4128
-119.5035 34.4112
-119.4873 34.4088
-119.4690 34.4068
-119.4480 34.4027
-119.4320 34.4002
-119.4152 34.3992
-119.4022 34.3978
-119.3892 34.3988
-119.3722 34.4017
-119.3515 34.4043
-119.3338 34.4077
-119.3160 34.4108
-119.3017 34.4137
-119.2837 34.4133
-119.2638 34.4190
-119.2522 34.4213
-119.2383 34.4247
-119.2183 34.4293
-119.2078 34.4318
-119.1893 34.4348
-119.1740 34.4372
-119.1572 34.4372
-119.1402 34.4337
-119.1275 34.4303
-119.1142 34.4272
-119.0968 34.4223
>
-119.0745 34.4200
-119.0647 34.4190
-119.0537 34.4172
-119.0407 34.4160
-119.0280 34.4132
-119.0138 34.4110
-119.0002 34.4108
-118.9875 34.4117
-118.9753 34.4170
-118.9678 34.4227
-118.9593 34.4295
-118.9492 34.4347
-118.9408 34.4393
-118.9307 34.4413
-118.9225 34.4328
-118.9202 34.4260
-118.9193 34.4173
-118.9168 34.4108
-118.9118 34.4033
-118.9057 34.3977
-118.8992 34.3922
-118.8915 34.3872
-118.8830 34.3828
-118.8693 34.3802
-118.8532 34.3792
-118.8437 34.3783
>
-120.3043 34.4363
-120.2892 34.4472
-120.2823 34.4557
-120.2698 34.4672
-120.2560 34.4772
-120.2423 34.4830
-120.2300 34.4933
-120.2063 34.5058
-120.1968 34.5117
-120.1865 34.5193
-120.1788 34.5243
-120.1677 34.5273
-120.1535 34.5287
-120.1338 34.5320
-120.1113 34.5382
-120.0942 34.5442
-120.0767 34.5488
-120.0568 34.5508
-120.0000 34.5513
-119.9803 34.5513
-119.9632 34.5480
-119.9477 34.5438
-119.9328 34.5400
-119.9157 34.5370
-119.8977 34.5380
-119.8813 34.5397
-119.8665 34.5412
-119.8508 34.5423
-119.8308 34.5413
-119.8117 34.5388
-119.7932 34.5327
-119.7688 34.5238
-119.7488 34.5158
-119.7300 34.5092
-119.7072 34.5027
-119.6923 34.4983
-119.6807 34.4970
-119.6688 34.4952
-119.6548 34.4925
-119.6378 34.4908
-119.6207 34.4883
-119.6037 34.4858
-119.5887 34.4838
-119.5712 34.4818
-119.5483 34.4803
-119.5313 34.4800
-119.5103 34.4802
-119.4913 34.4803
-119.4653 34.4813
-119.4438 34.4847
-119.4207 34.4867
-119.4012 34.4878
-119.3813 34.4910
-119.3650 34.4928
-119.3432 34.4933
-119.3252 34.4942
-119.3070 34.4948
-119.2923 34.4957
-119.2783 34.4998
-119.2640 34.5028
-119.2505 34.5068
-119.2337 34.5098
-119.2217 34.5132
-119.2060 34.5163
-119.1875 34.5177
-119.1692 34.5200
-119.1508 34.5215
-119.1293 34.5220
-119.1103 34.5247
-119.0907 34.5273
-119.0752 34.5298
-119.0573 34.5327
-119.0427 34.5350
-119.0288 34.5392
-119.0142 34.5445
-118.9997 34.5502
-118.9797 34.5525
-118.9553 34.5567
-118.9327 34.5617
-118.9040 34.5693
-118.8812 34.5758
>
-116.4873 34.4815
-116.4813 34.4767
-116.4722 34.4688
-116.4637 34.4628
-116.4472 34.4538
-116.4340 34.4485
-116.4202 34.4412
-116.4032 34.4278
-116.3878 34.4120
-116.3788 34.4028
-116.3647 34.3878
-116.3540 34.3782
-116.3407 34.3642
-116.3337 34.3557
-116.3208 34.3418
-116.3088 34.3318
-116.3000 34.3232
-116.2852 34.3097
-116.2780 34.3003
-116.2650 34.2807
>
-116.7590 34.5397
-116.7553 34.5272
-116.7523 34.5157
-116.7478 34.5037
-116.7387 34.4850
-116.7307 34.4692
-116.7242 34.4552
-116.7178 34.4422
-116.7098 34.4277
-116.7022 34.4127
-116.6922 34.3968
-116.6835 34.3848
-116.6710 34.3718
-116.6557 34.3575
-116.6408 34.3455
-116.6227 34.3343
-116.6023 34.3267
-116.5813 34.3193
-116.5638 34.3143
-116.5435 34.3072
-116.5292 34.3032
-116.5153 34.2993
>
-119.3992 34.6577
-119.3948 34.6515
-119.3882 34.6478
-119.3727 34.6442
-119.3600 34.6400
-119.3473 34.6302
-119.3413 34.6247
-119.3332 34.6192
-119.3223 34.6138
-119.3135 34.6113
-119.3027 34.6102
-119.2872 34.6078
-119.2710 34.6050
-119.2573 34.6020
-119.2425 34.5970
-119.2273 34.5937
-119.2117 34.5902
-119.2007 34.5892
-119.1858 34.5868
-119.1743 34.5847
-119.1648 34.5813
-119.1522 34.5758
-119.1378 34.5690
-119.1243 34.5650
-119.1107 34.5640
-119.0957 34.5640
-119.0828 34.5637
-119.0707 34.5633
-119.0565 34.5640
-119.0417 34.5650
-119.0257 34.5658
-119.0117 34.5658
-118.9978 34.5662
-118.9848 34.5665
-118.9703 34.5675
-118.9583 34.5698
-118.9462 34.5740
-118.9312 34.5793
-118.9222 34.5837
-118.9117 34.5868
-118.9017 34.5957
-118.8910 34.6007
-118.8802 34.6038
-118.8692 34.6060
-118.8577 34.6077
-118.8443 34.6090
-118.8298 34.6105
-118.8163 34.6108
-118.8063 34.6113
-118.7947 34.6103
-118.7843 34.6092
-118.7663 34.6078
>
-119.7185 34.6728
-119.7058 34.6728
-119.6875 34.6723
-119.6777 34.6713
-119.6670 34.6705
-119.6537 34.6697
-119.6418 34.6678
-119.6282 34.6667
-119.6167 34.6642
-119.6008 34.6650
-119.5878 34.6642
-119.5758 34.6632
-119.5492 34.6663
-119.5307 34.6657
-119.5153 34.6642
-119.5018 34.6637
-119.4877 34.6632
-119.4763 34.6618
-119.4633 34.6612
-119.4485 34.6598
-119.4375 34.6607
-119.4117 34.6598
-119.3978 34.6597
-119.3790 34.6618
-119.3592 34.6657
-119.3397 34.6682
-119.3217 34.6715
-119.3047 34.6768
-119.2922 34.6803
-119.2818 34.6862
-119.2740 34.6913
-119.2628 34.6982
-119.2520 34.7027
-119.2357 34.7083
-119.2162 34.7123
-119.2020 34.7172
-119.1903 34.7208
-119.1778 34.7245
-119.1667 34.7282
-119.1570 34.7328
-119.1458 34.7365
-119.1380 34.7403
-119.1262 34.7442
-119.1097 34.7492
-119.0963 34.7547
-119.0863 34.7588
-119.0740 34.7623
-119.0625 34.7682
-119.0503 34.7752
-119.0408 34.7838
-119.0340 34.7877
-119.0157 34.7962
-119.0002 34.8042
-118.9903 34.8132
>
-116.8760 34.6747
-116.8598 34.6612
-116.8468 34.6508
-116.8345 34.6385
-116.8202 34.6265
-116.8075 34.6125
-116.7952 34.6002
-116.7837 34.5868
-116.7715 34.5625
-116.7620 34.5582
-116.7518 34.5433
-116.7402 34.5288
-116.7318 34.5150
-116.7198 34.4948
-116.7137 34.4822
-116.7050 34.4675
-116.6938 34.4483
-116.6873 34.4363
-116.6777 34.4213
-116.6667 34.4027
-116.6568 34.3872
-116.6493 34.3755
-116.6418 34.3672
>
-116.5535 34.7017
-116.5473 34.6895
-116.5437 34.6768
-116.5382 34.6652
-116.5303 34.6563
-116.5177 34.6463
-116.4997 34.6307
-116.4918 34.6243
-116.4812 34.6137
-116.4697 34.6018
-116.4532 34.5857
-116.4392 34.5625
-116.4272 34.5607
-116.4138 34.5487
-116.4012 34.5377
-116.3903 34.5247
-116.3758 34.5095
-116.3623 34.4968
-116.3490 34.4857
-116.3288 34.4688
-116.3175 34.4587
-116.2927 34.4370
-116.2752 34.4193
-116.2620 34.4052
-116.2525 34.3963
-116.2397 34.3843
-116.2187 34.3672
>
-118.9060 34.7617
-118.8935 34.7517
-118.8870 34.7427
-118.8807 34.7338
-118.8718 34.7235
-118.8633 34.7090
-118.8530 34.7030
-118.8442 34.6918
-118.8345 34.6812
-118.8267 34.6707
-118.8198 34.6635
-118.8143 34.6567
-118.8028 34.6468
-118.7920 34.6390
-118.7833 34.6302
-118.7727 34.6208
-118.7612 34.6102
-118.7500 34.6022
-118.7363 34.5828
-118.7290 34.5773
-118.7198 34.5703
-118.7102 34.5617
-118.7008 34.5547
-118.6905 34.5482
-118.6792 34.5398
-118.6683 34.5328
-118.6557 34.5205
-118.6433 34.5088
-118.6333 34.4998
-118.6233 34.4893
-118.6113 34.4758
-118.5998 34.4613
-118.5870 34.4477
-118.5768 34.4387
-118.5627 34.4298
-118.5502 34.4213
-118.5337 34.4100
-118.5190 34.4020
-118.5027 34.3948
-118.4875 34.3878
-118.4717 34.3823
-118.4578 34.3747
-118.4443 34.3672
-118.4295 34.3592
-118.4182 34.3553
-118.3990 34.3497
-118.3782 34.3428
-118.3647 34.3383
-118.3467 34.3330
-118.3288 34.3260
-118.3113 34.3173
-118.2990 34.3122
-118.2848 34.3048
-118.2662 34.2960
-118.2468 34.2873
-118.2218 34.2723
-118.2083 34.2638
-118.1908 34.2500
-118.1770 34.2433
-118.1657 34.2328
-118.1512 34.2215
-118.1342 34.2093
-118.1223 34.2022
-118.1015 34.1862
>
-116.8190 34.7618
-116.8057 34.7487
-116.7885 34.7350
-116.7735 34.7248
-116.7610 34.7182
-116.7365 34.7005
-116.7107 34.6843
-116.6823 34.6647
-116.6572 34.6445
-116.6390 34.6297
-116.6308 34.6235
-116.6237 34.6145
-116.6108 34.6055
-116.5935 34.5927
-116.5830 34.5832
-116.5697 34.5625
-116.5595 34.5618
-116.5492 34.5518
-116.5383 34.5387
-116.5253 34.5255
-116.5122 34.5123
-116.5037 34.4992
-116.4972 34.4877
>
-116.4843 34.8327
-116.4718 34.8127
-116.4652 34.7952
-116.4592 34.7812
-116.4527 34.7693
-116.4438 34.7573
-116.4330 34.7425
-116.4217 34.7283
-116.4128 34.7127
-116.4035 34.6993
-116.3912 34.6780
-116.3797 34.6610
-116.3717 34.6455
-116.3660 34.6303
-116.3612 34.6178
-116.3530 34.6017
-116.3472 34.5898
-116.3398 34.5625
-116.3313 34.5563
-116.3212 34.5392
-116.3048 34.5292
-116.2907 34.5158
-116.2740 34.5027
-116.2582 34.4858
-116.2500 34.4733
-116.2383 34.4622
-116.2293 34.4455
-116.2178 34.4327
-116.2023 34.4230
-116.1865 34.4133
-116.1665 34.4017
-116.1477 34.3843
-116.1327 34.3672
-116.1188 34.3560
-116.1003 34.3323
-116.0862 34.3127
-116.0697 34.2887
-116.0590 34.2695
-116.0482 34.2500
-116.0342 34.2415
-116.0108 34.2263
-115.9958 34.2202
-115.9808 34.2108
-115.9685 34.2012
-115.9563 34.1945
-115.9432 34.1832
-115.9242 34.1667
-115.9097 34.1492
-115.8822 34.1062
-115.8728 34.0908
>
-117.3797 34.8437
-117.3752 34.8357
-117.3638 34.8237
-117.3522 34.8188
-117.3302 34.7968
-117.3217 34.7837
-117.3183 34.7768
-117.3138 34.7678
-117.3062 34.7590
-117.2882 34.7440
-117.2803 34.7388
-117.2562 34.7212
-117.2422 34.7113
-117.2318 34.7040
-117.2210 34.6932
-117.1982 34.6693
-117.1768 34.6517
-117.1657 34.6403
-117.1512 34.6283
-117.1327 34.6143
-117.1192 34.6018
-117.1102 34.5947
-117.0913 34.5793
-117.0798 34.5625
-117.0563 34.5392
-117.0497 34.5297
-117.0420 34.5195
-117.0357 34.5120
-117.0258 34.5022
-117.0165 34.4922
-116.9955 34.4757
-116.9838 34.4633
-116.9718 34.4548
-116.9537 34.4397
-116.9367 34.4237
-116.9282 34.4147
-116.9167 34.4038
-116.9043 34.3950
-116.8878 34.3832
-116.8747 34.3713
-116.8635 34.3623
-116.8528 34.3543
-116.8372 34.3427
-116.8143 34.3237
-116.7998 34.3118
-116.7835 34.2987
-116.7748 34.2917
-116.7648 34.2853
-116.7487 34.2745
-116.7143 34.2500
>
-117.2643 34.3065
-117.2563 34.3143
-117.2475 34.3255
-117.2382 34.3350
-117.2290 34.3463
-117.2215 34.3562
-117.2117 34.3692
-117.2048 34.3802
-117.1987 34.3918
-117.1888 34.4042
-117.1797 34.4105
-117.1678 34.4170
-117.1563 34.4213
-117.1430 34.4257
-117.1222 34.4283
-117.1083 34.4293
-117.0950 34.4273
-117.0837 34.4262
-117.0745 34.4235
-117.0623 34.4175
-117.0513 34.4127
-117.0372 34.4028
-117.0258 34.3928
-117.0167 34.3850
-117.0027 34.3763
-116.9893 34.3708
-116.9658 34.3657
-116.9513 34.3627
-116.9348 34.3603
-116.9197 34.3573
-116.9063 34.3553
-116.8938 34.3537
-116.8828 34.3532
-116.8717 34.3518
-116.8470 34.3498
-116.8225 34.3432
-116.8083 34.3407
-116.7937 34.3382
-116.7823 34.3353
-116.7677 34.3328
-116.7473 34.3293
-116.7292 34.3298
-116.7030 34.3302
-116.6897 34.3352
-116.6710 34.3367
>
-118.7188 34.9057
-118.6972 34.9110
-118.6843 34.9173
-118.6675 34.9247
>
-118.4427 35.0047
-118.4262 35.0142
-118.4060 35.0272
-118.3870 35.0393
-118.3720 35.0488
-118.3542 35.0607
-118.3297 35.0718
-118.3050 35.0870
-118.2760 35.1008
-118.2452 35.1142
-118.2255 35.1265
-118.2082 35.1348
-118.1962 35.1413
-118.1727 35.1542
-118.1450 35.1692
-118.1207 35.1847
-118.0945 35.2013
-118.0763 35.2163
-118.0530 35.2353
-118.0308 35.2497
-117.9983 35.2722
-117.9818 35.2848
-117.9503 35.3015
-117.9302 35.3120
-117.9113 35.3237
-117.8918 35.3338
-117.8670 35.3472
-117.8483 35.3593
-117.8333 35.3693
-117.8177 35.3782
-117.7958 35.3912
-117.7723 35.4052
-117.7507 35.4140
-117.7287 35.4242
-117.7013 35.4362
-117.6703 35.4487
-117.6407 35.4562
-117.6045 35.4665
-117.5675 35.4767
-117.5278 35.4858
-117.5048 35.4907
-117.4795 35.4955
-117.4318 35.5108
-117.4067 35.5193
-117.3873 35.5242
-117.3660 35.5283
-117.3402 35.5352
-117.3143 35.5423
-117.2883 35.5480
-117.2673 35.5527
-117.2465 35.5577
-117.2143 35.5650
-117.1950 35.5677
-117.1693 35.5727
-117.1372 35.5788
-117.1118 35.5823
-117.0873 35.5877
-117.0645 35.5913
-117.0422 35.5945
-117.0177 35.5977
-116.9893 35.6025
-116.9693 35.6053
-116.9485 35.6082
-116.9188 35.6093
-116.8952 35.6093
-116.8732 35.6093
-116.8453 35.6045
-116.8132 35.6003
-116.7883 35.5977
-116.7673 35.5973
-116.7408 35.5977
-116.7152 35.5957
-116.6863 35.5967
-116.6515 35.5967
-116.6192 35.5977
-116.5937 35.5967
-116.5702 35.5958
-116.5427 35.5955
-116.5128 35.5958
-116.4857 35.5957
-116.4562 35.5972
-116.4272 35.5998
-116.4002 35.6003
-116.3722 35.6027
-116.3532 35.6023
-116.3328 35.6020
>
-118.8988 34.8185
-118.8857 34.8183
-118.8727 34.8200
-118.8565 34.8228
-118.8412 34.8285
-118.8228 34.8357
-118.8078 34.8425
-118.7877 34.8483
-118.7687 34.8603
-118.7602 34.8647
-118.7447 34.8752
-118.7242 34.8857
-118.7018 34.8952
>
-119.2887 34.9365
-119.2648 34.9388
-119.2523 34.9425
-119.2408 34.9448
>
-119.0652 35.0008
-119.0525 35.0015
>
-118.9563 34.9357
-118.9413 34.9353
>
-118.8758 34.9318
-118.8515 34.9317
>
-116.2328 34.9532
-116.2205 34.9427
-116.2108 34.9315
-116.2010 34.9212
-116.1950 34.9087
-116.1933 34.8918
-116.1938 34.8760
-116.1973 34.8573
-116.1998 34.8422
-116.2002 34.8288
-116.1975 34.8133
-116.1918 34.8000
-116.1842 34.7872
-116.1750 34.7723
-116.1685 34.7608
-116.1662 34.7478
-116.1648 34.7332
-116.1603 34.7185
-116.1523 34.7058
-116.1418 34.6947
-116.1295 34.6787
-116.1132 34.6603
-116.1012 34.6473
-116.0820 34.6283
-116.0628 34.6102
-116.0475 34.5932
-116.0332 34.5758
-116.0183 34.5563
-116.0017 34.5417
-115.9842 34.5278
-115.9663 34.5122
-115.9510 34.4988
-115.9297 34.4832
-115.9047 34.4660
-115.8825 34.4482
-115.8615 34.4327
>
-116.9142 34.9788
-116.9053 34.9697
-116.8972 34.9532
-116.8738 34.9458
-116.8572 34.9393
-116.8455 34.9347
-116.8282 34.9292
-116.8090 34.9240
-116.7933 34.9193
-116.7748 34.9127
-116.7625 34.9053
-116.7460 34.8922
-116.7357 34.8803
-116.7287 34.8722
-116.7173 34.8613
-116.7088 34.8542
-116.6838 34.8367
-116.6582 34.8138
-116.6478 34.8027
-116.6342 34.7883
-116.6157 34.7687
-116.6042 34.7567
-116.5843 34.7373
-116.5652 34.7197
-116.5537 34.7077
-116.5425 34.6988
-116.5358 34.6908
-116.5263 34.6837
-116.5157 34.6772
-116.5002 34.6672
>
-119.0227 35.0062
-119.0073 35.0142
-118.9952 35.0213
-118.9842 35.0272
-118.9657 35.0402
-118.9480 35.0493
-118.9363 35.0550
-118.9213 35.0635
-118.9110 35.0715
-118.9025 35.0792
-118.8945 35.0858
-118.8842 35.0937
-118.8705 35.1048
-118.8573 35.1140
-118.8400 35.1243
-118.8292 35.1312
-118.8148 35.1407
-118.7980 35.1537
-118.7798 35.1672
-118.7713 35.1753
-118.7617 35.1875
-118.7533 35.1937
-118.7458 35.1998
-118.7338 35.2015
-118.7123 35.2065
-118.6992 35.2108
-118.6872 35.2193
-118.6787 35.2277
-118.6715 35.2338
-118.6637 35.2395
-118.6533 35.2468
-118.6403 35.2508
-118.6238 35.2582
-118.6102 35.2658
-118.6010 35.2715
-118.5927 35.2768
-118.5842 35.2838
-118.5758 35.2933
-118.5688 35.3032
-118.5642 35.3107
-118.5572 35.3168
-118.5480 35.3262
-118.5418 35.3377
>
-119.0843 35.0812
-119.0640 35.0812
-119.0527 35.0808
-119.0388 35.0828
-119.0262 35.0792
>
-119.0065 35.1113
-118.9938 35.1142
-118.9812 35.1200
-118.9648 35.1262
-118.9463 35.1323
-118.9278 35.1363
-118.9123 35.1375
-118.8977 35.1405
-118.8840 35.1453
-118.8745 35.1527
-118.8695 35.1608
-118.8635 35.1662
-118.8528 35.1677
-118.8420 35.1667
>
-120.0078 35.0420
-119.9993 35.0353
-119.9887 35.0300
-119.9773 35.0220
-119.9627 35.0098
>
-119.8933 34.9605
-119.8833 34.9570
-119.8738 34.9490
-119.8563 34.9422
-119.8395 34.9372
-119.8242 34.9358
-119.8045 34.9333
-119.7870 34.9293
-119.7728 34.9237
-119.7500 34.9200
-119.7348 34.9082
-119.7257 34.9050
-119.7078 34.8965
-119.6952 34.8878
-119.6823 34.8812
-119.6687 34.8727
-119.6578 34.8685
-119.6485 34.8597
-119.6483 34.8462
-119.6363 34.8390
-119.6292 34.8343
-119.6232 34.8303
-119.6150 34.8248
-119.6043 34.8190
-119.5952 34.8143
-119.5853 34.8090
-119.5763 34.8040
-119.5667 34.8018
-119.5558 34.7993
-119.5452 34.7978
-119.5352 34.7975
-119.5215 34.7948
-119.5110 34.7927
-119.5042 34.7898
-119.4868 34.7812
-119.4753 34.7748
-119.4642 34.7682
-119.4550 34.7617
-119.4452 34.7548
-119.4360 34.7462
-119.4280 34.7408
-119.4163 34.7347
-119.4058 34.7282
-119.3953 34.7207
-119.3843 34.7122
-119.3722 34.7003
-119.3652 34.6943
-119.3578 34.6880
-119.3398 34.6670
>
-117.7582 35.2157
-117.7467 35.2108
-117.7307 35.2043
-117.7083 35.1953
-117.6888 35.1867
-117.6722 35.1797
-117.6555 35.1715
-117.6372 35.1608
-117.6230 35.1492
-117.6100 35.1407
-117.5963 35.1313
-117.5802 35.1252
-117.5597 35.1157
-117.5322 35.0992
-117.5068 35.0848
-117.4808 35.0688
-117.4583 35.0573
-117.4413 35.0475
-117.4223 35.0383
-117.4018 35.0303
-117.3735 35.0192
-117.3482 35.0092
-117.3258 35.0018
>
-117.2750 34.9532
-117.2607 34.9532
-117.2447 34.9472
-117.2132 34.9308
-117.1953 34.9202
-117.1797 34.9122
-117.1598 34.9040
-117.1342 34.8868
-117.1168 34.8770
-117.1065 34.8712
-117.0935 34.8633
-117.0807 34.8582
-117.0673 34.8488
-117.0562 34.8415
-117.0482 34.8362
-117.0378 34.8278
-117.0285 34.8202
-117.0212 34.8152
-117.0098 34.8062
-116.9985 34.8003
-116.9883 34.7947
-116.9798 34.7877
-116.9695 34.7833
-116.9592 34.7755
-116.9427 34.7638
-116.9295 34.7523
-116.9197 34.7407
-116.9082 34.7223
-116.8992 34.7062
-116.8937 34.6992
-116.8897 34.6927
-116.8833 34.6825
-116.8745 34.6728
>
-117.5752 35.3168
-117.5673 35.3088
-117.5590 35.3023
-117.5447 35.2897
-117.5322 35.2790
-117.5097 35.2668
-117.4867 35.2513
-117.4698 35.2405
-117.4535 35.2302
-117.4327 35.2187
-117.4162 35.2100
-117.3950 35.1992
-117.3793 35.1875
-117.3593 35.1822
-117.3342 35.1693
-117.3202 35.1617
-117.2942 35.1468
-117.2670 35.1267
-117.2393 35.1102
-117.2157 35.0903
-117.1882 35.0683
-117.1620 35.0455
-117.1417 35.0298
-117.1290 35.0213
-117.1153 35.0088
-117.0948 35.0000
-117.0903 34.9820
-117.0763 34.9702
-117.0547 34.9532
-117.0393 34.9477
-117.0233 34.9365
-117.0067 34.9282
-116.9888 34.9145
-116.9750 34.9017
-116.9640 34.8905
-116.9492 34.8770
>
-117.4108 35.4567
-117.3885 35.4395
-117.3702 35.4245
-117.3577 35.4108
-117.3422 35.3985
-117.3308 35.3750
-117.3053 35.3677
-117.2862 35.3487
-117.2807 35.3398
-117.2638 35.3233
-117.2497 35.3072
-117.2393 35.2930
-117.2248 35.2728
-117.2178 35.2617
-117.2048 35.2412
-117.1883 35.2223
-117.1697 35.2062
-117.1517 35.1883
-117.1337 35.1768
-117.1093 35.1468
-117.0992 35.1327
>
-119.0958 35.5955
-119.0890 35.5887
-119.0827 35.5820
-119.0773 35.5735
-119.0717 35.5617
>
-119.0175 35.4997
-119.0172 35.4908
-119.0168 35.4813
-119.0168 35.4707
-119.0190 35.4578
-119.0245 35.4478
-119.0287 35.4405
>
-118.8763 35.4193
-118.8663 35.4105
-118.8552 35.4022
-118.8437 35.3943
-118.8312 35.3867
-118.8187 35.3803
-118.8053 35.3743
-118.7948 35.3693
-118.7842 35.3627
-118.7727 35.3563
>
-118.8637 35.3457
-118.8453 35.3453
-118.8303 35.3447
-118.8152 35.3447
-118.8050 35.3432
>
-118.8198 35.4050
-118.8083 35.3982
-118.7963 35.3923
>
-120.2740 35.6722
-120.2753 35.6642
-120.2748 35.6553
-120.2743 35.6430
-120.2728 35.6340
-120.2725 35.6257
-120.2708 35.6178
-120.2692 35.6098
-120.2647 35.6008
-120.2572 35.5897
-120.2510 35.5778
-120.2433 35.5655
-120.2375 35.5555
-120.2313 35.5445
-120.2263 35.5348
-120.2208 35.5228
-120.2165 35.5112
-120.2103 35.4997
-120.2017 35.4855
-120.1943 35.4768
-120.1862 35.4677
-120.1793 35.4592
-120.1718 35.4468
-120.1658 35.4352
-120.1583 35.4223
-120.1527 35.4093
-120.1467 35.3935
-120.1440 35.3783
-120.1413 35.3683
-120.1400 35.3578
-120.1393 35.3488
-120.1392 35.3367
-120.1333 35.3268
-120.1250 35.3180
-120.1180 35.3100
-120.1083 35.3002
-120.0982 35.2918
-120.0893 35.2857
-120.0813 35.2783
-120.0697 35.2670
-120.0588 35.2572
-120.0488 35.2475
-120.0402 35.2393
-120.0303 35.2297
-120.0193 35.2185
-120.0113 35.2103
-120.0037 35.2007
-119.9968 35.1922
-119.9907 35.1842
-119.9723 35.1687
-119.9682 35.1632
-119.9603 35.1558
-119.9523 35.1502
-119.9417 35.1425
>
-120.2308 35.5403
-120.2285 35.5248
-120.2260 35.5142
-120.2233 35.5058
-120.2202 35.4968
-120.2202 35.4815
-120.2207 35.4707
-120.2202 35.4623
-120.2193 35.4543
-120.2168 35.4453
-120.2115 35.4375
-120.2045 35.4302
-120.1977 35.4217
-120.1902 35.4110
-120.1823 35.3997
-120.1762 35.3912
-120.1700 35.3820
-120.1647 35.3732
-120.1598 35.3653
-120.1550 35.3578
-120.1505 35.3428
>
-116.8220 36.3998
-116.8117 36.3873
-116.8022 36.3715
-116.7928 36.3612
-116.7872 36.3493
-116.7762 36.3125
-116.7707 36.3045
-116.7682 36.2908
-116.7655 36.2797
-116.7637 36.2698
-116.7647 36.2558
-116.7632 36.2402
-116.7602 36.2187
-116.7590 36.2048
-116.7593 36.1898
-116.7582 36.1732
-116.7543 36.1593
-116.7482 36.1518
-116.7388 36.1397
-116.7315 36.1272
-116.7242 36.1143
-116.7193 36.0953
-116.7202 36.0868
-116.7255 36.0782
-116.7325 36.0702
-116.7383 36.0627
-116.7422 36.0528
-116.7427 36.0415
-116.7363 36.0283
-116.7305 36.0173
-116.7227 36.0082
-116.7142 35.9905
-116.7072 35.9740
-116.7020 35.9657
-116.6973 35.9492
-116.6898 35.9332
-116.6737 35.9158
-116.6548 35.8960
-116.6442 35.8855
-116.6330 35.8772
-116.6222 35.8617
-116.6087 35.8492
-116.5988 35.8323
-116.5887 35.8138
-116.5790 35.8032
-116.5662 35.7857
-116.5452 35.7635
>
-116.4502 35.6740
-116.4177 35.6508
-116.3832 35.6322
-116.3557 35.6177
-116.3332 35.6048
-116.3197 35.5947
>
-116.9950 36.5345
-116.9838 36.5167
-116.9800 36.5033
>
-116.9392 36.4102
-116.9353 36.3947
-116.9338 36.3827
-116.9362 36.3672
-116.9357 36.3547
-116.9368 36.3410
-116.9373 36.3278
-116.9370 36.3133
-116.9352 36.2923
-116.9352 36.2823
-116.9348 36.2657
-116.9333 36.2488
-116.9332 36.2375
-116.9317 36.2223
-116.9288 36.2043
-116.9280 36.1862
-116.9270 36.1718
-116.9253 36.1497
-116.9238 36.1310
-116.9213 36.1122
-116.9143 36.0957
-116.9102 36.0898
-116.8997 36.0740
-116.8882 36.0567
-116.8730 36.0312
-116.8560 36.0218
-116.8398 36.0008
-116.8292 35.9843
-116.8205 35.9763
-116.8107 35.9608
>
-121.8072 36.6875
-121.7948 36.6838
-121.7803 36.6803
-121.7672 36.6758
-121.7558 36.6722
-121.7457 36.6692
-121.7355 36.6637
-121.7220 36.6590
-121.7110 36.6552
-121.7017 36.6503
-121.6920 36.6443
-121.6808 36.6375
-121.6698 36.6307
-121.6597 36.6243
-121.6490 36.6187
-121.6382 36.6133
-121.6250 36.6052
-121.6133 36.5975
-121.6007 36.5890
-121.5923 36.5827
-121.5837 36.5755
-121.5748 36.5682
-121.5648 36.5602
-121.5522 36.5458
-121.5448 36.5377
-121.5342 36.5268
-121.5262 36.5182
-121.5207 36.5000
-121.5067 36.4927
-121.4977 36.4857
-121.4808 36.4673
-121.4712 36.4618
-121.4597 36.4523
-121.4500 36.4438
-121.4403 36.4353
-121.4302 36.4273
-121.4183 36.4192
-121.4077 36.4100
-121.3978 36.4012
-121.3912 36.3918
-121.3850 36.3807
-121.3778 36.3718
-121.3730 36.3602
-121.3665 36.3493
-121.3622 36.3400
-121.3578 36.3317
-121.3528 36.3227
-121.3438 36.3125
-121.3368 36.3027
-121.3307 36.2942
-121.3235 36.2852
-121.3150 36.2768
-121.3060 36.2677
-121.2962 36.2598
-121.2863 36.2530
-121.2792 36.2458
-121.2722 36.2393
-121.2638 36.2318
-121.2550 36.2247
-121.2500 36.2167
-121.2372 36.2052
-121.2290 36.1958
-121.2192 36.1858
-121.2078 36.1748
-121.1960 36.1625
-121.1847 36.1518
-121.1753 36.1407
-121.1658 36.1302
-121.1530 36.1172
-121.1407 36.1043
-121.1285 36.0918
-121.1185 36.0815
-121.1033 36.0678
-121.0910 36.0558
-121.0812 36.0422
-121.0678 36.0278
-121.0552 36.0147
-121.0483 36.0038
-121.0397 35.9928
-121.0275 35.9797
-121.0182 35.9658
-121.0083 35.9532
-120.9972 35.9388
-120.9863 35.9257
-120.9757 35.9105
-120.9608 35.8920
-120.9455 35.8727
-120.9330 35.8532
-120.9230 35.8383
-120.9113 35.8228
-120.8937 35.8040
-120.8750 35.7898
-120.8677 35.7733
-120.8515 35.7580
-120.8308 35.7430
-120.8150 35.7295
-120.7987 35.7127
-120.7830 35.6978
-120.7695 35.6823
-120.7538 35.6660
-120.7385 35.6533
-120.7203 35.6367
-120.7113 35.6240
-120.6937 35.6103
-120.6838 35.5973
-120.6697 35.5785
-120.6605 35.5625
-120.6503 35.5438
-120.6398 35.5247
-120.6312 35.5057
-120.6187 35.4822
-120.6078 35.4607
-120.5980 35.4408
-120.5902 35.4263
-120.5807 35.4085
-120.5700 35.3928
-120.5593 35.3767
-120.5473 35.3605
-120.5378 35.3452
-120.5000 35.3273
-120.5000 35.3158
-120.4938 35.3057
-120.4843 35.2973
>
-121.3985 36.8357
-121.3900 36.8220
-121.3825 36.8132
-121.3742 36.8052
-121.3657 36.7992
-121.3537 36.7892
-121.3400 36.7755
-121.3278 36.7643
-121.3173 36.7547
-121.3090 36.7463
-121.2975 36.7357
-121.2868 36.7267
-121.2747 36.7168
-121.2647 36.7088
-121.2500 36.6943
-121.2428 36.6848
-121.2327 36.6757
-121.2205 36.6653
-121.2103 36.6562
-121.2025 36.6463
-121.1947 36.6380
-121.1853 36.6288
-121.1753 36.6217
-121.1642 36.6118
-121.1512 36.6007
-121.1388 36.5918
-121.1263 36.5808
-121.1128 36.5688
-121.0975 36.5550
-121.0817 36.5412
-121.0672 36.5282
-121.0548 36.5163
-121.0418 36.5000
-121.0290 36.4920
-121.0183 36.4798
-121.0095 36.4663
>
-118.2830 36.8973
-118.2868 36.8750
-118.2963 36.8737
-118.3027 36.8603
-118.3058 36.8477
-118.3068 36.8357
-118.3058 36.8252
-118.3048 36.8135
-118.3035 36.8027
-118.3013 36.7912
-118.2987 36.7793
-118.2938 36.7658
-118.2913 36.7568
-118.2852 36.7463
-118.2788 36.7357
-118.2723 36.7253
-118.2647 36.7178
-118.2588 36.7108
-118.2517 36.7013
-118.2463 36.6932
-118.2418 36.6852
-118.2387 36.6775
-118.2337 36.6678
-118.2303 36.6598
-118.2273 36.6500
-118.2240 36.6407
-118.2183 36.6278
-118.2105 36.6172
-118.1998 36.6042
-118.1913 36.5937
-118.1840 36.5862
-118.1777 36.5782
-118.1652 36.5643
-118.1518 36.5518
-118.1385 36.5387
-118.1258 36.5272
-118.1018 36.5073
>
-118.0557 36.4432
-118.0527 36.4360
-118.0475 36.4245
-118.0392 36.3997
-118.0372 36.3893
-118.0348 36.3773
-118.0340 36.3665
-118.0327 36.3540
-118.0337 36.3437
-118.0358 36.3322
-118.0380 36.3218
-118.0387 36.3125
-118.0382 36.3017
-118.0370 36.2912
-118.0327 36.2783
-118.0248 36.2657
-118.0172 36.2547
-118.0100 36.2445
-118.0008 36.2300
-117.9943 36.2158
-117.9900 36.1987
-117.9880 36.1837
-117.9888 36.1697
-117.9895 36.1563
-117.9900 36.1422
-117.9907 36.1250
-117.9917 36.1153
-117.9893 36.0937
-117.9818 36.0730
-117.9747 36.0553
-117.9680 36.0413
-117.9605 36.0237
-117.9522 36.0023
-117.9450 35.9860
-117.9337 35.9698
-117.9238 35.9580
-117.8983 35.9375
-117.8983 35.9292
-117.8843 35.9105
-117.8742 35.8880
-117.8740 35.8717
-117.8773 35.8437
-117.8787 35.8323
-117.8783 35.8080
-117.8783 35.7902
-117.8787 35.7782
-117.8775 35.7578
-117.8742 35.7500
-117.8707 35.7205
-117.8678 35.7058
-117.8670 35.6927
-117.8707 35.6807
-117.8763 35.6702
-117.8983 35.6582
-117.8983 35.6432
-117.9028 35.6300
-117.9105 35.6203
-117.9207 35.6110
-117.9305 35.6040
-117.9438 35.5930
-117.9550 35.5858
-117.9678 35.5797
-117.9795 35.5735
-117.9912 35.5688
-118.0027 35.5642
-118.0127 35.5625
-118.0173 35.5522
-118.0210 35.5438
-118.0268 35.5268
-118.0307 35.5087
-118.0328 35.5022
-118.0337 35.4892
-118.0353 35.4765
-118.0370 35.4603
-118.0388 35.4453
-118.0388 35.4297
-118.0393 35.4132
-118.0383 35.3967
-118.0370 35.3750
-118.0330 35.3628
-118.0302 35.3502
-118.0267 35.3382
-118.0235 35.3275
-118.0202 35.3150
-118.0170 35.3043
-118.0135 35.2955
-118.0070 35.2813
-118.0028 35.2722
>
-117.9433 36.9223
-117.9413 36.8997
-117.9393 36.8813
-117.9353 36.8662
-117.9297 36.8507
-117.9250 36.8378
-117.9168 36.8172
-117.9102 36.8018
-117.8983 36.7812
-117.8938 36.7678
-117.8847 36.7523
-117.8742 36.7382
-117.8638 36.7227
-117.8562 36.7110
-117.8462 36.6875
-117.8355 36.6838
-117.8252 36.6692
-117.8113 36.6592
-117.7863 36.6508
-117.7602 36.6412
-117.7320 36.6320
-117.7055 36.6212
-117.6833 36.6118
-117.6570 36.5982
-117.6297 36.5810
-117.5967 36.5587
-117.5867 36.5517
-117.5655 36.5425
-117.5443 36.5323
-117.5207 36.5232
-117.4973 36.5127
-117.4748 36.5032
>
-117.3957 36.5000
-117.3963 36.4252
-117.3887 36.4143
-117.3783 36.3988
-117.3682 36.3853
-117.3605 36.3735
-117.3513 36.3588
-117.3448 36.3502
-117.3392 36.3403
-117.3307 36.3288
-117.3235 36.3187
-117.3105 36.3062
-117.2952 36.2948
-117.2803 36.2837
-117.2637 36.2672
-117.2517 36.2557
-117.2393 36.2403
-117.2300 36.2187
-117.2212 36.2067
-117.2153 36.1920
-117.2097 36.1782
-117.2052 36.1638
>
-117.4333 36.3358
-117.4223 36.3272
-117.4247 36.3125
-117.4223 36.2980
-117.4165 36.2872
-117.4132 36.2725
-117.4108 36.2613
-117.4093 36.2472
-117.4050 36.2332
-117.3992 36.2188
-117.3833 36.1958
-117.3723 36.1828
-117.3657 36.1678
-117.3593 36.1567
-117.3537 36.1250
-117.3413 36.1167
-117.3380 36.1043
-117.3342 36.0883
-117.3318 36.0773
-117.3308 36.0633
-117.3300 36.0505
-117.3290 36.0423
-117.3278 36.0313
-117.3265 36.0195
-117.3252 36.0078
>
-117.2082 36.0678
-117.2088 36.0528
-117.2103 36.0407
-117.2097 36.0283
-117.2112 36.0167
-117.2118 36.0018
-117.2117 35.9902
-117.2097 35.9770
-117.2070 35.9652
-117.2038 35.9513
-117.1975 35.9333
-117.1935 35.9193
-117.1893 35.9053
-117.1828 35.8907
-117.1762 35.8740
-117.1722 35.8547
-117.1658 35.8388
-117.1562 35.8237
-117.1450 35.8027
-117.1378 35.7852
-117.1302 35.7733
-117.1205 35.7542
-117.1107 35.7500
-117.0997 35.7500
-117.0878 35.7190
-117.0722 35.7053
-117.0577 35.6942
-117.0450 35.6848
-117.0317 35.6772
-117.0143 35.6697
-116.9973 35.6613
-116.9788 35.6563
-116.9647 35.6480
-116.9505 35.6442
-116.9353 35.6367
-116.9212 35.6287
-116.9097 35.6195
-116.8977 35.6128
-116.8842 35.5993
>
-121.1452 37.0885
-121.1497 37.0818
-121.1523 37.0737
-121.1563 37.0602
-121.1538 37.0518
-121.1525 37.0430
-121.1473 37.0282
-121.1430 37.0222
-121.1362 37.0153
-121.1292 37.0088
-121.1178 36.9992
-121.1075 36.9895
-121.0973 36.9823
-121.0885 36.9747
-121.0793 36.9667
-121.0698 36.9595
-121.0612 36.9513
-121.0512 36.9423
-121.0422 36.9337
-121.0340 36.9228
-121.0247 36.9142
-121.0167 36.8977
-121.0122 36.8902
-121.0062 36.8812
-120.9978 36.8717
-120.9908 36.8597
-120.9832 36.8497
-120.9715 36.8368
-120.9607 36.8272
-120.9492 36.8162
-120.9428 36.8098
-120.9353 36.8032
-120.9285 36.7963
-120.9233 36.7888
-120.9157 36.7752
-120.9128 36.7658
-120.9122 36.7552
-120.9122 36.7453
-120.9102 36.7343
-120.9097 36.7237
-120.9087 36.7095
-120.9058 36.6995
-120.9003 36.6900
-120.8890 36.6782
>
-118.3483 37.5947
-118.3453 37.5782
-118.3430 37.5668
-118.3407 37.5557
-118.3377 37.5410
-118.3355 37.5260
-118.3317 37.5078
-118.3283 37.4957
-118.3237 37.4777
-118.3182 37.4630
-118.3142 37.4522
-118.3082 37.4375
-118.3015 37.4190
-118.2930 37.4002
-118.2882 37.3788
-118.2842 37.3593
-118.2777 37.3393
-118.2732 37.3173
-118.2685 37.2952
-118.2647 37.2702
-118.2612 37.2535
-118.2533 37.2320
-118.2452 37.2097
-118.2362 37.1892
-118.2278 37.1713
-118.2178 37.1488
-118.2127 37.1328
-118.2053 37.1133
-118.1993 37.0983
-118.1922 37.0820
-118.1882 37.0687
-118.1858 37.0518
>
-118.4532 37.3312
-118.4373 37.3238
-118.4217 37.3148
-118.4092 37.3033
-118.3982 37.2897
-118.3888 37.2758
-118.3830 37.2625
-118.3773 37.2500
-118.3738 37.2168
-118.3738 37.2032
-118.3738 37.1928
>
-118.3323 37.3007
-118.3285 37.2838
-118.3240 37.2642
-118.3202 37.2500
-118.3175 37.2143
-118.3183 37.1973
-118.3203 37.1817
-118.3220 37.1628
-118.3242 37.1460
-118.3242 37.1265
-118.3232 37.1103
-118.3243 37.0963
-118.3252 37.0835
>
-118.3178 37.2128
-118.3127 37.1995
-118.3082 37.1898
-118.3033 37.1747
-118.2977 37.1623
-118.2908 37.1497
-118.2830 37.1342
-118.2783 37.1192
-118.2753 37.1035
-118.2753 37.0890
-118.2757 37.0782
-118.2778 37.0625
-118.2792 37.0503
-118.2795 37.0400
-118.2803 37.0288
-118.2848 37.0157
-118.2870 37.0078
>
-118.3385 37.0477
-118.3372 37.0347
-118.3332 37.0213
-118.3317 37.0088
-118.3298 36.9938
-118.3322 36.9763
-118.3333 36.9607
>
-118.2392 37.0678
-118.2363 37.0558
-118.2288 37.0407
-118.2217 37.0228
-118.2188 37.0098
-118.2142 36.9963
-118.2068 36.9802
-118.2042 36.9625
-118.2018 36.9453
-118.1913 36.9303
-118.1895 36.9152
-118.1822 36.9022
-118.1747 36.8750
-118.1627 36.8652
-118.1518 36.8435
-118.1432 36.8230
-118.1350 36.8097
-118.1283 36.7998
-118.1205 36.7812
-118.1128 36.7695
-118.1098 36.7628
-118.0983 36.7402
-118.0930 36.7197
-118.0862 36.6975
-118.0788 36.6818
-118.0717 36.6652
-118.0652 36.6407
-118.0603 36.6290
-118.0567 36.6173
-118.0527 36.6043
-118.0473 36.5903
-118.0438 36.5772
-118.0413 36.5637
-118.0387 36.5468
-118.0360 36.5348
-118.0342 36.5183
-118.0322 36.5062
>
-118.0123 36.4370
-118.0073 36.4232
-118.0033 36.4083
-117.9983 36.3952
-117.9962 36.3768
-117.9953 36.3653
-117.9962 36.3538
-117.9977 36.3397
-117.9985 36.3270
-117.9992 36.3170
-117.9933 36.2937
-117.9893 36.2832
-117.9817 36.2723
-117.9732 36.2648
-117.9648 36.2545
>
-118.8082 37.6167
-118.8007 37.6033
-118.7967 37.5933
-118.7902 37.5800
-118.7860 37.5678
-118.7792 37.5553
-118.7707 37.5402
-118.7652 37.5267
-118.7588 37.5113
-118.7520 37.5002
-118.7437 37.4898
-118.7347 37.4742
>
-118.7403 37.5583
-118.7278 37.5452
-118.7188 37.5383
-118.7093 37.5312
-118.6952 37.5312
-118.6822 37.5288
-118.6697 37.5237
-118.6558 37.5170
-118.6437 37.5042
-118.6392 37.4962
-118.6358 37.4828
-118.6338 37.4708
-118.6320 37.4570
-118.6327 37.4375
-118.6425 37.4203
-118.6457 37.4105
-118.6492 37.4028
-118.6545 37.3962
-118.6622 37.3887
-118.6688 37.3788
-118.6713 37.3698
-118.6710 37.3568
-118.6697 37.3468
-118.6673 37.3363
-118.6645 37.3287
>
-118.6457 37.4028
-118.6377 37.3925
-118.6308 37.3872
-118.6242 37.3808
-118.6198 37.3752
-118.6162 37.3637
-118.6157 37.3512
-118.6180 37.3395
-118.6227 37.3260
-118.6283 37.3163
-118.6338 37.3018
-118.6335 37.2878
-118.6313 37.2738
-118.6268 37.2627
-118.6242 37.2552
>
-118.0862 37.6447
-118.0798 37.6250
-118.0703 37.6185
-118.0575 37.6058
-118.0448 37.5957
-118.0362 37.5867
-118.0220 37.5780
-118.0108 37.5712
-117.9953 37.5547
-117.9905 37.5467
-117.9803 37.5333
-117.9692 37.5207
-117.9617 37.5127
-117.9492 37.4995
-117.9373 37.4887
-117.9198 37.4763
-117.8983 37.4647
-117.8977 37.4563
-117.8898 37.4375
-117.8792 37.4332
-117.8518 37.4147
-117.8443 37.4058
-117.8328 37.3943
-117.8212 37.3823
-117.8060 37.3690
-117.7965 37.3608
-117.7698 37.3502
-117.7468 37.3413
-117.7318 37.3362
-117.7123 37.3303
-117.6965 37.3245
-117.6800 37.3143
-117.6630 37.3007
-117.6488 37.2858
-117.6333 37.2737
-117.6195 37.2613
>
-117.5592 37.2003
-117.5467 37.1850
-117.5315 37.1678
-117.5217 37.1562
-117.5062 37.1410
-117.4917 37.1265
-117.4783 37.1102
-117.4590 37.0913
-117.4412 37.0728
-117.4205 37.0538
-117.4073 37.0417
-117.3930 37.0310
-117.3773 37.0153
-117.3597 36.9983
-117.3418 36.9833
-117.3258 36.9637
-117.3063 36.9438
-117.2793 36.9115
-117.2657 36.8750
-117.2517 36.8740
-117.2393 36.8482
-117.2140 36.8282
-117.2032 36.8163
-117.1828 36.7920
-117.1607 36.7668
-117.1403 36.7452
-117.1232 36.7273
-117.1037 36.7095
-117.0855 36.6925
-117.0613 36.6758
-117.0462 36.6658
-117.0218 36.6500
-116.9942 36.6297
-116.9723 36.6172
-116.9482 36.6002
-116.9260 36.5820
-116.9023 36.5595
-116.8730 36.5428
-116.8672 36.5315
-116.8493 36.5200
>
-121.9883 37.8147
-121.9812 37.8007
-121.9765 37.7925
-121.9713 37.7847
-121.9652 37.7750
-121.9585 37.7647
-121.9517 37.7535
-121.9475 37.7442
-121.9435 37.7352
-121.9397 37.7257
-121.9353 37.7147
-121.9312 37.7053
-121.9252 37.6922
-121.9215 37.6858
-121.9137 37.6728
-121.9072 37.6633
-121.8988 37.6493
-121.8913 37.6382
-121.8880 37.6320
-121.8850 37.6250
-121.8758 37.6065
-121.8732 37.5982
-121.8658 37.5830
-121.8633 37.5753
-121.8578 37.5628
-121.8542 37.5555
-121.8473 37.5442
-121.8390 37.5297
-121.8353 37.5213
-121.8317 37.5133
-121.8262 37.5045
-121.8203 37.4892
-121.8168 37.4800
-121.8082 37.4642
-121.8032 37.4542
-121.7987 37.4465
-121.7910 37.4362
-121.7818 37.4252
-121.7767 37.4193
-121.7723 37.4143
-121.7672 37.4078
-121.7603 37.4007
-121.7527 37.3930
-121.7453 37.3838
-121.7385 37.3748
-121.7315 37.3653
-121.7233 37.3567
-121.7140 37.3453
-121.7073 37.3378
-121.7013 37.3313
-121.6928 37.3237
-121.6898 37.3162
-121.6853 37.3098
-121.6803 37.3028
-121.6767 37.2935
-121.6708 37.2827
-121.6660 37.2738
-121.6602 37.2653
-121.6547 37.2585
-121.6483 37.2485
-121.6422 37.2393
-121.6375 37.2297
-121.6327 37.2220
-121.6263 37.2123
-121.6250 37.2022
-121.6137 37.1947
-121.6060 37.1843
-121.5987 37.1752
-121.5882 37.1647
-121.5782 37.1532
-121.5647 37.1398
-121.5518 37.1247
-121.5408 37.1118
-121.5328 37.0992
-121.5255 37.0868
-121.5157 37.0703
-121.5063 37.0563
-121.4947 37.0358
-121.4852 37.0197
-121.4748 37.0008
-121.4647 36.9818
-121.4557 36.9645
-121.4465 36.9447
-121.4375 36.9292
-121.4322 36.9137
-121.4250 36.8958
-121.4172 36.8807
-121.4112 36.8705
-121.4052 36.8600
-121.3987 36.8492
-121.3875 36.8363
>
-122.6838 37.8983
-122.6868 37.8868
-122.6828 37.8688
-122.6778 37.8538
-122.6732 37.8392
-122.6665 37.8228
-122.6570 37.8045
-122.6485 37.7897
-122.6382 37.7722
-122.6277 37.7587
-122.6193 37.7478
-122.6098 37.7343
-122.6013 37.7232
-122.5902 37.7077
-122.5820 37.6878
-122.5783 37.6737
-122.5758 37.6570
-122.5695 37.6407
-122.5623 37.6192
-122.5562 37.6013
-122.5492 37.5852
-122.5447 37.5702
-122.5392 37.5547
-122.5333 37.5400
-122.5162 37.5197
-122.5063 37.5103
-122.4962 37.5013
-122.4887 37.4952
-122.4773 37.4822
-122.4677 37.4708
-122.4578 37.4533
-122.4477 37.4333
-122.4357 37.4147
-122.4292 37.4023
-122.4215 37.3893
-122.4170 37.3767
-122.4133 37.3678
-122.4092 37.3588
-122.3997 37.3408
>
-122.3873 37.3155
-122.3785 37.2968
-122.3712 37.2698
-122.3678 37.2500
-122.3618 37.2377
-122.3567 37.2233
-122.3512 37.2068
-122.3468 37.1858
-122.3402 37.1687
-122.3338 37.1550
-122.3252 37.1368
-122.3128 37.1145
-122.3007 37.0927
-122.2905 37.0737
-122.2778 37.0518
-122.2690 37.0358
-122.2578 37.0123
-122.2458 36.9893
-122.2363 36.9687
-122.2290 36.9518
-122.2173 36.9272
-122.2105 36.9132
-122.2023 36.9022
-122.1963 36.8875
-122.1825 36.8652
-122.1732 36.8402
-122.1675 36.8213
-122.1557 36.7935
-122.1483 36.7752
-122.1342 36.7353
-122.1238 36.7137
-122.1128 36.6915
-122.0977 36.6622
-122.0798 36.6367
-122.0658 36.6143
-122.0547 36.5955
-122.0468 36.5847
-122.0367 36.5713
-122.0253 36.5622
-121.9983 36.5315
-121.9888 36.5218
-121.9817 36.5000
-121.9725 36.4858
-121.9670 36.4715
-121.9503 36.4405
-121.9442 36.4347
-121.9352 36.4293
>
-122.3785 38.0000
-122.3680 38.0000
-122.3500 37.9933
-122.3422 37.9850
-122.3343 37.9753
-122.3297 37.9692
-122.3238 37.9617
-122.3180 37.9552
-122.3108 37.9487
-122.3040 37.9428
-122.2985 37.9373
-122.2908 37.9308
-122.2850 37.9253
-122.2813 37.9178
-122.2762 37.9103
-122.2703 37.9003
-122.2653 37.8910
-122.2592 37.8833
-122.2533 37.8757
-122.2465 37.8678
-122.2343 37.8573
-122.2282 37.8508
-122.2232 37.8435
-122.2168 37.8345
-122.2127 37.8242
-122.2070 37.8148
-122.1963 37.8042
-122.1878 37.7923
-122.1783 37.7812
-122.1727 37.7740
-122.1630 37.7613
-122.1538 37.7522
-122.1427 37.7402
-122.1332 37.7292
-122.1252 37.7188
-122.1170 37.7092
-122.1087 37.7002
-122.0957 37.6882
-122.0813 37.6755
-122.0688 37.6627
-122.0573 37.6512
-122.0453 37.6382
-122.0313 37.6250
-122.0187 37.6132
-122.0077 37.6002
-121.9975 37.5852
-121.9873 37.5733
-121.9763 37.5578
-121.9683 37.5468
-121.9603 37.5377
-121.9477 37.5252
-121.9380 37.5168
-121.9300 37.5093
-121.9203 37.4992
-121.9107 37.4893
-121.8978 37.4740
-121.8848 37.4615
-121.8735 37.4503
-121.8627 37.4400
-121.8525 37.4300
-121.8383 37.4178
-121.8277 37.4070
-121.8147 37.3950
-121.8042 37.3853
-121.7922 37.3738
-121.7822 37.3632
-121.7707 37.3507
-121.7590 37.3362
-121.7478 37.3212
-121.7383 37.3053
-121.7307 37.2910
-121.7215 37.2695
>
-122.0812 38.0000
-122.0667 38.0000
-122.0502 37.9990
-122.0430 37.9897
-122.0367 37.9798
-122.0303 37.9692
-122.0252 37.9607
-122.0180 37.9495
-122.0103 37.9378
-122.0030 37.9253
-121.9948 37.9148
-121.9867 37.9048
-121.9787 37.8970
-121.9672 37.8843
>
-122.1592 38.2293
-122.1503 38.2072
-122.1455 38.1952
-122.1375 38.1790
-122.1295 38.1603
-122.1178 38.1383
-122.1115 38.1262
-122.1043 38.1143
-122.0977 38.0978
-122.0827 38.0663
>
-122.7093 38.4630
-122.7038 38.4548
-122.6975 38.4472
-122.6927 38.4402
-122.6848 38.4313
-122.6782 38.4238
-122.6725 38.4168
-122.6653 38.4102
-122.6580 38.4020
-122.6500 38.3933
-122.6448 38.3855
-122.6405 38.3780
-122.6368 38.3705
-122.6317 38.3617
-122.6242 38.3523
-122.6173 38.3448
-122.6098 38.3367
-122.6032 38.3292
-122.5963 38.3202
-122.5893 38.3117
-122.5833 38.3058
-122.5762 38.2990
-122.5648 38.2898
-122.5562 38.2812
-122.5467 38.2753
-122.5327 38.2638
-122.5242 38.2567
-122.5127 38.2447
-122.5058 38.2360
-122.4988 38.2277
-122.4917 38.2192
-122.4832 38.2073
-122.4747 38.1978
-122.4637 38.1862
-122.4567 38.1775
-122.4502 38.1683
-122.4452 38.1635
-122.4368 38.1543
>
-122.9202 38.6923
-122.9108 38.6858
-122.9023 38.6803
-122.8947 38.6732
-122.8875 38.6662
-122.8827 38.6605
-122.8762 38.6528
-122.8662 38.6442
-122.8583 38.6358
-122.8533 38.6303
-122.8460 38.6237
-122.8392 38.6177
-122.8318 38.6115
-122.8262 38.6050
-122.8183 38.5978
-122.8118 38.5913
-122.8037 38.5833
-122.7937 38.5725
-122.7835 38.5602
-122.7748 38.5498
-122.7657 38.5385
-122.7548 38.5263
-122.7443 38.5157
-122.7357 38.5050
-122.7250 38.4933
-122.7175 38.4843
-122.7113 38.4772
-122.7028 38.4653
>
-122.9330 38.8230
-122.9258 38.8262
-122.9157 38.8270
-122.9083 38.8240
-122.9028 38.8197
-122.8958 38.8163
-122.8880 38.8142
-122.8785 38.8132
-122.8737 38.8085
-122.8658 38.8060
-122.8615 38.8007
-122.8538 38.7978
-122.8465 38.7950
-122.8383 38.7927
-122.8305 38.7897
-122.8240 38.7855
-122.8178 38.7810
-122.8115 38.7772
-122.8088 38.7707
-122.8030 38.7668
-122.7970 38.7630
-122.7870 38.7622
-122.7792 38.7593
-122.7718 38.7560
-122.7658 38.7508
>
-119.8055 38.8557
-119.7960 38.8452
-119.7912 38.8340
-119.7912 38.8223
-119.7960 38.8102
-119.7980 38.7982
-119.7998 38.7882
-119.8025 38.7765
-119.8057 38.7500
-119.8145 38.7458
-119.8212 38.7342
-119.8248 38.7282
-119.8295 38.7177
-119.8300 38.7028
-119.8273 38.6833
-119.8225 38.6663
-119.8168 38.6472
-119.8095 38.6308
-119.8038 38.6193
-119.7968 38.6068
-119.7903 38.6005
-119.7827 38.5937
-119.7798 38.5835
-119.7782 38.5650
>
-119.5482 38.6793
-119.5412 38.6625
-119.5323 38.6442
-119.5268 38.6242
-119.5195 38.6053
-119.5158 38.5880
-119.5087 38.5667
-119.4993 38.5473
-119.4878 38.5258
-119.4783 38.5117
-119.4695 38.5005
>
-119.1875 38.1587
-119.1827 38.1368
-119.1828 38.1183
-119.1807 38.0997
-119.1772 38.0803
-119.1768 38.0658
-119.1768 38.0495
-119.1727 38.0330
-119.1635 38.0152
-119.1498 37.9973
-119.1407 37.9852
-119.1272 37.9677
-119.1107 37.9495
-119.1008 37.9382
-119.0878 37.9195
>
-119.0532 37.7957
-119.0385 37.7767
-119.0233 37.7565
-119.0088 37.7338
-118.9952 37.7072
-118.9902 37.6878
-118.9843 37.6742
-118.9788 37.6593
>
-117.0335 35.4912
-117.0038 35.4860
-116.9710 35.4785
-116.9338 35.4730
-116.8973 35.4708
-116.8602 35.4687
-116.8273 35.4683
-116.7815 35.4653
-116.7508 35.4628
-116.7272 35.4678
-116.6798 35.4627
-116.6595 35.4595
-116.6302 35.4563
-116.5995 35.4523
-116.5640 35.4475
-116.5292 35.4453
-116.4878 35.4352
-116.4553 35.4348
-116.4210 35.4292
-116.3847 35.4178
-116.3622 35.3750
-116.3450 35.3750
>
-116.7798 35.3317
-116.7545 35.3298
-116.7278 35.3282
-116.6995 35.3282
-116.6723 35.3243
-116.6400 35.3233
-116.6128 35.3238
-116.5773 35.3283
-116.5577 35.3282
-116.5272 35.3297
-116.5068 35.3317
-116.4773 35.3317
-116.4490 35.3338
-116.4273 35.3347
-116.4022 35.3332
-116.3863 35.3307
-116.3678 35.3282
-116.3492 35.3282
>
-122.7975 38.8838
-122.7927 38.8767
-122.7877 38.8717
-122.7813 38.8678
-122.7752 38.8640
-122.7672 38.8575
-122.7613 38.8527
-122.7565 38.8470
-122.7522 38.8418
-122.7470 38.8373
-122.7413 38.8323
-122.7357 38.8282
-122.7298 38.8233
-122.7240 38.8177
-122.7180 38.8122
-122.7122 38.8058
-122.7060 38.8007
-122.6983 38.7957
-122.6918 38.7917
-122.6822 38.7873
-122.6725 38.7858
>
-123.6960 39.0070
-123.6920 39.0010
-123.6870 38.9950
-123.6830 38.9890
-123.6780 38.9830
-123.6740 38.9770
-123.6700 38.9710
-123.6650 38.9650
-123.6600 38.9600
-123.6560 38.9540
-123.6510 38.9490
-123.6460 38.9430
-123.6420 38.9370
-123.6380 38.9310
-123.6330 38.9260
-123.6270 38.9210
-123.6200 38.9180
-123.6150 38.9120
-123.6100 38.9070
-123.6060 38.9010
-123.6010 38.8960
-123.5960 38.8900
-123.5880 38.8810
-123.5830 38.8760
-123.5790 38.8700
-123.5750 38.8640
-123.5700 38.8590
-123.5660 38.8530
-123.5610 38.8480
-123.5560 38.8430
-123.5510 38.8370
-123.5460 38.8310
-123.5410 38.8260
-123.5360 38.8210
-123.5310 38.8150
-123.5250 38.8110
-123.5210 38.8040
-123.5160 38.7980
-123.5110 38.7930
-123.5060 38.7880
-123.4990 38.7840
-123.4950 38.7780
-123.4900 38.7720
-123.4850 38.7670
-123.4790 38.7630
-123.4760 38.7560
-123.4710 38.7510
-123.4660 38.7460
-123.4600 38.7420
-123.4550 38.7360
-123.4500 38.7310
-123.4450 38.7260
-123.4400 38.7210
-123.4350 38.7160
-123.4300 38.7110
-123.4250 38.7050
-123.4200 38.7000
-123.4150 38.6950
-123.4100 38.6900
-123.4050 38.6840
-123.4000 38.6790
-123.3940 38.6740
-123.3880 38.6690
-123.3840 38.6630
-123.3790 38.6580
-123.3740 38.6530
-123.3680 38.6480
-123.3630 38.6430
-123.3570 38.6380
-123.3510 38.6330
-123.3460 38.6280
-123.3410 38.6230
-123.3360 38.6180
-123.3300 38.6130
-123.3250 38.6070
-123.3190 38.6020
-123.3150 38.5960
-123.3100 38.5900
-123.3050 38.5840
-123.2990 38.5790
-123.2930 38.5750
-123.2880 38.5700
-123.2840 38.5640
-123.2790 38.5590
-123.2730 38.5540
-123.2670 38.5490
-123.2620 38.5430
-123.2570 38.5380
-123.2500 38.5330
-123.2450 38.5280
-123.2400 38.5230
-123.2340 38.5180
-123.2290 38.5130
-123.2240 38.5080
-123.2190 38.5020
-123.0740 38.3930
-123.0740 38.3840
-123.0730 38.3760
-122.8740 38.1320
-122.8690 38.1270
-122.8640 38.1210
-122.8590 38.1150
-122.8540 38.1100
-122.8490 38.1050
-122.8440 38.0990
-122.8390 38.0930
-122.8340 38.0870
-122.8290 38.0820
-122.8240 38.0770
-122.8200 38.0710
-122.8150 38.0650
-122.8100 38.0600
-122.8050 38.0540
-122.8010 38.0480
-122.7970 38.0420
-122.7920 38.0360
-122.7870 38.0300
-122.7820 38.0240
-122.7770 38.0180
-122.7720 38.0120
-122.7670 38.0060
-122.7610 38.0010
-122.7560 37.9960
-122.7500 37.9900
-122.7440 37.9850
-122.7390 37.9800
-122.7340 37.9750
-122.7290 37.9700
-122.7240 37.9640
-122.7200 37.9580
-122.7150 37.9520
-122.7110 37.9460
-122.7060 37.9410
-122.7020 37.9350
-122.6970 37.9300
-122.6920 37.9240
-122.6870 37.9190
-122.6820 37.9140
-122.6770 37.9090
-122.4940 37.6720
-122.4890 37.6660
-122.4830 37.6610
-122.4770 37.6560
-122.4720 37.6510
-122.4670 37.6460
-122.4620 37.6410
-122.4570 37.6360
-122.4520 37.6310
-122.4470 37.6250
-122.4420 37.6200
-122.4380 37.6140
-122.4330 37.6080
-122.4280 37.6030
-122.4240 37.5970
-122.4190 37.5910
-122.4150 37.5850
-122.4100 37.5800
-122.4050 37.5740
-122.4000 37.5680
-122.3950 37.5620
-122.3900 37.5560
-122.3850 37.5510
-122.3810 37.5450
-122.3760 37.5400
-122.3700 37.5360
-122.3660 37.5300
-122.3620 37.5240
-122.3570 37.5180
-122.3520 37.5120
-122.3470 37.5070
-122.3420 37.5020
-122.3380 37.4950
-122.3320 37.4890
-122.3270 37.4830
-122.3210 37.4790
-122.3160 37.4740
-122.3110 37.4680
-122.3060 37.4630
-122.3010 37.4580
-122.2950 37.4530
-122.2900 37.4480
-122.2850 37.4430
-122.2800 37.4370
-122.2750 37.4320
-122.2690 37.4270
-122.2640 37.4220
-122.2590 37.4160
-122.2540 37.4100
-122.2490 37.4050
-122.2440 37.4000
-122.2390 37.3940
-122.2340 37.3880
-122.2290 37.3820
-122.2250 37.3760
-122.2200 37.3700
-122.2150 37.3650
-122.2090 37.3610
-122.2050 37.3550
-122.2000 37.3500
-122.1940 37.3450
-122.1890 37.3400
-122.1840 37.3340
-122.1790 37.3290
-122.1740 37.3240
-122.1680 37.3200
-122.1620 37.3150
-122.1570 37.3100
-122.1510 37.3050
-122.1450 37.3010
-122.1390 37.2970
-122.1330 37.2930
-122.1270 37.2880
-122.1210 37.2840
-122.1150 37.2790
-122.1090 37.2740
-122.1030 37.2690
-122.0970 37.2650
-122.0920 37.2600
-122.0870 37.2540
-122.0810 37.2490
-122.0750 37.2440
-122.0690 37.2390
-122.0640 37.2340
-122.0590 37.2290
-122.0540 37.2240
-122.0490 37.2180
-122.0430 37.2130
-122.0370 37.2090
-122.0310 37.2050
-122.0250 37.2000
-122.0200 37.1950
-122.0140 37.1900
-122.0080 37.1860
-122.0010 37.1820
-121.9950 37.1770
-121.9890 37.1720
-121.9840 37.1660
-121.9790 37.1610
-121.9740 37.1560
-121.9680 37.1510
-121.9620 37.1470
-121.9560 37.1420
-121.9500 37.1380
-121.9440 37.1330
-121.9380 37.1280
-121.9310 37.1240
-121.9250 37.1190
-121.9180 37.1150
-121.9120 37.1110
-121.9050 37.1080
-121.9000 37.1030
-121.8940 37.0980
-121.8880 37.0930
-121.8800 37.0910
-121.8720 37.0890
-121.8640 37.0870
-121.8570 37.0830
-121.8500 37.0790
-121.8450 37.0740
-121.8390 37.0700
-121.8330 37.0660
-121.8270 37.0620
-121.8210 37.0580
-121.8140 37.0550
-121.8070 37.0510
-121.8000 37.0470
-121.7930 37.0430
-121.7860 37.0390
-121.7800 37.0350
-121.7750 37.0300
-121.7690 37.0260
-121.7650 37.0200
-121.7590 37.0150
-121.7520 37.0110
-121.7460 37.0070
-121.7420 37.0010
-121.7380 36.9950
-121.7330 36.9900
-121.7280 36.9850
-121.7220 36.9810
-121.7160 36.9760
-121.7100 36.9720
-121.7050 36.9670
-121.6990 36.9620
-121.6920 36.9570
-121.6860 36.9520
-121.6800 36.9470
-121.6740 36.9420
-121.6690 36.9370
-121.6630 36.9330
-121.6570 36.9290
-121.6500 36.9260
-121.6440 36.9220
-121.6390 36.9170
-121.6310 36.9140
-121.6240 36.9110
-121.6190 36.9060
-121.6120 36.9020
-121.6070 36.8970
-121.6020 36.8910
-121.5960 36.8870
-121.5880 36.8840
-121.5820 36.8800
-121.5750 36.8760
-121.5690 36.8720
-121.5630 36.8680
-121.5570 36.8640
-121.5510 36.8600
-121.5460 36.8550
-121.5400 36.8510
-121.5340 36.8470
-121.5280 36.8420
-121.5230 36.8370
-121.5170 36.8330
-121.5110 36.8280
-121.5050 36.8240
-121.4980 36.8200
-121.4920 36.8160
-121.4850 36.8120
-121.4800 36.8070
-121.4730 36.8040
-121.4680 36.7990
-121.4610 36.7960
-121.4540 36.7920
-121.4470 36.7880
-121.4400 36.7840
-121.4340 36.7800
-121.4280 36.7760
-121.4220 36.7720
-121.4150 36.7680
-121.4090 36.7640
-121.4020 36.7600
-121.3960 36.7560
-121.3890 36.7530
-121.3830 36.7480
-121.3760 36.7450
-121.3700 36.7400
-121.3630 36.7360
-121.3570 36.7310
-121.3510 36.7260
-121.3450 36.7220
-121.3390 36.7180
-121.3340 36.7130
-121.3280 36.7080
-121.3220 36.7040
-121.3150 36.7000
-121.3090 36.6960
-121.3030 36.6920
-121.2990 36.6860
-121.2920 36.6830
-121.2860 36.6790
-121.2810 36.6740
-121.2750 36.6700
-121.2700 36.6650
-121.2640 36.6610
-121.2580 36.6570
-121.2530 36.6520
-121.2480 36.6470
-121.2420 36.6420
-121.2370 36.6370
-121.2310 36.6320
-121.2250 36.6270
-121.2190 36.6220
-121.2140 36.6170
-121.2080 36.6120
-121.2020 36.6070
-121.1970 36.6020
-121.1910 36.5980
-121.1850 36.5930
-121.1800 36.5880
-121.1740 36.5830
-121.1680 36.5790
-121.1620 36.5750
-121.1560 36.5700
-121.1510 36.5650
-121.1460 36.5600
-121.1410 36.5550
-121.1360 36.5500
-121.1320 36.5440
-121.1270 36.5390
-121.1230 36.5330
-121.1170 36.5280
-121.1110 36.5230
-121.1050 36.5180
-121.1010 36.5120
-121.0950 36.5070
-121.0890 36.5030
-121.0840 36.4970
-121.0790 36.4920
-121.0730 36.4870
-121.0680 36.4820
-121.0620 36.4770
-121.0570 36.4710
-121.0520 36.4660
-121.0470 36.4610
-121.0420 36.4560
-121.0370 36.4510
-121.0310 36.4460
-121.0260 36.4400
-121.0200 36.4360
-121.0150 36.4310
-121.0100 36.4260
-121.0040 36.4210
-120.9980 36.4160
-120.9950 36.4090
-120.9900 36.4040
-120.9840 36.3990
-120.9800 36.3930
-120.9750 36.3880
-120.9700 36.3830
-120.9650 36.3780
-120.9600 36.3730
-120.9550 36.3680
-120.9500 36.3630
-120.9450 36.3580
-120.9410 36.3520
-120.9360 36.3460
-120.9300 36.3420
-120.9240 36.3370
-120.9180 36.3330
-120.9130 36.3280
-120.9080 36.3230
-120.9030 36.3180
-120.8970 36.3140
-120.8920 36.3090
-120.8880 36.3030
-120.8850 36.2970
-120.8800 36.2920
-120.8740 36.2870
-120.8680 36.2820
-120.8630 36.2770
-120.8570 36.2720
-120.8510 36.2680
-120.8450 36.2640
-120.8390 36.2590
-120.8340 36.2530
-120.8310 36.2470
-120.8260 36.2420
-120.8210 36.2370
-120.8150 36.2320
-120.8090 36.2270
-120.8030 36.2230
-120.7980 36.2180
-120.7930 36.2130
-120.7880 36.2070
-120.7830 36.2020
-120.7760 36.1990
-120.7700 36.1940
-120.7640 36.1890
-120.7590 36.1840
-120.7550 36.1780
-120.7500 36.1730
-120.7450 36.1680
-120.7390 36.1640
-120.7330 36.1590
-120.7270 36.1550
-120.7220 36.1500
-120.7160 36.1450
-120.7100 36.1400
-120.7040 36.1360
-120.6990 36.1300
-120.6930 36.1250
-120.6870 36.1210
-120.6830 36.1150
-120.6780 36.1100
-120.6730 36.1040
-120.6670 36.1000
-120.6610 36.0950
-120.6560 36.0900
-120.6510 36.0850
-120.6460 36.0800
-120.6400 36.0760
-120.6340 36.0710
-120.6280 36.0660
-120.6230 36.0600
-120.6180 36.0550
-120.6130 36.0490
-120.6070 36.0440
-120.6010 36.0390
-120.5940 36.0330
-120.5890 36.0280
-120.5840 36.0230
-120.5790 36.0180
-120.5730 36.0140
-120.5670 36.0100
-120.5610 36.0060
-120.5550 36.0020
-120.5510 35.9960
-120.5450 35.9920
-120.5390 35.9870
-120.5340 35.9820
-120.5280 35.9770
-120.5220 35.9730
-120.5160 35.9680
-120.5110 35.9630
-120.5050 35.9590
-120.4990 35.9550
-120.4930 35.9500
-120.4880 35.9450
-120.4820 35.9400
-120.4760 35.9350
-120.4710 35.9300
-120.4650 35.9260
-120.4600 35.9210
-120.4550 35.9160
-120.4500 35.9110
-120.4450 35.9060
-120.4400 35.9010
-120.4340 35.8960
-120.4290 35.8910
-120.4230 35.8860
-120.4180 35.8810
-120.4130 35.8760
-120.4070 35.8710
-120.4010 35.8660
-120.3950 35.8620
-120.3900 35.8570
-120.3840 35.8520
-120.3790 35.8470
-120.3730 35.8420
-120.3680 35.8370
-120.3610 35.8330
-120.3560 35.8270
-120.3510 35.8220
-120.3460 35.8170
-120.3430 35.8100
-120.3380 35.8040
-120.3330 35.7990
-120.3280 35.7930
-120.3240 35.7870
-120.3210 35.7810
-120.3190 35.7740
-120.3160 35.7670
-120.3110 35.7620
-120.3070 35.7560
-120.3020 35.7510
-120.2970 35.7460
-120.2920 35.7410
-120.2880 35.7350
-120.2830 35.7290
-120.2780 35.7230
-120.2730 35.7170
-120.2680 35.7120
-120.2620 35.7080
-120.2570 35.7030
-120.2510 35.6990
-120.2460 35.6940
-120.2410 35.6890
-120.2370 35.6830
-120.2320 35.6780
-120.2270 35.6730
-120.2220 35.6680
-120.2160 35.6630
-120.2110 35.6580
-120.2050 35.6530
-120.2000 35.6480
-120.1950 35.6420
-120.1890 35.6380
-120.1840 35.6330
-120.1790 35.6280
-120.1740 35.6230
-120.1690 35.6180
-120.1640 35.6130
-120.1590 35.6080
-120.1540 35.6030
-120.1480 35.5990
-120.1430 35.5940
-120.1380 35.5890
-120.1330 35.5840
-120.1280 35.5790
-120.1230 35.5740
-120.1170 35.5690
-120.1120 35.5640
-120.1070 35.5590
-120.1020 35.5530
-120.0970 35.5480
-120.0920 35.5430
-120.0870 35.5380
-120.0820 35.5330
-120.0760 35.5280
-120.0710 35.5230
-120.0660 35.5180
-120.0600 35.5120
-120.0550 35.5070
-120.0490 35.5020
-120.0450 35.4960
-120.0400 35.4910
-120.0350 35.4860
-120.0290 35.4810
-120.0240 35.4750
-120.0190 35.4700
-120.0140 35.4650
-120.0100 35.4590
-120.0050 35.4540
-120.0010 35.4480
-119.9960 35.4430
-119.9910 35.4370
-119.9870 35.4310
-119.9820 35.4260
-119.9770 35.4210
-119.9720 35.4160
-119.9670 35.4110
-119.9620 35.4060
-119.9570 35.4000
-119.9520 35.3950
-119.9460 35.3900
-119.9410 35.3850
-119.9360 35.3800
-119.9310 35.3750
-119.9250 35.3700
-119.9200 35.3650
-119.9150 35.3600
-119.9090 35.3550
-119.9040 35.3500
-119.8990 35.3450
-119.8940 35.3390
-119.8890 35.3340
-119.8840 35.3290
-119.8790 35.3230
-119.8740 35.3180
-119.8690 35.3130
-119.8640 35.3080
-119.8590 35.3030
-119.8530 35.2980
-119.8480 35.2930
-119.8430 35.2880
-119.8380 35.2830
-119.8330 35.2780
-119.8280 35.2730
-119.8230 35.2680
-119.8170 35.2630
-119.8120 35.2580
-119.8070 35.2530
-119.8010 35.2480
-119.7960 35.2430
-119.7900 35.2380
-119.7850 35.2330
-119.7790 35.2280
-119.7740 35.2230
-119.7690 35.2180
-119.7640 35.2130
-119.7590 35.2080
-119.7530 35.2030
-119.7480 35.1980
-119.7420 35.1930
-119.7370 35.1880
-119.7310 35.1830
-119.7260 35.1780
-119.7200 35.1730
-119.7140 35.1680
-119.7090 35.1630
-119.7030 35.1580
-119.6970 35.1540
-119.6910 35.1500
-119.6860 35.1450
-119.6800 35.1410
-119.6740 35.1370
-119.6680 35.1330
-119.6620 35.1280
-119.6560 35.1240
-119.6500 35.1190
-119.6440 35.1150
-119.6390 35.1100
-119.6330 35.1060
-119.6270 35.1010
-119.6220 35.0950
-119.6160 35.0900
-119.6100 35.0850
-119.6050 35.0800
-119.5990 35.0760
-119.5920 35.0700
-119.5860 35.0660
-119.5800 35.0610
-119.5740 35.0560
-119.5680 35.0520
-119.5620 35.0470
-119.5560 35.0430
-119.5510 35.0380
-119.5440 35.0340
-119.5380 35.0300
-119.5320 35.0260
-119.5260 35.0220
-119.5200 35.0180
-119.5130 35.0130
-119.5070 35.0090
-119.5010 35.0050
-119.4950 35.0010
-119.4890 34.9970
-119.4830 34.9930
-119.4770 34.9880
-119.4710 34.9840
-119.4650 34.9800
-119.4590 34.9760
-119.4530 34.9710
-119.4470 34.9670
-119.4420 34.9620
-119.4360 34.9570
-119.4290 34.9530
-119.4220 34.9490
-119.4150 34.9460
-119.4090 34.9420
-119.4010 34.9390
-119.3950 34.9350
-119.3890 34.9300
-119.3820 34.9260
-119.3750 34.9230
-119.3690 34.9190
-119.3610 34.9160
-119.3540 34.9130
-119.3470 34.9090
-119.3390 34.9070
-119.3320 34.9040
-119.3250 34.9010
-119.3170 34.8980
-119.3090 34.8960
-119.3020 34.8930
-119.2950 34.8900
-119.2870 34.8870
-119.2790 34.8840
-119.2710 34.8820
-119.2630 34.8800
-119.2560 34.8770
-119.2480 34.8740
-119.2390 34.8730
-119.2320 34.8700
-119.2240 34.8680
-119.2160 34.8660
-119.2070 34.8650
-119.1990 34.8620
-119.1900 34.8610
-119.1810 34.8590
-119.1720 34.8580
-119.1630 34.8570
-119.1540 34.8560
-119.1450 34.8550
-119.1350 34.8540
-119.1260 34.8530
-119.1160 34.8520
-119.1080 34.8500
-119.0990 34.8490
-119.0910 34.8470
-119.0840 34.8440
-119.0760 34.8420
-119.0670 34.8400
-119.0590 34.8380
-119.0510 34.8360
-119.0430 34.8340
-119.0350 34.8320
-119.0270 34.8290
-119.0190 34.8270
-119.0100 34.8250
-119.0010 34.8230
-118.9920 34.8210
-118.9810 34.8210
-118.9700 34.8210
-118.9580 34.8210
-118.9470 34.8210
-118.9380 34.8200
-118.9290 34.8190
-118.9220 34.8160
-118.9130 34.8150
-118.9050 34.8130
-118.8970 34.8110
-118.8900 34.8080
-118.8820 34.8050
-118.8750 34.8020
-118.8670 34.7990
-118.8590 34.7970
-118.8500 34.7950
-118.8410 34.7930
-118.8330 34.7910
-118.8260 34.7880
-118.8180 34.7860
-118.8100 34.7830
-118.8020 34.7810
-118.7940 34.7790
-118.7860 34.7770
-118.7780 34.7750
-118.7700 34.7730
-118.7620 34.7710
-118.7530 34.7700
-118.7450 34.7680
-118.7370 34.7660
-118.7300 34.7630
-118.7220 34.7610
-118.7140 34.7590
-118.7070 34.7560
-118.7000 34.7530
-118.6920 34.7510
-118.6850 34.7480
-118.6770 34.7460
-118.6690 34.7440
-118.6620 34.7410
-118.6540 34.7390
-118.6460 34.7370
-118.6380 34.7340
-118.6290 34.7320
-118.6200 34.7300
-118.6120 34.7280
-118.6040 34.7260
-118.5960 34.7240
-118.5880 34.7210
-118.5800 34.7190
-118.5730 34.7160
-118.5650 34.7140
-118.5570 34.7120
-118.5490 34.7100
-118.5410 34.7080
-118.5330 34.7060
-118.5260 34.7030
-118.5180 34.7010
-118.5100 34.6990
-118.5020 34.6970
-118.4950 34.6940
-118.4870 34.6920
-118.4790 34.6890
-118.4710 34.6860
-118.4630 34.6830
-118.4560 34.6800
-118.4490 34.6770
-118.4410 34.6750
-118.4330 34.6730
-118.4260 34.6700
-118.4180 34.6670
-118.4100 34.6640
-118.4020 34.6610
-118.3940 34.6590
-118.3870 34.6560
-118.3790 34.6530
-118.3720 34.6500
-118.3640 34.6470
-118.3570 34.6440
-118.3490 34.6410
-118.3410 34.6390
-118.3350 34.6350
-118.3270 34.6320
-118.3190 34.6300
-118.3120 34.6270
-118.3040 34.6250
-118.2970 34.6220
-118.2890 34.6190
-118.2820 34.6160
-118.2740 34.6140
-118.2670 34.6110
-118.2600 34.6080
-118.2530 34.6050
-118.2450 34.6020
-118.2370 34.6000
-118.2300 34.5970
-118.2220 34.5950
-118.2140 34.5920
-118.2060 34.5890
-118.1980 34.5860
-118.1910 34.5830
-118.1830 34.5800
-118.1760 34.5760
-118.1690 34.5730
-118.1610 34.5710
-118.1530 34.5680
-118.1460 34.5650
-118.1390 34.5620
-118.1310 34.5590
-118.1240 34.5560
-118.1170 34.5520
-118.1100 34.5490
-118.1020 34.5460
-118.0940 34.5430
-118.0860 34.5400
-118.0790 34.5370
-118.0720 34.5340
-118.0640 34.5320
-118.0570 34.5280
-118.0500 34.5250
-118.0430 34.5220
-118.0360 34.5190
-118.0290 34.5160
-118.0220 34.5130
-118.0140 34.5110
-118.0070 34.5070
-118.0000 34.5040
-117.9920 34.5010
-117.9840 34.4980
-117.9770 34.4950
-117.9690 34.4920
-117.9620 34.4890
-117.9550 34.4860
-117.9470 34.4830
-117.9400 34.4800
-117.9330 34.4770
-117.9260 34.4740
-117.9190 34.4710
-117.9120 34.4680
-117.9050 34.4640
-117.8970 34.4610
-117.8900 34.4580
-117.8820 34.4550
-117.8740 34.4520
-117.8670 34.4490
-117.8600 34.4460
-117.8530 34.4430
-117.8460 34.4400
-117.8400 34.4360
-117.8330 34.4330
-117.8250 34.4310
-117.8180 34.4280
-117.8100 34.4260
-117.8020 34.4230
-117.7940 34.4210
-117.7870 34.4180
-117.7800 34.4150
-117.7720 34.4120
-117.7650 34.4090
-117.7580 34.4050
-117.7510 34.4020
-117.7430 34.3990
-117.7360 34.3960
-117.7280 34.3940
-117.7210 34.3910
-117.7140 34.3880
-117.7060 34.3860
-117.7000 34.3820
-117.6920 34.3800
-117.6850 34.3770
-117.6780 34.3740
-117.6710 34.3710
-117.6620 34.3680
-117.6540 34.3650
-117.6470 34.3620
-117.6390 34.3590
-117.6320 34.3560
-117.6250 34.3520
-117.6180 34.3490
-117.6100 34.3460
-117.6030 34.3420
-117.5960 34.3380
-117.5890 34.3340
-117.5820 34.3300
-117.5750 34.3270
-117.5680 34.3240
-117.5610 34.3210
-117.5540 34.3180
-117.5470 34.3150
-117.5410 34.3110
-117.5340 34.3080
-117.5270 34.3050
-117.5200 34.3020
-117.5130 34.2990
-117.5060 34.2960
-117.5000 34.2920
-117.4940 34.2880
-117.4870 34.2840
-117.4800 34.2810
-117.4730 34.2780
-117.4670 34.2740
-117.4600 34.2700
-117.4530 34.2660
-117.4460 34.2620
-117.4400 34.2580
-117.4330 34.2540
-117.4260 34.2500
-117.4190 34.2470
-117.4120 34.2430
-117.4050 34.2390
-117.3980 34.2360
-117.3920 34.2320
-117.3860 34.2280
-117.3800 34.2240
-117.3730 34.2200
-117.3660 34.2170
-117.3590 34.2140
-117.3520 34.2110
-117.3450 34.2080
-117.3380 34.2040
-117.3300 34.2000
-117.3230 34.1970
-117.3160 34.1930
-117.3090 34.1900
-117.3020 34.1860
-117.2950 34.1830
-117.2880 34.1800
-117.2810 34.1760
-117.2740 34.1730
-117.2670 34.1690
-117.2600 34.1660
-117.2530 34.1630
-117.2470 34.1590
-117.2400 34.1560
-117.2320 34.1540
-117.2250 34.1510
-117.2180 34.1480
-117.2100 34.1450
-117.2030 34.1420
-117.1960 34.1390
-117.1890 34.1360
-117.1820 34.1330
-117.1750 34.1300
-117.1670 34.1270
-117.1600 34.1240
-117.1530 34.1210
-117.1450 34.1190
-117.1370 34.1160
-117.1300 34.1130
-117.1240 34.1090
-117.1160 34.1060
-117.1060 34.1040
-117.0990 34.1010
-117.0910 34.0990
-117.0830 34.0970
-117.0750 34.0950
-117.0660 34.0930
-117.0590 34.0900
-117.0510 34.0880
-117.0430 34.0850
-117.0350 34.0820
-117.0280 34.0790
-117.0200 34.0770
-117.0130 34.0740
-117.0050 34.0720
-116.9980 34.0690
-116.9920 34.0650
-116.9820 34.0640
-116.9740 34.0620
-116.9670 34.0590
-116.9590 34.0570
-116.9520 34.0540
-116.9440 34.0510
-116.9370 34.0480
-116.9290 34.0460
-116.9220 34.0430
-116.9150 34.0400
-116.9080 34.0370
-116.9010 34.0340
-116.8930 34.0320
-116.8840 34.0330
-116.8750 34.0340
-116.8660 34.0360
-116.8590 34.0390
-116.8530 34.0430
-116.8470 34.0470
-116.8370 34.0450
-116.8270 34.0450
-116.8180 34.0460
-116.8080 34.0450
-116.7980 34.0450
-116.7900 34.0470
-116.7810 34.0480
-116.7710 34.0480
-116.7610 34.0470
-116.7530 34.0490
-116.7430 34.0480
-116.7330 34.0470
-116.7230 34.0470
-116.7150 34.0450
-116.7050 34.0440
-116.6960 34.0450
-116.6880 34.0420
-116.6800 34.0390
-116.6730 34.0360
-116.6650 34.0330
-116.6580 34.0300
-116.6500 34.0280
-116.6420 34.0260
-116.6340 34.0240
-116.6260 34.0220
-116.6170 34.0230
-116.6090 34.0210
-116.6020 34.0180
-116.5940 34.0160
-116.5860 34.0130
-116.5790 34.0100
-116.5720 34.0070
-116.5650 34.0030
-116.5580 33.9990
-116.5510 33.9950
-116.5440 33.9920
-116.5380 33.9880
-116.5320 33.9840
-116.5260 33.9800
-116.5200 33.9750
-116.5140 33.9700
-116.5080 33.9660
-116.5030 33.9610
-116.4970 33.9570
-116.4920 33.9520
-116.4860 33.9480
-116.4800 33.9430
-116.4740 33.9390
-116.4680 33.9350
-116.4610 33.9310
-116.4540 33.9270
-116.4480 33.9230
-116.4420 33.9190
-116.4360 33.9150
-116.4300 33.9110
-116.4240 33.9070
-116.4170 33.9030
-116.4100 33.8990
-116.4030 33.8960
-116.3970 33.8920
-116.3900 33.8880
-116.3840 33.8830
-116.3770 33.8800
-116.3700 33.8770
-116.3640 33.8730
-116.3560 33.8710
-116.3490 33.8680
-116.3430 33.8640
-116.3370 33.8600
-116.3310 33.8560
-116.3250 33.8510
-116.3190 33.8460
-116.3130 33.8410
-116.3070 33.8360
-116.3020 33.8310
-116.2960 33.8270
-116.2900 33.8220
-116.2850 33.8170
-116.2790 33.8130
-116.2740 33.8080
-116.2680 33.8040
-116.2610 33.7980
-116.2540 33.7940
-116.2480 33.7900
-116.2430 33.7850
-116.2380 33.7800
-116.2320 33.7760
-116.2260 33.7720
-116.2200 33.7680
-116.2140 33.7630
-116.2080 33.7590
-116.2020 33.7540
-116.1960 33.7500
-116.1910 33.7450
-116.1850 33.7410
-116.1790 33.7360
-116.1730 33.7310
-116.1680 33.7260
-116.1630 33.7210
-116.1580 33.7160
-116.1520 33.7110
-116.1450 33.7080
-116.1390 33.7030
-116.1330 33.6980
-116.1270 33.6940
-116.1220 33.6890
-116.1170 33.6840
-116.1130 33.6790
-116.1070 33.6740
-116.1000 33.6690
-116.0950 33.6640
-116.0900 33.6590
-116.0850 33.6540
-116.0790 33.6500
-116.0740 33.6450
-116.0680 33.6410
-116.0620 33.6370
-116.0560 33.6330
-116.0500 33.6270
-116.0440 33.6220
-116.0380 33.6180
-116.0320 33.6130
-116.0260 33.6090
-116.0210 33.6040
-116.0140 33.6000
-116.0080 33.5960
-116.0020 33.5910
-115.9970 33.5860
-115.9920 33.5810
-115.9870 33.5760
-115.9810 33.5710
-115.9760 33.5660
-115.9710 33.5610
-115.9660 33.5560
-115.9600 33.5520
-115.9540 33.5460
-115.9490 33.5410
-115.9440 33.5360
-115.9380 33.5310
-115.9330 33.5260
-115.9280 33.5210
-115.9220 33.5160
-115.9170 33.5110
-115.9110 33.5060
-115.9060 33.5010
-115.9020 33.4960
-115.8960 33.4910
-115.8910 33.4860
-115.8860 33.4810
-115.8800 33.4770
-115.8740 33.4730
-115.8680 33.4690
-115.8620 33.4640
-115.8560 33.4590
-115.8500 33.4540
-115.8440 33.4490
-115.8370 33.4450
-115.8310 33.4400
-115.8250 33.4350
-115.8180 33.4300
-115.8120 33.4250
-115.8040 33.4200
-115.7980 33.4160
-115.7920 33.4110
-115.7860 33.4070
-115.7800 33.4030
-115.7740 33.3980
-115.7680 33.3940
-115.7620 33.3900
-115.7560 33.3850
-115.7500 33.3800
-115.7440 33.3760
-115.7380 33.3720
-115.7320 33.3680
-115.7260 33.3630
>
-123.5437 39.7442
-123.5392 39.7352
-123.5332 39.7278
-123.5282 39.7178
-123.5213 39.7067
-123.5143 39.6980
-123.5095 39.6893
-123.5037 39.6802
-123.4972 39.6713
-123.4910 39.6612
-123.4848 39.6523
-123.4787 39.6393
-123.4738 39.6297
-123.4683 39.6208
-123.4625 39.6103
-123.4578 39.5993
-123.4508 39.5863
-123.4457 39.5740
-123.4387 39.5615
-123.4322 39.5507
-123.4252 39.5400
-123.4173 39.5287
-123.4087 39.5177
-123.3997 39.5055
-123.3918 39.4928
-123.3867 39.4802
-123.3802 39.4677
-123.3737 39.4572
-123.3645 39.4428
-123.3547 39.4312
-123.3468 39.4188
-123.3387 39.4068
-123.3293 39.3933
-123.3207 39.3810
-123.3112 39.3677
-123.3042 39.3572
-123.2968 39.3462
-123.2870 39.3360
-123.2757 39.3200
-123.2638 39.3043
-123.2538 39.2893
-123.2440 39.2742
-123.2363 39.2613
-123.2245 39.2412
-123.2170 39.2272
-123.2095 39.2157
-123.1993 39.2007
-123.1913 39.1875
-123.1827 39.1757
-123.1732 39.1602
-123.1655 39.1433
-123.1607 39.1298
-123.1567 39.1173
-123.1492 39.1043
-123.1388 39.0905
-123.1307 39.0802
-123.1237 39.0692
-123.1177 39.0537
-123.1110 39.0402
-123.0997 39.0243
-123.0890 39.0115
-123.0778 39.0013
-123.0633 38.9862
-123.0532 38.9743
-123.0450 38.9655
-123.0405 38.9532
-123.0383 38.9402
-123.0363 38.9263
-123.0340 38.9133
-123.0327 38.8962
-123.0323 38.8832
-123.0302 38.8690
-123.0258 38.8547
>
-124.0747 40.0447
-124.0697 40.0388
-124.0652 40.0312
-124.0607 40.0247
-124.0572 40.0185
-124.0498 40.0098
-124.0430 40.0033
-124.0367 39.9922
-124.0323 39.9832
-124.0293 39.9752
-124.0238 39.9603
-124.0210 39.9525
-124.0167 39.9372
-124.0138 39.9292
-124.0118 39.9212
-124.0092 39.9105
-124.0070 39.9005
-124.0048 39.8903
-124.0017 39.8727
-124.0005 39.8572
-123.9997 39.8477
-124.0005 39.8392
-123.9995 39.8293
-124.0000 39.8187
-124.0008 39.8063
-123.9998 39.7967
-123.9998 39.7882
-124.0007 39.7783
-124.0012 39.7668
-124.0010 39.7542
-124.0017 39.7442
-124.0020 39.7362
-124.0012 39.7228
-123.9990 39.7122
-123.9967 39.7013
-123.9945 39.6903
-123.9913 39.6743
-123.9878 39.6638
-123.9865 39.6523
-123.9858 39.6415
-123.9842 39.6322
-123.9827 39.6232
-123.9802 39.6132
-123.9790 39.6033
-123.9767 39.5927
-123.9742 39.5807
-123.9723 39.5715
-123.9707 39.5625
-123.9662 39.5502
-123.9602 39.5268
-123.9573 39.5145
-123.9507 39.4942
-123.9463 39.4818
-123.9437 39.4708
-123.9418 39.4630
-123.9393 39.4538
-123.9368 39.4438
-123.9315 39.4268
-123.9272 39.4162
-123.9252 39.4077
-123.9217 39.3992
-123.9182 39.3888
-123.9127 39.3750
-123.9088 39.3637
-123.9042 39.3520
-123.8998 39.3410
-123.8957 39.3282
-123.8930 39.3177
-123.8828 39.2937
-123.8770 39.2785
-123.8725 39.2657
-123.8662 39.2518
-123.8602 39.2400
-123.8548 39.2282
-123.8488 39.2182
-123.8403 39.2072
-123.8328 39.1973
-123.8263 39.1875
-123.8193 39.1775
-123.8113 39.1678
-123.8048 39.1623
-123.7975 39.1517
-123.7907 39.1437
-123.7840 39.1368
-123.7743 39.1252
-123.7675 39.1143
-123.7618 39.1038
-123.7582 39.0937
-123.7533 39.0840
-123.7500 39.0747
-123.7422 39.0648
-123.7332 39.0515
-123.7288 39.0407
-123.7247 39.0332
-123.7162 39.0203
-123.7113 39.0130
-123.7008 39.0023
-123.6917 38.9908
-123.6848 38.9823
-123.6785 38.9765
-123.6718 38.9692
>
-120.0958 40.1028
-120.0947 40.0887
-120.0935 40.0787
-120.0932 40.0688
-120.0918 40.0573
-120.0902 40.0483
-120.0872 40.0403
>
-120.1883 40.1660
-120.1787 40.1605
-120.1695 40.1535
-120.1593 40.1468
-120.1493 40.1437
-120.1325 40.1382
-120.1253 40.1342
-120.1170 40.1285
-120.1077 40.1250
-120.0908 40.1110
-120.0857 40.1055
-120.0790 40.1003
-120.0705 40.0947
-120.0613 40.0885
-120.0547 40.0852
-120.0408 40.0792
-120.0338 40.0733
-120.0240 40.0653
-120.0152 40.0613
-120.0025 40.0570
>
-120.5053 40.2820
-120.4973 40.2752
-120.4892 40.2675
-120.4802 40.2585
-120.4688 40.2502
-120.4568 40.2413
-120.4468 40.2313
-120.4345 40.2188
-120.4233 40.2100
-120.4085 40.2000
-120.3970 40.1912
-120.3788 40.1802
-120.3638 40.1727
-120.3468 40.1655
-120.3283 40.1568
-120.3125 40.1512
-120.3037 40.1475
-120.2853 40.1422
-120.2682 40.1338
-120.2535 40.1253
-120.2345 40.1142
-120.2157 40.1003
-120.1988 40.0858
-120.1912 40.0802
-120.1805 40.0733
-120.1685 40.0653
-120.1543 40.0522
-120.1413 40.0378
-120.1310 40.0263
-120.1193 40.0145
-120.1068 39.9998
-120.0948 39.9848
-120.0857 39.9667
-120.0782 39.9543
-120.0738 39.9455
-120.0683 39.9365
>
-125.0000 40.3692
-124.9787 40.3645
-124.9608 40.3622
-124.9423 40.3613
-124.9222 40.3607
-124.8993 40.3593
-124.8753 40.3592
-124.8553 40.3583
-124.8297 40.3578
-124.8043 40.3567
-124.7830 40.3558
-124.7538 40.3530
-124.7303 40.3523
-124.6833 40.3507
-124.6603 40.3505
-124.6387 40.3540
-124.6182 40.3567
-124.5973 40.3590
-124.5788 40.3618
-124.5548 40.3662
-124.5287 40.3695
-124.5015 40.3687
-124.4795 40.3683
-124.4602 40.3678
-124.4443 40.3663
>
-124.9522 40.3593
-124.9382 40.3553
-124.9257 40.3520
-124.9098 40.3490
-124.8937 40.3458
-124.8785 40.3418
-124.8633 40.3377
-124.8438 40.3340
-124.8288 40.3303
-124.8127 40.3273
-124.7942 40.3233
-124.7793 40.3193
-124.7593 40.3158
-124.7393 40.3137
-124.7178 40.3103
-124.7000 40.3062
-124.6787 40.3022
-124.6552 40.2998
-124.6348 40.2980
-124.6138 40.2965
-124.5937 40.2938
-124.5753 40.2902
-124.5517 40.2852
-124.5312 40.2812
-124.5108 40.2772
-124.4877 40.2723
-124.4602 40.2640
-124.4390 40.2572
-124.4143 40.2483
-124.3932 40.2398
-124.3713 40.2305
-124.3497 40.2202
-124.3327 40.2117
-124.3142 40.2005
-124.2908 40.1873
-124.2707 40.1758
-124.2537 40.1660
-124.2303 40.1503
-124.2203 40.1420
-124.2068 40.1312
-124.1903 40.1210
-124.1762 40.1133
-124.1628 40.1052
-124.1470 40.0940
-124.1303 40.0840
-124.1140 40.0740
-124.0988 40.0623
-124.0875 40.0522
-124.0798 40.0447
>
-120.9993 41.5652
-120.9953 41.5565
-120.9905 41.5450
-120.9853 41.5350
-120.9758 41.5182
-120.9707 41.5043
-120.9627 41.4932
-120.9562 41.4827
-120.9477 41.4735
-120.9432 41.4683
-120.9375 41.4627
-120.9283 41.4573
-120.9218 41.4533
-120.9142 41.4473
-120.9077 41.4413
-120.9003 41.4362
-120.8930 41.4313
-120.8847 41.4280
-120.8727 41.4210
-120.8663 41.4165
-120.8593 41.4113
-120.8468 41.4017
-120.8388 41.3967
-120.8298 41.3912
-120.8212 41.3857
-120.8117 41.3818
-120.8018 41.3765
-120.7910 41.3685
-120.7853 41.3643
-120.7738 41.3577
-120.7655 41.3505
-120.7592 41.3445
-120.7492 41.3382
-120.7430 41.3342
-120.7350 41.3272
-120.7245 41.3193
-120.7168 41.3132
-120.7092 41.3067
-120.6988 41.2977
-120.6908 41.2912
-120.6837 41.2852
-120.6718 41.2767
-120.6632 41.2713
-120.6523 41.2623
-120.6425 41.2532
-120.6250 41.2500
-120.6250 41.2338
-120.6092 41.2173
-120.6023 41.2090
-120.5930 41.2023
-120.5852 41.1968
-120.5767 41.1895
-120.5700 41.1822
-120.5613 41.1737
-120.5545 41.1652
-120.5468 41.1587
-120.5410 41.1533
-120.5330 41.1448
-120.5247 41.1368
-120.5183 41.1307
-120.5132 41.1257
-120.5073 41.1193
-120.5023 41.1138
-120.4960 41.1072
-120.4897 41.1013
-120.4832 41.0947
-120.4747 41.0877
-120.4638 41.0802
-120.4543 41.0740
-120.4427 41.0625
-120.4352 41.0592
-120.4268 41.0513
-120.4207 41.0447
-120.4127 41.0357
-120.4067 41.0277
-120.3993 41.0177
-120.3918 41.0082
-120.3847 40.9978
-120.3803 40.9920
-120.3747 40.9840
-120.3687 40.9737
-120.3522 40.9573
-120.3328 40.9455
-120.3193 40.9348
-120.3090 40.9285
-120.2977 40.9218
-120.2837 40.9127
-120.2602 40.8997
>
-120.1510 41.8858
-120.1537 41.8737
-120.1560 41.8593
-120.1592 41.8508
-120.1627 41.8383
-120.1663 41.8248
-120.1688 41.8075
-120.1717 41.8008
-120.1772 41.7852
-120.1817 41.7728
-120.1833 41.7657
-120.1875 41.7523
-120.1920 41.7385
-120.1953 41.7302
-120.1995 41.7177
-120.2038 41.7032
-120.2072 41.6910
-120.2112 41.6798
-120.2158 41.6670
-120.2158 41.6548
-120.2130 41.6432
-120.2108 41.6355
-120.2033 41.6250
-120.2013 41.6133
-120.1873 41.5828
-120.1888 41.5652
-120.1932 41.5345
-120.1943 41.5230
-120.1943 41.5068
-120.1903 41.4950
-120.1877 41.4853
-120.1775 41.4577
-120.1713 41.4467
-120.1698 41.4343
-120.1658 41.4207
-120.1627 41.4127
-120.1563 41.4002
-120.1513 41.3923
-120.1468 41.3823
-120.1388 41.3633
-120.1303 41.3342
-120.1295 41.3197
-120.1277 41.3123
-120.1247 41.3048
-120.1208 41.2983
-120.0992 41.2713
-120.0933 41.2643
-120.0842 41.2537
-120.0733 41.2308
-120.0702 41.2223
-120.0660 41.2132
-120.0598 41.2038
-120.0553 41.1975
-120.0500 41.1907
-120.0443 41.1818
-120.0373 41.1712
-120.0297 41.1637
-120.0217 41.1570
-120.0152 41.1498
-120.0062 41.1413
>
