    39.3839000   -124.3972000 
    39.2226000   -124.2256000 
    38.9718000   -124.1030000 
    38.8464000   -123.9559000 
    38.7030000   -123.8824000 
    38.5776000   -123.8088000 
    38.4343000   -123.7598000 
    38.3447000   -123.7108000 
    38.2372000   -123.6127000 
    38.0939000   -123.5637000 
    37.8968000   -123.4901000 
    37.8251000   -123.4166000 
    37.7713000   -123.2205000 
    37.6818000   -123.0979000 
    37.5026000   -123.1959000 
    37.4130000   -123.3430000 
    37.3234000   -123.3921000 
    37.2338000   -123.1959000 
    37.1622000   -123.0243000 
    37.0905000   -122.8282000 
    37.0188000   -122.6076000 
    36.9472000   -122.4360000 
    36.8934000   -122.3134000 
    36.8397000   -122.1418000 
    36.7322000   -122.1418000 
    36.6067000   -122.1663000 
    36.4455000   -122.2889000 
    36.3021000   -122.4360000 
    36.1767000   -122.5095000 
    36.0692000   -122.3869000 
    35.9438000   -122.2644000 
    35.7826000   -122.1908000 
    35.5855000   -122.0682000 
    35.4780000   -121.9702000 
    35.3884000   -121.9947000 
    35.2450000   -121.9456000 
    35.1555000   -121.9211000 
    35.0300000   -121.8721000 
    34.9046000   -121.7986000 
    34.8329000   -121.7495000 
    34.7613000   -121.6269000 
    34.6717000   -121.5044000 
    34.6000000   -121.4308000 
    34.5463000   -121.3573000 
    34.5104000   -121.1366000 
    34.4209000   -121.0386000 
    34.2775000   -121.0876000 
    34.0983000   -121.0631000 
    33.9192000   -120.9405000 
    33.8117000   -120.8915000 
    33.6863000   -120.7934000 
    33.6146000   -120.7444000 
    33.4354000   -120.6463000 
    33.2921000   -120.5237000 
    33.1308000   -120.4257000 
    33.0054000   -120.3276000 
    32.8800000   -120.2541000 
    32.7366000   -120.2050000 
    32.6291000   -120.1805000 
    32.5037000   -120.0825000 
    32.3604000   -119.9599000 
    32.2350000   -119.8618000 
    32.1096000   -119.7392000 
    31.9841000   -119.5921000 
    31.8766000   -119.4941000 
    31.7512000   -119.3470000 
    31.6258000   -119.2734000 
    31.5720000   -119.1754000 
    31.4287000   -119.1018000 
    31.3391000   -118.9547000 
    31.2674000   -118.9057000 
    31.1779000   -118.8076000 
    31.0704000   -118.7586000 
    30.9987000   -118.6115000 
    30.9270000   -118.3909000 
    30.8374000   -118.1947000 
    30.7479000   -118.0722000 
    30.6403000   -117.9496000 
    30.5149000   -117.8270000 
    30.3895000   -117.7535000 
    30.2641000   -117.6554000 
    30.1387000   -117.5573000 
    30.0312000   -117.5083000 
    29.8878000   -117.4102000 
    29.7445000   -117.3367000 
    29.6012000   -117.3612000 
    29.4578000   -117.3122000 
    29.3682000   -117.2141000 
    29.4399000   -117.0425000 
    29.4757000   -116.8709000 
    29.5116000   -116.7238000 
    29.4399000   -116.5522000 
    29.3503000   -116.5032000 
    29.2249000   -116.4051000 
    29.1353000   -116.3806000 
    28.9741000   -116.3070000 
    28.8307000   -116.1599000 
    28.6874000   -116.0374000 
    28.5620000   -115.8903000 
    28.4724000   -115.8657000 
    28.3649000   -115.7677000 
