100
 201 3 47 1681 199 56 1762 1763 208 1764
 202 199 1681 1682 200 1763 1765 1766 209 1767
 203 200 1682 1683 201 1766 1768 1769 210 1770
 204 201 1683 1684 202 1769 1771 1772 211 1773
 205 202 1684 1685 203 1772 1774 1775 212 1776
 206 203 1685 1686 204 1775 1777 1778 213 1779
 207 204 1686 1687 205 1778 1780 1781 214 1782
 208 205 1687 1688 206 1781 1783 1784 215 1785
 209 206 1688 1689 207 1784 1786 1787 216 1788
 210 207 1689 123 7 1787 1789 132 217 1790
 881 47 48 1690 1681 57 1791 1792 1762 1793
 882 1681 1690 1691 1682 1792 1794 1795 1765 1796
 883 1682 1691 1692 1683 1795 1797 1798 1768 1799
 884 1683 1692 1693 1684 1798 1800 1801 1771 1802
 885 1684 1693 1694 1685 1801 1803 1804 1774 1805
 886 1685 1694 1695 1686 1804 1806 1807 1777 1808
 887 1686 1695 1696 1687 1807 1809 1810 1780 1811
 888 1687 1696 1697 1688 1810 1812 1813 1783 1814
 889 1688 1697 1698 1689 1813 1815 1816 1786 1817
 890 1689 1698 124 123 1816 1818 133 1789 1819
 891 48 49 1699 1690 58 1820 1821 1791 1822
 892 1690 1699 1700 1691 1821 1823 1824 1794 1825
 893 1691 1700 1701 1692 1824 1826 1827 1797 1828
 894 1692 1701 1702 1693 1827 1829 1830 1800 1831
 895 1693 1702 1703 1694 1830 1832 1833 1803 1834
 896 1694 1703 1704 1695 1833 1835 1836 1806 1837
 897 1695 1704 1705 1696 1836 1838 1839 1809 1840
 898 1696 1705 1706 1697 1839 1841 1842 1812 1843
 899 1697 1706 1707 1698 1842 1844 1845 1815 1846
 900 1698 1707 125 124 1845 1847 134 1818 1848
 901 49 50 1708 1699 59 1849 1850 1820 1851
 902 1699 1708 1709 1700 1850 1852 1853 1823 1854
 903 1700 1709 1710 1701 1853 1855 1856 1826 1857
 904 1701 1710 1711 1702 1856 1858 1859 1829 1860
 905 1702 1711 1712 1703 1859 1861 1862 1832 1863
 906 1703 1712 1713 1704 1862 1864 1865 1835 1866
 907 1704 1713 1714 1705 1865 1867 1868 1838 1869
 908 1705 1714 1715 1706 1868 1870 1871 1841 1872
 909 1706 1715 1716 1707 1871 1873 1874 1844 1875
 910 1707 1716 126 125 1874 1876 135 1847 1877
 571 50 51 1717 1708 60 1878 1879 1849 1880
 572 1708 1717 1718 1709 1879 1881 1882 1852 1883
 573 1709 1718 1719 1710 1882 1884 1885 1855 1886
 574 1710 1719 1720 1711 1885 1887 1888 1858 1889
 575 1711 1720 1721 1712 1888 1890 1891 1861 1892
 576 1712 1721 1722 1713 1891 1893 1894 1864 1895
 577 1713 1722 1723 1714 1894 1896 1897 1867 1898
 578 1714 1723 1724 1715 1897 1899 1900 1870 1901
 579 1715 1724 1725 1716 1900 1902 1903 1873 1904
 580 1716 1725 127 126 1903 1905 136 1876 1906
 441 51 52 1726 1717 61 1907 1908 1878 1909
 442 1717 1726 1727 1718 1908 1910 1911 1881 1912
 443 1718 1727 1728 1719 1911 1913 1914 1884 1915
 444 1719 1728 1729 1720 1914 1916 1917 1887 1918
 445 1720 1729 1730 1721 1917 1919 1920 1890 1921
 446 1721 1730 1731 1722 1920 1922 1923 1893 1924
 447 1722 1731 1732 1723 1923 1925 1926 1896 1927
 448 1723 1732 1733 1724 1926 1928 1929 1899 1930
 449 1724 1733 1734 1725 1929 1931 1932 1902 1933
 450 1725 1734 128 127 1932 1934 137 1905 1935
 741 52 53 1735 1726 62 1936 1937 1907 1938
 742 1726 1735 1736 1727 1937 1939 1940 1910 1941
 743 1727 1736 1737 1728 1940 1942 1943 1913 1944
 744 1728 1737 1738 1729 1943 1945 1946 1916 1947
 745 1729 1738 1739 1730 1946 1948 1949 1919 1950
 746 1730 1739 1740 1731 1949 1951 1952 1922 1953
 747 1731 1740 1741 1732 1952 1954 1955 1925 1956
 748 1732 1741 1742 1733 1955 1957 1958 1928 1959
 749 1733 1742 1743 1734 1958 1960 1961 1931 1962
 750 1734 1743 129 128 1961 1963 138 1934 1964
 761 53 54 1744 1735 63 1965 1966 1936 1967
 762 1735 1744 1745 1736 1966 1968 1969 1939 1970
 763 1736 1745 1746 1737 1969 1971 1972 1942 1973
 764 1737 1746 1747 1738 1972 1974 1975 1945 1976
 765 1738 1747 1748 1739 1975 1977 1978 1948 1979
 766 1739 1748 1749 1740 1978 1980 1981 1951 1982
 767 1740 1749 1750 1741 1981 1983 1984 1954 1985
 768 1741 1750 1751 1742 1984 1986 1987 1957 1988
 769 1742 1751 1752 1743 1987 1989 1990 1960 1991
 770 1743 1752 130 129 1990 1992 139 1963 1993
 711 54 55 1753 1744 64 1994 1995 1965 1996
 712 1744 1753 1754 1745 1995 1997 1998 1968 1999
 713 1745 1754 1755 1746 1998 2000 2001 1971 2002
 714 1746 1755 1756 1747 2001 2003 2004 1974 2005
 715 1747 1756 1757 1748 2004 2006 2007 1977 2008
 716 1748 1757 1758 1749 2007 2009 2010 1980 2011
 717 1749 1758 1759 1750 2010 2012 2013 1983 2014
 718 1750 1759 1760 1751 2013 2015 2016 1986 2017
 719 1751 1760 1761 1752 2016 2018 2019 1989 2020
 720 1752 1761 131 130 2019 2021 140 1992 2022
 631 55 4 218 1753 65 227 2023 1994 2024
 632 1753 218 219 1754 2023 228 2025 1997 2026
 633 1754 219 220 1755 2025 229 2027 2000 2028
 634 1755 220 221 1756 2027 230 2029 2003 2030
 635 1756 221 222 1757 2029 231 2031 2006 2032
 636 1757 222 223 1758 2031 232 2033 2009 2034
 637 1758 223 224 1759 2033 233 2035 2012 2036
 638 1759 224 225 1760 2035 234 2037 2015 2038
 639 1760 225 226 1761 2037 235 2039 2018 2040
 640 1761 226 8 131 2039 236 141 2021 2041
