      0. 13088.48 11262.21  3667.80   1327.6     84.6
  22620. 13088.37 11262.12  3667.74   1327.6     84.6
  45240. 13088.03 11261.88  3667.57   1327.6     84.6
  67861. 13087.48 11261.48  3667.29   1327.6     84.6
  90481. 13086.69 11260.92  3666.90   1327.6     84.6
 113101. 13085.69 11260.20  3666.40   1327.6     84.6
 135721. 13084.47 11259.32  3665.78   1327.6     84.6
 158341. 13083.02 11258.27  3665.05   1327.6     84.6
 180962. 13081.35 11257.07  3664.21   1327.6     84.6
 203582. 13079.45 11255.71  3663.26   1327.6     84.6
 226202. 13077.34 11254.18  3662.19   1327.6     84.6
 248822. 13075.00 11252.50  3661.01   1327.6     84.6
 271442. 13072.43 11250.65  3659.73   1327.6     84.6
 294063. 13069.65 11248.65  3658.32   1327.6     84.6
 316683. 13066.64 11246.48  3656.81   1327.6     84.6
 339303. 13063.41 11244.16  3655.19   1327.6     84.6
 361923. 13059.96 11241.67  3653.45   1327.6     84.6
 384543. 13056.28 11239.02  3651.60   1327.6     84.6
 407164. 13052.38 11236.21  3649.63   1327.6     84.6
 429784. 13048.26 11233.24  3647.56   1327.6     84.6
 452404. 13043.91 11230.12  3645.37   1327.6     84.6
 475024. 13039.34 11226.83  3643.07   1327.6     84.6
 497644. 13034.55 11223.38  3640.66   1327.6     84.6
 520265. 13029.54 11219.77  3638.14   1327.6     84.6
 542885. 13024.30 11216.00  3635.51   1327.6     84.6
 565505. 13018.84 11212.06  3632.76   1327.6     84.6
 588125. 13013.16 11207.97  3629.90   1327.6     84.6
 610745. 13007.26 11203.72  3626.93   1327.6     84.6
 633366. 13001.13 11199.31  3623.84   1327.6     84.6
 655986. 12994.78 11194.74  3620.65   1327.6     84.6
 678606. 12988.21 11190.00  3617.34   1327.6     84.6
 701226. 12981.41 11185.11  3613.92   1327.6     84.6
 723846. 12974.39 11180.06  3610.39   1327.6     84.6
 746467. 12967.15 11174.84  3606.74   1327.6     84.6
 769087. 12959.68 11169.46  3602.99   1327.6     84.6
 791707. 12952.00 11163.93  3599.12   1327.6     84.6
 814327. 12944.08 11158.23  3595.14   1327.6     84.6
 836947. 12935.95 11152.38  3591.05   1327.6     84.6
 859568. 12927.60 11146.36  3586.84   1327.6     84.6
 882188. 12919.02 11140.18  3582.52   1327.6     84.6
 904808. 12910.22 11133.85  3578.09   1327.6     84.6
 927428. 12901.19 11127.35  3573.55   1327.6     84.6
 950048. 12891.94 11120.69  3568.90   1327.6     84.6
 972668. 12882.47 11113.87  3564.14   1327.6     84.6
 995289. 12872.78 11106.89  3559.26   1327.6     84.6
1017909. 12862.87 11099.75  3554.27   1327.6     84.6
1040529. 12852.73 11092.45  3549.17   1327.6     84.6
1063149. 12842.37 11084.99  3543.95   1327.6     84.6
1085770. 12831.78 11077.37  3538.62   1327.6     84.6
1108390. 12820.97 11069.59  3533.19   1327.6     84.6
1131010. 12809.95 11061.64  3527.64   1327.6     84.6
1153630. 12798.69 11053.54  3521.97   1327.6     84.6
1176250. 12787.22 11045.28  3516.20   1327.6     84.6
1198871. 12775.52 11036.85  3510.31   1327.6     84.6
1221491. 12763.60 11028.27  3504.31   1327.6     84.6
1221491. 12166.35 10355.69     0.00  57822.5      0.0
1264103. 12144.17 10330.86     0.00  57822.5      0.0
1306716. 12121.37 10305.73     0.00  57822.5      0.0
1349328. 12097.94 10280.29     0.00  57822.5      0.0
1391941. 12073.86 10254.51     0.00  57822.5      0.0
1434554. 12049.14 10228.36     0.00  57822.5      0.0
1477166. 12023.76 10201.82     0.00  57822.5      0.0
1519779. 11997.71 10174.87     0.00  57822.5      0.0
1562391. 11970.98 10147.47     0.00  57822.5      0.0
1605004. 11943.56 10119.62     0.00  57822.5      0.0
1647617. 11915.44 10091.27     0.00  57822.5      0.0
1690229. 11886.61 10062.41     0.00  57822.5      0.0
1732842. 11857.06 10033.02     0.00  57822.5      0.0
1775454. 11826.78 10003.06     0.00  57822.5      0.0
1818067. 11795.76  9972.52     0.00  57822.5      0.0
1860679. 11763.99  9941.37     0.00  57822.5      0.0
1903292. 11731.47  9909.58     0.00  57822.5      0.0
1945905. 11698.17  9877.13     0.00  57822.5      0.0
1988517. 11664.09  9844.01     0.00  57822.5      0.0
2031130. 11629.23  9810.17     0.00  57822.5      0.0
2073742. 11593.57  9775.60     0.00  57822.5      0.0
2116355. 11557.09  9740.28     0.00  57822.5      0.0
2158968. 11519.80  9704.17     0.00  57822.5      0.0
2201580. 11481.68  9667.26     0.00  57822.5      0.0
2244193. 11442.73  9629.53     0.00  57822.5      0.0
2286806. 11402.92  9590.93     0.00  57822.5      0.0
2329418. 11362.25  9551.46     0.00  57822.5      0.0
2372030. 11320.72  9511.09     0.00  57822.5      0.0
2414643. 11278.30  9469.79     0.00  57822.5      0.0
2457256. 11235.00  9427.54     0.00  57822.5      0.0
2499868. 11190.81  9384.31     0.00  57822.5      0.0
2542481. 11145.70  9340.09     0.00  57822.5      0.0
2585094. 11099.67  9294.84     0.00  57822.5      0.0
2627706. 11052.72  9248.54     0.00  57822.5      0.0
2670319. 11004.83  9201.17     0.00  57822.5      0.0
2712931. 10955.99  9152.70     0.00  57822.5      0.0
2755544. 10906.19  9103.11     0.00  57822.5      0.0
2798156. 10855.43  9052.37     0.00  57822.5      0.0
2840769. 10803.68  9000.46     0.00  57822.5      0.0
2883382. 10750.96  8947.36     0.00  57822.5      0.0
2925994. 10697.23  8893.04     0.00  57822.5      0.0
2968607. 10642.49  8837.47     0.00  57822.5      0.0
3011219. 10586.74  8780.64     0.00  57822.5      0.0
3053832. 10529.96  8722.51     0.00  57822.5      0.0
3096444. 10472.14  8663.07     0.00  57822.5      0.0
3139057. 10413.28  8602.29     0.00  57822.5      0.0
3181670. 10353.36  8540.14     0.00  57822.5      0.0
3224282. 10292.37  8476.60     0.00  57822.5      0.0
3266895. 10230.31  8411.65     0.00  57822.5      0.0
3309508. 10167.16  8345.26     0.00  57822.5      0.0
3352120. 10102.91  8277.40     0.00  57822.5      0.0
3394733. 10037.55  8208.06     0.00  57822.5      0.0
3437345.  9971.08  8137.21     0.00  57822.5      0.0
3479958.  9903.48  8064.82     0.00  57822.5      0.0
3479958.  5566.45 13716.60  7264.66  57822.5    312.0
3517468.  5547.66 13707.42  7265.03  57822.5    312.0
3554979.  5528.90 13698.33  7265.38  57822.5    312.0
3592490.  5510.16 13689.33  7265.69  57822.5    312.0
3630000.  5491.45 13680.41  7265.98  57822.5    312.0
3630001.  5491.45 13680.40  7265.97  57822.5    312.0
3662833.  5475.09 13640.63  7250.95  57822.5    312.0
3695667.  5458.73 13601.16  7236.00  57822.5    312.0
3728500.  5442.39 13561.95  7221.12  57822.5    312.0
3761333.  5426.05 13523.00  7206.30  57822.5    312.0
3794167.  5409.71 13484.27  7191.53  57822.5    312.0
3827000.  5393.38 13445.75  7176.82  57822.5    312.0
3859834.  5377.05 13407.42  7162.14  57822.5    312.0
3892666.  5360.71 13369.24  7147.49  57822.5    312.0
3925500.  5344.36 13331.21  7132.87  57822.5    312.0
3958333.  5328.01 13293.30  7118.27  57822.5    312.0
3991167.  5311.65 13255.48  7103.67  57822.5    312.0
4024000.  5295.27 13217.74  7089.07  57822.5    312.0
4056833.  5278.87 13180.05  7074.47  57822.5    312.0
4089667.  5262.46 13142.39  7059.85  57822.5    312.0
4122500.  5246.02 13104.75  7045.21  57822.5    312.0
4155334.  5229.56 13067.08  7030.55  57822.5    312.0
4188166.  5213.08 13029.39  7015.84  57822.5    312.0
4221000.  5196.56 12991.64  7001.09  57822.5    312.0
4253834.  5180.02 12953.81  6986.29  57822.5    312.0
4286666.  5163.43 12915.88  6971.43  57822.5    312.0
4319500.  5146.82 12877.83  6956.50  57822.5    312.0
4352334.  5130.16 12839.64  6941.50  57822.5    312.0
4385166.  5113.46 12801.27  6926.41  57822.5    312.0
4418000.  5096.72 12762.73  6911.23  57822.5    312.0
4450834.  5079.93 12723.97  6895.96  57822.5    312.0
4483666.  5063.09 12684.98  6880.58  57822.5    312.0
4516500.  5046.20 12645.74  6865.09  57822.5    312.0
4549334.  5029.25 12606.23  6849.47  57822.5    312.0
4582166.  5012.25 12566.41  6833.73  57822.5    312.0
4615000.  4995.19 12526.28  6817.85  57822.5    312.0
4647834.  4978.07 12485.81  6801.83  57822.5    312.0
4680666.  4960.88 12444.97  6785.66  57822.5    312.0
4713500.  4943.62 12403.75  6769.33  57822.5    312.0
4746333.  4926.30 12362.13  6752.83  57822.5    312.0
4779166.  4908.90 12320.07  6736.15  57822.5    312.0
4812000.  4891.43 12277.57  6719.30  57822.5    312.0
4844833.  4873.89 12234.59  6702.25  57822.5    312.0
4877666.  4856.26 12191.12  6685.01  57822.5    312.0
4910500.  4838.55 12147.14  6667.57  57822.5    312.0
4943333.  4820.75 12102.61  6649.91  57822.5    312.0
4976166.  4802.87 12057.53  6632.03  57822.5    312.0
5009000.  4784.90 12011.87  6613.93  57822.5    312.0
5041833.  4766.83 11965.60  6595.59  57822.5    312.0
5074666.  4748.67 11918.71  6577.00  57822.5    312.0
5107500.  4730.42 11871.17  6558.17  57822.5    312.0
5140333.  4712.06 11822.96  6539.08  57822.5    312.0
5173166.  4693.60 11774.06  6519.73  57822.5    312.0
5206000.  4675.04 11724.45  6500.10  57822.5    312.0
5238833.  4656.37 11674.10  6480.19  57822.5    312.0
5271666.  4637.59 11623.00  6459.99  57822.5    312.0
5304500.  4618.69 11571.12  6439.49  57822.5    312.0
5337333.  4599.68 11518.44  6418.69  57822.5    312.0
5370166.  4580.56 11464.94  6397.58  57822.5    312.0
5403000.  4561.31 11410.59  6376.15  57822.5    312.0
5435833.  4541.94 11355.38  6354.40  57822.5    312.0
5468666.  4522.45 11299.28  6332.31  57822.5    312.0
5501500.  4502.82 11242.27  6309.88  57822.5    312.0
5534333.  4483.07 11184.33  6287.10  57822.5    312.0
5567166.  4463.19 11125.44  6263.96  57822.5    312.0
5600000.  4443.17 11065.57  6240.46  57822.5    312.0
5600001.  4443.17 11065.56  6240.46  57822.5    312.0
5625250.  4427.67 10987.05  6166.58  57822.5    312.0
5650500.  4412.10 10908.50  6092.72  57822.5    312.0
5675750.  4396.44 10829.91  6018.88  57822.5    312.0
5701000.  4380.70 10751.28  5945.05  57822.5    312.0
5701000.  3992.14 10266.24  5570.21  57822.5    143.0
5724334.  3986.70 10230.10  5552.14  57822.5    143.0
5747666.  3981.27 10193.96  5534.08  57822.5    143.0
5771000.  3975.84 10157.82  5516.01  57822.5    143.0
5771000.  3975.84 10157.83  5516.00  57822.5    143.0
5796000.  3944.33 10029.84  5443.07  57822.5    143.0
5821000.  3912.82  9901.85  5370.14  57822.5    143.0
5846000.  3881.31  9773.87  5297.21  57822.5    143.0
5871000.  3849.80  9645.88  5224.28  57822.5    143.0
5896000.  3818.29  9517.89  5151.35  57822.5    143.0
5921000.  3786.78  9389.90  5078.42  57822.5    143.0
5946000.  3755.27  9261.91  5005.49  57822.5    143.0
5971000.  3723.76  9133.92  4932.56  57822.5    143.0
5971000.  3543.26  8905.24  4769.90  57822.5    143.0
5993500.  3529.82  8861.95  4754.15  57822.5    143.0
6016000.  3516.39  8818.67  4738.40  57822.5    143.0
6038500.  3502.95  8775.38  4722.65  57822.5    143.0
6061000.  3489.51  8732.09  4706.90  57822.5    143.0
6083500.  3476.08  8688.81  4691.15  57822.5    143.0
6106000.  3462.64  8645.52  4675.40  57822.5    143.0
6128500.  3449.21  8602.23  4659.65  57822.5    143.0
6151000.  3435.77  8558.95  4643.90  57822.5    143.0
6151000.  3359.50  7989.71  4418.92  57823.0     80.0
6174334.  3362.03  8004.13  4427.52  57823.0     80.0
6197666.  3364.57  8018.55  4436.12  57823.0     80.0
6221000.  3367.10  8032.98  4444.72  57823.0     80.0
6244334.  3369.64  8047.40  4453.32  57823.0     80.0
6267666.  3372.18  8061.82  4461.92  57823.0     80.0
6291000.  3374.71  8076.25  4470.52  57823.0     80.0
6291000.  3374.71  8076.25  4470.52  57823.0    600.0
6309543.  3376.73  8087.71  4477.35  57823.0    600.0
6328086.  3378.74  8099.17  4484.18  57823.0    600.0
6346629.  3380.76  8110.64  4491.02  57823.0    600.0
6346629.  2900.00  6800.00  3900.00  57822.5    600.0
6351314.  2900.00  6800.00  3900.00  57822.5    600.0
6356000.  2900.00  6800.00  3900.00  57822.5    600.0
6356000.  2600.00  5800.00  3200.00  57822.5    600.0
6362000.  2600.00  5800.00  3200.00  57822.5    600.0
6368000.  2600.00  5800.00  3200.00  57822.5    600.0
6368000.  1020.00  1450.00     0.00  57822.5      0.0
6369500.  1020.00  1450.00     0.00  57822.5      0.0
6371000.  1020.00  1450.00     0.00  57822.5      0.0
