        30 
      3.290283390676e+03      8.000000000000e+04
      7.331116382681e+03      8.000000000000e+04
      1.974172675523e+04      8.000000000000e+04
      2.386010640208e+04      8.000000000000e+04
      6.231860878122e+04      8.000000000000e+04
      6.640500370320e+04      8.000000000000e+04
      7.376437411203e+04      8.000000000000e+04
      1.202708686441e+05      8.000000000000e+04
      1.215762331328e+05      8.000000000000e+04
      1.244306056866e+05      8.000000000000e+04
      1.620207826903e+05      8.000000000000e+04
      1.664159148572e+05      8.000000000000e+04
      1.752139078542e+05      8.000000000000e+04
      1.769951541683e+05      8.000000000000e+04
      2.099371058457e+05      8.000000000000e+04
      2.206013077919e+05      8.000000000000e+04
      2.206090597772e+05      8.000000000000e+04
      2.467239276127e+05      8.000000000000e+04
      2.494761789655e+05      8.000000000000e+04
      2.698588751494e+05      8.000000000000e+04
      2.791701056864e+05      8.000000000000e+04
      2.965782739162e+05      8.000000000000e+04
      3.013147529709e+05      8.000000000000e+04
      3.278735467135e+05      8.000000000000e+04
      3.454666398867e+05      8.000000000000e+04
      3.578491071014e+05      8.000000000000e+04
      3.660646890221e+05      8.000000000000e+04
      3.719826529417e+05      8.000000000000e+04
      3.738816232229e+05      8.000000000000e+04
      3.839750611328e+05      8.000000000000e+04
