    67
-117.434 34.5505
-116.401 33.6384
-118.299 34.6871
-119.104 35.3444
-116.921 34.2623
-116.981 33.921
-115.998 34.0006
-117.658 34.237
-116.389 34.0695
-116.417 33.2682
-117.365 35.5249
-117.598 35.8157
-117.317 34.0928
-115.99  33.6552
-116.578 33.936
-117.009 33.65
-116.631 33.5667
-116.942 32.9986
-116.104 35.1426
-116.101 32.6591
-117.991 34.883
-116.846 32.8908
-115.823 33.1167
-116.806 35.3018
-116.335 34.8294
-118.474 35.6628
-116.596 33.0859
-117.808 35.9823
-116.613 34.3662
-118.342 34.9906
-117.825 34.6159
-117.696 34.9344
-117.682 35.4795
-117.367 34.3656
-116.041 34.2265
-116.369 33.8184
-117.489 36.058
-116.968 33.808
-116.558 34.7803
-115.947 33.5561
-116.93 32.6078
-117.205 33.8616
-120.546 35.4077
-116.512 33.8244
-116.863 33.3536
-116.997 34.8753
-117.327 33.9733
-117.375 33.9935
-115.986 33.2801
-117.235 34.2324
-116.942 32.7356
-116.275 35.8995
-117.283 35.8909
-119.996 35.3142
-118.811 36.1355
-117.098 34.1065
-115.796 32.9408
-117.678 34.382
-118.421 35.2913
-119.419 35.1459
-116.164 33.6349
-115.924 35.4358
-119.085 35.8409
-117.33 34.5606
-118.14 35.5366
-119.027 35.0605
-115.732 32.759
