  0.0100
  0.0000
  0.0000
  0.0000
  0.0000
  0.0000
  0.0000
  0.0000
  0.0000
  0.0000
 -0.0000
 -0.0000
  0.0000
  0.0000
 -0.0000
 -0.0000
  0.0000
  0.0000
  0.0000
 -0.0000
  0.0000
 -0.0000
 -0.0000
  0.0000
  0.0000
  0.0000
  0.0000
  0.0000
  0.0000
  0.0000
 -0.0000
  0.0000
  0.0000
  0.0000
 -0.0000
 -0.0000
  0.0000
 -0.0000
  0.0000
  0.0000
  0.0000
  0.0000
  0.0000
  0.0000
  0.0000
  0.0000
  0.0000
  0.0000
  0.0000
  0.0000
 -0.0000
 -0.0000
 -0.0000
  0.0000
 -0.0000
  0.0000
  0.0000
  0.0000
 -0.0000
 -0.0000
  0.0000
 -0.0000
 -0.0000
 -0.0000
 -0.0000
 -0.0000
 -0.0000
  0.0000
  0.0000
 -0.0000
 -0.0000
 -0.0000
  0.0000
 -0.0000
 -0.0000
 -0.0000
 -0.0000
 -0.0000
 -0.0000
 -0.0000
 -0.0000
 -0.0000
 -0.0000
 -0.0000
 -0.0000
 -0.0000
 -0.0000
 -0.0000
 -0.0000
 -0.0000
 -0.0000
  0.0000
 -0.0000
 -0.0000
 -0.0000
 -0.0000
 -0.0000
 -0.0000
 -0.0000
 -0.0000
 -0.0000
 -0.0000
 -0.0000
  0.0000
 -0.0000
 -0.0000
 -0.0000
 -0.0000
 -0.0000
 -0.0000
 -0.0000
 -0.0000
 -0.0000
 -0.0000
 -0.0000
 -0.0000
 -0.0000
 -0.0000
 -0.0000
 -0.0000
 -0.0000
 -0.0000
 -0.0000
 -0.0000
 -0.0000
 -0.0000
 -0.0000
 -0.0000
 -0.0000
 -0.0000
  0.0000
 -0.0000
 -0.0000
 -0.0000
  0.0000
 -0.0000
 -0.0000
 -0.0000
 -0.0000
 -0.0000
 -0.0000
 -0.0000
 -0.0000
 -0.0000
 -0.0000
 -0.0000
 -0.0000
 -0.0000
 -0.0000
 -0.0000
 -0.0000
 -0.0000
 -0.0000
 -0.0000
 -0.0000
 -0.0000
 -0.0000
 -0.0000
  0.0000
 -0.0000
 -0.0000
 -0.0000
 -0.0000
  0.0000
 -0.0000
 -0.0000
 -0.0000
 -0.0000
 -0.0000
 -0.0000
 -0.0000
 -0.0000
 -0.0000
 -0.0000
 -0.0000
  0.0000
 -0.0000
 -0.0000
 -0.0000
 -0.0000
 -0.0000
 -0.0000
  0.0000
 -0.0000
 -0.0000
 -0.0000
 -0.0000
  0.0000
 -0.0000
 -0.0000
 -0.0000
 -0.0000
 -0.0000
 -0.0000
  0.0000
 -0.0000
 -0.0000
 -0.0000
 -0.0000
 -0.0000
 -0.0000
 -0.0000
 -0.0000
  0.0000
 -0.0000
 -0.0000
  0.0000
 -0.0000
 -0.0000
 -0.0000
  0.0000
  0.0000
  0.0000
  0.0000
  0.0000
  0.0000
  0.0000
  0.0000
  0.0000
 -0.0000
  0.0000
 -0.0000
  0.0000
  0.0000
 -0.0000
  0.0000
  0.0000
  0.0000
 -0.0000
 -0.0000
  0.0000
  0.0000
  0.0000
  0.0000
  0.0000
  0.0000
  0.0000
  0.0000
  0.0000
  0.0000
  0.0000
  0.0000
  0.0000
  0.0000
  0.0000
  0.0000
  0.0000
  0.0000
  0.0000
  0.0000
 -0.0000
  0.0000
  0.0000
  0.0000
  0.0000
  0.0000
 -0.0000
  0.0000
  0.0000
  0.0000
 -0.0000
 -0.0000
  0.0000
  0.0000
  0.0000
  0.0000
  0.0000
  0.0000
  0.0000
  0.0000
  0.0000
  0.0000
  0.0000
  0.0000
  0.0000
  0.0000
  0.0000
  0.0000
  0.0000
  0.0000
  0.0000
  0.0000
  0.0000
  0.0000
  0.0000
  0.0000
  0.0000
  0.0000
  0.0000
  0.0000
  0.0000
  0.0000
  0.0000
  0.0000
  0.0000
  0.0000
  0.0000
  0.0000
  0.0000
  0.0000
  0.0000
  0.0000
  0.0756
  0.0795
  0.0877
  0.0966
  0.1065
  0.1174
  0.1293
  0.1424
  0.1568
  0.1727
  0.1901
  0.2092
  0.2302
  0.2533
  0.2786
  0.3064
  0.3368
  0.3703
  0.4069
  0.4471
  0.4912
  0.5395
  0.5924
  0.6504
  0.7140
  0.7836
  0.8597
  0.9431
  1.0344
  1.1343
  1.2435
  1.3631
  1.4938
  1.6366
  1.7928
  1.9635
  2.1500
  2.3538
  2.5763
  2.8193
  3.0845
  3.3741
  3.6900
  4.0347
  4.4107
  4.8208
  5.2679
  5.7553
  6.2865
  6.8654
  7.4959
  8.1828
  8.9307
  9.7450
 10.6314
 11.5960
 12.6455
 13.7872
 15.0289
 16.3791
 17.8469
 19.4423
 21.1759
 23.0593
 25.1052
 27.3269
 29.7392
 32.3577
 35.1996
 38.2832
 41.6284
 45.2566
 49.1909
 53.4563
 58.0796
 63.0897
 68.5180
 74.3981
 80.7661
 87.6612
 95.1254
103.2039
111.9454
121.4024
131.6312
142.6925
154.6514
167.5781
181.5480
196.6419
212.9469
230.5564
249.5706
270.0974
292.2522
316.1591
341.9512
369.7711
399.7720
432.1179
466.9846
504.5605
545.0476
588.6619
635.6351
686.2150
740.6668
799.2744
862.3414
930.1927
1003.1755
1081.6611
1166.0462
1256.7549
1354.2400
1458.9854
1571.5075
1692.3578
1822.1247
1961.4361
2110.9619
2271.4164
2443.5613
2628.2087
2826.2237
3038.5284
3266.1048
3509.9990
3771.3243
4051.2662
4351.0860
4672.1259
5015.8132
5383.6661
5777.2985
6198.4256
6648.8704
7130.5695
7645.5796
8196.0848
8784.4037
9412.9972
10084.4762
10801.6107
11567.3383
12384.7736
13257.2183
14188.1713
15181.3398
16240.6506
17370.2618
18574.5760
19858.2527
21226.2228
22683.7026
24236.2090
25889.5757
27649.9692
29523.9069
31518.2748
33640.3463
35897.8030
38298.7543
40851.7601
43565.8528
46450.5614
49515.9358
52772.5730
56231.6436
59904.9201
63804.8058
67944.3656
72337.3575
76998.2654
81942.3337
87185.6030
92744.9472
98638.1120
104883.7550
111501.4877
118511.9186
125936.6978
133798.5642
142121.3934
150930.2480
160251.4295
170112.5320
180542.4981
191571.6765
203231.8815
215556.4549
228580.3296
242340.0959
256874.0688
272222.3590
288426.9452
305531.7487
323582.7106
342627.8713
362717.4524
383903.9409
406242.1757
429789.4372
454605.5384
480752.9196
508296.7448
537305.0012
567848.6006
600001.4843
633840.7299
669446.6606
706902.9579
746296.7757
787718.8579
831263.6582
877029.4624
925118.5133
975637.1376
1028695.8763
1084409.6162
1142897.7245
1204284.1858
1268697.7403
1336272.0255
1407145.7190
1481462.6833
1559372.1132
1641028.6841
1726592.7021
1816230.2565
1910113.3723
2008420.1651
2111334.9963
2219048.6300
2331758.3898
2449668.3170
2572989.3283
2701939.3747
2836743.5992
2977634.4955
3124852.0649
3278643.9733
3439265.7069
3606980.7265
3782060.6202
3964785.2545
4155442.9222
4354330.4895
4561753.5380
4778026.5054
5003472.8211
5238425.0389
5483224.9641
5738223.7772
6003782.1510
6280270.3627
6568068.3999
6867566.0596
7179163.0405
7503269.0276
7840303.7686
8190697.1419
8554889.2154
8933330.2960
9326480.9681
9734812.1225
10158804.9730
10598951.0618
11055752.2523
11529720.7086
12021378.8616
12531259.3612
13059905.0129
13607868.6999
14175713.2882
14764011.5161
15373345.8651
16004308.4145
16657500.6760
17333533.4101
18033026.4224
18756608.3400
19504916.3662
20278596.0141
21078300.8185
21904692.0242
22758438.2520
23640215.1399
24550704.9608
25490596.2153
26460583.1980
27461365.5397
28493647.7220
29558138.5655
30655550.6910
31786599.9532
32952004.8462
34152485.8809
35388764.9341
36661564.5683
37971607.3232
39319614.9775
40706307.7815
42132403.6600
43598617.3865
45105659.7266
46654236.5535
48245047.9324
49878787.1770
51556139.8765
53277782.8929
55044383.3315
56856597.4813
58715069.7293
60620431.4461
62573299.8458
64574276.8195
66623947.7424
68722880.2576
70871623.0354
73070704.5085
75320631.5869
77621888.3505
79974934.7218
82380205.1199
84838107.0973
87349019.9594
89913293.3700
92531245.9426
95203163.8206
97929299.2461
100709869.1205
103545053.5588
106434994.4375
109379793.9401
112379513.1013
115434170.3519
118543740.0661
121708151.1146
124927285.4240
128200976.5469
131529008.2427
134911113.0736
138346971.0168
141836208.0961
145378395.0357
148973045.9376
152619616.9872
156317505.1881
160066047.1289
163864517.7865
167712129.3670
171608030.1867
175551303.5981
179540966.9620
183575970.6687
187655197.2124
191777460.3196
195941504.1372
200146002.4797
204389558.1420
208670702.2772
212987893.8450
217339519.1317
221723891.3449
226139250.2864
230583762.1046
235055519.1303
239552539.7971
244072768.6499
248614076.4436
253174260.3336
257751044.1617
262342078.8371
266944942.8182
271557142.6927
276176113.8614
280799221.3254
285423760.5791
290046958.6092
294665975.0028
299277903.1643
303879771.6423
308468545.5674
313041128.2025
317594362.6038
322125033.3957
326629868.6567
331105541.9194
335548674.2818
339955836.6304
344323551.9752
348648297.8949
352926509.0913
357154580.0523
361328867.8222
365445694.8760
369501352.0990
373492101.8663
377414181.2227
381263805.1586
385037169.9811
388730456.7755
392339834.9560
395861465.9010
399291506.6704
402626113.8006
405861447.1742
408993673.9594
412018972.6152
414933536.9592
417733580.2904
420415339.5665
422975079.6262
425409097.4550
427713726.4872
429885340.9397
431920360.1712
433815253.0616
435566542.4061
437170809.3169
438624697.6280
439924918.2950
441068253.7857
442051562.4536
442871782.8887
443525938.2381
444011140.4917
444324594.7240
444463603.2878
444425569.9515
444208003.9732
443808524.1069
443224862.5322
442454868.7009
441496513.0962
440347890.8950
439007225.5291
437472872.1376
435743320.9053
433817200.2795
431693280.0614
429370474.3633
426847844.4286
424124601.3067
421200108.3791
418073883.7303
414745602.3587
411215098.2230
407482366.1188
403547563.3810
399411011.4087
395073197.0074
390534773.5449
385796561.9187
380859551.3302
375724899.8632
370393934.8645
364868153.1242
359149220.8527
353238973.4541
347139415.0934
340852718.0571
334381221.9060
327727432.4199
320894020.3343
313883819.8687
306699827.0482
299345197.8173
291823245.9494
284137440.7521
276291404.5705
268288910.0909
260133877.4473
251830371.1339
243382596.7263
234794897.4155
226071750.3578
217217762.8461
208237668.3055
199136322.1196
189918697.2906
180589879.9408
171155064.6598
161619549.7035
151988732.0509
142268102.3259
132463239.5904
122579806.0152
112623541.4356
102600257.8009
92515833.5227
82376207.7315
72187374.4486
61955376.6821
51686300.4540
41386268.7677
31061435.5239
20717979.3927
10362097.6522
  0.0000
-10362097.6522
-20717979.3927
-31061435.5239
-41386268.7677
-51686300.4540
-61955376.6821
-72187374.4486
-82376207.7315
-92515833.5227
-102600257.8009
-112623541.4356
-122579806.0152
-132463239.5904
-142268102.3259
-151988732.0508
-161619549.7035
-171155064.6598
-180589879.9408
-189918697.2906
-199136322.1196
-208237668.3055
-217217762.8461
-226071750.3578
-234794897.4155
-243382596.7263
-251830371.1339
-260133877.4473
-268288910.0908
-276291404.5705
-284137440.7521
-291823245.9494
-299345197.8173
-306699827.0482
-313883819.8688
-320894020.3343
-327727432.4199
-334381221.9060
-340852718.0571
-347139415.0934
-353238973.4541
-359149220.8527
-364868153.1242
-370393934.8645
-375724899.8632
-380859551.3302
-385796561.9187
-390534773.5449
-395073197.0074
-399411011.4087
-403547563.3810
-407482366.1188
-411215098.2230
-414745602.3587
-418073883.7303
-421200108.3791
-424124601.3067
-426847844.4286
-429370474.3633
-431693280.0614
-433817200.2795
-435743320.9053
-437472872.1376
-439007225.5291
-440347890.8950
-441496513.0962
-442454868.7009
-443224862.5322
-443808524.1070
-444208003.9732
-444425569.9515
-444463603.2878
-444324594.7240
-444011140.4917
-443525938.2381
-442871782.8887
-442051562.4536
-441068253.7857
-439924918.2949
-438624697.6280
-437170809.3169
-435566542.4061
-433815253.0616
-431920360.1712
-429885340.9397
-427713726.4872
-425409097.4550
-422975079.6262
-420415339.5665
-417733580.2904
-414933536.9592
-412018972.6152
-408993673.9594
-405861447.1743
-402626113.8006
-399291506.6704
-395861465.9010
-392339834.9560
-388730456.7755
-385037169.9811
-381263805.1586
-377414181.2227
-373492101.8663
-369501352.0990
-365445694.8760
-361328867.8222
-357154580.0523
-352926509.0913
-348648297.8949
-344323551.9752
-339955836.6304
-335548674.2818
-331105541.9194
-326629868.6567
-322125033.3957
-317594362.6038
-313041128.2025
-308468545.5674
-303879771.6423
-299277903.1643
-294665975.0028
-290046958.6091
-285423760.5791
-280799221.3254
-276176113.8614
-271557142.6927
-266944942.8182
-262342078.8372
-257751044.1617
-253174260.3336
-248614076.4436
-244072768.6499
-239552539.7971
-235055519.1303
-230583762.1046
-226139250.2864
-221723891.3449
-217339519.1317
-212987893.8450
-208670702.2772
-204389558.1420
-200146002.4797
-195941504.1372
-191777460.3196
-187655197.2124
-183575970.6687
-179540966.9620
-175551303.5981
-171608030.1867
-167712129.3670
-163864517.7865
-160066047.1289
-156317505.1881
-152619616.9872
-148973045.9376
-145378395.0357
-141836208.0961
-138346971.0168
-134911113.0736
-131529008.2427
-128200976.5469
-124927285.4240
-121708151.1146
-118543740.0661
-115434170.3519
-112379513.1013
-109379793.9401
-106434994.4375
-103545053.5588
-100709869.1205
-97929299.2461
-95203163.8206
-92531245.9426
-89913293.3700
-87349019.9594
-84838107.0973
-82380205.1199
-79974934.7218
-77621888.3505
-75320631.5869
-73070704.5085
-70871623.0354
-68722880.2576
-66623947.7424
-64574276.8195
-62573299.8459
-60620431.4461
-58715069.7293
-56856597.4813
-55044383.3315
-53277782.8929
-51556139.8765
-49878787.1770
-48245047.9324
-46654236.5535
-45105659.7266
-43598617.3865
-42132403.6600
-40706307.7815
-39319614.9775
-37971607.3232
-36661564.5683
-35388764.9341
-34152485.8809
-32952004.8462
-31786599.9532
-30655550.6910
-29558138.5655
-28493647.7220
-27461365.5397
-26460583.1980
-25490596.2153
-24550704.9608
-23640215.1399
-22758438.2520
-21904692.0242
-21078300.8185
-20278596.0141
-19504916.3662
-18756608.3400
-18033026.4224
-17333533.4101
-16657500.6760
-16004308.4145
-15373345.8651
-14764011.5161
-14175713.2882
-13607868.6999
-13059905.0129
-12531259.3612
-12021378.8616
-11529720.7086
-11055752.2523
-10598951.0618
-10158804.9730
-9734812.1225
-9326480.9681
-8933330.2960
-8554889.2154
-8190697.1419
-7840303.7686
-7503269.0276
-7179163.0405
-6867566.0596
-6568068.3999
-6280270.3627
-6003782.1510
-5738223.7772
-5483224.9641
-5238425.0389
-5003472.8211
-4778026.5054
-4561753.5380
-4354330.4895
-4155442.9222
-3964785.2545
-3782060.6202
-3606980.7265
-3439265.7069
-3278643.9733
-3124852.0649
-2977634.4955
-2836743.5992
-2701939.3747
-2572989.3283
-2449668.3170
-2331758.3898
-2219048.6300
-2111334.9963
-2008420.1651
-1910113.3723
-1816230.2565
-1726592.7021
-1641028.6841
-1559372.1132
-1481462.6833
-1407145.7190
-1336272.0255
-1268697.7403
-1204284.1858
-1142897.7245
-1084409.6162
-1028695.8763
-975637.1376
-925118.5133
-877029.4624
-831263.6582
-787718.8579
-746296.7757
-706902.9579
-669446.6606
-633840.7299
-600001.4843
-567848.6006
-537305.0012
-508296.7448
-480752.9196
-454605.5384
-429789.4372
-406242.1757
-383903.9409
-362717.4524
-342627.8713
-323582.7106
-305531.7487
-288426.9452
-272222.3590
-256874.0688
-242340.0959
-228580.3296
-215556.4549
-203231.8815
-191571.6765
-180542.4981
-170112.5320
-160251.4295
-150930.2480
-142121.3934
-133798.5642
-125936.6978
-118511.9186
-111501.4877
-104883.7550
-98638.1120
-92744.9472
-87185.6030
-81942.3337
-76998.2654
-72337.3575
-67944.3656
-63804.8058
-59904.9201
-56231.6436
-52772.5730
-49515.9358
-46450.5614
-43565.8528
-40851.7601
-38298.7543
-35897.8030
-33640.3463
-31518.2748
-29523.9069
-27649.9692
-25889.5757
-24236.2090
-22683.7026
-21226.2228
-19858.2527
-18574.5760
-17370.2618
-16240.6506
-15181.3398
-14188.1713
-13257.2183
-12384.7736
-11567.3383
-10801.6107
-10084.4762
-9412.9972
-8784.4037
-8196.0848
-7645.5796
-7130.5695
-6648.8704
-6198.4256
-5777.2985
-5383.6661
-5015.8132
-4672.1259
-4351.0860
-4051.2662
-3771.3243
-3509.9990
-3266.1048
-3038.5284
-2826.2237
-2628.2087
-2443.5613
-2271.4164
-2110.9619
-1961.4361
-1822.1247
-1692.3578
-1571.5075
-1458.9854
-1354.2400
-1256.7549
-1166.0462
-1081.6611
-1003.1755
-930.1927
-862.3414
-799.2744
-740.6668
-686.2150
-635.6351
-588.6619
-545.0476
-504.5605
-466.9846
-432.1179
-399.7720
-369.7711
-341.9512
-316.1591
-292.2522
-270.0974
-249.5706
-230.5564
-212.9469
-196.6419
-181.5480
-167.5781
-154.6514
-142.6925
-131.6312
-121.4024
-111.9454
-103.2039
-95.1254
-87.6612
-80.7661
-74.3981
-68.5180
-63.0897
-58.0796
-53.4563
-49.1909
-45.2566
-41.6284
-38.2832
-35.1996
-32.3577
-29.7392
-27.3269
-25.1052
-23.0593
-21.1759
-19.4423
-17.8469
-16.3791
-15.0289
-13.7872
-12.6455
-11.5960
-10.6314
 -9.7450
 -8.9307
 -8.1828
 -7.4959
 -6.8654
 -6.2865
 -5.7553
 -5.2679
 -4.8208
 -4.4107
 -4.0347
 -3.6900
 -3.3741
 -3.0845
 -2.8193
 -2.5763
 -2.3538
 -2.1500
 -1.9635
 -1.7928
 -1.6366
 -1.4938
 -1.3631
 -1.2435
 -1.1343
 -1.0344
 -0.9431
 -0.8597
 -0.7836
 -0.7140
 -0.6504
 -0.5924
 -0.5395
 -0.4912
 -0.4471
 -0.4069
 -0.3703
 -0.3368
 -0.3064
 -0.2786
 -0.2533
 -0.2302
 -0.2092
 -0.1901
 -0.1727
 -0.1568
 -0.1424
 -0.1293
 -0.1174
 -0.1065
 -0.0966
 -0.0877
 -0.0795
 -0.0721
 -0.0653
 -0.0592
 -0.0537
 -0.0486
 -0.0440
 -0.0399
 -0.0361
 -0.0327
 -0.0296
 -0.0268
 -0.0242
 -0.0219
 -0.0198
 -0.0179
 -0.0162
 -0.0146
 -0.0132
 -0.0120
 -0.0108
 -0.0097
 -0.0088
 -0.0079
 -0.0072
 -0.0065
 -0.0058
 -0.0053
 -0.0047
 -0.0043
 -0.0039
 -0.0035
 -0.0031
 -0.0028
 -0.0025
 -0.0023
 -0.0021
 -0.0019
 -0.0017
 -0.0015
 -0.0014
 -0.0012
 -0.0011
 -0.0010
 -0.0009
 -0.0008
 -0.0007
 -0.0006
 -0.0006
 -0.0005
 -0.0005
 -0.0004
 -0.0004
 -0.0003
 -0.0003
 -0.0003
 -0.0002
 -0.0002
 -0.0002
 -0.0002
 -0.0002
 -0.0001
 -0.0001
 -0.0001
 -0.0001
 -0.0001
 -0.0001
 -0.0001
 -0.0001
 -0.0001
 -0.0001
 -0.0000
 -0.0000
 -0.0000
 -0.0000
 -0.0000
 -0.0000
 -0.0000
 -0.0000
 -0.0000
 -0.0000
 -0.0000
 -0.0000
 -0.0000
 -0.0000
 -0.0000
 -0.0000
 -0.0000
 -0.0000
 -0.0000
 -0.0000
 -0.0000
 -0.0000
 -0.0000
 -0.0000
 -0.0000
 -0.0000
 -0.0000
 -0.0000
 -0.0000
 -0.0000
 -0.0000
 -0.0000
 -0.0000
 -0.0000
 -0.0000
 -0.0000
 -0.0000
 -0.0000
 -0.0000
 -0.0000
 -0.0000
 -0.0000
 -0.0000
 -0.0000
 -0.0000
 -0.0000
 -0.0000
 -0.0000
 -0.0000
 -0.0000
 -0.0000
 -0.0000
 -0.0000
 -0.0000
 -0.0000
 -0.0000
 -0.0000
 -0.0000
 -0.0000
 -0.0000
 -0.0000
  0.0000
 -0.0000
 -0.0000
 -0.0000
 -0.0000
  0.0000
 -0.0000
  0.0000
  0.0000
  0.0000
  0.0000
  0.0000
  0.0000
  0.0000
 -0.0000
  0.0000
  0.0000
  0.0000
 -0.0000
  0.0000
  0.0000
 -0.0000
  0.0000
 -0.0000
  0.0000
  0.0000
  0.0000
  0.0000
  0.0000
  0.0000
  0.0000
  0.0000
  0.0000
  0.0000
  0.0000
  0.0000
  0.0000
  0.0000
  0.0000
  0.0000
  0.0000
  0.0000
  0.0000
  0.0000
  0.0000
  0.0000
  0.0000
  0.0000
  0.0000
  0.0000
  0.0000
  0.0000
  0.0000
  0.0000
  0.0000
  0.0000
  0.0000
  0.0000
  0.0000
  0.0000
  0.0000
  0.0000
  0.0000
  0.0000
  0.0000
  0.0000
  0.0000
  0.0000
  0.0000
  0.0000
  0.0000
  0.0000
  0.0000
  0.0000
  0.0000
  0.0000
  0.0000
  0.0000
  0.0000
  0.0000
  0.0000
  0.0000
  0.0000
  0.0000
  0.0000
  0.0000
  0.0000
  0.0000
  0.0000
  0.0000
  0.0000
  0.0000
  0.0000
  0.0000
  0.0000
  0.0000
  0.0000
  0.0000
  0.0000
  0.0000
  0.0000
 -0.0000
  0.0000
  0.0000
  0.0000
  0.0000
  0.0000
  0.0000
  0.0000
  0.0000
  0.0000
  0.0000
  0.0000
  0.0000
  0.0000
  0.0000
  0.0000
  0.0000
  0.0000
  0.0000
  0.0000
  0.0000
  0.0000
  0.0000
  0.0000
 -0.0000
  0.0000
 -0.0000
 -0.0000
 -0.0000
  0.0000
  0.0000
 -0.0000
  0.0000
  0.0000
  0.0000
 -0.0000
 -0.0000
  0.0000
  0.0000
  0.0000
  0.0000
  0.0000
  0.0000
  0.0000
  0.0000
  0.0000
  0.0000
 -0.0000
  0.0000
  0.0000
  0.0000
  0.0000
 -0.0000
  0.0000
 -0.0000
 -0.0000
 -0.0000
  0.0000
  0.0000
  0.0000
 -0.0000
  0.0000
  0.0000
 -0.0000
 -0.0000
  0.0000
  0.0000
  0.0000
 -0.0000
  0.0000
 -0.0000
  0.0000
 -0.0000
  0.0000
 -0.0000
  0.0000
 -0.0000
  0.0000
  0.0000
  0.0000
 -0.0000
  0.0000
  0.0000
  0.0000
 -0.0000
  0.0000
  0.0000
  0.0000
 -0.0000
  0.0000
 -0.0000
 -0.0000
 -0.0000
  0.0000
 -0.0000
  0.0000
 -0.0000
  0.0000
 -0.0000
 -0.0000
 -0.0000
  0.0000
 -0.0000
 -0.0000
 -0.0000
  0.0000
 -0.0000
  0.0000
  0.0000
  0.0000
 -0.0000
  0.0000
 -0.0000
  0.0000
 -0.0000
 -0.0000
 -0.0000
  0.0000
  0.0000
  0.0000
  0.0000
  0.0000
  0.0000
 -0.0000
  0.0000
  0.0000
 -0.0000
 -0.0000
 -0.0000
  0.0000
  0.0000
  0.0000
  0.0000
  0.0000
 -0.0000
  0.0000
  0.0000
  0.0000
  0.0000
 -0.0000
 -0.0000
  0.0000
  0.0000
  0.0000
  0.0000
  0.0000
  0.0000
  0.0000
 -0.0000
  0.0000
 -0.0000
 -0.0000
 -0.0000
  0.0000
  0.0000
  0.0000
 -0.0000
 -0.0000
  0.0000
 -0.0000
 -0.0000
  0.0000
 -0.0000
 -0.0000
 -0.0000
  0.0000
 -0.0000
  0.0000
 -0.0000
 -0.0000
 -0.0000
 -0.0000
 -0.0000
  0.0000
  0.0000
 -0.0000
 -0.0000
  0.0000
 -0.0000
 -0.0000
 -0.0000
 -0.0000
 -0.0000
 -0.0000
  0.0000
  0.0000
  0.0000
 -0.0000
 -0.0000
 -0.0000
 -0.0000
 -0.0000
 -0.0000
 -0.0000
 -0.0000
 -0.0000
  0.0000
  0.0000
  0.0000
 -0.0000
 -0.0000
 -0.0000
 -0.0000
 -0.0000
  0.0000
 -0.0000
 -0.0000
  0.0000
 -0.0000
  0.0000
 -0.0000
 -0.0000
  0.0000
 -0.0000
  0.0000
 -0.0000
 -0.0000
 -0.0000
  0.0000
 -0.0000
 -0.0000
  0.0000
 -0.0000
 -0.0000
 -0.0000
 -0.0000
 -0.0000
  0.0000
 -0.0000
 -0.0000
 -0.0000
 -0.0000
  0.0000
 -0.0000
  0.0000
 -0.0000
  0.0000
 -0.0000
 -0.0000
  0.0000
 -0.0000
 -0.0000
 -0.0000
 -0.0000
  0.0000
  0.0000
  0.0000
 -0.0000
 -0.0000
 -0.0000
 -0.0000
 -0.0000
 -0.0000
 -0.0000
 -0.0000
 -0.0000
 -0.0000
 -0.0000
  0.0000
 -0.0000
 -0.0000
 -0.0000
 -0.0000
 -0.0000
 -0.0000
 -0.0000
 -0.0000
  0.0000
  0.0000
  0.0000
  0.0000
  0.0000
  0.0000
 -0.0000
  0.0000
  0.0000
  0.0000
 -0.0000
 -0.0000
 -0.0000
  0.0000
 -0.0000
  0.0000
 -0.0000
 -0.0000
 -0.0000
  0.0000
  0.0000
 -0.0000
 -0.0000
  0.0000
  0.0000
 -0.0000
 -0.0000
  0.0000
 -0.0000
 -0.0000
 -0.0000
  0.0000
 -0.0000
  0.0000
 -0.0000
  0.0000
 -0.0000
 -0.0000
 -0.0000
 -0.0000
 -0.0000
 -0.0000
 -0.0000
  0.0000
 -0.0000
 -0.0000
 -0.0000
 -0.0000
 -0.0000
 -0.0000
 -0.0000
  0.0000
 -0.0000
 -0.0000
 -0.0000
 -0.0000
 -0.0000
  0.0000
 -0.0000
 -0.0000
  0.0000
  0.0000
 -0.0000
  0.0000
 -0.0000
 -0.0000
 -0.0000
 -0.0000
  0.0000
  0.0000
 -0.0000
 -0.0000
  0.0000
 -0.0000
 -0.0000
 -0.0000
 -0.0000
  0.0000
 -0.0000
 -0.0000
 -0.0000
 -0.0000
  0.0000
 -0.0000
 -0.0000
 -0.0000
 -0.0000
 -0.0000
 -0.0000
 -0.0000
 -0.0000
 -0.0000
 -0.0000
  0.0000
 -0.0000
 -0.0000
 -0.0000
 -0.0000
 -0.0000
 -0.0000
 -0.0000
 -0.0000
 -0.0000
 -0.0000
 -0.0000
  0.0000
 -0.0000
 -0.0000
 -0.0000
 -0.0000
 -0.0000
 -0.0000
 -0.0000
 -0.0000
 -0.0000
 -0.0000
 -0.0000
 -0.0000
 -0.0000
  0.0000
 -0.0000
 -0.0000
 -0.0000
 -0.0000
 -0.0000
 -0.0000
 -0.0000
 -0.0000
 -0.0000
 -0.0000
 -0.0000
 -0.0000
 -0.0000
 -0.0000
 -0.0000
 -0.0000
 -0.0000
  0.0000
 -0.0000
 -0.0000
 -0.0000
 -0.0000
  0.0000
 -0.0000
 -0.0000
 -0.0000
 -0.0000
 -0.0000
  0.0000
 -0.0000
 -0.0000
 -0.0000
 -0.0000
 -0.0000
 -0.0000
 -0.0000
 -0.0000
 -0.0000
 -0.0000
 -0.0000
 -0.0000
  0.0000
 -0.0000
 -0.0000
 -0.0000
  0.0000
 -0.0000
 -0.0000
 -0.0000
 -0.0000
 -0.0000
 -0.0000
  0.0000
  0.0000
 -0.0000
 -0.0000
 -0.0000
  0.0000
  0.0000
 -0.0000
 -0.0000
 -0.0000
 -0.0000
 -0.0000
  0.0000
  0.0000
  0.0000
 -0.0000
 -0.0000
 -0.0000
 -0.0000
  0.0000
 -0.0000
  0.0000
 -0.0000
 -0.0000
  0.0000
  0.0000
  0.0000
 -0.0000
 -0.0000
 -0.0000
  0.0000
 -0.0000
  0.0000
  0.0000
  0.0000
  0.0000
  0.0000
  0.0000
  0.0000
 -0.0000
 -0.0000
  0.0000
  0.0000
 -0.0000
 -0.0000
  0.0000
  0.0000
  0.0000
  0.0000
  0.0000
  0.0000
 -0.0000
 -0.0000
 -0.0000
  0.0000
 -0.0000
  0.0000
  0.0000
  0.0000
  0.0000
  0.0000
  0.0000
  0.0000
 -0.0000
 -0.0000
  0.0000
  0.0000
  0.0000
 -0.0000
  0.0000
  0.0000
  0.0000
  0.0000
  0.0000
  0.0000
  0.0000
  0.0000
 -0.0000
 -0.0000
 -0.0000
 -0.0000
  0.0000
  0.0000
 -0.0000
  0.0000
 -0.0000
  0.0000
  0.0000
 -0.0000
  0.0000
  0.0000
 -0.0000
  0.0000
  0.0000
  0.0000
  0.0000
  0.0000
 -0.0000
  0.0000
 -0.0000
 -0.0000
  0.0000
  0.0000
 -0.0000
 -0.0000
  0.0000
  0.0000
  0.0000
  0.0000
 -0.0000
  0.0000
 -0.0000
  0.0000
 -0.0000
  0.0000
  0.0000
  0.0000
  0.0000
  0.0000
  0.0000
  0.0000
  0.0000
  0.0000
  0.0000
 -0.0000
 -0.0000
  0.0000
 -0.0000
 -0.0000
  0.0000
  0.0000
  0.0000
 -0.0000
 -0.0000
  0.0000
  0.0000
 -0.0000
 -0.0000
  0.0000
 -0.0000
  0.0000
 -0.0000
 -0.0000
 -0.0000
 -0.0000
 -0.0000
 -0.0000
 -0.0000
 -0.0000
 -0.0000
 -0.0000
 -0.0000
 -0.0000
 -0.0000
 -0.0000
 -0.0000
 -0.0000
 -0.0000
 -0.0000
 -0.0000
 -0.0000
 -0.0000
 -0.0000
 -0.0000
 -0.0000
 -0.0000
 -0.0000
 -0.0000
 -0.0000
 -0.0000
 -0.0000
 -0.0000
 -0.0000
 -0.0000
 -0.0000
 -0.0000
  0.0000
 -0.0000
 -0.0000
 -0.0000
 -0.0000
 -0.0000
 -0.0000
 -0.0000
 -0.0000
 -0.0000
 -0.0000
 -0.0000
 -0.0000
 -0.0000
 -0.0000
 -0.0000
 -0.0000
 -0.0000
 -0.0000
 -0.0000
 -0.0000
 -0.0000
 -0.0000
 -0.0000
  0.0000
 -0.0000
 -0.0000
 -0.0000
 -0.0000
 -0.0000
 -0.0000
 -0.0000
 -0.0000
 -0.0000
 -0.0000
 -0.0000
 -0.0000
 -0.0000
 -0.0000
 -0.0000
 -0.0000
 -0.0000
 -0.0000
 -0.0000
 -0.0000
 -0.0000
 -0.0000
 -0.0000
  0.0000
 -0.0000
 -0.0000
 -0.0000
 -0.0000
 -0.0000
 -0.0000
  0.0000
  0.0000
 -0.0000
 -0.0000
 -0.0000
  0.0000
 -0.0000
 -0.0000
 -0.0000
 -0.0000
 -0.0000
 -0.0000
  0.0000
 -0.0000
 -0.0000
 -0.0000
 -0.0000
 -0.0000
 -0.0000
 -0.0000
 -0.0000
 -0.0000
 -0.0000
 -0.0000
  0.0000
  0.0000
  0.0000
 -0.0000
  0.0000
 -0.0000
 -0.0000
  0.0000
 -0.0000
 -0.0000
 -0.0000
 -0.0000
 -0.0000
 -0.0000
 -0.0000
 -0.0000
 -0.0000
 -0.0000
 -0.0000
 -0.0000
 -0.0000
 -0.0000
  0.0000
 -0.0000
 -0.0000
 -0.0000
 -0.0000
 -0.0000
 -0.0000
 -0.0000
 -0.0000
 -0.0000
 -0.0000
  0.0000
 -0.0000
  0.0000
 -0.0000
 -0.0000
  0.0000
  0.0000
  0.0000
 -0.0000
 -0.0000
 -0.0000
 -0.0000
  0.0000
 -0.0000
  0.0000
 -0.0000
 -0.0000
  0.0000
  0.0000
 -0.0000
 -0.0000
 -0.0000
 -0.0000
 -0.0000
 -0.0000
  0.0000
 -0.0000
 -0.0000
 -0.0000
 -0.0000
  0.0000
 -0.0000
 -0.0000
 -0.0000
  0.0000
 -0.0000
  0.0000
 -0.0000
  0.0000
  0.0000
  0.0000
  0.0000
  0.0000
 -0.0000
  0.0000
 -0.0000
 -0.0000
  0.0000
 -0.0000
  0.0000
  0.0000
  0.0000
  0.0000
  0.0000
  0.0000
  0.0000
  0.0000
  0.0000
 -0.0000
  0.0000
  0.0000
  0.0000
  0.0000
  0.0000
  0.0000
  0.0000
  0.0000
  0.0000
 -0.0000
  0.0000
  0.0000
  0.0000
  0.0000
  0.0000
  0.0000
  0.0000
  0.0000
  0.0000
  0.0000
  0.0000
  0.0000
 -0.0000
  0.0000
  0.0000
  0.0000
  0.0000
  0.0000
  0.0000
  0.0000
  0.0000
  0.0000
 -0.0000
  0.0000
  0.0000
  0.0000
  0.0000
  0.0000
  0.0000
  0.0000
  0.0000
  0.0000
  0.0000
  0.0000
  0.0000
  0.0000
  0.0000
  0.0000
  0.0000
  0.0000
  0.0000
  0.0000
  0.0000
  0.0000
 -0.0000
  0.0000
  0.0000
  0.0000
 -0.0000
  0.0000
  0.0000
  0.0000
  0.0000
  0.0000
  0.0000
  0.0000
 -0.0000
  0.0000
  0.0000
  0.0000
  0.0000
  0.0000
 -0.0000
  0.0000
  0.0000
  0.0000
  0.0000
  0.0000
 -0.0000
  0.0000
  0.0000
  0.0000
 -0.0000
  0.0000
  0.0000
  0.0000
 -0.0000
  0.0000
  0.0000
  0.0000
  0.0000
 -0.0000
  0.0000
  0.0000
 -0.0000
 -0.0000
  0.0000
  0.0000
  0.0000
  0.0000
  0.0000
  0.0000
 -0.0000
 -0.0000
  0.0000
  0.0000
  0.0000
  0.0000
  0.0000
  0.0000
 -0.0000
  0.0000
  0.0000
  0.0000
 -0.0000
 -0.0000
  0.0000
  0.0000
 -0.0000
  0.0000
  0.0000
  0.0000
  0.0000
  0.0000
  0.0000
  0.0000
 -0.0000
 -0.0000
  0.0000
  0.0000
 -0.0000
  0.0000
  0.0000
  0.0000
  0.0000
  0.0000
  0.0000
  0.0000
 -0.0000
  0.0000
  0.0000
  0.0000
 -0.0000
 -0.0000
  0.0000
  0.0000
  0.0000
  0.0000
  0.0000
  0.0000
 -0.0000
 -0.0000
  0.0000
 -0.0000
  0.0000
  0.0000
  0.0000
  0.0000
  0.0000
  0.0000
  0.0000
 -0.0000
 -0.0000
 -0.0000
  0.0000
  0.0000
  0.0000
  0.0000
  0.0000
  0.0000
 -0.0000
  0.0000
  0.0000
 -0.0000
 -0.0000
 -0.0000
  0.0000
 -0.0000
  0.0000
  0.0000
  0.0000
  0.0000
 -0.0000
  0.0000
  0.0000
 -0.0000
  0.0000
 -0.0000
  0.0000
 -0.0000
 -0.0000
  0.0000
  0.0000
  0.0000
  0.0000
 -0.0000
  0.0000
  0.0000
 -0.0000
  0.0000
  0.0000
  0.0000
  0.0000
 -0.0000
  0.0000
  0.0000
  0.0000
 -0.0000
  0.0000
  0.0000
 -0.0000
 -0.0000
  0.0000
 -0.0000
  0.0000
 -0.0000
  0.0000
  0.0000
  0.0000
  0.0000
  0.0000
  0.0000
 -0.0000
  0.0000
  0.0000
 -0.0000
  0.0000
  0.0000
  0.0000
  0.0000
 -0.0000
  0.0000
 -0.0000
 -0.0000
  0.0000
  0.0000
  0.0000
  0.0000
  0.0000
 -0.0000
  0.0000
  0.0000
 -0.0000
 -0.0000
  0.0000
 -0.0000
  0.0000
  0.0000
 -0.0000
 -0.0000
  0.0000
 -0.0000
  0.0000
 -0.0000
 -0.0000
 -0.0000
 -0.0000
  0.0000
 -0.0000
  0.0000
 -0.0000
  0.0000
  0.0000
 -0.0000
 -0.0000
 -0.0000
 -0.0000
 -0.0000
 -0.0000
 -0.0000
 -0.0000
  0.0000
 -0.0000
 -0.0000
  0.0000
  0.0000
 -0.0000
 -0.0000
 -0.0000
 -0.0000
 -0.0000
  0.0000
 -0.0000
  0.0000
 -0.0000
 -0.0000
  0.0000
 -0.0000
 -0.0000
 -0.0000
 -0.0000
 -0.0000
 -0.0000
 -0.0000
  0.0000
  0.0000
 -0.0000
 -0.0000
  0.0000
  0.0000
  0.0000
 -0.0000
 -0.0000
 -0.0000
 -0.0000
  0.0000
  0.0000
 -0.0000
 -0.0000
  0.0000
  0.0000
 -0.0000
  0.0000
 -0.0000
 -0.0000
  0.0000
  0.0000
  0.0000
  0.0000
  0.0000
 -0.0000
  0.0000
  0.0000
  0.0000
 -0.0000
 -0.0000
  0.0000
 -0.0000
 -0.0000
  0.0000
  0.0000
  0.0000
 -0.0000
  0.0000
  0.0000
  0.0000
 -0.0000
  0.0000
 -0.0000
 -0.0000
  0.0000
  0.0000
 -0.0000
  0.0000
 -0.0000
  0.0000
 -0.0000
 -0.0000
 -0.0000
 -0.0000
  0.0000
 -0.0000
 -0.0000
  0.0000
  0.0000
 -0.0000
 -0.0000
  0.0000
  0.0000
  0.0000
 -0.0000
  0.0000
  0.0000
  0.0000
 -0.0000
  0.0000
  0.0000
 -0.0000
  0.0000
  0.0000
  0.0000
 -0.0000
 -0.0000
  0.0000
 -0.0000
  0.0000
 -0.0000
 -0.0000
  0.0000
 -0.0000
  0.0000
  0.0000
  0.0000
  0.0000
 -0.0000
  0.0000
  0.0000
  0.0000
 -0.0000
  0.0000
  0.0000
  0.0000
 -0.0000
  0.0000
 -0.0000
  0.0000
 -0.0000
  0.0000
  0.0000
 -0.0000
  0.0000
  0.0000
  0.0000
  0.0000
  0.0000
  0.0000
 -0.0000
 -0.0000
 -0.0000
  0.0000
  0.0000
 -0.0000
  0.0000
  0.0000
 -0.0000
 -0.0000
 -0.0000
  0.0000
  0.0000
 -0.0000
 -0.0000
  0.0000
  0.0000
  0.0000
  0.0000
  0.0000
 -0.0000
 -0.0000
 -0.0000
  0.0000
 -0.0000
 -0.0000
 -0.0000
  0.0000
 -0.0000
 -0.0000
 -0.0000
 -0.0000
 -0.0000
 -0.0000
  0.0000
  0.0000
  0.0000
  0.0000
 -0.0000
 -0.0000
 -0.0000
 -0.0000
  0.0000
 -0.0000
 -0.0000
 -0.0000
 -0.0000
  0.0000
 -0.0000
 -0.0000
 -0.0000
 -0.0000
 -0.0000
 -0.0000
 -0.0000
 -0.0000
 -0.0000
 -0.0000
 -0.0000
  0.0000
 -0.0000
 -0.0000
 -0.0000
 -0.0000
 -0.0000
 -0.0000
  0.0000
 -0.0000
 -0.0000
 -0.0000
 -0.0000
 -0.0000
 -0.0000
 -0.0000
 -0.0000
 -0.0000
 -0.0000
 -0.0000
 -0.0000
 -0.0000
 -0.0000
 -0.0000
 -0.0000
 -0.0000
 -0.0000
 -0.0000
 -0.0000
 -0.0000
 -0.0000
 -0.0000
 -0.0000
 -0.0000
 -0.0000
 -0.0000
 -0.0000
 -0.0000
 -0.0000
 -0.0000
 -0.0000
 -0.0000
 -0.0000
 -0.0000
 -0.0000
 -0.0000
 -0.0000
 -0.0000
 -0.0000
 -0.0000
 -0.0000
 -0.0000
 -0.0000
 -0.0000
 -0.0000
 -0.0000
 -0.0000
 -0.0000
 -0.0000
 -0.0000
 -0.0000
 -0.0000
 -0.0000
 -0.0000
 -0.0000
 -0.0000
 -0.0000
 -0.0000
 -0.0000
 -0.0000
 -0.0000
 -0.0000
 -0.0000
 -0.0000
 -0.0000
 -0.0000
 -0.0000
 -0.0000
 -0.0000
 -0.0000
 -0.0000
 -0.0000
 -0.0000
 -0.0000
 -0.0000
 -0.0000
 -0.0000
 -0.0000
 -0.0000
 -0.0000
 -0.0000
  0.0000
 -0.0000
 -0.0000
 -0.0000
 -0.0000
 -0.0000
 -0.0000
 -0.0000
 -0.0000
 -0.0000
 -0.0000
 -0.0000
 -0.0000
 -0.0000
 -0.0000
  0.0000
 -0.0000
 -0.0000
 -0.0000
  0.0000
  0.0000
 -0.0000
  0.0000
  0.0000
 -0.0000
 -0.0000
 -0.0000
  0.0000
  0.0000
 -0.0000
  0.0000
 -0.0000
  0.0000
 -0.0000
  0.0000
 -0.0000
 -0.0000
 -0.0000
 -0.0000
  0.0000
  0.0000
 -0.0000
 -0.0000
 -0.0000
 -0.0000
 -0.0000
 -0.0000
 -0.0000
 -0.0000
 -0.0000
 -0.0000
  0.0000
 -0.0000
 -0.0000
 -0.0000
  0.0000
 -0.0000
 -0.0000
 -0.0000
  0.0000
 -0.0000
 -0.0000
 -0.0000
 -0.0000
  0.0000
 -0.0000
 -0.0000
  0.0000
 -0.0000
 -0.0000
 -0.0000
  0.0000
 -0.0000
 -0.0000
 -0.0000
  0.0000
  0.0000
 -0.0000
 -0.0000
  0.0000
  0.0000
 -0.0000
  0.0000
  0.0000
  0.0000
  0.0000
  0.0000
  0.0000
  0.0000
  0.0000
  0.0000
  0.0000
  0.0000
  0.0000
  0.0000
  0.0000
  0.0000
  0.0000
 -0.0000
  0.0000
  0.0000
  0.0000
  0.0000
  0.0000
  0.0000
  0.0000
 -0.0000
  0.0000
  0.0000
  0.0000
  0.0000
  0.0000
 -0.0000
  0.0000
 -0.0000
  0.0000
  0.0000
  0.0000
 -0.0000
  0.0000
  0.0000
 -0.0000
  0.0000
  0.0000
  0.0000
  0.0000
  0.0000
  0.0000
  0.0000
  0.0000
 -0.0000
  0.0000
  0.0000
 -0.0000
 -0.0000
 -0.0000
 -0.0000
  0.0000
 -0.0000
  0.0000
  0.0000
  0.0000
 -0.0000
  0.0000
  0.0000
  0.0000
  0.0000
  0.0000
  0.0000
  0.0000
 -0.0000
  0.0000
 -0.0000
  0.0000
 -0.0000
  0.0000
  0.0000
 -0.0000
 -0.0000
  0.0000
  0.0000
  0.0000
 -0.0000
  0.0000
  0.0000
  0.0000
 -0.0000
  0.0000
  0.0000
 -0.0000
 -0.0000
 -0.0000
 -0.0000
  0.0000
 -0.0000
  0.0000
  0.0000
  0.0000
 -0.0000
 -0.0000
  0.0000
 -0.0000
 -0.0000
  0.0000
  0.0000
  0.0000
 -0.0000
  0.0000
  0.0000
  0.0000
  0.0000
 -0.0000
  0.0000
 -0.0000
 -0.0000
  0.0000
  0.0000
 -0.0000
 -0.0000
  0.0000
  0.0000
  0.0000
  0.0000
 -0.0000
  0.0000
 -0.0000
  0.0000
  0.0000
  0.0000
  0.0000
 -0.0000
  0.0000
  0.0000
 -0.0000
 -0.0000
  0.0000
  0.0000
 -0.0000
 -0.0000
  0.0000
  0.0000
  0.0000
  0.0000
  0.0000
  0.0000
  0.0000
  0.0000
  0.0000
  0.0000
 -0.0000
  0.0000
  0.0000
  0.0000
  0.0000
  0.0000
  0.0000
  0.0000
  0.0000
  0.0000
  0.0000
  0.0000
 -0.0000
  0.0000
  0.0000
 -0.0000
 -0.0000
  0.0000
  0.0000
  0.0000
 -0.0000
 -0.0000
 -0.0000
  0.0000
 -0.0000
 -0.0000
 -0.0000
  0.0000
  0.0000
  0.0000
 -0.0000
  0.0000
 -0.0000
 -0.0000
 -0.0000
  0.0000
  0.0000
  0.0000
  0.0000
  0.0000
  0.0000
 -0.0000
 -0.0000
  0.0000
 -0.0000
 -0.0000
 -0.0000
 -0.0000
 -0.0000
  0.0000
 -0.0000
 -0.0000
 -0.0000
  0.0000
 -0.0000
  0.0000
 -0.0000
 -0.0000
 -0.0000
  0.0000
 -0.0000
  0.0000
 -0.0000
  0.0000
 -0.0000
  0.0000
 -0.0000
  0.0000
  0.0000
 -0.0000
 -0.0000
  0.0000
  0.0000
  0.0000
 -0.0000
 -0.0000
 -0.0000
  0.0000
 -0.0000
 -0.0000
 -0.0000
  0.0000
 -0.0000
  0.0000
  0.0000
  0.0000
 -0.0000
  0.0000
  0.0000
  0.0000
 -0.0000
 -0.0000
  0.0000
 -0.0000
 -0.0000
 -0.0000
  0.0000
  0.0000
 -0.0000
  0.0000
 -0.0000
 -0.0000
 -0.0000
 -0.0000
  0.0000
  0.0000
 -0.0000
 -0.0000
  0.0000
  0.0000
 -0.0000
 -0.0000
  0.0000
  0.0000
 -0.0000
 -0.0000
  0.0000
  0.0000
 -0.0000
 -0.0000
  0.0000
 -0.0000
 -0.0000
 -0.0000
  0.0000
  0.0000
 -0.0000
 -0.0000
 -0.0000
  0.0000
  0.0000
 -0.0000
  0.0000
  0.0000
 -0.0000
 -0.0000
  0.0000
  0.0000
  0.0000
 -0.0000
  0.0000
  0.0000
  0.0000
  0.0000
  0.0000
  0.0000
  0.0000
  0.0000
  0.0000
  0.0000
  0.0000
 -0.0000
  0.0000
  0.0000
  0.0000
 -0.0000
  0.0000
  0.0000
  0.0000
 -0.0000
  0.0000
  0.0000
  0.0000
  0.0000
  0.0000
  0.0000
  0.0000
 -0.0000
  0.0000
  0.0000
  0.0000
 -0.0000
  0.0000
  0.0000
  0.0000
  0.0000
  0.0000
  0.0000
  0.0000
  0.0000
  0.0000
  0.0000
  0.0000
  0.0000
  0.0000
  0.0000
  0.0000
  0.0000
  0.0000
  0.0000
  0.0000
  0.0000
  0.0000
  0.0000
  0.0000
  0.0000
  0.0000
  0.0000
  0.0000
  0.0000
  0.0000
  0.0000
  0.0000
 -0.0000
  0.0000
  0.0000
  0.0000
 -0.0000
  0.0000
  0.0000
  0.0000
 -0.0000
  0.0000
  0.0000
  0.0000
  0.0000
  0.0000
  0.0000
  0.0000
 -0.0000
  0.0000
  0.0000
  0.0000
  0.0000
  0.0000
  0.0000
  0.0000
  0.0000
  0.0000
  0.0000
  0.0000
  0.0000
  0.0000
  0.0000
  0.0000
 -0.0000
  0.0000
  0.0000
  0.0000
 -0.0000
  0.0000
 -0.0000
  0.0000
  0.0000
  0.0000
 -0.0000
  0.0000
 -0.0000
  0.0000
  0.0000
  0.0000
  0.0000
  0.0000
 -0.0000
  0.0000
  0.0000
  0.0000
  0.0000
  0.0000
 -0.0000
  0.0000
 -0.0000
  0.0000
  0.0000
  0.0000
 -0.0000
  0.0000
 -0.0000
  0.0000
 -0.0000
  0.0000
 -0.0000
  0.0000
 -0.0000
  0.0000
  0.0000
  0.0000
  0.0000
  0.0000
  0.0000
  0.0000
  0.0000
  0.0000
  0.0000
  0.0000
 -0.0000
  0.0000
 -0.0000
  0.0000
 -0.0000
  0.0000
  0.0000
 -0.0000
 -0.0000
  0.0000
  0.0000
  0.0000
 -0.0000
 -0.0000
  0.0000
  0.0000
  0.0000
  0.0000
 -0.0000
  0.0000
 -0.0000
  0.0000
 -0.0000
 -0.0000
  0.0000
  0.0000
  0.0000
 -0.0000
 -0.0000
  0.0000
  0.0000
  0.0000
 -0.0000
 -0.0000
 -0.0000
 -0.0000
 -0.0000
 -0.0000
  0.0000
  0.0000
 -0.0000
 -0.0000
  0.0000
  0.0000
 -0.0000
 -0.0000
 -0.0000
 -0.0000
 -0.0000
 -0.0000
  0.0000
 -0.0000
 -0.0000
 -0.0000
 -0.0000
  0.0000
 -0.0000
 -0.0000
  0.0000
  0.0000
  0.0000
 -0.0000
  0.0000
  0.0000
 -0.0000
 -0.0000
  0.0000
 -0.0000
 -0.0000
 -0.0000
 -0.0000
  0.0000
 -0.0000
 -0.0000
 -0.0000
 -0.0000
  0.0000
 -0.0000
 -0.0000
 -0.0000
 -0.0000
 -0.0000
  0.0000
 -0.0000
 -0.0000
 -0.0000
 -0.0000
 -0.0000
 -0.0000
 -0.0000
  0.0000
 -0.0000
 -0.0000
 -0.0000
 -0.0000
 -0.0000
 -0.0000
 -0.0000
  0.0000
 -0.0000
 -0.0000
 -0.0000
  0.0000
 -0.0000
 -0.0000
 -0.0000
 -0.0000
 -0.0000
  0.0000
 -0.0000
  0.0000
 -0.0000
 -0.0000
 -0.0000
 -0.0000
 -0.0000
 -0.0000
 -0.0000
  0.0000
  0.0000
  0.0000
 -0.0000
  0.0000
  0.0000
 -0.0000
 -0.0000
 -0.0000
 -0.0000
 -0.0000
 -0.0000
 -0.0000
 -0.0000
 -0.0000
 -0.0000
 -0.0000
 -0.0000
 -0.0000
 -0.0000
 -0.0000
 -0.0000
 -0.0000
 -0.0000
 -0.0000
  0.0000
  0.0000
  0.0000
 -0.0000
 -0.0000
 -0.0000
  0.0000
 -0.0000
 -0.0000
  0.0000
 -0.0000
 -0.0000
  0.0000
 -0.0000
 -0.0000
 -0.0000
 -0.0000
 -0.0000
 -0.0000
 -0.0000
  0.0000
 -0.0000
 -0.0000
  0.0000
 -0.0000
 -0.0000
  0.0000
 -0.0000
 -0.0000
  0.0000
  0.0000
 -0.0000
  0.0000
  0.0000
  0.0000
 -0.0000
  0.0000
  0.0000
  0.0000
  0.0000
  0.0000
  0.0000
  0.0000
 -0.0000
  0.0000
  0.0000
  0.0000
 -0.0000
  0.0000
  0.0000
  0.0000
 -0.0000
  0.0000
 -0.0000
  0.0000
  0.0000
 -0.0000
  0.0000
  0.0000
  0.0000
  0.0000
 -0.0000
  0.0000
  0.0000
  0.0000
 -0.0000
  0.0000
 -0.0000
 -0.0000
  0.0000
  0.0000
 -0.0000
 -0.0000
 -0.0000
  0.0000
 -0.0000
 -0.0000
 -0.0000
  0.0000
  0.0000
 -0.0000
  0.0000
  0.0000
  0.0000
 -0.0000
 -0.0000
  0.0000
 -0.0000
 -0.0000
  0.0000
  0.0000
  0.0000
 -0.0000
  0.0000
  0.0000
 -0.0000
 -0.0000
 -0.0000
 -0.0000
 -0.0000
 -0.0000
  0.0000
  0.0000
 -0.0000
 -0.0000
  0.0000
  0.0000
  0.0000
 -0.0000
 -0.0000
  0.0000
 -0.0000
 -0.0000
  0.0000
 -0.0000
 -0.0000
 -0.0000
  0.0000
 -0.0000
 -0.0000
 -0.0000
 -0.0000
 -0.0000
 -0.0000
  0.0000
 -0.0000
 -0.0000
 -0.0000
 -0.0000
 -0.0000
  0.0000
 -0.0000
 -0.0000
 -0.0000
 -0.0000
 -0.0000
  0.0000
 -0.0000
  0.0000
  0.0000
 -0.0000
 -0.0000
  0.0000
  0.0000
 -0.0000
  0.0000
  0.0000
 -0.0000
 -0.0000
  0.0000
  0.0000
 -0.0000
 -0.0000
  0.0000
  0.0000
 -0.0000
 -0.0000
  0.0000
  0.0000
 -0.0000
 -0.0000
  0.0000
 -0.0000
  0.0000
 -0.0000
  0.0000
  0.0000
  0.0000
 -0.0000
 -0.0000
  0.0000
  0.0000
  0.0000
 -0.0000
  0.0000
 -0.0000
 -0.0000
  0.0000
 -0.0000
  0.0000
 -0.0000
 -0.0000
 -0.0000
 -0.0000
 -0.0000
  0.0000
 -0.0000
 -0.0000
 -0.0000
  0.0000
  0.0000
 -0.0000
 -0.0000
  0.0000
  0.0000
 -0.0000
  0.0000
  0.0000
 -0.0000
 -0.0000
 -0.0000
  0.0000
 -0.0000
 -0.0000
  0.0000
 -0.0000
  0.0000
 -0.0000
 -0.0000
  0.0000
 -0.0000
 -0.0000
 -0.0000
 -0.0000
 -0.0000
 -0.0000
 -0.0000
 -0.0000
 -0.0000
 -0.0000
 -0.0000
 -0.0000
 -0.0000
 -0.0000
 -0.0000
 -0.0000
 -0.0000
 -0.0000
 -0.0000
  0.0000
 -0.0000
  0.0000
 -0.0000
  0.0000
 -0.0000
 -0.0000
 -0.0000
 -0.0000
 -0.0000
 -0.0000
 -0.0000
 -0.0000
 -0.0000
 -0.0000
  0.0000
 -0.0000
 -0.0000
 -0.0000
  0.0000
 -0.0000
 -0.0000
 -0.0000
 -0.0000
 -0.0000
 -0.0000
 -0.0000
 -0.0000
 -0.0000
 -0.0000
 -0.0000
 -0.0000
 -0.0000
 -0.0000
 -0.0000
 -0.0000
 -0.0000
 -0.0000
  0.0000
 -0.0000
 -0.0000
 -0.0000
  0.0000
 -0.0000
 -0.0000
 -0.0000
 -0.0000
 -0.0000
  0.0000
 -0.0000
  0.0000
 -0.0000
  0.0000
 -0.0000
  0.0000
  0.0000
 -0.0000
 -0.0000
 -0.0000
 -0.0000
  0.0000
  0.0000
  0.0000
  0.0000
  0.0000
  0.0000
  0.0000
  0.0000
 -0.0000
  0.0000
  0.0000
  0.0000
 -0.0000
 -0.0000
  0.0000
  0.0000
  0.0000
 -0.0000
  0.0000
  0.0000
  0.0000
  0.0000
  0.0000
  0.0000
  0.0000
  0.0000
  0.0000
  0.0000
  0.0000
  0.0000
  0.0000
  0.0000
  0.0000
  0.0000
 -0.0000
 -0.0000
  0.0000
 -0.0000
  0.0000
  0.0000
  0.0000
  0.0000
  0.0000
  0.0000
  0.0000
  0.0000
  0.0000
 -0.0000
  0.0000
  0.0000
  0.0000
  0.0000
  0.0000
 -0.0000
  0.0000
  0.0000
  0.0000
 -0.0000
  0.0000
  0.0000
 -0.0000
  0.0000
  0.0000
  0.0000
 -0.0000
  0.0000
  0.0000
  0.0000
  0.0000
  0.0000
  0.0000
  0.0000
  0.0000
  0.0000
  0.0000
  0.0000
  0.0000
  0.0000
  0.0000
  0.0000
 -0.0000
  0.0000
  0.0000
  0.0000
 -0.0000
  0.0000
  0.0000
 -0.0000
 -0.0000
  0.0000
 -0.0000
  0.0000
  0.0000
  0.0000
  0.0000
  0.0000
  0.0000
 -0.0000
  0.0000
  0.0000
 -0.0000
  0.0000
  0.0000
 -0.0000
  0.0000
  0.0000
  0.0000
  0.0000
 -0.0000
  0.0000
  0.0000
  0.0000
 -0.0000
  0.0000
 -0.0000
 -0.0000
 -0.0000
  0.0000
  0.0000
  0.0000
  0.0000
 -0.0000
  0.0000
 -0.0000
 -0.0000
  0.0000
 -0.0000
  0.0000
 -0.0000
  0.0000
 -0.0000
  0.0000
  0.0000
  0.0000
  0.0000
 -0.0000
 -0.0000
  0.0000
  0.0000
 -0.0000
 -0.0000
  0.0000
  0.0000
  0.0000
  0.0000
 -0.0000
 -0.0000
 -0.0000
  0.0000
  0.0000
 -0.0000
 -0.0000
 -0.0000
  0.0000
  0.0000
 -0.0000
  0.0000
  0.0000
  0.0000
 -0.0000
 -0.0000
  0.0000
 -0.0000
 -0.0000
  0.0000
  0.0000
  0.0000
  0.0000
 -0.0000
  0.0000
  0.0000
 -0.0000
 -0.0000
  0.0000
 -0.0000
 -0.0000
  0.0000
  0.0000
  0.0000
 -0.0000
  0.0000
  0.0000
 -0.0000
 -0.0000
  0.0000
  0.0000
 -0.0000
  0.0000
  0.0000
  0.0000
 -0.0000
  0.0000
  0.0000
  0.0000
  0.0000
 -0.0000
  0.0000
  0.0000
 -0.0000
 -0.0000
  0.0000
  0.0000
 -0.0000
  0.0000
  0.0000
  0.0000
  0.0000
 -0.0000
  0.0000
  0.0000
  0.0000
  0.0000
  0.0000
 -0.0000
  0.0000
  0.0000
  0.0000
  0.0000
  0.0000
 -0.0000
 -0.0000
 -0.0000
 -0.0000
  0.0000
  0.0000
  0.0000
  0.0000
  0.0000
  0.0000
  0.0000
 -0.0000
 -0.0000
  0.0000
  0.0000
 -0.0000
 -0.0000
  0.0000
  0.0000
  0.0000
  0.0000
  0.0000
  0.0000
 -0.0000
 -0.0000
  0.0000
 -0.0000
 -0.0000
 -0.0000
  0.0000
  0.0000
  0.0000
  0.0000
  0.0000
  0.0000
  0.0000
 -0.0000
  0.0000
  0.0000
  0.0000
 -0.0000
  0.0000
  0.0000
  0.0000
  0.0000
  0.0000
  0.0000
 -0.0000
 -0.0000
  0.0000
 -0.0000
  0.0000
 -0.0000
  0.0000
 -0.0000
  0.0000
 -0.0000
  0.0000
  0.0000
 -0.0000
 -0.0000
  0.0000
 -0.0000
  0.0000
 -0.0000
  0.0000
  0.0000
  0.0000
  0.0000
  0.0000
  0.0000
 -0.0000
 -0.0000
  0.0000
 -0.0000
  0.0000
 -0.0000
  0.0000
  0.0000
 -0.0000
  0.0000
  0.0000
  0.0000
  0.0000
  0.0000
  0.0000
  0.0000
  0.0000
 -0.0000
  0.0000
 -0.0000
  0.0000
  0.0000
  0.0000
  0.0000
 -0.0000
 -0.0000
 -0.0000
  0.0000
  0.0000
  0.0000
  0.0000
  0.0000
  0.0000
 -0.0000
 -0.0000
  0.0000
  0.0000
  0.0000
 -0.0000
 -0.0000
  0.0000
 -0.0000
 -0.0000
 -0.0000
 -0.0000
  0.0000
 -0.0000
 -0.0000
  0.0000
 -0.0000
 -0.0000
 -0.0000
  0.0000
 -0.0000
 -0.0000
 -0.0000
 -0.0000
 -0.0000
 -0.0000
 -0.0000
 -0.0000
 -0.0000
 -0.0000
 -0.0000
  0.0000
 -0.0000
 -0.0000
  0.0000
 -0.0000
 -0.0000
 -0.0000
 -0.0000
 -0.0000
 -0.0000
 -0.0000
  0.0000
  0.0000
 -0.0000
 -0.0000
 -0.0000
 -0.0000
 -0.0000
 -0.0000
 -0.0000
  0.0000
 -0.0000
 -0.0000
 -0.0000
 -0.0000
 -0.0000
 -0.0000
 -0.0000
 -0.0000
 -0.0000
 -0.0000
  0.0000
 -0.0000
  0.0000
 -0.0000
 -0.0000
  0.0000
  0.0000
 -0.0000
  0.0000
  0.0000
 -0.0000
 -0.0000
 -0.0000
  0.0000
 -0.0000
 -0.0000
 -0.0000
  0.0000
 -0.0000
 -0.0000
 -0.0000
 -0.0000
 -0.0000
 -0.0000
 -0.0000
  0.0000
  0.0000
 -0.0000
 -0.0000
 -0.0000
  0.0000
 -0.0000
 -0.0000
  0.0000
 -0.0000
  0.0000
 -0.0000
 -0.0000
  0.0000
  0.0000
 -0.0000
  0.0000
  0.0000
 -0.0000
 -0.0000
 -0.0000
 -0.0000
 -0.0000
 -0.0000
  0.0000
  0.0000
 -0.0000
 -0.0000
 -0.0000
 -0.0000
 -0.0000
 -0.0000
 -0.0000
 -0.0000
 -0.0000
 -0.0000
 -0.0000
 -0.0000
  0.0000
 -0.0000
 -0.0000
  0.0000
 -0.0000
 -0.0000
 -0.0000
  0.0000
 -0.0000
 -0.0000
 -0.0000
  0.0000
 -0.0000
 -0.0000
 -0.0000
 -0.0000
 -0.0000
 -0.0000
 -0.0000
 -0.0000
 -0.0000
 -0.0000
 -0.0000
  0.0000
  0.0000
 -0.0000
 -0.0000
  0.0000
  0.0000
 -0.0000
 -0.0000
  0.0000
  0.0000
 -0.0000
 -0.0000
  0.0000
  0.0000
  0.0000
  0.0000
 -0.0000
 -0.0000
  0.0000
  0.0000
 -0.0000
 -0.0000
 -0.0000
 -0.0000
  0.0000
 -0.0000
 -0.0000
 -0.0000
  0.0000
  0.0000
 -0.0000
 -0.0000
 -0.0000
 -0.0000
 -0.0000
 -0.0000
  0.0000
  0.0000
 -0.0000
 -0.0000
 -0.0000
 -0.0000
 -0.0000
 -0.0000
  0.0000
  0.0000
 -0.0000
 -0.0000
  0.0000
 -0.0000
 -0.0000
 -0.0000
 -0.0000
 -0.0000
 -0.0000
 -0.0000
  0.0000
 -0.0000
 -0.0000
 -0.0000
 -0.0000
 -0.0000
 -0.0000
 -0.0000
 -0.0000
 -0.0000
 -0.0000
 -0.0000
  0.0000
  0.0000
 -0.0000
 -0.0000
 -0.0000
 -0.0000
 -0.0000
 -0.0000
 -0.0000
 -0.0000
 -0.0000
 -0.0000
  0.0000
 -0.0000
  0.0000
 -0.0000
  0.0000
  0.0000
  0.0000
 -0.0000
  0.0000
  0.0000
  0.0000
 -0.0000
  0.0000
  0.0000
 -0.0000
 -0.0000
  0.0000
 -0.0000
  0.0000
 -0.0000
 -0.0000
 -0.0000
 -0.0000
 -0.0000
  0.0000
 -0.0000
 -0.0000
 -0.0000
 -0.0000
 -0.0000
  0.0000
  0.0000
  0.0000
  0.0000
  0.0000
  0.0000
  0.0000
  0.0000
  0.0000
 -0.0000
  0.0000
 -0.0000
  0.0000
 -0.0000
  0.0000
  0.0000
 -0.0000
 -0.0000
  0.0000
  0.0000
  0.0000
 -0.0000
  0.0000
 -0.0000
 -0.0000
 -0.0000
  0.0000
  0.0000
  0.0000
 -0.0000
  0.0000
  0.0000
  0.0000
 -0.0000
  0.0000
 -0.0000
  0.0000
  0.0000
  0.0000
  0.0000
 -0.0000
 -0.0000
  0.0000
  0.0000
  0.0000
 -0.0000
 -0.0000
 -0.0000
  0.0000
 -0.0000
  0.0000
  0.0000
  0.0000
 -0.0000
  0.0000
  0.0000
  0.0000
 -0.0000
 -0.0000
 -0.0000
  0.0000
  0.0000
 -0.0000
  0.0000
 -0.0000
 -0.0000
  0.0000
  0.0000
  0.0000
 -0.0000
  0.0000
 -0.0000
  0.0000
 -0.0000
  0.0000
 -0.0000
 -0.0000
 -0.0000
  0.0000
  0.0000
  0.0000
 -0.0000
  0.0000
 -0.0000
 -0.0000
 -0.0000
  0.0000
 -0.0000
 -0.0000
 -0.0000
  0.0000
 -0.0000
  0.0000
 -0.0000
 -0.0000
 -0.0000
  0.0000
  0.0000
 -0.0000
 -0.0000
 -0.0000
 -0.0000
  0.0000
  0.0000
  0.0000
 -0.0000
 -0.0000
 -0.0000
  0.0000
 -0.0000
  0.0000
  0.0000
  0.0000
  0.0000
  0.0000
  0.0000
  0.0000
  0.0000
 -0.0000
 -0.0000
  0.0000
 -0.0000
 -0.0000
  0.0000
  0.0000
 -0.0000
  0.0000
  0.0000
  0.0000
 -0.0000
  0.0000
 -0.0000
  0.0000
 -0.0000
  0.0000
  0.0000
 -0.0000
  0.0000
  0.0000
 -0.0000
  0.0000
  0.0000
  0.0000
 -0.0000
  0.0000
 -0.0000
 -0.0000
  0.0000
 -0.0000
  0.0000
 -0.0000
 -0.0000
  0.0000
  0.0000
 -0.0000
 -0.0000
  0.0000
 -0.0000
 -0.0000
 -0.0000
 -0.0000
  0.0000
 -0.0000
 -0.0000
  0.0000
  0.0000
 -0.0000
 -0.0000
  0.0000
  0.0000
  0.0000
  0.0000
  0.0000
  0.0000
  0.0000
  0.0000
  0.0000
  0.0000
  0.0000
  0.0000
  0.0000
  0.0000
  0.0000
 -0.0000
  0.0000
  0.0000
  0.0000
  0.0000
  0.0000
  0.0000
  0.0000
  0.0000
  0.0000
  0.0000
 -0.0000
  0.0000
  0.0000
  0.0000
 -0.0000
 -0.0000
  0.0000
 -0.0000
  0.0000
  0.0000
  0.0000
  0.0000
  0.0000
 -0.0000
  0.0000
  0.0000
  0.0000
  0.0000
  0.0000
  0.0000
  0.0000
  0.0000
  0.0000
  0.0000
 -0.0000
  0.0000
  0.0000
  0.0000
 -0.0000
 -0.0000
  0.0000
  0.0000
  0.0000
  0.0000
  0.0000
  0.0000
  0.0000
  0.0000
 -0.0000
  0.0000
  0.0000
  0.0000
  0.0000
  0.0000
  0.0000
  0.0000
 -0.0000
  0.0000
  0.0000
 -0.0000
  0.0000
  0.0000
  0.0000
 -0.0000
  0.0000
  0.0000
 -0.0000
  0.0000
  0.0000
  0.0000
 -0.0000
  0.0000
 -0.0000
  0.0000
 -0.0000
 -0.0000
  0.0000
  0.0000
  0.0000
  0.0000
 -0.0000
  0.0000
 -0.0000
  0.0000
 -0.0000
  0.0000
 -0.0000
  0.0000
  0.0000
  0.0000
 -0.0000
  0.0000
  0.0000
  0.0000
 -0.0000
  0.0000
  0.0000
  0.0000
 -0.0000
 -0.0000
 -0.0000
  0.0000
  0.0000
  0.0000
 -0.0000
  0.0000
 -0.0000
  0.0000
 -0.0000
  0.0000
 -0.0000
 -0.0000
 -0.0000
  0.0000
 -0.0000
  0.0000
 -0.0000
  0.0000
  0.0000
  0.0000
  0.0000
  0.0000
 -0.0000
 -0.0000
 -0.0000
  0.0000
 -0.0000
  0.0000
 -0.0000
  0.0000
 -0.0000
 -0.0000
 -0.0000
 -0.0000
 -0.0000
 -0.0000
 -0.0000
  0.0000
 -0.0000
  0.0000
 -0.0000
  0.0000
 -0.0000
 -0.0000
 -0.0000
 -0.0000
 -0.0000
 -0.0000
 -0.0000
  0.0000
 -0.0000
  0.0000
 -0.0000
  0.0000
 -0.0000
 -0.0000
 -0.0000
 -0.0000
 -0.0000
  0.0000
 -0.0000
 -0.0000
 -0.0000
  0.0000
  0.0000
  0.0000
 -0.0000
  0.0000
 -0.0000
  0.0000
 -0.0000
 -0.0000
 -0.0000
 -0.0000
  0.0000
  0.0000
  0.0000
 -0.0000
 -0.0000
 -0.0000
 -0.0000
  0.0000
 -0.0000
  0.0000
 -0.0000
 -0.0000
  0.0000
 -0.0000
  0.0000
 -0.0000
 -0.0000
 -0.0000
  0.0000
 -0.0000
 -0.0000
  0.0000
 -0.0000
  0.0000
  0.0000
 -0.0000
  0.0000
 -0.0000
  0.0000
  0.0000
 -0.0000
  0.0000
  0.0000
 -0.0000
 -0.0000
 -0.0000
  0.0000
  0.0000
  0.0000
  0.0000
 -0.0000
  0.0000
 -0.0000
 -0.0000
 -0.0000
  0.0000
 -0.0000
 -0.0000
 -0.0000
  0.0000
 -0.0000
 -0.0000
 -0.0000
  0.0000
 -0.0000
 -0.0000
 -0.0000
  0.0000
 -0.0000
 -0.0000
 -0.0000
 -0.0000
 -0.0000
 -0.0000
 -0.0000
 -0.0000
  0.0000
  0.0000
 -0.0000
  0.0000
 -0.0000
 -0.0000
 -0.0000
 -0.0000
  0.0000
 -0.0000
 -0.0000
 -0.0000
  0.0000
  0.0000
 -0.0000
  0.0000
 -0.0000
  0.0000
  0.0000
 -0.0000
 -0.0000
 -0.0000
 -0.0000
  0.0000
  0.0000
  0.0000
  0.0000
  0.0000
 -0.0000
 -0.0000
  0.0000
  0.0000
 -0.0000
 -0.0000
 -0.0000
 -0.0000
 -0.0000
  0.0000
  0.0000
  0.0000
 -0.0000
  0.0000
 -0.0000
  0.0000
  0.0000
 -0.0000
 -0.0000
 -0.0000
  0.0000
  0.0000
 -0.0000
  0.0000
  0.0000
  0.0000
  0.0000
  0.0000
  0.0000
  0.0000
 -0.0000
 -0.0000
 -0.0000
  0.0000
  0.0000
  0.0000
  0.0000
 -0.0000
 -0.0000
 -0.0000
 -0.0000
  0.0000
 -0.0000
 -0.0000
  0.0000
 -0.0000
 -0.0000
  0.0000
 -0.0000
 -0.0000
 -0.0000
 -0.0000
 -0.0000
 -0.0000
 -0.0000
 -0.0000
  0.0000
 -0.0000
 -0.0000
  0.0000
 -0.0000
 -0.0000
 -0.0000
 -0.0000
 -0.0000
 -0.0000
  0.0000
 -0.0000
 -0.0000
 -0.0000
  0.0000
 -0.0000
 -0.0000
 -0.0000
 -0.0000
  0.0000
  0.0000
 -0.0000
 -0.0000
 -0.0000
  0.0000
 -0.0000
  0.0000
 -0.0000
  0.0000
  0.0000
  0.0000
  0.0000
  0.0000
  0.0000
  0.0000
  0.0000
  0.0000
  0.0000
  0.0000
  0.0000
  0.0000
  0.0000
  0.0000
  0.0000
  0.0000
 -0.0000
  0.0000
  0.0000
  0.0000
  0.0000
  0.0000
  0.0000
 -0.0000
  0.0000
  0.0000
  0.0000
  0.0000
 -0.0000
  0.0000
 -0.0000
  0.0000
 -0.0000
  0.0000
  0.0000
  0.0000
  0.0000
  0.0000
  0.0000
  0.0000
  0.0000
  0.0000
 -0.0000
  0.0000
  0.0000
  0.0000
 -0.0000
  0.0000
  0.0000
  0.0000
  0.0000
  0.0000
 -0.0000
  0.0000
 -0.0000
  0.0000
 -0.0000
  0.0000
 -0.0000
  0.0000
  0.0000
  0.0000
  0.0000
  0.0000
  0.0000
  0.0000
  0.0000
  0.0000
 -0.0000
  0.0000
  0.0000
  0.0000
  0.0000
  0.0000
  0.0000
  0.0000
  0.0000
  0.0000
  0.0000
 -0.0000
  0.0000
 -0.0000
 -0.0000
  0.0000
  0.0000
  0.0000
  0.0000
  0.0000
  0.0000
  0.0000
  0.0000
 -0.0000
  0.0000
  0.0000
 -0.0000
  0.0000
  0.0000
  0.0000
  0.0000
  0.0000
  0.0000
  0.0000
  0.0000
  0.0000
  0.0000
 -0.0000
 -0.0000
  0.0000
  0.0000
  0.0000
  0.0000
 -0.0000
 -0.0000
  0.0000
 -0.0000
 -0.0000
 -0.0000
  0.0000
 -0.0000
 -0.0000
  0.0000
  0.0000
 -0.0000
 -0.0000
 -0.0000
  0.0000
  0.0000
 -0.0000
 -0.0000
 -0.0000
 -0.0000
 -0.0000
 -0.0000
  0.0000
 -0.0000
 -0.0000
 -0.0000
  0.0000
 -0.0000
 -0.0000
 -0.0000
  0.0000
 -0.0000
 -0.0000
  0.0000
  0.0000
  0.0000
 -0.0000
 -0.0000
  0.0000
 -0.0000
 -0.0000
 -0.0000
 -0.0000
 -0.0000
 -0.0000
 -0.0000
 -0.0000
 -0.0000
 -0.0000
  0.0000
  0.0000
 -0.0000
 -0.0000
 -0.0000
 -0.0000
 -0.0000
 -0.0000
 -0.0000
  0.0000
 -0.0000
 -0.0000
 -0.0000
 -0.0000
 -0.0000
 -0.0000
 -0.0000
 -0.0000
 -0.0000
 -0.0000
 -0.0000
 -0.0000
  0.0000
 -0.0000
 -0.0000
  0.0000
 -0.0000
 -0.0000
  0.0000
 -0.0000
 -0.0000
 -0.0000
 -0.0000
  0.0000
  0.0000
  0.0000
  0.0000
 -0.0000
  0.0000
  0.0000
 -0.0000
  0.0000
  0.0000
  0.0000
 -0.0000
 -0.0000
  0.0000
  0.0000
  0.0000
 -0.0000
  0.0000
 -0.0000
  0.0000
 -0.0000
 -0.0000
 -0.0000
 -0.0000
 -0.0000
  0.0000
  0.0000
 -0.0000
  0.0000
  0.0000
  0.0000
  0.0000
 -0.0000
 -0.0000
  0.0000
 -0.0000
 -0.0000
  0.0000
  0.0000
 -0.0000
  0.0000
  0.0000
 -0.0000
  0.0000
  0.0000
  0.0000
  0.0000
  0.0000
 -0.0000
  0.0000
  0.0000
  0.0000
  0.0000
  0.0000
  0.0000
  0.0000
  0.0000
  0.0000
  0.0000
  0.0000
 -0.0000
  0.0000
  0.0000
  0.0000
  0.0000
  0.0000
  0.0000
  0.0000
  0.0000
  0.0000
  0.0000
  0.0000
  0.0000
 -0.0000
  0.0000
  0.0000
 -0.0000
  0.0000
 -0.0000
  0.0000
  0.0000
  0.0000
  0.0000
 -0.0000
 -0.0000
  0.0000
  0.0000
 -0.0000
 -0.0000
  0.0000
  0.0000
  0.0000
  0.0000
  0.0000
  0.0000
  0.0000
  0.0000
  0.0000
 -0.0000
 -0.0000
 -0.0000
  0.0000
  0.0000
  0.0000
  0.0000
  0.0000
  0.0000
  0.0000
 -0.0000
  0.0000
 -0.0000
 -0.0000
  0.0000
  0.0000
 -0.0000
  0.0000
  0.0000
 -0.0000
  0.0000
  0.0000
  0.0000
 -0.0000
  0.0000
  0.0000
  0.0000
  0.0000
  0.0000
  0.0000
 -0.0000
  0.0000
  0.0000
  0.0000
 -0.0000
  0.0000
 -0.0000
  0.0000
 -0.0000
  0.0000
  0.0000
  0.0000
  0.0000
  0.0000
  0.0000
 -0.0000
  0.0000
 -0.0000
 -0.0000
  0.0000
 -0.0000
  0.0000
  0.0000
  0.0000
  0.0000
  0.0000
  0.0000
  0.0000
  0.0000
  0.0000
 -0.0000
  0.0000
  0.0000
  0.0000
  0.0000
  0.0000
  0.0000
  0.0000
  0.0000
  0.0000
  0.0000
 -0.0000
  0.0000
  0.0000
 -0.0000
  0.0000
  0.0000
  0.0000
 -0.0000
 -0.0000
  0.0000
  0.0000
 -0.0000
 -0.0000
 -0.0000
  0.0000
 -0.0000
  0.0000
 -0.0000
  0.0000
 -0.0000
 -0.0000
 -0.0000
 -0.0000
 -0.0000
 -0.0000
 -0.0000
  0.0000
 -0.0000
 -0.0000
 -0.0000
 -0.0000
  0.0000
 -0.0000
  0.0000
  0.0000
 -0.0000
 -0.0000
 -0.0000
  0.0000
 -0.0000
 -0.0000
  0.0000
 -0.0000
 -0.0000
  0.0000
 -0.0000
  0.0000
 -0.0000
  0.0000
  0.0000
  0.0000
  0.0000
  0.0000
  0.0000
 -0.0000
 -0.0000
 -0.0000
 -0.0000
 -0.0000
  0.0000
 -0.0000
  0.0000
  0.0000
  0.0000
  0.0000
 -0.0000
  0.0000
 -0.0000
 -0.0000
  0.0000
  0.0000
 -0.0000
 -0.0000
 -0.0000
 -0.0000
 -0.0000
  0.0000
 -0.0000
 -0.0000
 -0.0000
 -0.0000
 -0.0000
 -0.0000
  0.0000
  0.0000
 -0.0000
 -0.0000
 -0.0000
  0.0000
 -0.0000
  0.0000
 -0.0000
  0.0000
  0.0000
  0.0000
 -0.0000
 -0.0000
 -0.0000
 -0.0000
  0.0000
 -0.0000
 -0.0000
 -0.0000
 -0.0000
 -0.0000
 -0.0000
 -0.0000
 -0.0000
 -0.0000
 -0.0000
 -0.0000
  0.0000
 -0.0000
 -0.0000
 -0.0000
 -0.0000
 -0.0000
 -0.0000
 -0.0000
 -0.0000
 -0.0000
 -0.0000
 -0.0000
 -0.0000
 -0.0000
 -0.0000
 -0.0000
 -0.0000
 -0.0000
 -0.0000
 -0.0000
 -0.0000
 -0.0000
 -0.0000
 -0.0000
 -0.0000
 -0.0000
 -0.0000
 -0.0000
 -0.0000
 -0.0000
 -0.0000
 -0.0000
 -0.0000
 -0.0000
 -0.0000
 -0.0000
  0.0000
 -0.0000
 -0.0000
 -0.0000
 -0.0000
 -0.0000
 -0.0000
 -0.0000
 -0.0000
 -0.0000
 -0.0000
 -0.0000
 -0.0000
 -0.0000
 -0.0000
 -0.0000
 -0.0000
 -0.0000
 -0.0000
 -0.0000
 -0.0000
 -0.0000
 -0.0000
 -0.0000
 -0.0000
 -0.0000
 -0.0000
 -0.0000
 -0.0000
 -0.0000
 -0.0000
 -0.0000
 -0.0000
 -0.0000
 -0.0000
 -0.0000
  0.0000
 -0.0000
 -0.0000
 -0.0000
  0.0000
 -0.0000
 -0.0000
 -0.0000
 -0.0000
 -0.0000
 -0.0000
 -0.0000
 -0.0000
 -0.0000
 -0.0000
 -0.0000
  0.0000
 -0.0000
 -0.0000
 -0.0000
 -0.0000
 -0.0000
  0.0000
 -0.0000
  0.0000
 -0.0000
 -0.0000
 -0.0000
 -0.0000
 -0.0000
 -0.0000
 -0.0000
  0.0000
 -0.0000
 -0.0000
 -0.0000
  0.0000
 -0.0000
 -0.0000
 -0.0000
  0.0000
  0.0000
  0.0000
  0.0000
 -0.0000
 -0.0000
  0.0000
 -0.0000
  0.0000
 -0.0000
  0.0000
 -0.0000
  0.0000
 -0.0000
  0.0000
 -0.0000
 -0.0000
  0.0000
 -0.0000
 -0.0000
 -0.0000
 -0.0000
 -0.0000
 -0.0000
 -0.0000
 -0.0000
 -0.0000
 -0.0000
 -0.0000
 -0.0000
 -0.0000
 -0.0000
  0.0000
 -0.0000
  0.0000
 -0.0000
  0.0000
 -0.0000
  0.0000
 -0.0000
 -0.0000
  0.0000
  0.0000
 -0.0000
 -0.0000
  0.0000
 -0.0000
 -0.0000
 -0.0000
 -0.0000
 -0.0000
 -0.0000
 -0.0000
  0.0000
 -0.0000
  0.0000
  0.0000
 -0.0000
 -0.0000
 -0.0000
  0.0000
  0.0000
 -0.0000
  0.0000
  0.0000
 -0.0000
  0.0000
 -0.0000
 -0.0000
  0.0000
  0.0000
 -0.0000
  0.0000
 -0.0000
  0.0000
 -0.0000
  0.0000
  0.0000
  0.0000
  0.0000
  0.0000
 -0.0000
 -0.0000
  0.0000
  0.0000
  0.0000
  0.0000
 -0.0000
  0.0000
  0.0000
  0.0000
  0.0000
  0.0000
 -0.0000
  0.0000
  0.0000
  0.0000
  0.0000
  0.0000
 -0.0000
  0.0000
 -0.0000
  0.0000
  0.0000
  0.0000
  0.0000
  0.0000
 -0.0000
  0.0000
  0.0000
  0.0000
 -0.0000
  0.0000
 -0.0000
  0.0000
 -0.0000
  0.0000
  0.0000
  0.0000
  0.0000
  0.0000
  0.0000
  0.0000
  0.0000
  0.0000
  0.0000
  0.0000
 -0.0000
  0.0000
 -0.0000
  0.0000
  0.0000
  0.0000
  0.0000
 -0.0000
  0.0000
  0.0000
 -0.0000
  0.0000
  0.0000
  0.0000
 -0.0000
  0.0000
  0.0000
 -0.0000
  0.0000
 -0.0000
  0.0000
  0.0000
  0.0000
  0.0000
 -0.0000
  0.0000
 -0.0000
 -0.0000
  0.0000
  0.0000
  0.0000
  0.0000
  0.0000
  0.0000
 -0.0000
 -0.0000
  0.0000
  0.0000
  0.0000
  0.0000
  0.0000
  0.0000
 -0.0000
  0.0000
 -0.0000
  0.0000
  0.0000
  0.0000
 -0.0000
  0.0000
 -0.0000
  0.0000
  0.0000
  0.0000
  0.0000
  0.0000
  0.0000
  0.0000
  0.0000
 -0.0000
  0.0000
  0.0000
 -0.0000
  0.0000
 -0.0000
  0.0000
  0.0000
 -0.0000
  0.0000
  0.0000
 -0.0000
 -0.0000
 -0.0000
  0.0000
  0.0000
  0.0000
  0.0000
 -0.0000
  0.0000
 -0.0000
  0.0000
 -0.0000
  0.0000
  0.0000
  0.0000
  0.0000
  0.0000
 -0.0000
  0.0000
  0.0000
 -0.0000
 -0.0000
  0.0000
  0.0000
  0.0000
 -0.0000
  0.0000
 -0.0000
  0.0000
 -0.0000
  0.0000
  0.0000
  0.0000
  0.0000
  0.0000
 -0.0000
  0.0000
 -0.0000
  0.0000
  0.0000
  0.0000
 -0.0000
  0.0000
  0.0000
  0.0000
 -0.0000
  0.0000
 -0.0000
  0.0000
 -0.0000
  0.0000
 -0.0000
  0.0000
 -0.0000
  0.0000
  0.0000
  0.0000
  0.0000
  0.0000
 -0.0000
  0.0000
  0.0000
  0.0000
  0.0000
  0.0000
 -0.0000
  0.0000
  0.0000
  0.0000
  0.0000
  0.0000
  0.0000
  0.0000
 -0.0000
  0.0000
 -0.0000
  0.0000
  0.0000
  0.0000
  0.0000
  0.0000
 -0.0000
  0.0000
  0.0000
  0.0000
 -0.0000
  0.0000
 -0.0000
  0.0000
 -0.0000
  0.0000
  0.0000
  0.0000
  0.0000
  0.0000
  0.0000
  0.0000
  0.0000
  0.0000
 -0.0000
  0.0000
 -0.0000
  0.0000
  0.0000
 -0.0000
  0.0000
  0.0000
 -0.0000
  0.0000
  0.0000
  0.0000
  0.0000
  0.0000
 -0.0000
  0.0000
  0.0000
 -0.0000
  0.0000
  0.0000
  0.0000
  0.0000
  0.0000
  0.0000
 -0.0000
  0.0000
  0.0000
  0.0000
 -0.0000
  0.0000
  0.0000
  0.0000
 -0.0000
 -0.0000
 -0.0000
  0.0000
 -0.0000
  0.0000
  0.0000
  0.0000
 -0.0000
 -0.0000
 -0.0000
 -0.0000
 -0.0000
  0.0000
 -0.0000
 -0.0000
  0.0000
 -0.0000
  0.0000
  0.0000
  0.0000
 -0.0000
  0.0000
  0.0000
  0.0000
  0.0000
  0.0000
  0.0000
 -0.0000
  0.0000
  0.0000
  0.0000
 -0.0000
 -0.0000
  0.0000
  0.0000
 -0.0000
 -0.0000
  0.0000
 -0.0000
  0.0000
 -0.0000
  0.0000
  0.0000
  0.0000
 -0.0000
  0.0000
  0.0000
 -0.0000
 -0.0000
  0.0000
  0.0000
 -0.0000
  0.0000
  0.0000
 -0.0000
 -0.0000
 -0.0000
  0.0000
  0.0000
 -0.0000
 -0.0000
  0.0000
  0.0000
  0.0000
 -0.0000
  0.0000
 -0.0000
 -0.0000
 -0.0000
  0.0000
  0.0000
 -0.0000
 -0.0000
  0.0000
 -0.0000
 -0.0000
 -0.0000
  0.0000
 -0.0000
 -0.0000
 -0.0000
  0.0000
 -0.0000
  0.0000
 -0.0000
 -0.0000
 -0.0000
 -0.0000
 -0.0000
  0.0000
 -0.0000
  0.0000
 -0.0000
  0.0000
 -0.0000
 -0.0000
 -0.0000
  0.0000
 -0.0000
  0.0000
 -0.0000
  0.0000
 -0.0000
  0.0000
 -0.0000
 -0.0000
 -0.0000
 -0.0000
 -0.0000
  0.0000
 -0.0000
 -0.0000
 -0.0000
 -0.0000
 -0.0000
  0.0000
 -0.0000
 -0.0000
 -0.0000
  0.0000
 -0.0000
  0.0000
 -0.0000
 -0.0000
 -0.0000
  0.0000
 -0.0000
  0.0000
 -0.0000
 -0.0000
 -0.0000
  0.0000
 -0.0000
  0.0000
 -0.0000
 -0.0000
 -0.0000
  0.0000
 -0.0000
 -0.0000
 -0.0000
 -0.0000
 -0.0000
 -0.0000
 -0.0000
  0.0000
 -0.0000
 -0.0000
