  149
-117.434 34.5505
-116.401 33.6384
-118.299 34.6871
-119.104 35.3444
-116.921 34.2623
-116.981 33.9214
-115.454 33.6552
-117.261 33.5751
-115.998 34.0006
-117.658 34.237
-116.389 34.0695
-116.417 33.2682
-117.981 33.8078
-115.22 33.0121
-118.574 34.6822
-117.195 33.3882
-117.365 35.5249
-117.803 36.5504
-118.026 34.3334
-117.68 33.9988
-118.414 33.4019
-117.598 35.8157
-117.317 34.0928
-118.127 34.1362
-115.99 33.6552
-118.08 36.4399
-115.381 34.6375
-118.334 34.2535
-116.578 33.936
-117.009 33.65
-118.455 34.1062
-118.096 33.8482
-116.631 33.5667
-116.942 32.9986
-115.447 32.8053
-116.104 35.1426
-116.101 32.6591
-117.991 34.883
-116.846 32.8908
-115.823 33.1167
-119.988 34.7283
-118.294 33.7126
-116.863 36.467
-114.827 33.0515
-117.229 33.1537
-117.366 36.9961
-116.806 35.3018
-116.335 34.8294
-118.36 34.1764
-115.145 34.1574
-118.474 35.6628
-116.596 33.0859
-117.808 35.9823
-116.613 34.3662
-118.331 33.8689
-118.378 34.0003
-120.28 34.7355
-115.183 35.1302
-118.342 34.9906
-118.488 34.3053
-118.149 33.9753
-119.066 34.1082
-118.868 34.8076
-117.825 34.6159
-117.943 33.6845
-117.696 34.9344
-117.682 35.4795
-118.176 33.8811
-117.367 34.3656
-116.041 34.2265
-116.369 33.8184
-118.836 37.6302
-117.562 34.0046
-118.905 34.2808
-119.145 34.8126
-117.489 36.058
-119.814 34.8885
-116.968 33.808
-115.553 35.4843
-118.058 34.2236
-116.558 34.7803
-114.599 34.8249
-120.177 34.5341
-115.947 33.5561
-117.924 33.9454
-116.93 32.6078
-118.724 34.6145
-118.171 34.1484
-118.582 34.442
-114.142 34.3034
-118.437 33.9627
-117.638 34.1207
-117.205 33.8616
-120.546 35.4077
-116.512 33.8244
-116.863 33.3536
-117.609 33.7953
-119.244 36.3052
-118.479 34.282
-117.98 34.1047
-118.404 33.7435
-116.997 34.8753
-117.327 33.9733
-118.081 34.0507
-117.375 33.9935
-115.986 33.2801
-119.715 34.4408
-119.03 33.4805
-117.235 34.2324
-118.547 32.9799
-119.635 33.9954
-117.662 33.5526
-117.138 32.784
-120.501 34.5655
-116.942 32.7356
-119.137 34.4369
-116.275 35.8995
-117.283 35.8909
-119.996 35.3142
-118.456 34.0144
-119.524 33.248
-118.646 34.0593
-118.811 36.1355
-117.789 33.8285
-115.616 33.1775
-119.187 34.3027
-117.769 33.664
-118.199 33.7903
-117.098 34.1065
-115.796 32.9408
-119.978 34.5277
-117.678 34.382
-118.421 35.2913
-119.419 35.1459
-116.164 33.6349
-118.23 37.0542
-118.82 34.1561
-115.924 35.4358
-118.286 34.0192
-118.118 34.4836
-119.085 35.8409
-117.33 34.5606
-118.14 35.5366
-119.027 35.0605
-115.732 32.759
-119.274 34.5108
-117.951 34.0095
-118.65 34.1717
-118.255 33.9487
