        40 
      2.483627261759e+05      8.000000000000e+04
      9.566744471925e+04      8.000000000000e+04
      1.856500542513e+05      8.000000000000e+04
      2.884610439439e+05      8.000000000000e+04
      3.752667039825e+05      8.000000000000e+04
      3.550875773058e+05      8.000000000000e+04
      5.386544492760e+04      8.000000000000e+04
      1.933116969245e+05      8.000000000000e+04
      3.581019707010e+05      8.000000000000e+04
      3.936500138241e+05      8.000000000000e+04
      1.747238243583e+04      8.000000000000e+04
      2.893139896908e+05      8.000000000000e+04
      1.153165479407e+05      8.000000000000e+04
      2.832327192568e+05      8.000000000000e+04
      3.641866047085e+05      8.000000000000e+04
      3.762538973722e+05      8.000000000000e+04
      3.780474441291e+04      8.000000000000e+04
      3.070846042385e+05      8.000000000000e+04
      3.412407901425e+05      8.000000000000e+04
      3.703452720313e+05      8.000000000000e+04
      2.803532074534e+04      8.000000000000e+04
      1.528216271978e+05      8.000000000000e+04
      1.117386799317e+05      8.000000000000e+04
      8.903252768250e+04      8.000000000000e+04
      2.114789083066e+05      8.000000000000e+04
      3.381399108891e+05      8.000000000000e+04
      2.330401392962e+05      8.000000000000e+04
      1.229540083062e+05      8.000000000000e+04
      3.243581204707e+05      8.000000000000e+04
      1.131322053741e+05      8.000000000000e+04
      2.920056725665e+05      8.000000000000e+04
      2.310871102540e+05      8.000000000000e+04
      6.343503288728e+04      8.000000000000e+04
      5.528763640587e+04      8.000000000000e+04
      2.636726370959e+05      8.000000000000e+04
      8.527720941894e+04      8.000000000000e+04
      7.019455522362e+04      8.000000000000e+04
      3.120721836040e+05      8.000000000000e+04
      2.296400095870e+05      8.000000000000e+04
      4.332572275869e+04      8.000000000000e+04
