        15 
      3.376737578491e+03      8.000000000000e+04
      3.263451667752e+04      8.000000000000e+04
      4.562085551749e+04      8.000000000000e+04
      5.239972097720e+04      8.000000000000e+04
      6.397354032236e+04      8.000000000000e+04
      7.012916246269e+04      8.000000000000e+04
      8.896035900808e+04      8.000000000000e+04
      9.933964795389e+04      8.000000000000e+04
      1.057852152799e+05      8.000000000000e+04
      1.113319618315e+05      8.000000000000e+04
      1.329617641086e+05      8.000000000000e+04
      1.460335844611e+05      8.000000000000e+04
      1.666145143866e+05      8.000000000000e+04
      1.780007384166e+05      8.000000000000e+04
      1.904148575688e+05      8.000000000000e+04
