          65
  0.000000000000000E+000          11           1
   1.72673164646039               11           1
   5.00000000000000               11           1
   8.27326835353961               11           1
   10.0000000000000               11           1
   11.7267316464604               11           1
   15.0000000000000               11           1
   18.2732683535396               11           1
   20.0000000000000               11           1
   20.0000000000000               10          -1
   21.2950487348498               10           1
   23.7500000000000               10           1
   26.2049512651602               10           1
   27.5000000000000               10           1
   28.7950487348498               10           1
   31.2500000000000               10           1
   33.7049512651602               10           1
   35.0000000000000               10           1
   35.0000000000000                9          -1
   37.9354437989796                9           1
   43.5000000000000                9           1
   49.0645562010204                9           1
   52.0000000000000                9           1
   54.9354437989796                9           1
   60.5000000000000                9           1
   66.0645562010204                9           1
   69.0000000000000                9           1
   71.9354437989796                9           1
   77.5000000000000                9           1
   83.0645562010204                9           1
   86.0000000000000                9           1
   88.9354437989796                9           1
   94.5000000000000                9           1
   100.064556201020                9           1
   103.000000000000                9           1
   105.935443798980                9           1
   111.500000000000                9           1
   117.064556201020                9           1
   120.000000000000                9           1
   120.000000000000                8          -1
   123.885146204540                8           1
   131.250000000000                8           1
   138.614853795470                8           1
   142.500000000000                8           1
   146.385146204540                8           1
   153.750000000000                8           1
   161.114853795470                8           1
   165.000000000000                8           1
   168.885146204540                8           1
   176.250000000000                8           1
   183.614853795460                8           1
   187.500000000000                8           1
   191.385146204540                8           1
   198.750000000000                8           1
   206.114853795460                8           1
   210.000000000000                8           1
   210.000000000000                7          -1
   212.590097469690                7           1
   217.500000000000                7           1
   222.409902530310                7           1
   225.000000000000                7           1
   227.590097469690                7           1
   232.500000000000                7           1
   237.409902530310                7           1
   240.000000000000                7           1
