7201
0. 0.0
0.025 0.0
0.05 0.0
0.075 0.0
0.1 0.0
0.125 0.0
0.15 0.0
0.175 0.0
0.2 0.0
0.225 0.0
0.25 0.0
0.275 0.0
0.3 0.0
0.325 0.0
0.35 0.0
0.375 0.0
0.4 0.0
0.425 0.0
0.45 0.0
0.475 0.0
0.5 0.0
0.525 0.0
0.55 0.0
0.575 0.0
0.6 0.0
0.625 0.0
0.65 0.0
0.675 0.0
0.7 0.0
0.725 0.0
0.75 0.0
0.775 0.0
0.8 0.0
0.825 0.0
0.85 0.0
0.875 0.0
0.9 0.0
0.925 0.0
0.95 0.0
0.975 0.0
1 0.0
1.025 0.0
1.05 0.0
1.075 0.0
1.1 0.0
1.125 0.0
1.15 0.0
1.175 0.0
1.2 0.0
1.225 0.0
1.25 0.0
1.275 0.0
1.3 0.0
1.325 0.0
1.35 0.0
1.375 0.0
1.4 0.0
1.425 0.0
1.45 0.0
1.475 0.0
1.5 0.0
1.525 0.0
1.55 0.0
1.575 0.0
1.6 0.0
1.625 0.0
1.65 0.0
1.675 0.0
1.7 0.0
1.725 0.0
1.75 0.0
1.775 0.0
1.8 0.0
1.825 0.0
1.85 0.0
1.875 0.0
1.9 0.0
1.925 0.0
1.95 0.0
1.975 0.0
2 0.0
2.025 0.0
2.05 0.0
2.075 0.0
2.1 0.0
2.125 0.0
2.15 0.0
2.175 0.0
2.2 0.0
2.225 0.0
2.25 0.0
2.275 0.0
2.3 0.0
2.325 0.0
2.35 0.0
2.375 0.0
2.4 0.0
2.425 0.0
2.45 0.0
2.475 0.0
2.5 0.0
2.525 0.0
2.55 0.0
2.575 0.0
2.6 0.0
2.625 0.0
2.65 0.0
2.675 0.0
2.7 0.0
2.725 0.0
2.75 0.0
2.775 0.0
2.8 0.0
2.825 0.0
2.85 0.0
2.875 0.0
2.9 0.0
2.925 0.0
2.95 0.0
2.975 0.0
3 0.0
3.025 0.0
3.05 0.0
3.075 0.0
3.1 0.0
3.125 0.0
3.15 0.0
3.175 0.0
3.2 0.0
3.225 0.0
3.25 0.0
3.275 0.0
3.3 0.0
3.325 0.0
3.35 0.0
3.375 0.0
3.4 0.0
3.425 0.0
3.45 0.0
3.475 0.0
3.5 0.0
3.525 0.0
3.55 0.0
3.575 0.0
3.6 0.0
3.625 0.0
3.65 0.0
3.675 0.0
3.7 0.0
3.725 0.0
3.75 0.0
3.775 0.0
3.8 0.0
3.825 0.0
3.85 0.0
3.875 0.0
3.9 0.0
3.925 0.0
3.95 0.0
3.975 0.0
4 0.0
4.025 0.0
4.05 0.0
4.075 0.0
4.1 0.0
4.125 0.0
4.15 0.0
4.175 0.0
4.2 0.0
4.225 0.0
4.25 0.0
4.275 0.0
4.3 0.0
4.325 0.0
4.35 0.0
4.375 0.0
4.4 0.0
4.425 0.0
4.45 0.0
4.475 0.0
4.5 0.0
4.525 0.0
4.55 0.0
4.575 0.0
4.6 0.0
4.625 0.0
4.65 0.0
4.675 0.0
4.7 0.0
4.725 0.0
4.75 0.0
4.775 0.0
4.8 0.0
4.825 0.0
4.85 0.0
4.875 0.0
4.9 0.0
4.925 0.0
4.95 0.0
4.975 0.0
5 0.0
5.025 0.0
5.05 0.0
5.075 0.0
5.1 0.0
5.125 0.0
5.15 0.0
5.175 0.0
5.2 0.0
5.225 0.0
5.25 0.0
5.275 0.0
5.3 0.0
5.325 0.0
5.35 0.0
5.375 0.0
5.4 0.0
5.425 0.0
5.45 0.0
5.475 0.0
5.5 0.0
5.525 0.0
5.55 0.0
5.575 0.0
5.6 0.0
5.625 0.0
5.65 0.0
5.675 0.0
5.7 0.0
5.725 0.0
5.75 0.0
5.775 0.0
5.8 0.0
5.825 0.0
5.85 0.0
5.875 0.0
5.9 0.0
5.925 0.0
5.95 0.0
5.975 0.0
6 0.0
6.025 0.0
6.05 0.0
6.075 0.0
6.1 0.0
6.125 0.0
6.15 0.0
6.175 0.0
6.2 0.0
6.225 0.0
6.25 0.0
6.275 0.0
6.3 0.0
6.325 0.0
6.35 0.0
6.375 0.0
6.4 0.0
6.425 0.0
6.45 0.0
6.475 0.0
6.5 0.0
6.525 0.0
6.55 0.0
6.575 0.0
6.6 0.0
6.625 0.0
6.65 0.0
6.675 0.0
6.7 0.0
6.725 0.0
6.75 0.0
6.775 0.0
6.8 0.0
6.825 0.0
6.85 0.0
6.875 0.0
6.9 0.0
6.925 0.0
6.95 0.0
6.975 0.0
7 0.0
7.025 0.0
7.05 0.0
7.075 0.0
7.1 0.0
7.125 0.0
7.15 0.0
7.175 0.0
7.2 0.0
7.225 0.0
7.25 0.0
7.275 0.0
7.3 0.0
7.325 0.0
7.35 0.0
7.375 0.0
7.4 0.0
7.425 0.0
7.45 0.0
7.475 0.0
7.5 0.0
7.525 0.0
7.55 0.0
7.575 0.0
7.6 0.0
7.625 0.0
7.65 0.0
7.675 0.0
7.7 0.0
7.725 0.0
7.75 0.0
7.775 0.0
7.8 0.0
7.825 0.0
7.85 0.0
7.875 0.0
7.9 0.0
7.925 0.0
7.95 0.0
7.975 0.0
8 0.0
8.025 0.0
8.05 0.0
8.075 0.0
8.1 0.0
8.125 0.0
8.15 0.0
8.175 0.0
8.2 0.0
8.225 0.0
8.25 0.0
8.275 0.0
8.3 0.0
8.325 0.0
8.35 0.0
8.375 0.0
8.4 0.0
8.425 0.0
8.45 0.0
8.475 0.0
8.5 0.0
8.525 0.0
8.55 0.0
8.575 0.0
8.6 0.0
8.625 0.0
8.65 0.0
8.675 0.0
8.7 0.0
8.725 0.0
8.75 0.0
8.775 0.0
8.8 0.0
8.825 0.0
8.85 0.0
8.875 0.0
8.9 0.0
8.925 0.0
8.95 0.0
8.975 0.0
9 0.0
9.025 0.0
9.05 0.0
9.075 0.0
9.1 0.0
9.125 0.0
9.15 0.0
9.175 0.0
9.2 0.0
9.225 0.0
9.25 0.0
9.275 0.0
9.3 0.0
9.325 0.0
9.35 0.0
9.375 0.0
9.4 0.0
9.425 0.0
9.45 0.0
9.475 0.0
9.5 0.0
9.525 0.0
9.55 0.0
9.575 0.0
9.6 0.0
9.625 0.0
9.65 0.0
9.675 0.0
9.7 0.0
9.725 0.0
9.75 0.0
9.775 0.0
9.8 0.0
9.825 0.0
9.85 0.0
9.875 0.0
9.9 0.0
9.925 0.0
9.95 0.0
9.975 0.0
10 0.0
10.025 0.0
10.05 0.0
10.075 0.0
10.1 0.0
10.125 0.0
10.15 0.0
10.175 0.0
10.2 0.0
10.225 0.0
10.25 0.0
10.275 0.0
10.3 0.0
10.325 0.0
10.35 0.0
10.375 0.0
10.4 0.0
10.425 0.0
10.45 0.0
10.475 0.0
10.5 0.0
10.525 0.0
10.55 0.0
10.575 0.0
10.6 0.0
10.625 0.0
10.65 0.0
10.675 0.0
10.7 0.0
10.725 0.0
10.75 0.0
10.775 0.0
10.8 0.0
10.825 0.0
10.85 0.0
10.875 0.0
10.9 0.0
10.925 0.0
10.95 0.0
10.975 0.0
11 0.0
11.025 0.0
11.05 0.0
11.075 0.0
11.1 0.0
11.125 0.0
11.15 0.0
11.175 0.0
11.2 0.0
11.225 0.0
11.25 0.0
11.275 0.0
11.3 0.0
11.325 0.0
11.35 0.0
11.375 0.0
11.4 0.0
11.425 0.0
11.45 0.0
11.475 0.0
11.5 0.0
11.525 0.0
11.55 0.0
11.575 0.0
11.6 0.0
11.625 0.0
11.65 0.0
11.675 0.0
11.7 0.0
11.725 0.0
11.75 0.0
11.775 0.0
11.8 0.0
11.825 0.0
11.85 0.0
11.875 0.0
11.9 0.0
11.925 0.0
11.95 0.0
11.975 0.0
12 0.0
12.025 0.0
12.05 0.0
12.075 0.0
12.1 0.0
12.125 0.0
12.15 0.0
12.175 0.0
12.2 0.0
12.225 0.0
12.25 0.0
12.275 0.0
12.3 0.0
12.325 0.0
12.35 0.0
12.375 0.0
12.4 0.0
12.425 0.0
12.45 0.0
12.475 0.0
12.5 0.0
12.525 0.0
12.55 0.0
12.575 0.0
12.6 0.0
12.625 0.0
12.65 0.0
12.675 0.0
12.7 0.0
12.725 0.0
12.75 0.0
12.775 0.0
12.8 0.0
12.825 0.0
12.85 0.0
12.875 0.0
12.9 0.0
12.925 0.0
12.95 0.0
12.975 0.0
13 0.0
13.025 0.0
13.05 0.0
13.075 0.0
13.1 0.0
13.125 0.0
13.15 0.0
13.175 0.0
13.2 0.0
13.225 0.0
13.25 0.0
13.275 0.0
13.3 0.0
13.325 0.0
13.35 0.0
13.375 0.0
13.4 0.0
13.425 0.0
13.45 0.0
13.475 0.0
13.5 0.0
13.525 0.0
13.55 0.0
13.575 0.0
13.6 0.0
13.625 0.0
13.65 0.0
13.675 0.0
13.7 0.0
13.725 0.0
13.75 0.0
13.775 0.0
13.8 0.0
13.825 0.0
13.85 0.0
13.875 0.0
13.9 0.0
13.925 0.0
13.95 0.0
13.975 0.0
14 0.0
14.025 0.0
14.05 0.0
14.075 0.0
14.1 0.0
14.125 0.0
14.15 0.0
14.175 0.0
14.2 0.0
14.225 0.0
14.25 0.0
14.275 0.0
14.3 0.0
14.325 0.0
14.35 0.0
14.375 0.0
14.4 0.0
14.425 0.0
14.45 0.0
14.475 0.0
14.5 0.0
14.525 0.0
14.55 0.0
14.575 0.0
14.6 0.0
14.625 0.0
14.65 0.0
14.675 0.0
14.7 0.0
14.725 0.0
14.75 0.0
14.775 0.0
14.8 0.0
14.825 0.0
14.85 0.0
14.875 0.0
14.9 0.0
14.925 0.0
14.95 0.0
14.975 0.0
15 0.0
15.025 0.0
15.05 0.0
15.075 0.0
15.1 0.0
15.125 0.0
15.15 0.0
15.175 0.0
15.2 0.0
15.225 0.0
15.25 0.0
15.275 0.0
15.3 0.0
15.325 0.0
15.35 0.0
15.375 0.0
15.4 0.0
15.425 0.0
15.45 0.0
15.475 0.0
15.5 0.0
15.525 0.0
15.55 0.0
15.575 0.0
15.6 0.0
15.625 0.0
15.65 0.0
15.675 0.0
15.7 0.0
15.725 0.0
15.75 0.0
15.775 0.0
15.8 0.0
15.825 0.0
15.85 0.0
15.875 0.0
15.9 0.0
15.925 0.0
15.95 0.0
15.975 0.0
16 0.0
16.025 0.0
16.05 0.0
16.075 0.0
16.1 0.0
16.125 0.0
16.15 0.0
16.175 0.0
16.2 0.0
16.225 0.0
16.25 0.0
16.275 0.0
16.3 0.0
16.325 0.0
16.35 0.0
16.375 0.0
16.4 0.0
16.425 0.0
16.45 0.0
16.475 0.0
16.5 0.0
16.525 0.0
16.55 0.0
16.575 0.0
16.6 0.0
16.625 0.0
16.65 0.0
16.675 0.0
16.7 0.0
16.725 0.0
16.75 0.0
16.775 0.0
16.8 0.0
16.825 0.0
16.85 0.0
16.875 0.0
16.9 0.0
16.925 0.0
16.95 0.0
16.975 0.0
17 0.0
17.025 0.0
17.05 0.0
17.075 0.0
17.1 0.0
17.125 0.0
17.15 0.0
17.175 0.0
17.2 0.0
17.225 0.0
17.25 0.0
17.275 0.0
17.3 0.0
17.325 0.0
17.35 0.0
17.375 0.0
17.4 0.0
17.425 0.0
17.45 0.0
17.475 0.0
17.5 0.0
17.525 0.0
17.55 0.0
17.575 0.0
17.6 0.0
17.625 0.0
17.65 0.0
17.675 0.0
17.7 0.0
17.725 0.0
17.75 0.0
17.775 0.0
17.8 0.0
17.825 0.0
17.85 0.0
17.875 0.0
17.9 0.0
17.925 0.0
17.95 0.0
17.975 0.0
18 0.0
18.025 0.0
18.05 0.0
18.075 0.0
18.1 0.0
18.125 0.0
18.15 0.0
18.175 0.0
18.2 0.0
18.225 0.0
18.25 0.0
18.275 0.0
18.3 0.0
18.325 0.0
18.35 0.0
18.375 0.0
18.4 0.0
18.425 0.0
18.45 0.0
18.475 0.0
18.5 0.0
18.525 0.0
18.55 0.0
18.575 0.0
18.6 0.0
18.625 0.0
18.65 0.0
18.675 0.0
18.7 0.0
18.725 0.0
18.75 0.0
18.775 0.0
18.8 0.0
18.825 0.0
18.85 0.0
18.875 0.0
18.9 0.0
18.925 0.0
18.95 0.0
18.975 0.0
19 0.0
19.025 0.0
19.05 0.0
19.075 0.0
19.1 0.0
19.125 0.0
19.15 0.0
19.175 0.0
19.2 0.0
19.225 0.0
19.25 0.0
19.275 0.0
19.3 0.0
19.325 0.0
19.35 0.0
19.375 0.0
19.4 0.0
19.425 0.0
19.45 0.0
19.475 0.0
19.5 0.0
19.525 0.0
19.55 0.0
19.575 0.0
19.6 0.0
19.625 0.0
19.65 0.0
19.675 0.0
19.7 0.0
19.725 0.0
19.75 0.0
19.775 0.0
19.8 0.0
19.825 0.0
19.85 0.0
19.875 0.0
19.9 0.0
19.925 0.0
19.95 0.0
19.975 0.0
20 0.0
20.025 0.0
20.05 0.0
20.075 0.0
20.1 0.0
20.125 0.0
20.15 0.0
20.175 0.0
20.2 0.0
20.225 0.0
20.25 0.0
20.275 0.0
20.3 0.0
20.325 0.0
20.35 0.0
20.375 0.0
20.4 0.0
20.425 0.0
20.45 0.0
20.475 0.0
20.5 0.0
20.525 0.0
20.55 0.0
20.575 0.0
20.6 0.0
20.625 0.0
20.65 0.0
20.675 0.0
20.7 0.0
20.725 0.0
20.75 0.0
20.775 0.0
20.8 0.0
20.825 0.0
20.85 0.0
20.875 0.0
20.9 0.0
20.925 0.0
20.95 0.0
20.975 0.0
21 0.0
21.025 0.0
21.05 0.0
21.075 0.0
21.1 0.0
21.125 0.0
21.15 0.0
21.175 0.0
21.2 0.0
21.225 0.0
21.25 0.0
21.275 0.0
21.3 0.0
21.325 0.0
21.35 0.0
21.375 0.0
21.4 0.0
21.425 0.0
21.45 0.0
21.475 0.0
21.5 0.0
21.525 0.0
21.55 0.0
21.575 0.0
21.6 0.0
21.625 0.0
21.65 0.0
21.675 0.0
21.7 0.0
21.725 0.0
21.75 0.0
21.775 0.0
21.8 0.0
21.825 0.0
21.85 0.0
21.875 0.0
21.9 0.0
21.925 0.0
21.95 0.0
21.975 0.0
22 0.0
22.025 0.0
22.05 0.0
22.075 0.0
22.1 0.0
22.125 0.0
22.15 0.0
22.175 0.0
22.2 0.0
22.225 0.0
22.25 0.0
22.275 0.0
22.3 0.0
22.325 0.0
22.35 0.0
22.375 0.0
22.4 0.0
22.425 0.0
22.45 0.0
22.475 0.0
22.5 0.0
22.525 0.0
22.55 0.0
22.575 0.0
22.6 0.0
22.625 0.0
22.65 0.0
22.675 0.0
22.7 0.0
22.725 0.0
22.75 0.0
22.775 0.0
22.8 0.0
22.825 0.0
22.85 0.0
22.875 0.0
22.9 0.0
22.925 0.0
22.95 0.0
22.975 0.0
23 0.0
23.025 0.0
23.05 0.0
23.075 0.0
23.1 0.0
23.125 0.0
23.15 0.0
23.175 0.0
23.2 0.0
23.225 0.0
23.25 0.0
23.275 0.0
23.3 0.0
23.325 0.0
23.35 0.0
23.375 0.0
23.4 0.0
23.425 0.0
23.45 0.0
23.475 0.0
23.5 0.0
23.525 0.0
23.55 0.0
23.575 0.0
23.6 0.0
23.625 0.0
23.65 0.0
23.675 0.0
23.7 0.0
23.725 0.0
23.75 0.0
23.775 0.0
23.8 0.0
23.825 0.0
23.85 0.0
23.875 0.0
23.9 0.0
23.925 0.0
23.95 0.0
23.975 0.0
24 0.0
24.025 0.0
24.05 0.0
24.075 0.0
24.1 0.0
24.125 0.0
24.15 0.0
24.175 0.0
24.2 0.0
24.225 0.0
24.25 0.0
24.275 0.0
24.3 0.0
24.325 0.0
24.35 0.0
24.375 0.0
24.4 0.0
24.425 0.0
24.45 0.0
24.475 0.0
24.5 0.0
24.525 0.0
24.55 0.0
24.575 0.0
24.6 0.0
24.625 0.0
24.65 0.0
24.675 0.0
24.7 0.0
24.725 0.0
24.75 0.0
24.775 0.0
24.8 0.0
24.825 0.0
24.85 0.0
24.875 0.0
24.9 0.0
24.925 0.0
24.95 0.0
24.975 0.0
25 0.0
25.025 0.0
25.05 0.0
25.075 0.0
25.1 0.0
25.125 0.0
25.15 0.0
25.175 0.0
25.2 0.0
25.225 0.0
25.25 0.0
25.275 0.0
25.3 0.0
25.325 0.0
25.35 0.0
25.375 0.0
25.4 0.0
25.425 0.0
25.45 0.0
25.475 0.0
25.5 0.0
25.525 0.0
25.55 0.0
25.575 0.0
25.6 0.0
25.625 0.0
25.65 0.0
25.675 0.0
25.7 0.0
25.725 0.0
25.75 0.0
25.775 0.0
25.8 0.0
25.825 0.0
25.85 0.0
25.875 0.0
25.9 0.0
25.925 0.0
25.95 0.0
25.975 0.0
26 0.0
26.025 0.0
26.05 0.0
26.075 0.0
26.1 0.0
26.125 0.0
26.15 0.0
26.175 0.0
26.2 0.0
26.225 0.0
26.25 0.0
26.275 0.0
26.3 0.0
26.325 0.0
26.35 0.0
26.375 0.0
26.4 0.0
26.425 0.0
26.45 0.0
26.475 0.0
26.5 0.0
26.525 0.0
26.55 0.0
26.575 0.0
26.6 0.0
26.625 0.0
26.65 0.0
26.675 0.0
26.7 0.0
26.725 0.0
26.75 0.0
26.775 0.0
26.8 0.0
26.825 0.0
26.85 0.0
26.875 0.0
26.9 0.0
26.925 0.0
26.95 0.0
26.975 0.0
27 0.0
27.025 0.0
27.05 0.0
27.075 0.0
27.1 0.0
27.125 0.0
27.15 0.0
27.175 0.0
27.2 0.0
27.225 0.0
27.25 0.0
27.275 0.0
27.3 0.0
27.325 0.0
27.35 0.0
27.375 0.0
27.4 0.0
27.425 0.0
27.45 0.0
27.475 0.0
27.5 0.0
27.525 0.0
27.55 0.0
27.575 0.0
27.6 0.0
27.625 0.0
27.65 0.0
27.675 0.0
27.7 0.0
27.725 0.0
27.75 0.0
27.775 0.0
27.8 0.0
27.825 0.0
27.85 0.0
27.875 0.0
27.9 0.0
27.925 0.0
27.95 0.0
27.975 0.0
28 0.0
28.025 0.0
28.05 0.0
28.075 0.0
28.1 0.0
28.125 0.0
28.15 0.0
28.175 0.0
28.2 0.0
28.225 0.0
28.25 0.0
28.275 0.0
28.3 0.0
28.325 0.0
28.35 0.0
28.375 0.0
28.4 0.0
28.425 0.0
28.45 0.0
28.475 0.0
28.5 0.0
28.525 0.0
28.55 0.0
28.575 0.0
28.6 0.0
28.625 0.0
28.65 0.0
28.675 0.0
28.7 0.0
28.725 0.0
28.75 0.0
28.775 0.0
28.8 0.0
28.825 0.0
28.85 0.0
28.875 0.0
28.9 0.0
28.925 0.0
28.95 0.0
28.975 0.0
29 0.0
29.025 0.0
29.05 0.0
29.075 0.0
29.1 0.0
29.125 0.0
29.15 0.0
29.175 0.0
29.2 0.0
29.225 0.0
29.25 0.0
29.275 0.0
29.3 0.0
29.325 0.0
29.35 0.0
29.375 0.0
29.4 0.0
29.425 0.0
29.45 0.0
29.475 0.0
29.5 0.0
29.525 0.0
29.55 0.0
29.575 0.0
29.6 0.0
29.625 0.0
29.65 0.0
29.675 0.0
29.7 0.0
29.725 0.0
29.75 0.0
29.775 0.0
29.8 0.0
29.825 0.0
29.85 0.0
29.875 0.0
29.9 0.0
29.925 0.0
29.95 0.0
29.975 0.0
30 0.0
30.025 0.0
30.05 0.0
30.075 0.0
30.1 0.0
30.125 0.0
30.15 0.0
30.175 0.0
30.2 0.0
30.225 0.0
30.25 0.0
30.275 0.0
30.3 0.0
30.325 0.0
30.35 0.0
30.375 0.0
30.4 0.0
30.425 0.0
30.45 0.0
30.475 0.0
30.5 0.0
30.525 0.0
30.55 0.0
30.575 0.0
30.6 0.0
30.625 0.0
30.65 0.0
30.675 0.0
30.7 0.0
30.725 0.0
30.75 0.0
30.775 0.0
30.8 0.0
30.825 0.0
30.85 0.0
30.875 0.0
30.9 0.0
30.925 0.0
30.95 0.0
30.975 0.0
31 0.0
31.025 0.0
31.05 0.0
31.075 0.0
31.1 0.0
31.125 0.0
31.15 0.0
31.175 0.0
31.2 0.0
31.225 0.0
31.25 0.0
31.275 0.0
31.3 0.0
31.325 0.0
31.35 0.0
31.375 0.0
31.4 0.0
31.425 0.0
31.45 0.0
31.475 0.0
31.5 0.0
31.525 0.0
31.55 0.0
31.575 0.0
31.6 0.0
31.625 0.0
31.65 0.0
31.675 0.0
31.7 0.0
31.725 0.0
31.75 0.0
31.775 0.0
31.8 0.0
31.825 0.0
31.85 0.0
31.875 0.0
31.9 0.0
31.925 0.0
31.95 0.0
31.975 0.0
32 0.0
32.025 0.0
32.05 0.0
32.075 0.0
32.1 0.0
32.125 0.0
32.15 0.0
32.175 0.0
32.2 0.0
32.225 0.0
32.25 0.0
32.275 0.0
32.3 0.0
32.325 0.0
32.35 0.0
32.375 0.0
32.4 0.0
32.425 0.0
32.45 0.0
32.475 0.0
32.5 0.0
32.525 0.0
32.55 0.0
32.575 0.0
32.6 0.0
32.625 0.0
32.65 0.0
32.675 0.0
32.7 0.0
32.725 0.0
32.75 0.0
32.775 0.0
32.8 0.0
32.825 0.0
32.85 0.0
32.875 0.0
32.9 0.0
32.925 0.0
32.95 0.0
32.975 0.0
33 0.0
33.025 0.0
33.05 0.0
33.075 0.0
33.1 0.0
33.125 0.0
33.15 0.0
33.175 0.0
33.2 0.0
33.225 0.0
33.25 0.0
33.275 0.0
33.3 0.0
33.325 0.0
33.35 0.0
33.375 0.0
33.4 0.0
33.425 0.0
33.45 0.0
33.475 0.0
33.5 0.0
33.525 0.0
33.55 0.0
33.575 0.0
33.6 0.0
33.625 0.0
33.65 0.0
33.675 0.0
33.7 0.0
33.725 0.0
33.75 0.0
33.775 0.0
33.8 0.0
33.825 0.0
33.85 0.0
33.875 0.0
33.9 0.0
33.925 0.0
33.95 0.0
33.975 0.0
34 0.0
34.025 0.0
34.05 0.0
34.075 0.0
34.1 0.0
34.125 0.0
34.15 0.0
34.175 0.0
34.2 0.0
34.225 0.0
34.25 0.0
34.275 0.0
34.3 0.0
34.325 0.0
34.35 0.0
34.375 0.0
34.4 0.0
34.425 0.0
34.45 0.0
34.475 0.0
34.5 0.0
34.525 0.0
34.55 0.0
34.575 0.0
34.6 0.0
34.625 0.0
34.65 0.0
34.675 0.0
34.7 0.0
34.725 0.0
34.75 0.0
34.775 0.0
34.8 0.0
34.825 0.0
34.85 0.0
34.875 0.0
34.9 0.0
34.925 0.0
34.95 0.0
34.975 0.0
35 0.0
35.025 0.0
35.05 0.0
35.075 0.0
35.1 0.0
35.125 0.0
35.15 0.0
35.175 0.0
35.2 0.0
35.225 0.0
35.25 0.0
35.275 0.0
35.3 0.0
35.325 0.0
35.35 0.0
35.375 0.0
35.4 0.0
35.425 0.0
35.45 0.0
35.475 0.0
35.5 0.0
35.525 0.0
35.55 0.0
35.575 0.0
35.6 0.0
35.625 0.0
35.65 0.0
35.675 0.0
35.7 0.0
35.725 0.0
35.75 0.0
35.775 0.0
35.8 0.0
35.825 0.0
35.85 0.0
35.875 0.0
35.9 0.0
35.925 0.0
35.95 0.0
35.975 0.0
36 0.0
36.025 0.0
36.05 0.0
36.075 0.0
36.1 0.0
36.125 0.0
36.15 0.0
36.175 0.0
36.2 0.0
36.225 0.0
36.25 0.0
36.275 0.0
36.3 0.0
36.325 0.0
36.35 0.0
36.375 0.0
36.4 0.0
36.425 0.0
36.45 0.0
36.475 0.0
36.5 0.0
36.525 0.0
36.55 0.0
36.575 0.0
36.6 0.0
36.625 0.0
36.65 0.0
36.675 0.0
36.7 0.0
36.725 0.0
36.75 0.0
36.775 0.0
36.8 0.0
36.825 0.0
36.85 0.0
36.875 0.0
36.9 0.0
36.925 0.0
36.95 0.0
36.975 0.0
37 0.0
37.025 0.0
37.05 0.0
37.075 0.0
37.1 0.0
37.125 0.0
37.15 0.0
37.175 0.0
37.2 0.0
37.225 0.0
37.25 0.0
37.275 0.0
37.3 0.0
37.325 0.0
37.35 0.0
37.375 0.0
37.4 0.0
37.425 0.0
37.45 0.0
37.475 0.0
37.5 0.0
37.525 0.0
37.55 0.0
37.575 0.0
37.6 0.0
37.625 0.0
37.65 0.0
37.675 0.0
37.7 0.0
37.725 0.0
37.75 0.0
37.775 0.0
37.8 0.0
37.825 0.0
37.85 0.0
37.875 0.0
37.9 0.0
37.925 0.0
37.95 0.0
37.975 0.0
38 0.0
38.025 0.0
38.05 0.0
38.075 0.0
38.1 0.0
38.125 0.0
38.15 0.0
38.175 0.0
38.2 0.0
38.225 0.0
38.25 0.0
38.275 0.0
38.3 0.0
38.325 0.0
38.35 0.0
38.375 0.0
38.4 0.0
38.425 0.0
38.45 0.0
38.475 0.0
38.5 0.0
38.525 0.0
38.55 0.0
38.575 0.0
38.6 0.0
38.625 0.0
38.65 0.0
38.675 0.0
38.7 0.0
38.725 0.0
38.75 0.0
38.775 0.0
38.8 0.0
38.825 0.0
38.85 0.0
38.875 0.0
38.9 0.0
38.925 0.0
38.95 0.0
38.975 0.0
39 0.0
39.025 0.0
39.05 0.0
39.075 0.0
39.1 0.0
39.125 0.0
39.15 0.0
39.175 0.0
39.2 0.0
39.225 0.0
39.25 0.0
39.275 0.0
39.3 0.0
39.325 0.0
39.35 0.0
39.375 0.0
39.4 0.0
39.425 0.0
39.45 0.0
39.475 0.0
39.5 0.0
39.525 0.0
39.55 0.0
39.575 0.0
39.6 0.0
39.625 0.0
39.65 0.0
39.675 0.0
39.7 0.0
39.725 0.0
39.75 0.0
39.775 0.0
39.8 0.0
39.825 0.0
39.85 0.0
39.875 0.0
39.9 0.0
39.925 0.0
39.95 0.0
39.975 0.0
40 0.0
40.025 0.0
40.05 0.0
40.075 0.0
40.1 0.0
40.125 0.0
40.15 0.0
40.175 0.0
40.2 0.0
40.225 0.0
40.25 0.0
40.275 0.0
40.3 0.0
40.325 0.0
40.35 0.0
40.375 0.0
40.4 0.0
40.425 0.0
40.45 0.0
40.475 0.0
40.5 0.0
40.525 0.0
40.55 0.0
40.575 0.0
40.6 0.0
40.625 0.0
40.65 0.0
40.675 0.0
40.7 0.0
40.725 0.0
40.75 0.0
40.775 0.0
40.8 0.0
40.825 0.0
40.85 0.0
40.875 0.0
40.9 0.0
40.925 0.0
40.95 0.0
40.975 0.0
41 0.0
41.025 0.0
41.05 0.0
41.075 0.0
41.1 0.0
41.125 0.0
41.15 0.0
41.175 0.0
41.2 0.0
41.225 0.0
41.25 0.0
41.275 0.0
41.3 0.0
41.325 0.0
41.35 0.0
41.375 0.0
41.4 0.0
41.425 0.0
41.45 0.0
41.475 0.0
41.5 0.0
41.525 0.0
41.55 0.0
41.575 0.0
41.6 0.0
41.625 0.0
41.65 0.0
41.675 0.0
41.7 0.0
41.725 0.0
41.75 0.0
41.775 0.0
41.8 0.0
41.825 0.0
41.85 0.0
41.875 0.0
41.9 0.0
41.925 0.0
41.95 0.0
41.975 0.0
42 0.0
42.025 0.0
42.05 0.0
42.075 0.0
42.1 0.0
42.125 0.0
42.15 0.0
42.175 0.0
42.2 0.0
42.225 0.0
42.25 0.0
42.275 0.0
42.3 0.0
42.325 0.0
42.35 0.0
42.375 0.0
42.4 0.0
42.425 0.0
42.45 0.0
42.475 0.0
42.5 0.0
42.525 0.0
42.55 0.0
42.575 0.0
42.6 0.0
42.625 0.0
42.65 0.0
42.675 0.0
42.7 0.0
42.725 0.0
42.75 0.0
42.775 0.0
42.8 0.0
42.825 0.0
42.85 0.0
42.875 0.0
42.9 0.0
42.925 0.0
42.95 0.0
42.975 0.0
43 0.0
43.025 0.0
43.05 0.0
43.075 0.0
43.1 0.0
43.125 0.0
43.15 0.0
43.175 0.0
43.2 0.0
43.225 0.0
43.25 0.0
43.275 0.0
43.3 0.0
43.325 0.0
43.35 0.0
43.375 0.0
43.4 0.0
43.425 0.0
43.45 0.0
43.475 0.0
43.5 0.0
43.525 0.0
43.55 0.0
43.575 0.0
43.6 0.0
43.625 0.0
43.65 0.0
43.675 0.0
43.7 0.0
43.725 0.0
43.75 0.0
43.775 0.0
43.8 0.0
43.825 0.0
43.85 0.0
43.875 0.0
43.9 0.0
43.925 0.0
43.95 0.0
43.975 0.0
44 0.0
44.025 0.0
44.05 0.0
44.075 0.0
44.1 0.0
44.125 0.0
44.15 0.0
44.175 0.0
44.2 0.0
44.225 0.0
44.25 0.0
44.275 0.0
44.3 0.0
44.325 0.0
44.35 0.0
44.375 0.0
44.4 0.0
44.425 0.0
44.45 0.0
44.475 0.0
44.5 0.0
44.525 0.0
44.55 0.0
44.575 0.0
44.6 0.0
44.625 0.0
44.65 0.0
44.675 0.0
44.7 0.0
44.725 0.0
44.75 0.0
44.775 0.0
44.8 0.0
44.825 0.0
44.85 0.0
44.875 0.0
44.9 0.0
44.925 0.0
44.95 0.0
44.975 0.0
45 0.0
45.025 0.0
45.05 0.0
45.075 0.0
45.1 0.0
45.125 0.0
45.15 0.0
45.175 0.0
45.2 0.0
45.225 0.0
45.25 0.0
45.275 0.0
45.3 0.0
45.325 0.0
45.35 0.0
45.375 0.0
45.4 0.0
45.425 0.0
45.45 0.0
45.475 0.0
45.5 0.0
45.525 0.0
45.55 0.0
45.575 0.0
45.6 0.0
45.625 0.0
45.65 0.0
45.675 0.0
45.7 0.0
45.725 0.0
45.75 0.0
45.775 0.0
45.8 0.0
45.825 0.0
45.85 0.0
45.875 0.0
45.9 0.0
45.925 0.0
45.95 0.0
45.975 0.0
46 0.0
46.025 0.0
46.05 0.0
46.075 0.0
46.1 0.0
46.125 0.0
46.15 0.0
46.175 0.0
46.2 0.0
46.225 0.0
46.25 0.0
46.275 0.0
46.3 0.0
46.325 0.0
46.35 0.0
46.375 0.0
46.4 0.0
46.425 0.0
46.45 0.0
46.475 0.0
46.5 0.0
46.525 0.0
46.55 0.0
46.575 0.0
46.6 0.0
46.625 0.0
46.65 0.0
46.675 0.0
46.7 0.0
46.725 0.0
46.75 0.0
46.775 0.0
46.8 0.0
46.825 0.0
46.85 0.0
46.875 0.0
46.9 0.0
46.925 0.0
46.95 0.0
46.975 0.0
47 0.0
47.025 0.0
47.05 0.0
47.075 0.0
47.1 0.0
47.125 0.0
47.15 0.0
47.175 0.0
47.2 0.0
47.225 0.0
47.25 0.0
47.275 0.0
47.3 0.0
47.325 0.0
47.35 0.0
47.375 0.0
47.4 0.0
47.425 0.0
47.45 0.0
47.475 0.0
47.5 0.0
47.525 0.0
47.55 0.0
47.575 0.0
47.6 0.0
47.625 0.0
47.65 0.0
47.675 0.0
47.7 0.0
47.725 0.0
47.75 0.0
47.775 0.0
47.8 0.0
47.825 0.0
47.85 0.0
47.875 0.0
47.9 0.0
47.925 0.0
47.95 0.0
47.975 0.0
48 0.0
48.025 0.0
48.05 0.0
48.075 0.0
48.1 0.0
48.125 0.0
48.15 0.0
48.175 0.0
48.2 0.0
48.225 0.0
48.25 0.0
48.275 0.0
48.3 0.0
48.325 0.0
48.35 0.0
48.375 0.0
48.4 0.0
48.425 0.0
48.45 0.0
48.475 0.0
48.5 0.0
48.525 0.0
48.55 0.0
48.575 0.0
48.6 0.0
48.625 0.0
48.65 0.0
48.675 0.0
48.7 0.0
48.725 0.0
48.75 0.0
48.775 0.0
48.8 0.0
48.825 0.0
48.85 0.0
48.875 0.0
48.9 0.0
48.925 0.0
48.95 0.0
48.975 0.0
49 0.0
49.025 0.0
49.05 0.0
49.075 0.0
49.1 0.0
49.125 0.0
49.15 0.0
49.175 0.0
49.2 0.0
49.225 0.0
49.25 0.0
49.275 0.0
49.3 0.0
49.325 0.0
49.35 0.0
49.375 0.0
49.4 0.0
49.425 0.0
49.45 0.0
49.475 0.0
49.5 0.0
49.525 0.0
49.55 0.0
49.575 0.0
49.6 0.0
49.625 0.0
49.65 0.0
49.675 0.0
49.7 0.0
49.725 0.0
49.75 0.0
49.775 0.0
49.8 0.0
49.825 0.0
49.85 0.0
49.875 0.0
49.9 0.0
49.925 0.0
49.95 0.0
49.975 0.0
50 0.0
50.025 0.0
50.05 0.0
50.075 0.0
50.1 0.0
50.125 0.0
50.15 0.0
50.175 0.0
50.2 0.0
50.225 0.0
50.25 0.0
50.275 0.0
50.3 0.0
50.325 0.0
50.35 0.0
50.375 0.0
50.4 0.0
50.425 0.0
50.45 0.0
50.475 0.0
50.5 0.0
50.525 0.0
50.55 0.0
50.575 0.0
50.6 0.0
50.625 0.0
50.65 0.0
50.675 0.0
50.7 0.0
50.725 0.0
50.75 0.0
50.775 0.0
50.8 0.0
50.825 0.0
50.85 0.0
50.875 0.0
50.9 0.0
50.925 0.0
50.95 0.0
50.975 0.0
51 0.0
51.025 0.0
51.05 0.0
51.075 0.0
51.1 0.0
51.125 0.0
51.15 0.0
51.175 0.0
51.2 0.0
51.225 0.0
51.25 0.0
51.275 0.0
51.3 0.0
51.325 0.0
51.35 0.0
51.375 0.0
51.4 0.0
51.425 0.0
51.45 0.0
51.475 0.0
51.5 0.0
51.525 0.0
51.55 0.0
51.575 0.0
51.6 0.0
51.625 0.0
51.65 0.0
51.675 0.0
51.7 0.0
51.725 0.0
51.75 0.0
51.775 0.0
51.8 0.0
51.825 0.0
51.85 0.0
51.875 0.0
51.9 0.0
51.925 0.0
51.95 0.0
51.975 0.0
52 0.0
52.025 0.0
52.05 0.0
52.075 0.0
52.1 0.0
52.125 0.0
52.15 0.0
52.175 0.0
52.2 0.0
52.225 0.0
52.25 0.0
52.275 0.0
52.3 0.0
52.325 0.0
52.35 0.0
52.375 0.0
52.4 0.0
52.425 0.0
52.45 0.0
52.475 0.0
52.5 0.0
52.525 0.0
52.55 0.0
52.575 0.0
52.6 0.0
52.625 0.0
52.65 0.0
52.675 0.0
52.7 0.0
52.725 0.0
52.75 0.0
52.775 0.0
52.8 0.0
52.825 0.0
52.85 0.0
52.875 0.0
52.9 0.0
52.925 0.0
52.95 0.0
52.975 0.0
53 0.0
53.025 0.0
53.05 0.0
53.075 0.0
53.1 0.0
53.125 0.0
53.15 0.0
53.175 0.0
53.2 0.0
53.225 0.0
53.25 0.0
53.275 0.0
53.3 0.0
53.325 0.0
53.35 0.0
53.375 0.0
53.4 0.0
53.425 0.0
53.45 0.0
53.475 0.0
53.5 0.0
53.525 0.0
53.55 0.0
53.575 0.0
53.6 0.0
53.625 0.0
53.65 0.0
53.675 0.0
53.7 0.0
53.725 0.0
53.75 0.0
53.775 0.0
53.8 0.0
53.825 0.0
53.85 0.0
53.875 0.0
53.9 0.0
53.925 0.0
53.95 0.0
53.975 0.0
54 0.0
54.025 0.0
54.05 0.0
54.075 0.0
54.1 0.0
54.125 0.0
54.15 0.0
54.175 0.0
54.2 0.0
54.225 0.0
54.25 0.0
54.275 0.0
54.3 0.0
54.325 0.0
54.35 0.0
54.375 0.0
54.4 0.0
54.425 0.0
54.45 0.0
54.475 0.0
54.5 0.0
54.525 0.0
54.55 0.0
54.575 0.0
54.6 0.0
54.625 0.0
54.65 0.0
54.675 0.0
54.7 0.0
54.725 0.0
54.75 0.0
54.775 0.0
54.8 0.0
54.825 0.0
54.85 0.0
54.875 0.0
54.9 0.0
54.925 0.0
54.95 0.0
54.975 0.0
55 0.0
55.025 0.0
55.05 0.0
55.075 0.0
55.1 0.0
55.125 0.0
55.15 0.0
55.175 0.0
55.2 0.0
55.225 0.0
55.25 0.0
55.275 0.0
55.3 0.0
55.325 0.0
55.35 0.0
55.375 0.0
55.4 0.0
55.425 0.0
55.45 0.0
55.475 0.0
55.5 0.0
55.525 0.0
55.55 0.0
55.575 0.0
55.6 0.0
55.625 0.0
55.65 0.0
55.675 0.0
55.7 0.0
55.725 0.0
55.75 0.0
55.775 0.0
55.8 0.0
55.825 0.0
55.85 0.0
55.875 0.0
55.9 0.0
55.925 0.0
55.95 0.0
55.975 0.0
56 0.0
56.025 0.0
56.05 0.0
56.075 0.0
56.1 0.0
56.125 0.0
56.15 0.0
56.175 0.0
56.2 0.0
56.225 0.0
56.25 0.0
56.275 0.0
56.3 0.0
56.325 0.0
56.35 0.0
56.375 0.0
56.4 0.0
56.425 0.0
56.45 0.0
56.475 0.0
56.5 0.0
56.525 0.0
56.55 0.0
56.575 0.0
56.6 0.0
56.625 0.0
56.65 0.0
56.675 0.0
56.7 0.0
56.725 0.0
56.75 0.0
56.775 0.0
56.8 0.0
56.825 0.0
56.85 0.0
56.875 0.0
56.9 0.0
56.925 0.0
56.95 0.0
56.975 0.0
57 0.0
57.025 0.0
57.05 0.0
57.075 0.0
57.1 0.0
57.125 0.0
57.15 0.0
57.175 0.0
57.2 0.0
57.225 0.0
57.25 0.0
57.275 0.0
57.3 0.0
57.325 0.0
57.35 0.0
57.375 0.0
57.4 0.0
57.425 0.0
57.45 0.0
57.475 0.0
57.5 0.0
57.525 0.0
57.55 0.0
57.575 0.0
57.6 0.0
57.625 0.0
57.65 0.0
57.675 0.0
57.7 0.0
57.725 0.0
57.75 0.0
57.775 0.0
57.8 0.0
57.825 0.0
57.85 0.0
57.875 0.0
57.9 0.0
57.925 0.0
57.95 0.0
57.975 0.0
58 0.0
58.025 0.0
58.05 0.0
58.075 0.0
58.1 0.0
58.125 0.0
58.15 0.0
58.175 0.0
58.2 0.0
58.225 0.0
58.25 0.0
58.275 0.0
58.3 0.0
58.325 0.0
58.35 0.0
58.375 0.0
58.4 0.0
58.425 0.0
58.45 0.0
58.475 0.0
58.5 0.0
58.525 0.0
58.55 0.0
58.575 0.0
58.6 0.0
58.625 0.0
58.65 0.0
58.675 0.0
58.7 0.0
58.725 0.0
58.75 0.0
58.775 0.0
58.8 0.0
58.825 0.0
58.85 0.0
58.875 0.0
58.9 0.0
58.925 0.0
58.95 0.0
58.975 0.0
59 0.0
59.025 0.0
59.05 0.0
59.075 0.0
59.1 0.0
59.125 0.0
59.15 0.0
59.175 0.0
59.2 0.0
59.225 0.0
59.25 0.0
59.275 0.0
59.3 0.0
59.325 0.0
59.35 0.0
59.375 0.0
59.4 0.0
59.425 0.0
59.45 0.0
59.475 0.0
59.5 0.0
59.525 0.0
59.55 0.0
59.575 0.0
59.6 0.0
59.625 0.0
59.65 0.0
59.675 0.0
59.7 0.0
59.725 0.0
59.75 0.0
59.775 0.0
59.8 0.0
59.825 0.0
59.85 0.0
59.875 0.0
59.9 0.0
59.925 0.0
59.95 0.0
59.975 0.0
60 0.0
60.025 0.0
60.05 0.0
60.075 0.0
60.1 0.0
60.125 0.0
60.15 0.0
60.175 0.0
60.2 0.0
60.225 0.0
60.25 0.0
60.275 0.0
60.3 0.0
60.325 0.0
60.35 0.0
60.375 0.0
60.4 0.0
60.425 0.0
60.45 0.0
60.475 0.0
60.5 0.0
60.525 0.0
60.55 0.0
60.575 0.0
60.6 0.0
60.625 0.0
60.65 0.0
60.675 0.0
60.7 0.0
60.725 0.0
60.75 0.0
60.775 0.0
60.8 0.0
60.825 0.0
60.85 0.0
60.875 0.0
60.9 0.0
60.925 0.0
60.95 0.0
60.975 0.0
61 0.0
61.025 0.0
61.05 0.0
61.075 0.0
61.1 0.0
61.125 0.0
61.15 0.0
61.175 0.0
61.2 0.0
61.225 0.0
61.25 0.0
61.275 0.0
61.3 0.0
61.325 0.0
61.35 0.0
61.375 0.0
61.4 0.0
61.425 0.0
61.45 0.0
61.475 0.0
61.5 0.0
61.525 0.0
61.55 0.0
61.575 0.0
61.6 0.0
61.625 0.0
61.65 0.0
61.675 0.0
61.7 0.0
61.725 0.0
61.75 0.0
61.775 0.0
61.8 0.0
61.825 0.0
61.85 0.0
61.875 0.0
61.9 0.0
61.925 0.0
61.95 0.0
61.975 0.0
62 0.0
62.025 0.0
62.05 0.0
62.075 0.0
62.1 0.0
62.125 0.0
62.15 0.0
62.175 0.0
62.2 0.0
62.225 0.0
62.25 0.0
62.275 0.0
62.3 0.0
62.325 0.0
62.35 0.0
62.375 0.0
62.4 0.0
62.425 0.0
62.45 0.0
62.475 0.0
62.5 0.0
62.525 0.0
62.55 0.0
62.575 0.0
62.6 0.0
62.625 0.0
62.65 0.0
62.675 0.0
62.7 0.0
62.725 0.0
62.75 0.0
62.775 0.0
62.8 0.0
62.825 0.0
62.85 0.0
62.875 0.0
62.9 0.0
62.925 0.0
62.95 0.0
62.975 0.0
63 0.0
63.025 0.0
63.05 0.0
63.075 0.0
63.1 0.0
63.125 0.0
63.15 0.0
63.175 0.0
63.2 0.0
63.225 0.0
63.25 0.0
63.275 0.0
63.3 0.0
63.325 0.0
63.35 0.0
63.375 0.0
63.4 0.0
63.425 0.0
63.45 0.0
63.475 0.0
63.5 0.0
63.525 0.0
63.55 0.0
63.575 0.0
63.6 0.0
63.625 0.0
63.65 0.0
63.675 0.0
63.7 0.0
63.725 0.0
63.75 0.0
63.775 0.0
63.8 0.0
63.825 0.0
63.85 0.0
63.875 0.0
63.9 0.0
63.925 0.0
63.95 0.0
63.975 0.0
64 0.0
64.025 0.0
64.05 0.0
64.075 0.0
64.1 0.0
64.125 0.0
64.15 0.0
64.175 0.0
64.2 0.0
64.225 0.0
64.25 0.0
64.275 0.0
64.3 0.0
64.325 0.0
64.35 0.0
64.375 0.0
64.4 0.0
64.425 0.0
64.45 0.0
64.475 0.0
64.5 0.0
64.525 0.0
64.55 0.0
64.575 0.0
64.6 0.0
64.625 0.0
64.65 0.0
64.675 0.0
64.7 0.0
64.725 0.0
64.75 0.0
64.775 0.0
64.8 0.0
64.825 0.0
64.85 0.0
64.875 0.0
64.9 0.0
64.925 0.0
64.95 0.0
64.975 0.0
65 0.0
65.025 0.0
65.05 0.0
65.075 0.0
65.1 0.0
65.125 0.0
65.15 0.0
65.175 0.0
65.2 0.0
65.225 0.0
65.25 0.0
65.275 0.0
65.3 0.0
65.325 0.0
65.35 0.0
65.375 0.0
65.4 0.0
65.425 0.0
65.45 0.0
65.475 0.0
65.5 0.0
65.525 0.0
65.55 0.0
65.575 0.0
65.6 0.0
65.625 0.0
65.65 0.0
65.675 0.0
65.7 0.0
65.725 0.0
65.75 0.0
65.775 0.0
65.8 0.0
65.825 0.0
65.85 0.0
65.875 0.0
65.9 0.0
65.925 0.0
65.95 0.0
65.975 0.0
66 0.0
66.025 0.0
66.05 0.0
66.075 0.0
66.1 0.0
66.125 0.0
66.15 0.0
66.175 0.0
66.2 0.0
66.225 0.0
66.25 0.0
66.275 0.0
66.3 0.0
66.325 0.0
66.35 0.0
66.375 0.0
66.4 0.0
66.425 0.0
66.45 0.0
66.475 0.0
66.5 0.0
66.525 0.0
66.55 0.0
66.575 0.0
66.6 0.0
66.625 0.0
66.65 0.0
66.675 0.0
66.7 0.0
66.725 0.0
66.75 0.0
66.775 0.0
66.8 0.0
66.825 0.0
66.85 0.0
66.875 0.0
66.9 0.0
66.925 0.0
66.95 0.0
66.975 0.0
67 0.0
67.025 0.0
67.05 0.0
67.075 0.0
67.1 0.0
67.125 0.0
67.15 0.0
67.175 0.0
67.2 0.0
67.225 0.0
67.25 0.0
67.275 0.0
67.3 0.0
67.325 0.0
67.35 0.0
67.375 0.0
67.4 0.0
67.425 0.0
67.45 0.0
67.475 0.0
67.5 0.0
67.525 0.0
67.55 0.0
67.575 0.0
67.6 0.0
67.625 0.0
67.65 0.0
67.675 0.0
67.7 0.0
67.725 0.0
67.75 0.0
67.775 0.0
67.8 0.0
67.825 0.0
67.85 0.0
67.875 0.0
67.9 0.0
67.925 0.0
67.95 0.0
67.975 0.0
68 0.0
68.025 0.0
68.05 0.0
68.075 0.0
68.1 0.0
68.125 0.0
68.15 0.0
68.175 0.0
68.2 0.0
68.225 0.0
68.25 0.0
68.275 0.0
68.3 0.0
68.325 0.0
68.35 0.0
68.375 0.0
68.4 0.0
68.425 0.0
68.45 0.0
68.475 0.0
68.5 0.0
68.525 0.0
68.55 0.0
68.575 0.0
68.6 0.0
68.625 0.0
68.65 0.0
68.675 0.0
68.7 0.0
68.725 0.0
68.75 0.0
68.775 0.0
68.8 0.0
68.825 0.0
68.85 0.0
68.875 0.0
68.9 0.0
68.925 0.0
68.95 0.0
68.975 0.0
69 0.0
69.025 0.0
69.05 0.0
69.075 0.0
69.1 0.0
69.125 0.0
69.15 0.0
69.175 0.0
69.2 0.0
69.225 0.0
69.25 0.0
69.275 0.0
69.3 0.0
69.325 0.0
69.35 0.0
69.375 0.0
69.4 0.0
69.425 0.0
69.45 0.0
69.475 0.0
69.5 0.0
69.525 0.0
69.55 0.0
69.575 0.0
69.6 0.0
69.625 0.0
69.65 0.0
69.675 0.0
69.7 0.0
69.725 0.0
69.75 0.0
69.775 0.0
69.8 0.0
69.825 0.0
69.85 0.0
69.875 0.0
69.9 0.0
69.925 0.0
69.95 0.0
69.975 0.0
70 0.0
70.025 0.0
70.05 0.0
70.075 0.0
70.1 0.0
70.125 0.0
70.15 0.0
70.175 0.0
70.2 0.0
70.225 0.0
70.25 0.0
70.275 0.0
70.3 0.0
70.325 0.0
70.35 0.0
70.375 0.0
70.4 0.0
70.425 0.0
70.45 0.0
70.475 0.0
70.5 0.0
70.525 0.0
70.55 0.0
70.575 0.0
70.6 0.0
70.625 0.0
70.65 0.0
70.675 0.0
70.7 0.0
70.725 0.0
70.75 0.0
70.775 0.0
70.8 0.0
70.825 0.0
70.85 0.0
70.875 0.0
70.9 0.0
70.925 0.0
70.95 0.0
70.975 0.0
71 0.0
71.025 0.0
71.05 0.0
71.075 0.0
71.1 0.0
71.125 0.0
71.15 0.0
71.175 0.0
71.2 0.0
71.225 0.0
71.25 0.0
71.275 0.0
71.3 0.0
71.325 0.0
71.35 0.0
71.375 0.0
71.4 0.0
71.425 0.0
71.45 0.0
71.475 0.0
71.5 0.0
71.525 0.0
71.55 0.0
71.575 0.0
71.6 0.0
71.625 0.0
71.65 0.0
71.675 0.0
71.7 0.0
71.725 0.0
71.75 0.0
71.775 0.0
71.8 0.0
71.825 0.0
71.85 0.0
71.875 0.0
71.9 0.0
71.925 0.0
71.95 0.0
71.975 0.0
72 0.0
72.025 0.0
72.05 0.0
72.075 0.0
72.1 0.0
72.125 0.0
72.15 0.0
72.175 0.0
72.2 0.0
72.225 0.0
72.25 0.0
72.275 0.0
72.3 0.0
72.325 0.0
72.35 0.0
72.375 0.0
72.4 0.0
72.425 0.0
72.45 0.0
72.475 0.0
72.5 0.0
72.525 0.0
72.55 0.0
72.575 0.0
72.6 0.0
72.625 0.0
72.65 0.0
72.675 0.0
72.7 0.0
72.725 0.0
72.75 0.0
72.775 0.0
72.8 0.0
72.825 0.0
72.85 0.0
72.875 0.0
72.9 0.0
72.925 0.0
72.95 0.0
72.975 0.0
73 0.0
73.025 0.0
73.05 0.0
73.075 0.0
73.1 0.0
73.125 0.0
73.15 0.0
73.175 0.0
73.2 0.0
73.225 0.0
73.25 0.0
73.275 0.0
73.3 0.0
73.325 0.0
73.35 0.0
73.375 0.0
73.4 0.0
73.425 0.0
73.45 0.0
73.475 0.0
73.5 0.0
73.525 0.0
73.55 0.0
73.575 0.0
73.6 0.0
73.625 0.0
73.65 0.0
73.675 0.0
73.7 0.0
73.725 0.0
73.75 0.0
73.775 0.0
73.8 0.0
73.825 0.0
73.85 0.0
73.875 0.0
73.9 0.0
73.925 0.0
73.95 0.0
73.975 0.0
74 0.0
74.025 0.0
74.05 0.0
74.075 0.0
74.1 0.0
74.125 0.0
74.15 0.0
74.175 0.0
74.2 0.0
74.225 0.0
74.25 0.0
74.275 0.0
74.3 0.0
74.325 0.0
74.35 0.0
74.375 0.0
74.4 0.0
74.425 0.0
74.45 0.0
74.475 0.0
74.5 0.0
74.525 0.0
74.55 0.0
74.575 0.0
74.6 0.0
74.625 0.0
74.65 0.0
74.675 0.0
74.7 0.0
74.725 0.0
74.75 0.0
74.775 0.0
74.8 0.0
74.825 0.0
74.85 0.0
74.875 0.0
74.9 0.0
74.925 0.0
74.95 0.0
74.975 0.0
75 0.0
75.025 0.0
75.05 0.0
75.075 0.0
75.1 0.0
75.125 0.0
75.15 0.0
75.175 0.0
75.2 0.0
75.225 0.0
75.25 0.0
75.275 0.0
75.3 0.0
75.325 0.0
75.35 0.0
75.375 0.0
75.4 0.0
75.425 0.0
75.45 0.0
75.475 0.0
75.5 0.0
75.525 0.0
75.55 0.0
75.575 0.0
75.6 0.0
75.625 0.0
75.65 0.0
75.675 0.0
75.7 0.0
75.725 0.0
75.75 0.0
75.775 0.0
75.8 0.0
75.825 0.0
75.85 0.0
75.875 0.0
75.9 0.0
75.925 0.0
75.95 0.0
75.975 0.0
76 0.0
76.025 0.0
76.05 0.0
76.075 0.0
76.1 0.0
76.125 0.0
76.15 0.0
76.175 0.0
76.2 0.0
76.225 0.0
76.25 0.0
76.275 0.0
76.3 0.0
76.325 0.0
76.35 0.0
76.375 0.0
76.4 0.0
76.425 0.0
76.45 0.0
76.475 0.0
76.5 0.0
76.525 0.0
76.55 0.0
76.575 0.0
76.6 0.0
76.625 0.0
76.65 0.0
76.675 0.0
76.7 0.0
76.725 0.0
76.75 0.0
76.775 0.0
76.8 0.0
76.825 0.0
76.85 0.0
76.875 0.0
76.9 0.0
76.925 0.0
76.95 0.0
76.975 0.0
77 0.0
77.025 0.0
77.05 0.0
77.075 0.0
77.1 0.0
77.125 0.0
77.15 0.0
77.175 0.0
77.2 0.0
77.225 0.0
77.25 0.0
77.275 0.0
77.3 0.0
77.325 0.0
77.35 0.0
77.375 0.0
77.4 0.0
77.425 0.0
77.45 0.0
77.475 0.0
77.5 0.0
77.525 0.0
77.55 0.0
77.575 0.0
77.6 0.0
77.625 0.0
77.65 0.0
77.675 0.0
77.7 0.0
77.725 0.0
77.75 0.0
77.775 0.0
77.8 0.0
77.825 0.0
77.85 0.0
77.875 0.0
77.9 0.0
77.925 0.0
77.95 0.0
77.975 0.0
78 0.0
78.025 0.0
78.05 0.0
78.075 0.0
78.1 0.0
78.125 0.0
78.15 0.0
78.175 0.0
78.2 0.0
78.225 0.0
78.25 0.0
78.275 0.0
78.3 0.0
78.325 0.0
78.35 0.0
78.375 0.0
78.4 0.0
78.425 0.0
78.45 0.0
78.475 0.0
78.5 0.0
78.525 0.0
78.55 0.0
78.575 0.0
78.6 0.0
78.625 0.0
78.65 0.0
78.675 0.0
78.7 0.0
78.725 0.0
78.75 0.0
78.775 0.0
78.8 0.0
78.825 0.0
78.85 0.0
78.875 0.0
78.9 0.0
78.925 0.0
78.95 0.0
78.975 0.0
79 0.0
79.025 0.0
79.05 0.0
79.075 0.0
79.1 0.0
79.125 0.0
79.15 0.0
79.175 0.0
79.2 0.0
79.225 0.0
79.25 0.0
79.275 0.0
79.3 0.0
79.325 0.0
79.35 0.0
79.375 0.0
79.4 0.0
79.425 0.0
79.45 0.0
79.475 0.0
79.5 0.0
79.525 0.0
79.55 0.0
79.575 0.0
79.6 0.0
79.625 0.0
79.65 0.0
79.675 0.0
79.7 0.0
79.725 0.0
79.75 0.0
79.775 0.0
79.8 0.0
79.825 0.0
79.85 0.0
79.875 0.0
79.9 0.0
79.925 0.0
79.95 0.0
79.975 0.0
80 0.0
80.025 0.0
80.05 0.0
80.075 0.0
80.1 0.0
80.125 0.0
80.15 0.0
80.175 0.0
80.2 0.0
80.225 0.0
80.25 0.0
80.275 0.0
80.3 0.0
80.325 0.0
80.35 0.0
80.375 0.0
80.4 0.0
80.425 0.0
80.45 0.0
80.475 0.0
80.5 0.0
80.525 0.0
80.55 0.0
80.575 0.0
80.6 0.0
80.625 0.0
80.65 0.0
80.675 0.0
80.7 0.0
80.725 0.0
80.75 0.0
80.775 0.0
80.8 0.0
80.825 0.0
80.85 0.0
80.875 0.0
80.9 0.0
80.925 0.0
80.95 0.0
80.975 0.0
81 0.0
81.025 0.0
81.05 0.0
81.075 0.0
81.1 0.0
81.125 0.0
81.15 0.0
81.175 0.0
81.2 0.0
81.225 0.0
81.25 0.0
81.275 0.0
81.3 0.0
81.325 0.0
81.35 0.0
81.375 0.0
81.4 0.0
81.425 0.0
81.45 0.0
81.475 0.0
81.5 0.0
81.525 0.0
81.55 0.0
81.575 0.0
81.6 0.0
81.625 0.0
81.65 0.0
81.675 0.0
81.7 0.0
81.725 0.0
81.75 0.0
81.775 0.0
81.8 0.0
81.825 0.0
81.85 0.0
81.875 0.0
81.9 0.0
81.925 0.0
81.95 0.0
81.975 0.0
82 0.0
82.025 0.0
82.05 0.0
82.075 0.0
82.1 0.0
82.125 0.0
82.15 0.0
82.175 0.0
82.2 0.0
82.225 0.0
82.25 0.0
82.275 0.0
82.3 0.0
82.325 0.0
82.35 0.0
82.375 0.0
82.4 0.0
82.425 0.0
82.45 0.0
82.475 0.0
82.5 0.0
82.525 0.0
82.55 0.0
82.575 0.0
82.6 0.0
82.625 0.0
82.65 0.0
82.675 0.0
82.7 0.0
82.725 0.0
82.75 0.0
82.775 0.0
82.8 0.0
82.825 0.0
82.85 0.0
82.875 0.0
82.9 0.0
82.925 0.0
82.95 0.0
82.975 0.0
83 0.0
83.025 0.0
83.05 0.0
83.075 0.0
83.1 0.0
83.125 0.0
83.15 0.0
83.175 0.0
83.2 0.0
83.225 0.0
83.25 0.0
83.275 0.0
83.3 0.0
83.325 0.0
83.35 0.0
83.375 0.0
83.4 0.0
83.425 0.0
83.45 0.0
83.475 0.0
83.5 0.0
83.525 0.0
83.55 0.0
83.575 0.0
83.6 0.0
83.625 0.0
83.65 0.0
83.675 0.0
83.7 0.0
83.725 0.0
83.75 0.0
83.775 0.0
83.8 0.0
83.825 0.0
83.85 0.0
83.875 0.0
83.9 0.0
83.925 0.0
83.95 0.0
83.975 0.0
84 0.0
84.025 0.0
84.05 0.0
84.075 0.0
84.1 0.0
84.125 0.0
84.15 0.0
84.175 0.0
84.2 0.0
84.225 0.0
84.25 0.0
84.275 0.0
84.3 0.0
84.325 0.0
84.35 0.0
84.375 0.0
84.4 0.0
84.425 0.0
84.45 0.0
84.475 0.0
84.5 0.0
84.525 0.0
84.55 0.0
84.575 0.0
84.6 0.0
84.625 0.0
84.65 0.0
84.675 0.0
84.7 0.0
84.725 0.0
84.75 0.0
84.775 0.0
84.8 0.0
84.825 0.0
84.85 0.0
84.875 0.0
84.9 0.0
84.925 0.0
84.95 0.0
84.975 0.0
85 0.0
85.025 0.0
85.05 0.0
85.075 0.0
85.1 0.0
85.125 0.0
85.15 0.0
85.175 0.0
85.2 0.0
85.225 0.0
85.25 0.0
85.275 0.0
85.3 0.0
85.325 0.0
85.35 0.0
85.375 0.0
85.4 0.0
85.425 0.0
85.45 0.0
85.475 0.0
85.5 0.0
85.525 0.0
85.55 0.0
85.575 0.0
85.6 0.0
85.625 0.0
85.65 0.0
85.675 0.0
85.7 0.0
85.725 0.0
85.75 0.0
85.775 0.0
85.8 0.0
85.825 0.0
85.85 0.0
85.875 0.0
85.9 0.0
85.925 0.0
85.95 0.0
85.975 0.0
86 0.0
86.025 0.0
86.05 0.0
86.075 0.0
86.1 0.0
86.125 0.0
86.15 0.0
86.175 0.0
86.2 0.0
86.225 0.0
86.25 0.0
86.275 0.0
86.3 0.0
86.325 0.0
86.35 0.0
86.375 0.0
86.4 0.0
86.425 0.0
86.45 0.0
86.475 0.0
86.5 0.0
86.525 0.0
86.55 0.0
86.575 0.0
86.6 0.0
86.625 0.0
86.65 0.0
86.675 0.0
86.7 0.0
86.725 0.0
86.75 0.0
86.775 0.0
86.8 0.0
86.825 0.0
86.85 0.0
86.875 0.0
86.9 0.0
86.925 0.0
86.95 0.0
86.975 0.0
87 0.0
87.025 0.0
87.05 0.0
87.075 0.0
87.1 0.0
87.125 0.0
87.15 0.0
87.175 0.0
87.2 0.0
87.225 0.0
87.25 0.0
87.275 0.0
87.3 0.0
87.325 0.0
87.35 0.0
87.375 0.0
87.4 0.0
87.425 0.0
87.45 0.0
87.475 0.0
87.5 0.0
87.525 0.0
87.55 0.0
87.575 0.0
87.6 0.0
87.625 0.0
87.65 0.0
87.675 0.0
87.7 0.0
87.725 0.0
87.75 0.0
87.775 0.0
87.8 0.0
87.825 0.0
87.85 0.0
87.875 0.0
87.9 0.0
87.925 0.0
87.95 0.0
87.975 0.0
88 0.0
88.025 0.0
88.05 0.0
88.075 0.0
88.1 0.0
88.125 0.0
88.15 0.0
88.175 0.0
88.2 0.0
88.225 0.0
88.25 0.0
88.275 0.0
88.3 0.0
88.325 0.0
88.35 0.0
88.375 0.0
88.4 0.0
88.425 0.0
88.45 0.0
88.475 0.0
88.5 0.0
88.525 0.0
88.55 0.0
88.575 0.0
88.6 0.0
88.625 0.0
88.65 0.0
88.675 0.0
88.7 0.0
88.725 0.0
88.75 0.0
88.775 0.0
88.8 0.0
88.825 0.0
88.85 0.0
88.875 0.0
88.9 0.0
88.925 0.0
88.95 0.0
88.975 0.0
89 0.0
89.025 0.0
89.05 0.0
89.075 0.0
89.1 0.0
89.125 0.0
89.15 0.0
89.175 0.0
89.2 0.0
89.225 0.0
89.25 0.0
89.275 0.0
89.3 0.0
89.325 0.0
89.35 0.0
89.375 0.0
89.4 0.0
89.425 0.0
89.45 0.0
89.475 0.0
89.5 0.0
89.525 0.0
89.55 0.0
89.575 0.0
89.6 0.0
89.625 0.0
89.65 0.0
89.675 0.0
89.7 0.0
89.725 0.0
89.75 0.0
89.775 0.0
89.8 0.0
89.825 0.0
89.85 0.0
89.875 0.0
89.9 0.0
89.925 0.0
89.95 0.0
89.975 0.0
90 0.0
90.025 0.0
90.05 0.0
90.075 0.0
90.1 0.0
90.125 0.0
90.15 0.0
90.175 0.0
90.2 0.0
90.225 0.0
90.25 0.0
90.275 0.0
90.3 0.0
90.325 0.0
90.35 0.0
90.375 0.0
90.4 0.0
90.425 0.0
90.45 0.0
90.475 0.0
90.5 0.0
90.525 0.0
90.55 0.0
90.575 0.0
90.6 0.0
90.625 0.0
90.65 0.0
90.675 0.0
90.7 0.0
90.725 0.0
90.75 0.0
90.775 0.0
90.8 0.0
90.825 0.0
90.85 0.0
90.875 0.0
90.9 0.0
90.925 0.0
90.95 0.0
90.975 0.0
91 0.0
91.025 0.0
91.05 0.0
91.075 0.0
91.1 0.0
91.125 0.0
91.15 0.0
91.175 0.0
91.2 0.0
91.225 0.0
91.25 0.0
91.275 0.0
91.3 0.0
91.325 0.0
91.35 0.0
91.375 0.0
91.4 0.0
91.425 0.0
91.45 0.0
91.475 0.0
91.5 0.0
91.525 0.0
91.55 0.0
91.575 0.0
91.6 0.0
91.625 0.0
91.65 0.0
91.675 0.0
91.7 0.0
91.725 0.0
91.75 0.0
91.775 0.0
91.8 0.0
91.825 0.0
91.85 0.0
91.875 0.0
91.9 0.0
91.925 0.0
91.95 0.0
91.975 0.0
92 0.0
92.025 0.0
92.05 0.0
92.075 0.0
92.1 0.0
92.125 0.0
92.15 0.0
92.175 0.0
92.2 0.0
92.225 0.0
92.25 0.0
92.275 0.0
92.3 0.0
92.325 0.0
92.35 0.0
92.375 0.0
92.4 0.0
92.425 0.0
92.45 0.0
92.475 0.0
92.5 0.0
92.525 0.0
92.55 0.0
92.575 0.0
92.6 0.0
92.625 0.0
92.65 0.0
92.675 0.0
92.7 0.0
92.725 0.0
92.75 0.0
92.775 0.0
92.8 0.0
92.825 0.0
92.85 0.0
92.875 0.0
92.9 0.0
92.925 0.0
92.95 0.0
92.975 0.0
93 0.0
93.025 0.0
93.05 0.0
93.075 0.0
93.1 0.0
93.125 0.0
93.15 0.0
93.175 0.0
93.2 0.0
93.225 0.0
93.25 0.0
93.275 0.0
93.3 0.0
93.325 0.0
93.35 0.0
93.375 0.0
93.4 0.0
93.425 0.0
93.45 0.0
93.475 0.0
93.5 0.0
93.525 0.0
93.55 0.0
93.575 0.0
93.6 0.0
93.625 0.0
93.65 0.0
93.675 0.0
93.7 0.0
93.725 0.0
93.75 0.0
93.775 0.0
93.8 0.0
93.825 0.0
93.85 0.0
93.875 0.0
93.9 0.0
93.925 0.0
93.95 0.0
93.975 0.0
94 0.0
94.025 0.0
94.05 0.0
94.075 0.0
94.1 0.0
94.125 0.0
94.15 0.0
94.175 0.0
94.2 0.0
94.225 0.0
94.25 0.0
94.275 0.0
94.3 0.0
94.325 0.0
94.35 0.0
94.375 0.0
94.4 0.0
94.425 0.0
94.45 0.0
94.475 0.0
94.5 0.0
94.525 0.0
94.55 0.0
94.575 0.0
94.6 0.0
94.625 0.0
94.65 0.0
94.675 0.0
94.7 0.0
94.725 0.0
94.75 0.0
94.775 0.0
94.8 0.0
94.825 0.0
94.85 0.0
94.875 0.0
94.9 0.0
94.925 0.0
94.95 0.0
94.975 0.0
95 0.0
95.025 0.0
95.05 0.0
95.075 0.0
95.1 0.0
95.125 0.0
95.15 0.0
95.175 0.0
95.2 0.0
95.225 0.0
95.25 0.0
95.275 0.0
95.3 0.0
95.325 0.0
95.35 0.0
95.375 0.0
95.4 0.0
95.425 0.0
95.45 0.0
95.475 0.0
95.5 0.0
95.525 0.0
95.55 0.0
95.575 0.0
95.6 0.0
95.625 0.0
95.65 0.0
95.675 0.0
95.7 0.0
95.725 0.0
95.75 0.0
95.775 0.0
95.8 0.0
95.825 0.0
95.85 0.0
95.875 0.0
95.9 0.0
95.925 0.0
95.95 0.0
95.975 0.0
96 0.0
96.025 0.0
96.05 0.0
96.075 0.0
96.1 0.0
96.125 0.0
96.15 0.0
96.175 0.0
96.2 0.0
96.225 0.0
96.25 0.0
96.275 0.0
96.3 0.0
96.325 0.0
96.35 0.0
96.375 0.0
96.4 0.0
96.425 0.0
96.45 0.0
96.475 0.0
96.5 0.0
96.525 0.0
96.55 0.0
96.575 0.0
96.6 0.0
96.625 0.0
96.65 0.0
96.675 0.0
96.7 0.0
96.725 0.0
96.75 0.0
96.775 0.0
96.8 0.0
96.825 0.0
96.85 0.0
96.875 0.0
96.9 0.0
96.925 0.0
96.95 0.0
96.975 0.0
97 0.0
97.025 0.0
97.05 0.0
97.075 0.0
97.1 0.0
97.125 0.0
97.15 0.0
97.175 0.0
97.2 0.0
97.225 0.0
97.25 0.0
97.275 0.0
97.3 0.0
97.325 0.0
97.35 0.0
97.375 0.0
97.4 0.0
97.425 0.0
97.45 0.0
97.475 0.0
97.5 0.0
97.525 0.0
97.55 0.0
97.575 0.0
97.6 0.0
97.625 0.0
97.65 0.0
97.675 0.0
97.7 0.0
97.725 0.0
97.75 0.0
97.775 0.0
97.8 0.0
97.825 0.0
97.85 0.0
97.875 0.0
97.9 0.0
97.925 0.0
97.95 0.0
97.975 0.0
98 0.0
98.025 0.0
98.05 0.0
98.075 0.0
98.1 0.0
98.125 0.0
98.15 0.0
98.175 0.0
98.2 0.0
98.225 0.0
98.25 0.0
98.275 0.0
98.3 0.0
98.325 0.0
98.35 0.0
98.375 0.0
98.4 0.0
98.425 0.0
98.45 0.0
98.475 0.0
98.5 0.0
98.525 0.0
98.55 0.0
98.575 0.0
98.6 0.0
98.625 0.0
98.65 0.0
98.675 0.0
98.7 0.0
98.725 0.0
98.75 0.0
98.775 0.0
98.8 0.0
98.825 0.0
98.85 0.0
98.875 0.0
98.9 0.0
98.925 0.0
98.95 0.0
98.975 0.0
99 0.0
99.025 0.0
99.05 0.0
99.075 0.0
99.1 0.0
99.125 0.0
99.15 0.0
99.175 0.0
99.2 0.0
99.225 0.0
99.25 0.0
99.275 0.0
99.3 0.0
99.325 0.0
99.35 0.0
99.375 0.0
99.4 0.0
99.425 0.0
99.45 0.0
99.475 0.0
99.5 0.0
99.525 0.0
99.55 0.0
99.575 0.0
99.6 0.0
99.625 0.0
99.65 0.0
99.675 0.0
99.7 0.0
99.725 0.0
99.75 0.0
99.775 0.0
99.8 0.0
99.825 0.0
99.85 0.0
99.875 0.0
99.9 0.0
99.925 0.0
99.95 0.0
99.975 0.0
100 0.0
100.025 0.0
100.05 0.0
100.075 0.0
100.1 0.0
100.125 0.0
100.15 0.0
100.175 0.0
100.2 0.0
100.225 0.0
100.25 0.0
100.275 0.0
100.3 0.0
100.325 0.0
100.35 0.0
100.375 0.0
100.4 0.0
100.425 0.0
100.45 0.0
100.475 0.0
100.5 0.0
100.525 0.0
100.55 0.0
100.575 0.0
100.6 0.0
100.625 0.0
100.65 0.0
100.675 0.0
100.7 0.0
100.725 0.0
100.75 0.0
100.775 0.0
100.8 0.0
100.825 0.0
100.85 0.0
100.875 0.0
100.9 0.0
100.925 0.0
100.95 0.0
100.975 0.0
101 0.0
101.025 0.0
101.05 0.0
101.075 0.0
101.1 0.0
101.125 0.0
101.15 0.0
101.175 0.0
101.2 0.0
101.225 0.0
101.25 0.0
101.275 0.0
101.3 0.0
101.325 0.0
101.35 0.0
101.375 0.0
101.4 0.0
101.425 0.0
101.45 0.0
101.475 0.0
101.5 0.0
101.525 0.0
101.55 0.0
101.575 0.0
101.6 0.0
101.625 0.0
101.65 0.0
101.675 0.0
101.7 0.0
101.725 0.0
101.75 0.0
101.775 0.0
101.8 0.0
101.825 0.0
101.85 0.0
101.875 0.0
101.9 0.0
101.925 0.0
101.95 0.0
101.975 0.0
102 0.0
102.025 0.0
102.05 0.0
102.075 0.0
102.1 0.0
102.125 0.0
102.15 0.0
102.175 0.0
102.2 0.0
102.225 0.0
102.25 0.0
102.275 0.0
102.3 0.0
102.325 0.0
102.35 0.0
102.375 0.0
102.4 0.0
102.425 0.0
102.45 0.0
102.475 0.0
102.5 0.0
102.525 0.0
102.55 0.0
102.575 0.0
102.6 0.0
102.625 0.0
102.65 0.0
102.675 0.0
102.7 0.0
102.725 0.0
102.75 0.0
102.775 0.0
102.8 0.0
102.825 0.0
102.85 0.0
102.875 0.0
102.9 0.0
102.925 0.0
102.95 0.0
102.975 0.0
103 0.0
103.025 0.0
103.05 0.0
103.075 0.0
103.1 0.0
103.125 0.0
103.15 0.0
103.175 0.0
103.2 0.0
103.225 0.0
103.25 0.0
103.275 0.0
103.3 0.0
103.325 0.0
103.35 0.0
103.375 0.0
103.4 0.0
103.425 0.0
103.45 0.0
103.475 0.0
103.5 0.0
103.525 0.0
103.55 0.0
103.575 0.0
103.6 0.0
103.625 0.0
103.65 0.0
103.675 0.0
103.7 0.0
103.725 0.0
103.75 0.0
103.775 0.0
103.8 0.0
103.825 0.0
103.85 0.0
103.875 0.0
103.9 0.0
103.925 0.0
103.95 0.0
103.975 0.0
104 0.0
104.025 0.0
104.05 0.0
104.075 0.0
104.1 0.0
104.125 0.0
104.15 0.0
104.175 0.0
104.2 0.0
104.225 0.0
104.25 0.0
104.275 0.0
104.3 0.0
104.325 0.0
104.35 0.0
104.375 0.0
104.4 0.0
104.425 0.0
104.45 0.0
104.475 0.0
104.5 0.0
104.525 0.0
104.55 0.0
104.575 0.0
104.6 0.0
104.625 0.0
104.65 0.0
104.675 0.0
104.7 0.0
104.725 0.0
104.75 0.0
104.775 0.0
104.8 0.0
104.825 0.0
104.85 0.0
104.875 0.0
104.9 0.0
104.925 0.0
104.95 0.0
104.975 0.0
105 0.0
105.025 0.0
105.05 0.0
105.075 0.0
105.1 0.0
105.125 0.0
105.15 0.0
105.175 0.0
105.2 0.0
105.225 0.0
105.25 0.0
105.275 0.0
105.3 0.0
105.325 0.0
105.35 0.0
105.375 0.0
105.4 0.0
105.425 0.0
105.45 0.0
105.475 0.0
105.5 0.0
105.525 0.0
105.55 0.0
105.575 0.0
105.6 0.0
105.625 0.0
105.65 0.0
105.675 0.0
105.7 0.0
105.725 0.0
105.75 0.0
105.775 0.0
105.8 0.0
105.825 0.0
105.85 0.0
105.875 0.0
105.9 0.0
105.925 0.0
105.95 0.0
105.975 0.0
106 0.0
106.025 0.0
106.05 0.0
106.075 0.0
106.1 0.0
106.125 0.0
106.15 0.0
106.175 0.0
106.2 0.0
106.225 0.0
106.25 0.0
106.275 0.0
106.3 0.0
106.325 0.0
106.35 0.0
106.375 0.0
106.4 0.0
106.425 0.0
106.45 0.0
106.475 0.0
106.5 0.0
106.525 0.0
106.55 0.0
106.575 0.0
106.6 0.0
106.625 0.0
106.65 0.0
106.675 0.0
106.7 0.0
106.725 0.0
106.75 0.0
106.775 0.0
106.8 0.0
106.825 0.0
106.85 0.0
106.875 0.0
106.9 0.0
106.925 0.0
106.95 0.0
106.975 0.0
107 0.0
107.025 0.0
107.05 0.0
107.075 0.0
107.1 0.0
107.125 0.0
107.15 0.0
107.175 0.0
107.2 0.0
107.225 0.0
107.25 0.0
107.275 0.0
107.3 0.0
107.325 0.0
107.35 0.0
107.375 0.0
107.4 0.0
107.425 0.0
107.45 0.0
107.475 0.0
107.5 0.0
107.525 0.0
107.55 0.0
107.575 0.0
107.6 0.0
107.625 0.0
107.65 0.0
107.675 0.0
107.7 0.0
107.725 0.0
107.75 0.0
107.775 0.0
107.8 0.0
107.825 0.0
107.85 0.0
107.875 0.0
107.9 0.0
107.925 0.0
107.95 0.0
107.975 0.0
108 0.0
108.025 0.0
108.05 0.0
108.075 0.0
108.1 0.0
108.125 0.0
108.15 0.0
108.175 0.0
108.2 0.0
108.225 0.0
108.25 0.0
108.275 0.0
108.3 0.0
108.325 0.0
108.35 0.0
108.375 0.0
108.4 0.0
108.425 0.0
108.45 0.0
108.475 0.0
108.5 0.0
108.525 0.0
108.55 0.0
108.575 0.0
108.6 0.0
108.625 0.0
108.65 0.0
108.675 0.0
108.7 0.0
108.725 0.0
108.75 0.0
108.775 0.0
108.8 0.0
108.825 0.0
108.85 0.0
108.875 0.0
108.9 0.0
108.925 0.0
108.95 0.0
108.975 0.0
109 0.0
109.025 0.0
109.05 0.0
109.075 0.0
109.1 0.0
109.125 0.0
109.15 0.0
109.175 0.0
109.2 0.0
109.225 0.0
109.25 0.0
109.275 0.0
109.3 0.0
109.325 0.0
109.35 0.0
109.375 0.0
109.4 0.0
109.425 0.0
109.45 0.0
109.475 0.0
109.5 0.0
109.525 0.0
109.55 0.0
109.575 0.0
109.6 0.0
109.625 0.0
109.65 0.0
109.675 0.0
109.7 0.0
109.725 0.0
109.75 0.0
109.775 0.0
109.8 0.0
109.825 0.0
109.85 0.0
109.875 0.0
109.9 0.0
109.925 0.0
109.95 0.0
109.975 0.0
110 0.0
110.025 0.0
110.05 0.0
110.075 0.0
110.1 0.0
110.125 0.0
110.15 0.0
110.175 0.0
110.2 0.0
110.225 0.0
110.25 0.0
110.275 0.0
110.3 0.0
110.325 0.0
110.35 0.0
110.375 0.0
110.4 0.0
110.425 0.0
110.45 0.0
110.475 0.0
110.5 0.0
110.525 0.0
110.55 0.0
110.575 0.0
110.6 0.0
110.625 0.0
110.65 0.0
110.675 0.0
110.7 0.0
110.725 0.0
110.75 0.0
110.775 0.0
110.8 0.0
110.825 0.0
110.85 0.0
110.875 0.0
110.9 0.0
110.925 0.0
110.95 0.0
110.975 0.0
111 0.0
111.025 0.0
111.05 0.0
111.075 0.0
111.1 0.0
111.125 0.0
111.15 0.0
111.175 0.0
111.2 0.0
111.225 0.0
111.25 0.0
111.275 0.0
111.3 0.0
111.325 0.0
111.35 0.0
111.375 0.0
111.4 0.0
111.425 0.0
111.45 0.0
111.475 0.0
111.5 0.0
111.525 0.0
111.55 0.0
111.575 0.0
111.6 0.0
111.625 0.0
111.65 0.0
111.675 0.0
111.7 0.0
111.725 0.0
111.75 0.0
111.775 0.0
111.8 0.0
111.825 0.0
111.85 0.0
111.875 0.0
111.9 0.0
111.925 0.0
111.95 0.0
111.975 0.0
112 0.0
112.025 0.0
112.05 0.0
112.075 0.0
112.1 0.0
112.125 0.0
112.15 0.0
112.175 0.0
112.2 0.0
112.225 0.0
112.25 0.0
112.275 0.0
112.3 0.0
112.325 0.0
112.35 0.0
112.375 0.0
112.4 0.0
112.425 0.0
112.45 0.0
112.475 0.0
112.5 0.0
112.525 0.0
112.55 0.0
112.575 0.0
112.6 0.0
112.625 0.0
112.65 0.0
112.675 0.0
112.7 0.0
112.725 0.0
112.75 0.0
112.775 0.0
112.8 0.0
112.825 0.0
112.85 0.0
112.875 0.0
112.9 0.0
112.925 0.0
112.95 0.0
112.975 0.0
113 0.0
113.025 0.0
113.05 0.0
113.075 0.0
113.1 0.0
113.125 0.0
113.15 0.0
113.175 0.0
113.2 0.0
113.225 0.0
113.25 0.0
113.275 0.0
113.3 0.0
113.325 0.0
113.35 0.0
113.375 0.0
113.4 0.0
113.425 0.0
113.45 0.0
113.475 0.0
113.5 0.0
113.525 0.0
113.55 0.0
113.575 0.0
113.6 0.0
113.625 0.0
113.65 0.0
113.675 0.0
113.7 0.0
113.725 0.0
113.75 0.0
113.775 0.0
113.8 0.0
113.825 0.0
113.85 0.0
113.875 0.0
113.9 0.0
113.925 0.0
113.95 0.0
113.975 0.0
114 0.0
114.025 0.0
114.05 0.0
114.075 0.0
114.1 0.0
114.125 0.0
114.15 0.0
114.175 0.0
114.2 0.0
114.225 0.0
114.25 0.0
114.275 0.0
114.3 0.0
114.325 0.0
114.35 0.0
114.375 0.0
114.4 0.0
114.425 0.0
114.45 0.0
114.475 0.0
114.5 0.0
114.525 0.0
114.55 0.0
114.575 0.0
114.6 0.0
114.625 0.0
114.65 0.0
114.675 0.0
114.7 0.0
114.725 0.0
114.75 0.0
114.775 0.0
114.8 0.0
114.825 0.0
114.85 0.0
114.875 0.0
114.9 0.0
114.925 0.0
114.95 0.0
114.975 0.0
115 0.0
115.025 0.0
115.05 0.0
115.075 0.0
115.1 0.0
115.125 0.0
115.15 0.0
115.175 0.0
115.2 0.0
115.225 0.0
115.25 0.0
115.275 0.0
115.3 0.0
115.325 0.0
115.35 0.0
115.375 0.0
115.4 0.0
115.425 0.0
115.45 0.0
115.475 0.0
115.5 0.0
115.525 0.0
115.55 0.0
115.575 0.0
115.6 0.0
115.625 0.0
115.65 0.0
115.675 0.0
115.7 0.0
115.725 0.0
115.75 0.0
115.775 0.0
115.8 0.0
115.825 0.0
115.85 0.0
115.875 0.0
115.9 0.0
115.925 0.0
115.95 0.0
115.975 0.0
116 0.0
116.025 0.0
116.05 0.0
116.075 0.0
116.1 0.0
116.125 0.0
116.15 0.0
116.175 0.0
116.2 0.0
116.225 0.0
116.25 0.0
116.275 0.0
116.3 0.0
116.325 0.0
116.35 0.0
116.375 0.0
116.4 0.0
116.425 0.0
116.45 0.0
116.475 0.0
116.5 0.0
116.525 0.0
116.55 0.0
116.575 0.0
116.6 0.0
116.625 0.0
116.65 0.0
116.675 0.0
116.7 0.0
116.725 0.0
116.75 0.0
116.775 0.0
116.8 0.0
116.825 0.0
116.85 0.0
116.875 0.0
116.9 0.0
116.925 0.0
116.95 0.0
116.975 0.0
117 0.0
117.025 0.0
117.05 0.0
117.075 0.0
117.1 0.0
117.125 0.0
117.15 0.0
117.175 0.0
117.2 0.0
117.225 0.0
117.25 0.0
117.275 0.0
117.3 0.0
117.325 0.0
117.35 0.0
117.375 0.0
117.4 0.0
117.425 0.0
117.45 0.0
117.475 0.0
117.5 0.0
117.525 0.0
117.55 0.0
117.575 0.0
117.6 0.0
117.625 0.0
117.65 0.0
117.675 0.0
117.7 0.0
117.725 0.0
117.75 0.0
117.775 0.0
117.8 0.0
117.825 0.0
117.85 0.0
117.875 0.0
117.9 0.0
117.925 0.0
117.95 0.0
117.975 0.0
118 0.0
118.025 0.0
118.05 0.0
118.075 0.0
118.1 0.0
118.125 0.0
118.15 0.0
118.175 0.0
118.2 0.0
118.225 0.0
118.25 0.0
118.275 0.0
118.3 0.0
118.325 0.0
118.35 0.0
118.375 0.0
118.4 0.0
118.425 0.0
118.45 0.0
118.475 0.0
118.5 0.0
118.525 0.0
118.55 0.0
118.575 0.0
118.6 0.0
118.625 0.0
118.65 0.0
118.675 0.0
118.7 0.0
118.725 0.0
118.75 0.0
118.775 0.0
118.8 0.0
118.825 0.0
118.85 0.0
118.875 0.0
118.9 0.0
118.925 0.0
118.95 0.0
118.975 0.0
119 0.0
119.025 0.0
119.05 0.0
119.075 0.0
119.1 0.0
119.125 0.0
119.15 0.0
119.175 0.0
119.2 0.0
119.225 0.0
119.25 0.0
119.275 0.0
119.3 0.0
119.325 0.0
119.35 0.0
119.375 0.0
119.4 0.0
119.425 0.0
119.45 0.0
119.475 0.0
119.5 0.0
119.525 0.0
119.55 0.0
119.575 0.0
119.6 0.0
119.625 0.0
119.65 0.0
119.675 0.0
119.7 0.0
119.725 0.0
119.75 0.0
119.775 0.0
119.8 0.0
119.825 0.0
119.85 0.0
119.875 0.0
119.9 0.0
119.925 0.0
119.95 0.0
119.975 0.0
120 0.0
120.025 0.0
120.05 0.0
120.075 0.0
120.1 0.0
120.125 0.0
120.15 0.0
120.175 0.0
120.2 0.0
120.225 0.0
120.25 0.0
120.275 0.0
120.3 0.0
120.325 0.0
120.35 0.0
120.375 0.0
120.4 0.0
120.425 0.0
120.45 0.0
120.475 0.0
120.5 0.0
120.525 0.0
120.55 0.0
120.575 0.0
120.6 0.0
120.625 0.0
120.65 0.0
120.675 0.0
120.7 0.0
120.725 0.0
120.75 0.0
120.775 0.0
120.8 0.0
120.825 0.0
120.85 0.0
120.875 0.0
120.9 0.0
120.925 0.0
120.95 0.0
120.975 0.0
121 0.0
121.025 0.0
121.05 0.0
121.075 0.0
121.1 0.0
121.125 0.0
121.15 0.0
121.175 0.0
121.2 0.0
121.225 0.0
121.25 0.0
121.275 0.0
121.3 0.0
121.325 0.0
121.35 0.0
121.375 0.0
121.4 0.0
121.425 0.0
121.45 0.0
121.475 0.0
121.5 0.0
121.525 0.0
121.55 0.0
121.575 0.0
121.6 0.0
121.625 0.0
121.65 0.0
121.675 0.0
121.7 0.0
121.725 0.0
121.75 0.0
121.775 0.0
121.8 0.0
121.825 0.0
121.85 0.0
121.875 0.0
121.9 0.0
121.925 0.0
121.95 0.0
121.975 0.0
122 0.0
122.025 0.0
122.05 0.0
122.075 0.0
122.1 0.0
122.125 0.0
122.15 0.0
122.175 0.0
122.2 0.0
122.225 0.0
122.25 0.0
122.275 0.0
122.3 0.0
122.325 0.0
122.35 0.0
122.375 0.0
122.4 0.0
122.425 0.0
122.45 0.0
122.475 0.0
122.5 0.0
122.525 0.0
122.55 0.0
122.575 0.0
122.6 0.0
122.625 0.0
122.65 0.0
122.675 0.0
122.7 0.0
122.725 0.0
122.75 0.0
122.775 0.0
122.8 0.0
122.825 0.0
122.85 0.0
122.875 0.0
122.9 0.0
122.925 0.0
122.95 0.0
122.975 0.0
123 0.0
123.025 0.0
123.05 0.0
123.075 0.0
123.1 0.0
123.125 0.0
123.15 0.0
123.175 0.0
123.2 0.0
123.225 0.0
123.25 0.0
123.275 0.0
123.3 0.0
123.325 0.0
123.35 0.0
123.375 0.0
123.4 0.0
123.425 0.0
123.45 0.0
123.475 0.0
123.5 0.0
123.525 0.0
123.55 0.0
123.575 0.0
123.6 0.0
123.625 0.0
123.65 0.0
123.675 0.0
123.7 0.0
123.725 0.0
123.75 0.0
123.775 0.0
123.8 0.0
123.825 0.0
123.85 0.0
123.875 0.0
123.9 0.0
123.925 0.0
123.95 0.0
123.975 0.0
124 0.0
124.025 0.0
124.05 0.0
124.075 0.0
124.1 0.0
124.125 0.0
124.15 0.0
124.175 0.0
124.2 0.0
124.225 0.0
124.25 0.0
124.275 0.0
124.3 0.0
124.325 0.0
124.35 0.0
124.375 0.0
124.4 0.0
124.425 0.0
124.45 0.0
124.475 0.0
124.5 0.0
124.525 0.0
124.55 0.0
124.575 0.0
124.6 0.0
124.625 0.0
124.65 0.0
124.675 0.0
124.7 0.0
124.725 0.0
124.75 0.0
124.775 0.0
124.8 0.0
124.825 0.0
124.85 0.0
124.875 0.0
124.9 0.0
124.925 0.0
124.95 0.0
124.975 0.0
125 0.0
125.025 0.0
125.05 0.0
125.075 0.0
125.1 0.0
125.125 0.0
125.15 0.0
125.175 0.0
125.2 0.0
125.225 0.0
125.25 0.0
125.275 0.0
125.3 0.0
125.325 0.0
125.35 0.0
125.375 0.0
125.4 0.0
125.425 0.0
125.45 0.0
125.475 0.0
125.5 0.0
125.525 0.0
125.55 0.0
125.575 0.0
125.6 0.0
125.625 0.0
125.65 0.0
125.675 0.0
125.7 0.0
125.725 0.0
125.75 0.0
125.775 0.0
125.8 0.0
125.825 0.0
125.85 0.0
125.875 0.0
125.9 0.0
125.925 0.0
125.95 0.0
125.975 0.0
126 0.0
126.025 0.0
126.05 0.0
126.075 0.0
126.1 0.0
126.125 0.0
126.15 0.0
126.175 0.0
126.2 0.0
126.225 0.0
126.25 0.0
126.275 0.0
126.3 0.0
126.325 0.0
126.35 0.0
126.375 0.0
126.4 0.0
126.425 0.0
126.45 0.0
126.475 0.0
126.5 0.0
126.525 0.0
126.55 0.0
126.575 0.0
126.6 0.0
126.625 0.0
126.65 0.0
126.675 0.0
126.7 0.0
126.725 0.0
126.75 0.0
126.775 0.0
126.8 0.0
126.825 0.0
126.85 0.0
126.875 0.0
126.9 0.0
126.925 0.0
126.95 0.0
126.975 0.0
127 0.0
127.025 0.0
127.05 0.0
127.075 0.0
127.1 0.0
127.125 0.0
127.15 0.0
127.175 0.0
127.2 0.0
127.225 0.0
127.25 0.0
127.275 0.0
127.3 0.0
127.325 0.0
127.35 0.0
127.375 0.0
127.4 0.0
127.425 0.0
127.45 0.0
127.475 0.0
127.5 0.0
127.525 0.0
127.55 0.0
127.575 0.0
127.6 0.0
127.625 0.0
127.65 0.0
127.675 0.0
127.7 0.0
127.725 0.0
127.75 0.0
127.775 0.0
127.8 0.0
127.825 0.0
127.85 0.0
127.875 0.0
127.9 0.0
127.925 0.0
127.95 0.0
127.975 0.0
128 0.0
128.025 0.0
128.05 0.0
128.075 0.0
128.1 0.0
128.125 0.0
128.15 0.0
128.175 0.0
128.2 0.0
128.225 0.0
128.25 0.0
128.275 0.0
128.3 0.0
128.325 0.0
128.35 0.0
128.375 0.0
128.4 0.0
128.425 0.0
128.45 0.0
128.475 0.0
128.5 0.0
128.525 0.0
128.55 0.0
128.575 0.0
128.6 0.0
128.625 0.0
128.65 0.0
128.675 0.0
128.7 0.0
128.725 0.0
128.75 0.0
128.775 0.0
128.8 0.0
128.825 0.0
128.85 0.0
128.875 0.0
128.9 0.0
128.925 0.0
128.95 0.0
128.975 0.0
129 0.0
129.025 0.0
129.05 0.0
129.075 0.0
129.1 0.0
129.125 0.0
129.15 0.0
129.175 0.0
129.2 0.0
129.225 0.0
129.25 0.0
129.275 0.0
129.3 0.0
129.325 0.0
129.35 0.0
129.375 0.0
129.4 0.0
129.425 0.0
129.45 0.0
129.475 0.0
129.5 0.0
129.525 0.0
129.55 0.0
129.575 0.0
129.6 0.0
129.625 0.0
129.65 0.0
129.675 0.0
129.7 0.0
129.725 0.0
129.75 0.0
129.775 0.0
129.8 0.0
129.825 0.0
129.85 0.0
129.875 0.0
129.9 0.0
129.925 0.0
129.95 0.0
129.975 0.0
130 0.0
130.025 0.0
130.05 0.0
130.075 0.0
130.1 0.0
130.125 0.0
130.15 0.0
130.175 0.0
130.2 0.0
130.225 0.0
130.25 0.0
130.275 0.0
130.3 0.0
130.325 0.0
130.35 0.0
130.375 0.0
130.4 0.0
130.425 0.0
130.45 0.0
130.475 0.0
130.5 0.0
130.525 0.0
130.55 0.0
130.575 0.0
130.6 0.0
130.625 0.0
130.65 0.0
130.675 0.0
130.7 0.0
130.725 0.0
130.75 0.0
130.775 0.0
130.8 0.0
130.825 0.0
130.85 0.0
130.875 0.0
130.9 0.0
130.925 0.0
130.95 0.0
130.975 0.0
131 0.0
131.025 0.0
131.05 0.0
131.075 0.0
131.1 0.0
131.125 0.0
131.15 0.0
131.175 0.0
131.2 0.0
131.225 0.0
131.25 0.0
131.275 0.0
131.3 0.0
131.325 0.0
131.35 0.0
131.375 0.0
131.4 0.0
131.425 0.0
131.45 0.0
131.475 0.0
131.5 0.0
131.525 0.0
131.55 0.0
131.575 0.0
131.6 0.0
131.625 0.0
131.65 0.0
131.675 0.0
131.7 0.0
131.725 0.0
131.75 0.0
131.775 0.0
131.8 0.0
131.825 0.0
131.85 0.0
131.875 0.0
131.9 0.0
131.925 0.0
131.95 0.0
131.975 0.0
132 0.0
132.025 0.0
132.05 0.0
132.075 0.0
132.1 0.0
132.125 0.0
132.15 0.0
132.175 0.0
132.2 0.0
132.225 0.0
132.25 0.0
132.275 0.0
132.3 0.0
132.325 0.0
132.35 0.0
132.375 0.0
132.4 0.0
132.425 0.0
132.45 0.0
132.475 0.0
132.5 0.0
132.525 0.0
132.55 0.0
132.575 0.0
132.6 0.0
132.625 0.0
132.65 0.0
132.675 0.0
132.7 0.0
132.725 0.0
132.75 0.0
132.775 0.0
132.8 0.0
132.825 0.0
132.85 0.0
132.875 0.0
132.9 0.0
132.925 0.0
132.95 0.0
132.975 0.0
133 0.0
133.025 0.0
133.05 0.0
133.075 0.0
133.1 0.0
133.125 0.0
133.15 0.0
133.175 0.0
133.2 0.0
133.225 0.0
133.25 0.0
133.275 0.0
133.3 0.0
133.325 0.0
133.35 0.0
133.375 0.0
133.4 0.0
133.425 0.0
133.45 0.0
133.475 0.0
133.5 0.0
133.525 0.0
133.55 0.0
133.575 0.0
133.6 0.0
133.625 0.0
133.65 0.0
133.675 0.0
133.7 0.0
133.725 0.0
133.75 0.0
133.775 0.0
133.8 0.0
133.825 0.0
133.85 0.0
133.875 0.0
133.9 0.0
133.925 0.0
133.95 0.0
133.975 0.0
134 0.0
134.025 0.0
134.05 0.0
134.075 0.0
134.1 0.0
134.125 0.0
134.15 0.0
134.175 0.0
134.2 0.0
134.225 0.0
134.25 0.0
134.275 0.0
134.3 0.0
134.325 0.0
134.35 0.0
134.375 0.0
134.4 0.0
134.425 0.0
134.45 0.0
134.475 0.0
134.5 0.0
134.525 0.0
134.55 0.0
134.575 0.0
134.6 0.0
134.625 0.0
134.65 0.0
134.675 0.0
134.7 0.0
134.725 0.0
134.75 0.0
134.775 0.0
134.8 0.0
134.825 0.0
134.85 0.0
134.875 0.0
134.9 0.0
134.925 0.0
134.95 0.0
134.975 0.0
135 0.0
135.025 0.0
135.05 0.0
135.075 0.0
135.1 0.0
135.125 0.0
135.15 0.0
135.175 0.0
135.2 0.0
135.225 0.0
135.25 0.0
135.275 0.0
135.3 0.0
135.325 0.0
135.35 0.0
135.375 0.0
135.4 0.0
135.425 0.0
135.45 0.0
135.475 0.0
135.5 0.0
135.525 0.0
135.55 0.0
135.575 0.0
135.6 0.0
135.625 0.0
135.65 0.0
135.675 0.0
135.7 0.0
135.725 0.0
135.75 0.0
135.775 0.0
135.8 0.0
135.825 0.0
135.85 0.0
135.875 0.0
135.9 0.0
135.925 0.0
135.95 0.0
135.975 0.0
136 0.0
136.025 0.0
136.05 0.0
136.075 0.0
136.1 0.0
136.125 0.0
136.15 0.0
136.175 0.0
136.2 0.0
136.225 0.0
136.25 0.0
136.275 0.0
136.3 0.0
136.325 0.0
136.35 0.0
136.375 0.0
136.4 0.0
136.425 0.0
136.45 0.0
136.475 0.0
136.5 0.0
136.525 0.0
136.55 0.0
136.575 0.0
136.6 0.0
136.625 0.0
136.65 0.0
136.675 0.0
136.7 0.0
136.725 0.0
136.75 0.0
136.775 0.0
136.8 0.0
136.825 0.0
136.85 0.0
136.875 0.0
136.9 0.0
136.925 0.0
136.95 0.0
136.975 0.0
137 0.0
137.025 0.0
137.05 0.0
137.075 0.0
137.1 0.0
137.125 0.0
137.15 0.0
137.175 0.0
137.2 0.0
137.225 0.0
137.25 0.0
137.275 0.0
137.3 0.0
137.325 0.0
137.35 0.0
137.375 0.0
137.4 0.0
137.425 0.0
137.45 0.0
137.475 0.0
137.5 0.0
137.525 0.0
137.55 0.0
137.575 0.0
137.6 0.0
137.625 0.0
137.65 0.0
137.675 0.0
137.7 0.0
137.725 0.0
137.75 0.0
137.775 0.0
137.8 0.0
137.825 0.0
137.85 0.0
137.875 0.0
137.9 0.0
137.925 0.0
137.95 0.0
137.975 0.0
138 0.0
138.025 0.0
138.05 0.0
138.075 0.0
138.1 0.0
138.125 0.0
138.15 0.0
138.175 0.0
138.2 0.0
138.225 0.0
138.25 0.0
138.275 0.0
138.3 0.0
138.325 0.0
138.35 0.0
138.375 0.0
138.4 0.0
138.425 0.0
138.45 0.0
138.475 0.0
138.5 0.0
138.525 0.0
138.55 0.0
138.575 0.0
138.6 0.0
138.625 0.0
138.65 0.0
138.675 0.0
138.7 0.0
138.725 0.0
138.75 0.0
138.775 0.0
138.8 0.0
138.825 0.0
138.85 0.0
138.875 0.0
138.9 0.0
138.925 0.0
138.95 0.0
138.975 0.0
139 0.0
139.025 0.0
139.05 0.0
139.075 0.0
139.1 0.0
139.125 0.0
139.15 0.0
139.175 0.0
139.2 0.0
139.225 0.0
139.25 0.0
139.275 0.0
139.3 0.0
139.325 0.0
139.35 0.0
139.375 0.0
139.4 0.0
139.425 0.0
139.45 0.0
139.475 0.0
139.5 0.0
139.525 0.0
139.55 0.0
139.575 0.0
139.6 0.0
139.625 0.0
139.65 0.0
139.675 0.0
139.7 0.0
139.725 0.0
139.75 0.0
139.775 0.0
139.8 0.0
139.825 0.0
139.85 0.0
139.875 0.0
139.9 0.0
139.925 0.0
139.95 0.0
139.975 0.0
140 0.0
140.025 0.0
140.05 0.0
140.075 0.0
140.1 0.0
140.125 0.0
140.15 0.0
140.175 0.0
140.2 0.0
140.225 0.0
140.25 0.0
140.275 0.0
140.3 0.0
140.325 0.0
140.35 0.0
140.375 0.0
140.4 0.0
140.425 0.0
140.45 0.0
140.475 0.0
140.5 0.0
140.525 0.0
140.55 0.0
140.575 0.0
140.6 0.0
140.625 0.0
140.65 0.0
140.675 0.0
140.7 0.0
140.725 0.0
140.75 0.0
140.775 0.0
140.8 0.0
140.825 0.0
140.85 0.0
140.875 0.0
140.9 0.0
140.925 0.0
140.95 0.0
140.975 0.0
141 0.0
141.025 0.0
141.05 0.0
141.075 0.0
141.1 0.0
141.125 0.0
141.15 0.0
141.175 0.0
141.2 0.0
141.225 0.0
141.25 0.0
141.275 0.0
141.3 0.0
141.325 0.0
141.35 0.0
141.375 0.0
141.4 0.0
141.425 0.0
141.45 0.0
141.475 0.0
141.5 0.0
141.525 0.0
141.55 0.0
141.575 0.0
141.6 0.0
141.625 0.0
141.65 0.0
141.675 0.0
141.7 0.0
141.725 0.0
141.75 0.0
141.775 0.0
141.8 0.0
141.825 0.0
141.85 0.0
141.875 0.0
141.9 0.0
141.925 0.0
141.95 0.0
141.975 0.0
142 0.0
142.025 0.0
142.05 0.0
142.075 0.0
142.1 0.0
142.125 0.0
142.15 0.0
142.175 0.0
142.2 0.0
142.225 0.0
142.25 0.0
142.275 0.0
142.3 0.0
142.325 0.0
142.35 0.0
142.375 0.0
142.4 0.0
142.425 0.0
142.45 0.0
142.475 0.0
142.5 0.0
142.525 0.0
142.55 0.0
142.575 0.0
142.6 0.0
142.625 0.0
142.65 0.0
142.675 0.0
142.7 0.0
142.725 0.0
142.75 0.0
142.775 0.0
142.8 0.0
142.825 0.0
142.85 0.0
142.875 0.0
142.9 0.0
142.925 0.0
142.95 0.0
142.975 0.0
143 0.0
143.025 0.0
143.05 0.0
143.075 0.0
143.1 0.0
143.125 0.0
143.15 0.0
143.175 0.0
143.2 0.0
143.225 0.0
143.25 0.0
143.275 0.0
143.3 0.0
143.325 0.0
143.35 0.0
143.375 0.0
143.4 0.0
143.425 0.0
143.45 0.0
143.475 0.0
143.5 0.0
143.525 0.0
143.55 0.0
143.575 0.0
143.6 0.0
143.625 0.0
143.65 0.0
143.675 0.0
143.7 0.0
143.725 0.0
143.75 0.0
143.775 0.0
143.8 0.0
143.825 0.0
143.85 0.0
143.875 0.0
143.9 0.0
143.925 0.0
143.95 0.0
143.975 0.0
144 0.0
144.025 0.0
144.05 0.0
144.075 0.0
144.1 0.0
144.125 0.0
144.15 0.0
144.175 0.0
144.2 0.0
144.225 0.0
144.25 0.0
144.275 0.0
144.3 0.0
144.325 0.0
144.35 0.0
144.375 0.0
144.4 0.0
144.425 0.0
144.45 0.0
144.475 0.0
144.5 0.0
144.525 0.0
144.55 0.0
144.575 0.0
144.6 0.0
144.625 0.0
144.65 0.0
144.675 0.0
144.7 0.0
144.725 0.0
144.75 0.0
144.775 0.0
144.8 0.0
144.825 0.0
144.85 0.0
144.875 0.0
144.9 0.0
144.925 0.0
144.95 0.0
144.975 0.0
145 0.0
145.025 0.0
145.05 0.0
145.075 0.0
145.1 0.0
145.125 0.0
145.15 0.0
145.175 0.0
145.2 0.0
145.225 0.0
145.25 0.0
145.275 0.0
145.3 0.0
145.325 0.0
145.35 0.0
145.375 0.0
145.4 0.0
145.425 0.0
145.45 0.0
145.475 0.0
145.5 0.0
145.525 0.0
145.55 0.0
145.575 0.0
145.6 0.0
145.625 0.0
145.65 0.0
145.675 0.0
145.7 0.0
145.725 0.0
145.75 0.0
145.775 0.0
145.8 0.0
145.825 0.0
145.85 0.0
145.875 0.0
145.9 0.0
145.925 0.0
145.95 0.0
145.975 0.0
146 0.0
146.025 0.0
146.05 0.0
146.075 0.0
146.1 0.0
146.125 0.0
146.15 0.0
146.175 0.0
146.2 0.0
146.225 0.0
146.25 0.0
146.275 0.0
146.3 0.0
146.325 0.0
146.35 0.0
146.375 0.0
146.4 0.0
146.425 0.0
146.45 0.0
146.475 0.0
146.5 0.0
146.525 0.0
146.55 0.0
146.575 0.0
146.6 0.0
146.625 0.0
146.65 0.0
146.675 0.0
146.7 0.0
146.725 0.0
146.75 0.0
146.775 0.0
146.8 0.0
146.825 0.0
146.85 0.0
146.875 0.0
146.9 0.0
146.925 0.0
146.95 0.0
146.975 0.0
147 0.0
147.025 0.0
147.05 0.0
147.075 0.0
147.1 0.0
147.125 0.0
147.15 0.0
147.175 0.0
147.2 0.0
147.225 0.0
147.25 0.0
147.275 0.0
147.3 0.0
147.325 0.0
147.35 0.0
147.375 0.0
147.4 0.0
147.425 0.0
147.45 0.0
147.475 0.0
147.5 0.0
147.525 0.0
147.55 0.0
147.575 0.0
147.6 0.0
147.625 0.0
147.65 0.0
147.675 0.0
147.7 0.0
147.725 0.0
147.75 0.0
147.775 0.0
147.8 0.0
147.825 0.0
147.85 0.0
147.875 0.0
147.9 0.0
147.925 0.0
147.95 0.0
147.975 0.0
148 0.0
148.025 0.0
148.05 0.0
148.075 0.0
148.1 0.0
148.125 0.0
148.15 0.0
148.175 0.0
148.2 0.0
148.225 0.0
148.25 0.0
148.275 0.0
148.3 0.0
148.325 0.0
148.35 0.0
148.375 0.0
148.4 0.0
148.425 0.0
148.45 0.0
148.475 0.0
148.5 0.0
148.525 0.0
148.55 0.0
148.575 0.0
148.6 0.0
148.625 0.0
148.65 0.0
148.675 0.0
148.7 0.0
148.725 0.0
148.75 0.0
148.775 0.0
148.8 0.0
148.825 0.0
148.85 0.0
148.875 0.0
148.9 0.0
148.925 0.0
148.95 0.0
148.975 0.0
149 0.0
149.025 0.0
149.05 0.0
149.075 0.0
149.1 0.0
149.125 0.0
149.15 0.0
149.175 0.0
149.2 0.0
149.225 0.0
149.25 0.0
149.275 0.0
149.3 0.0
149.325 0.0
149.35 0.0
149.375 0.0
149.4 0.0
149.425 0.0
149.45 0.0
149.475 0.0
149.5 0.0
149.525 0.0
149.55 0.0
149.575 0.0
149.6 0.0
149.625 0.0
149.65 0.0
149.675 0.0
149.7 0.0
149.725 0.0
149.75 0.0
149.775 0.0
149.8 0.0
149.825 0.0
149.85 0.0
149.875 0.0
149.9 0.0
149.925 0.0
149.95 0.0
149.975 0.0
150 0.0
150.025 0.0
150.05 0.0
150.075 0.0
150.1 0.0
150.125 0.0
150.15 0.0
150.175 0.0
150.2 0.0
150.225 0.0
150.25 0.0
150.275 0.0
150.3 0.0
150.325 0.0
150.35 0.0
150.375 0.0
150.4 0.0
150.425 0.0
150.45 0.0
150.475 0.0
150.5 0.0
150.525 0.0
150.55 0.0
150.575 0.0
150.6 0.0
150.625 0.0
150.65 0.0
150.675 0.0
150.7 0.0
150.725 0.0
150.75 0.0
150.775 0.0
150.8 0.0
150.825 0.0
150.85 0.0
150.875 0.0
150.9 0.0
150.925 0.0
150.95 0.0
150.975 0.0
151 0.0
151.025 0.0
151.05 0.0
151.075 0.0
151.1 0.0
151.125 0.0
151.15 0.0
151.175 0.0
151.2 0.0
151.225 0.0
151.25 0.0
151.275 0.0
151.3 0.0
151.325 0.0
151.35 0.0
151.375 0.0
151.4 0.0
151.425 0.0
151.45 0.0
151.475 0.0
151.5 0.0
151.525 0.0
151.55 0.0
151.575 0.0
151.6 0.0
151.625 0.0
151.65 0.0
151.675 0.0
151.7 0.0
151.725 0.0
151.75 0.0
151.775 0.0
151.8 0.0
151.825 0.0
151.85 0.0
151.875 0.0
151.9 0.0
151.925 0.0
151.95 0.0
151.975 0.0
152 0.0
152.025 0.0
152.05 0.0
152.075 0.0
152.1 0.0
152.125 0.0
152.15 0.0
152.175 0.0
152.2 0.0
152.225 0.0
152.25 0.0
152.275 0.0
152.3 0.0
152.325 0.0
152.35 0.0
152.375 0.0
152.4 0.0
152.425 0.0
152.45 0.0
152.475 0.0
152.5 0.0
152.525 0.0
152.55 0.0
152.575 0.0
152.6 0.0
152.625 0.0
152.65 0.0
152.675 0.0
152.7 0.0
152.725 0.0
152.75 0.0
152.775 0.0
152.8 0.0
152.825 0.0
152.85 0.0
152.875 0.0
152.9 0.0
152.925 0.0
152.95 0.0
152.975 0.0
153 0.0
153.025 0.0
153.05 0.0
153.075 0.0
153.1 0.0
153.125 0.0
153.15 0.0
153.175 0.0
153.2 0.0
153.225 0.0
153.25 0.0
153.275 0.0
153.3 0.0
153.325 0.0
153.35 0.0
153.375 0.0
153.4 0.0
153.425 0.0
153.45 0.0
153.475 0.0
153.5 0.0
153.525 0.0
153.55 0.0
153.575 0.0
153.6 0.0
153.625 0.0
153.65 0.0
153.675 0.0
153.7 0.0
153.725 0.0
153.75 0.0
153.775 0.0
153.8 0.0
153.825 0.0
153.85 0.0
153.875 0.0
153.9 0.0
153.925 0.0
153.95 0.0
153.975 0.0
154 0.0
154.025 0.0
154.05 0.0
154.075 0.0
154.1 0.0
154.125 0.0
154.15 0.0
154.175 0.0
154.2 0.0
154.225 0.0
154.25 0.0
154.275 0.0
154.3 0.0
154.325 0.0
154.35 0.0
154.375 0.0
154.4 0.0
154.425 0.0
154.45 0.0
154.475 0.0
154.5 0.0
154.525 0.0
154.55 0.0
154.575 0.0
154.6 0.0
154.625 0.0
154.65 0.0
154.675 0.0
154.7 0.0
154.725 0.0
154.75 0.0
154.775 0.0
154.8 0.0
154.825 0.0
154.85 0.0
154.875 0.0
154.9 0.0
154.925 0.0
154.95 0.0
154.975 0.0
155 0.0
155.025 0.0
155.05 0.0
155.075 0.0
155.1 0.0
155.125 0.0
155.15 0.0
155.175 0.0
155.2 0.0
155.225 0.0
155.25 0.0
155.275 0.0
155.3 0.0
155.325 0.0
155.35 0.0
155.375 0.0
155.4 0.0
155.425 0.0
155.45 0.0
155.475 0.0
155.5 0.0
155.525 0.0
155.55 0.0
155.575 0.0
155.6 0.0
155.625 0.0
155.65 0.0
155.675 0.0
155.7 0.0
155.725 0.0
155.75 0.0
155.775 0.0
155.8 0.0
155.825 0.0
155.85 0.0
155.875 0.0
155.9 0.0
155.925 0.0
155.95 0.0
155.975 0.0
156 0.0
156.025 0.0
156.05 0.0
156.075 0.0
156.1 0.0
156.125 0.0
156.15 0.0
156.175 0.0
156.2 0.0
156.225 0.0
156.25 0.0
156.275 0.0
156.3 0.0
156.325 0.0
156.35 0.0
156.375 0.0
156.4 0.0
156.425 0.0
156.45 0.0
156.475 0.0
156.5 0.0
156.525 0.0
156.55 0.0
156.575 0.0
156.6 0.0
156.625 0.0
156.65 0.0
156.675 0.0
156.7 0.0
156.725 0.0
156.75 0.0
156.775 0.0
156.8 0.0
156.825 0.0
156.85 0.0
156.875 0.0
156.9 0.0
156.925 0.0
156.95 0.0
156.975 0.0
157 0.0
157.025 0.0
157.05 0.0
157.075 0.0
157.1 0.0
157.125 0.0
157.15 0.0
157.175 0.0
157.2 0.0
157.225 0.0
157.25 0.0
157.275 0.0
157.3 0.0
157.325 0.0
157.35 0.0
157.375 0.0
157.4 0.0
157.425 0.0
157.45 0.0
157.475 0.0
157.5 0.0
157.525 0.0
157.55 0.0
157.575 0.0
157.6 0.0
157.625 0.0
157.65 0.0
157.675 0.0
157.7 0.0
157.725 0.0
157.75 0.0
157.775 0.0
157.8 0.0
157.825 0.0
157.85 0.0
157.875 0.0
157.9 0.0
157.925 0.0
157.95 0.0
157.975 0.0
158 0.0
158.025 0.0
158.05 0.0
158.075 0.0
158.1 0.0
158.125 0.0
158.15 0.0
158.175 0.0
158.2 0.0
158.225 0.0
158.25 0.0
158.275 0.0
158.3 0.0
158.325 0.0
158.35 0.0
158.375 0.0
158.4 0.0
158.425 0.0
158.45 0.0
158.475 0.0
158.5 0.0
158.525 0.0
158.55 0.0
158.575 0.0
158.6 0.0
158.625 0.0
158.65 0.0
158.675 0.0
158.7 0.0
158.725 0.0
158.75 0.0
158.775 0.0
158.8 0.0
158.825 0.0
158.85 0.0
158.875 0.0
158.9 0.0
158.925 0.0
158.95 0.0
158.975 0.0
159 0.0
159.025 0.0
159.05 0.0
159.075 0.0
159.1 0.0
159.125 0.0
159.15 0.0
159.175 0.0
159.2 0.0
159.225 0.0
159.25 0.0
159.275 0.0
159.3 0.0
159.325 0.0
159.35 0.0
159.375 0.0
159.4 0.0
159.425 0.0
159.45 0.0
159.475 0.0
159.5 0.0
159.525 0.0
159.55 0.0
159.575 0.0
159.6 0.0
159.625 0.0
159.65 0.0
159.675 0.0
159.7 0.0
159.725 0.0
159.75 0.0
159.775 0.0
159.8 0.0
159.825 0.0
159.85 0.0
159.875 0.0
159.9 0.0
159.925 0.0
159.95 0.0
159.975 0.0
160 0.0
160.025 0.0
160.05 0.0
160.075 0.0
160.1 0.0
160.125 0.0
160.15 0.0
160.175 0.0
160.2 0.0
160.225 0.0
160.25 0.0
160.275 0.0
160.3 0.0
160.325 0.0
160.35 0.0
160.375 0.0
160.4 0.0
160.425 0.0
160.45 0.0
160.475 0.0
160.5 0.0
160.525 0.0
160.55 0.0
160.575 0.0
160.6 0.0
160.625 0.0
160.65 0.0
160.675 0.0
160.7 0.0
160.725 0.0
160.75 0.0
160.775 0.0
160.8 0.0
160.825 0.0
160.85 0.0
160.875 0.0
160.9 0.0
160.925 0.0
160.95 0.0
160.975 0.0
161 0.0
161.025 0.0
161.05 0.0
161.075 0.0
161.1 0.0
161.125 0.0
161.15 0.0
161.175 0.0
161.2 0.0
161.225 0.0
161.25 0.0
161.275 0.0
161.3 0.0
161.325 0.0
161.35 0.0
161.375 0.0
161.4 0.0
161.425 0.0
161.45 0.0
161.475 0.0
161.5 0.0
161.525 0.0
161.55 0.0
161.575 0.0
161.6 0.0
161.625 0.0
161.65 0.0
161.675 0.0
161.7 0.0
161.725 0.0
161.75 0.0
161.775 0.0
161.8 0.0
161.825 0.0
161.85 0.0
161.875 0.0
161.9 0.0
161.925 0.0
161.95 0.0
161.975 0.0
162 0.0
162.025 0.0
162.05 0.0
162.075 0.0
162.1 0.0
162.125 0.0
162.15 0.0
162.175 0.0
162.2 0.0
162.225 0.0
162.25 0.0
162.275 0.0
162.3 0.0
162.325 0.0
162.35 0.0
162.375 0.0
162.4 0.0
162.425 0.0
162.45 0.0
162.475 0.0
162.5 0.0
162.525 0.0
162.55 0.0
162.575 0.0
162.6 0.0
162.625 0.0
162.65 0.0
162.675 0.0
162.7 0.0
162.725 0.0
162.75 0.0
162.775 0.0
162.8 0.0
162.825 0.0
162.85 0.0
162.875 0.0
162.9 0.0
162.925 0.0
162.95 0.0
162.975 0.0
163 0.0
163.025 0.0
163.05 0.0
163.075 0.0
163.1 0.0
163.125 0.0
163.15 0.0
163.175 0.0
163.2 0.0
163.225 0.0
163.25 0.0
163.275 0.0
163.3 0.0
163.325 0.0
163.35 0.0
163.375 0.0
163.4 0.0
163.425 0.0
163.45 0.0
163.475 0.0
163.5 0.0
163.525 0.0
163.55 0.0
163.575 0.0
163.6 0.0
163.625 0.0
163.65 0.0
163.675 0.0
163.7 0.0
163.725 0.0
163.75 0.0
163.775 0.0
163.8 0.0
163.825 0.0
163.85 0.0
163.875 0.0
163.9 0.0
163.925 0.0
163.95 0.0
163.975 0.0
164 0.0
164.025 0.0
164.05 0.0
164.075 0.0
164.1 0.0
164.125 0.0
164.15 0.0
164.175 0.0
164.2 0.0
164.225 0.0
164.25 0.0
164.275 0.0
164.3 0.0
164.325 0.0
164.35 0.0
164.375 0.0
164.4 0.0
164.425 0.0
164.45 0.0
164.475 0.0
164.5 0.0
164.525 0.0
164.55 0.0
164.575 0.0
164.6 0.0
164.625 0.0
164.65 0.0
164.675 0.0
164.7 0.0
164.725 0.0
164.75 0.0
164.775 0.0
164.8 0.0
164.825 0.0
164.85 0.0
164.875 0.0
164.9 0.0
164.925 0.0
164.95 0.0
164.975 0.0
165 0.0
165.025 0.0
165.05 0.0
165.075 0.0
165.1 0.0
165.125 0.0
165.15 0.0
165.175 0.0
165.2 0.0
165.225 0.0
165.25 0.0
165.275 0.0
165.3 0.0
165.325 0.0
165.35 0.0
165.375 0.0
165.4 0.0
165.425 0.0
165.45 0.0
165.475 0.0
165.5 0.0
165.525 0.0
165.55 0.0
165.575 0.0
165.6 0.0
165.625 0.0
165.65 0.0
165.675 0.0
165.7 0.0
165.725 0.0
165.75 0.0
165.775 0.0
165.8 0.0
165.825 0.0
165.85 0.0
165.875 0.0
165.9 0.0
165.925 0.0
165.95 0.0
165.975 0.0
166 0.0
166.025 0.0
166.05 0.0
166.075 0.0
166.1 0.0
166.125 0.0
166.15 0.0
166.175 0.0
166.2 0.0
166.225 0.0
166.25 0.0
166.275 0.0
166.3 0.0
166.325 0.0
166.35 0.0
166.375 0.0
166.4 0.0
166.425 0.0
166.45 0.0
166.475 0.0
166.5 0.0
166.525 0.0
166.55 0.0
166.575 0.0
166.6 0.0
166.625 0.0
166.65 0.0
166.675 0.0
166.7 0.0
166.725 0.0
166.75 0.0
166.775 0.0
166.8 0.0
166.825 0.0
166.85 0.0
166.875 0.0
166.9 0.0
166.925 0.0
166.95 0.0
166.975 0.0
167 0.0
167.025 0.0
167.05 0.0
167.075 0.0
167.1 0.0
167.125 0.0
167.15 0.0
167.175 0.0
167.2 0.0
167.225 0.0
167.25 0.0
167.275 0.0
167.3 0.0
167.325 0.0
167.35 0.0
167.375 0.0
167.4 0.0
167.425 0.0
167.45 0.0
167.475 0.0
167.5 0.0
167.525 0.0
167.55 0.0
167.575 0.0
167.6 0.0
167.625 0.0
167.65 0.0
167.675 0.0
167.7 0.0
167.725 0.0
167.75 0.0
167.775 0.0
167.8 0.0
167.825 0.0
167.85 0.0
167.875 0.0
167.9 0.0
167.925 0.0
167.95 0.0
167.975 0.0
168 0.0
168.025 0.0
168.05 0.0
168.075 0.0
168.1 0.0
168.125 0.0
168.15 0.0
168.175 0.0
168.2 0.0
168.225 0.0
168.25 0.0
168.275 0.0
168.3 0.0
168.325 0.0
168.35 0.0
168.375 0.0
168.4 0.0
168.425 0.0
168.45 0.0
168.475 0.0
168.5 0.0
168.525 0.0
168.55 0.0
168.575 0.0
168.6 0.0
168.625 0.0
168.65 0.0
168.675 0.0
168.7 0.0
168.725 0.0
168.75 0.0
168.775 0.0
168.8 0.0
168.825 0.0
168.85 0.0
168.875 0.0
168.9 0.0
168.925 0.0
168.95 0.0
168.975 0.0
169 0.0
169.025 0.0
169.05 0.0
169.075 0.0
169.1 0.0
169.125 0.0
169.15 0.0
169.175 0.0
169.2 0.0
169.225 0.0
169.25 0.0
169.275 0.0
169.3 0.0
169.325 0.0
169.35 0.0
169.375 0.0
169.4 0.0
169.425 0.0
169.45 0.0
169.475 0.0
169.5 0.0
169.525 0.0
169.55 0.0
169.575 0.0
169.6 0.0
169.625 0.0
169.65 0.0
169.675 0.0
169.7 0.0
169.725 0.0
169.75 0.0
169.775 0.0
169.8 0.0
169.825 0.0
169.85 0.0
169.875 0.0
169.9 0.0
169.925 0.0
169.95 0.0
169.975 0.0
170 0.0
170.025 0.0
170.05 0.0
170.075 0.0
170.1 0.0
170.125 0.0
170.15 0.0
170.175 0.0
170.2 0.0
170.225 0.0
170.25 0.0
170.275 0.0
170.3 0.0
170.325 0.0
170.35 0.0
170.375 0.0
170.4 0.0
170.425 0.0
170.45 0.0
170.475 0.0
170.5 0.0
170.525 0.0
170.55 0.0
170.575 0.0
170.6 0.0
170.625 0.0
170.65 0.0
170.675 0.0
170.7 0.0
170.725 0.0
170.75 0.0
170.775 0.0
170.8 0.0
170.825 0.0
170.85 0.0
170.875 0.0
170.9 0.0
170.925 0.0
170.95 0.0
170.975 0.0
171 0.0
171.025 0.0
171.05 0.0
171.075 0.0
171.1 0.0
171.125 0.0
171.15 0.0
171.175 0.0
171.2 0.0
171.225 0.0
171.25 0.0
171.275 0.0
171.3 0.0
171.325 0.0
171.35 0.0
171.375 0.0
171.4 0.0
171.425 0.0
171.45 0.0
171.475 0.0
171.5 0.0
171.525 0.0
171.55 0.0
171.575 0.0
171.6 0.0
171.625 0.0
171.65 0.0
171.675 0.0
171.7 0.0
171.725 0.0
171.75 0.0
171.775 0.0
171.8 0.0
171.825 0.0
171.85 0.0
171.875 0.0
171.9 0.0
171.925 0.0
171.95 0.0
171.975 0.0
172 0.0
172.025 0.0
172.05 0.0
172.075 0.0
172.1 0.0
172.125 0.0
172.15 0.0
172.175 0.0
172.2 0.0
172.225 0.0
172.25 0.0
172.275 0.0
172.3 0.0
172.325 0.0
172.35 0.0
172.375 0.0
172.4 0.0
172.425 0.0
172.45 0.0
172.475 0.0
172.5 0.0
172.525 0.0
172.55 0.0
172.575 0.0
172.6 0.0
172.625 0.0
172.65 0.0
172.675 0.0
172.7 0.0
172.725 0.0
172.75 0.0
172.775 0.0
172.8 0.0
172.825 0.0
172.85 0.0
172.875 0.0
172.9 0.0
172.925 0.0
172.95 0.0
172.975 0.0
173 0.0
173.025 0.0
173.05 0.0
173.075 0.0
173.1 0.0
173.125 0.0
173.15 0.0
173.175 0.0
173.2 0.0
173.225 0.0
173.25 0.0
173.275 0.0
173.3 0.0
173.325 0.0
173.35 0.0
173.375 0.0
173.4 0.0
173.425 0.0
173.45 0.0
173.475 0.0
173.5 0.0
173.525 0.0
173.55 0.0
173.575 0.0
173.6 0.0
173.625 0.0
173.65 0.0
173.675 0.0
173.7 0.0
173.725 0.0
173.75 0.0
173.775 0.0
173.8 0.0
173.825 0.0
173.85 0.0
173.875 0.0
173.9 0.0
173.925 0.0
173.95 0.0
173.975 0.0
174 0.0
174.025 0.0
174.05 0.0
174.075 0.0
174.1 0.0
174.125 0.0
174.15 0.0
174.175 0.0
174.2 0.0
174.225 0.0
174.25 0.0
174.275 0.0
174.3 0.0
174.325 0.0
174.35 0.0
174.375 0.0
174.4 0.0
174.425 0.0
174.45 0.0
174.475 0.0
174.5 0.0
174.525 0.0
174.55 0.0
174.575 0.0
174.6 0.0
174.625 0.0
174.65 0.0
174.675 0.0
174.7 0.0
174.725 0.0
174.75 0.0
174.775 0.0
174.8 0.0
174.825 0.0
174.85 0.0
174.875 0.0
174.9 0.0
174.925 0.0
174.95 0.0
174.975 0.0
175 0.0
175.025 0.0
175.05 0.0
175.075 0.0
175.1 0.0
175.125 0.0
175.15 0.0
175.175 0.0
175.2 0.0
175.225 0.0
175.25 0.0
175.275 0.0
175.3 0.0
175.325 0.0
175.35 0.0
175.375 0.0
175.4 0.0
175.425 0.0
175.45 0.0
175.475 0.0
175.5 0.0
175.525 0.0
175.55 0.0
175.575 0.0
175.6 0.0
175.625 0.0
175.65 0.0
175.675 0.0
175.7 0.0
175.725 0.0
175.75 0.0
175.775 0.0
175.8 0.0
175.825 0.0
175.85 0.0
175.875 0.0
175.9 0.0
175.925 0.0
175.95 0.0
175.975 0.0
176 0.0
176.025 0.0
176.05 0.0
176.075 0.0
176.1 0.0
176.125 0.0
176.15 0.0
176.175 0.0
176.2 0.0
176.225 0.0
176.25 0.0
176.275 0.0
176.3 0.0
176.325 0.0
176.35 0.0
176.375 0.0
176.4 0.0
176.425 0.0
176.45 0.0
176.475 0.0
176.5 0.0
176.525 0.0
176.55 0.0
176.575 0.0
176.6 0.0
176.625 0.0
176.65 0.0
176.675 0.0
176.7 0.0
176.725 0.0
176.75 0.0
176.775 0.0
176.8 0.0
176.825 0.0
176.85 0.0
176.875 0.0
176.9 0.0
176.925 0.0
176.95 0.0
176.975 0.0
177 0.0
177.025 0.0
177.05 0.0
177.075 0.0
177.1 0.0
177.125 0.0
177.15 0.0
177.175 0.0
177.2 0.0
177.225 0.0
177.25 0.0
177.275 0.0
177.3 0.0
177.325 0.0
177.35 0.0
177.375 0.0
177.4 0.0
177.425 0.0
177.45 0.0
177.475 0.0
177.5 0.0
177.525 0.0
177.55 0.0
177.575 0.0
177.6 0.0
177.625 0.0
177.65 0.0
177.675 0.0
177.7 0.0
177.725 0.0
177.75 0.0
177.775 0.0
177.8 0.0
177.825 0.0
177.85 0.0
177.875 0.0
177.9 0.0
177.925 0.0
177.95 0.0
177.975 0.0
178 0.0
178.025 0.0
178.05 0.0
178.075 0.0
178.1 0.0
178.125 0.0
178.15 0.0
178.175 0.0
178.2 0.0
178.225 0.0
178.25 0.0
178.275 0.0
178.3 0.0
178.325 0.0
178.35 0.0
178.375 0.0
178.4 0.0
178.425 0.0
178.45 0.0
178.475 0.0
178.5 0.0
178.525 0.0
178.55 0.0
178.575 0.0
178.6 0.0
178.625 0.0
178.65 0.0
178.675 0.0
178.7 0.0
178.725 0.0
178.75 0.0
178.775 0.0
178.8 0.0
178.825 0.0
178.85 0.0
178.875 0.0
178.9 0.0
178.925 0.0
178.95 0.0
178.975 0.0
179 0.0
179.025 0.0
179.05 0.0
179.075 0.0
179.1 0.0
179.125 0.0
179.15 0.0
179.175 0.0
179.2 0.0
179.225 0.0
179.25 0.0
179.275 0.0
179.3 0.0
179.325 0.0
179.35 0.0
179.375 0.0
179.4 0.0
179.425 0.0
179.45 0.0
179.475 0.0
179.5 0.0
179.525 0.0
179.55 0.0
179.575 0.0
179.6 0.0
179.625 0.0
179.65 0.0
179.675 0.0
179.7 0.0
179.725 0.0
179.75 0.0
179.775 0.0
179.8 0.0
179.825 0.0
179.85 0.0
179.875 0.0
179.9 0.0
179.925 0.0
179.95 0.0
179.975 0.0
180 0.0
