       144
1 114 15 16 138
2 113 114 138 137
3 81 113 137 92
4 138 16 17 140
5 137 138 140 139
6 92 137 139 91
7 140 17 5 58
8 139 140 58 59
9 91 139 59 48
91 355 194 195 386
92 356 355 386 385
93 293 356 385 298
94 386 195 196 388
95 385 386 388 387
96 298 385 387 297
97 388 196 197 390
98 387 388 390 389
99 297 387 389 296
100 390 197 198 392
101 389 390 392 391
102 296 389 391 295
103 392 198 199 394
104 391 392 394 393
105 295 391 393 294
106 394 199 184 268
107 393 394 268 267
108 294 393 267 257
271 611 491 496 690
272 612 611 690 689
273 613 612 689 688
274 614 613 688 687
275 615 614 687 686
276 257 615 686 294
277 690 496 495 695
278 689 690 695 694
279 688 689 694 693
280 687 688 693 692
281 686 687 692 691
282 294 686 691 295
283 695 495 494 700
284 694 695 700 699
285 693 694 699 698
286 692 693 698 697
287 691 692 697 696
288 295 691 696 296
289 700 494 493 705
290 699 700 705 704
291 698 699 704 703
292 697 698 703 702
293 696 697 702 701
294 296 696 701 297
295 705 493 492 710
296 704 705 710 709
297 703 704 709 708
298 702 703 708 707
299 701 702 707 706
300 297 701 706 298
301 710 492 15 560
302 709 710 560 559
303 708 709 559 558
304 707 708 558 557
305 706 707 557 556
306 298 706 556 293
658 1005 257 267 1029
659 1004 1005 1029 1028
660 972 1004 1028 983
688 1029 267 268 1031
689 1028 1029 1031 1030
690 983 1028 1030 982
718 1031 268 184 949
719 1030 1031 949 950
720 982 1030 950 939
748 1136 491 611 1167
749 1137 1136 1167 1166
750 1074 1137 1166 1088
778 1167 611 612 1169
779 1166 1167 1169 1168
780 1088 1166 1168 1087
808 1169 612 613 1171
809 1168 1169 1171 1170
810 1087 1168 1170 1086
838 1171 613 614 1173
839 1170 1171 1173 1172
840 1086 1170 1172 1085
868 1173 614 615 1175
869 1172 1173 1175 1174
870 1085 1172 1174 1084
898 1175 615 257 1005
899 1174 1175 1005 1004
900 1084 1174 1004 972
928 491 1136 1358 1335
929 1335 1358 1360 1334
930 1334 1360 1313 1302
958 1136 1137 1359 1358
959 1358 1359 1361 1360
960 1360 1361 1312 1313
988 1137 1074 1279 1359
989 1359 1279 1280 1361
990 1361 1280 1269 1312
1000 1403 1471 1334 1302
1010 1404 1469 1471 1403
1020 1405 1467 1469 1404
1030 1406 1465 1467 1405
1040 1407 1463 1465 1406
1050 5 17 1463 1407
1060 1471 1472 1335 1334
1070 1469 1470 1472 1471
1080 1467 1468 1470 1469
1090 1465 1466 1468 1467
1100 1463 1464 1466 1465
1110 17 16 1464 1463
1120 1472 496 491 1335
1130 1470 495 496 1472
1140 1468 494 495 1470
1150 1466 493 494 1468
1160 1464 492 493 1466
1170 16 15 492 1464
1171 1632 1577 1578 1656
1172 1631 1632 1656 1655
1173 293 1631 1655 356
1174 1656 1578 1579 1658
1175 1655 1656 1658 1657
1176 356 1655 1657 355
1177 1658 1579 1567 1609
1178 1657 1658 1609 1610
1179 355 1657 1610 194
1315 15 114 1760 560
1316 560 1760 1762 559
1317 559 1762 1764 558
1318 558 1764 1766 557
1319 557 1766 1768 556
1320 556 1768 1631 293
1375 114 113 1761 1760
1376 1760 1761 1763 1762
1377 1762 1763 1765 1764
1378 1764 1765 1767 1766
1379 1766 1767 1769 1768
1380 1768 1769 1632 1631
1435 113 81 1700 1761
1436 1761 1700 1701 1763
1437 1763 1701 1702 1765
1438 1765 1702 1703 1767
1439 1767 1703 1704 1769
1440 1769 1704 1577 1632
