11736
1 7
2 7
3 7
4 4
5 4
6 4
7 4
8 4
9 4
10 4
11 4
12 4
13 4
14 7
15 7
16 7
17 7
18 7
19 7
20 4
21 4
22 4
23 4
24 4
25 4
26 4
27 4
28 4
29 4
30 7
31 7
32 7
33 7
34 7
35 7
36 4
37 4
38 4
39 4
40 4
41 4
42 4
43 4
44 4
45 4
46 7
47 7
48 7
49 5
50 5
51 5
52 1
53 1
54 1
55 1
56 1
57 1
58 1
59 1
60 1
61 1
62 5
63 5
64 5
65 5
66 5
67 5
68 1
69 1
70 1
71 1
72 1
73 1
74 1
75 1
76 1
77 1
78 5
79 5
80 5
81 5
82 5
83 5
84 1
85 1
86 1
87 1
88 1
89 1
90 1
91 1
92 1
93 1
94 5
95 5
96 5
97 5
98 5
99 5
100 1
101 1
102 1
103 1
104 1
105 1
106 1
107 1
108 1
109 1
110 5
111 5
112 5
113 5
114 5
115 5
116 1
117 1
118 1
119 1
120 1
121 1
122 1
123 1
124 1
125 1
126 5
127 5
128 5
129 5
130 5
131 5
132 1
133 1
134 1
135 1
136 1
137 1
138 1
139 1
140 1
141 1
142 5
143 5
144 5
145 5
146 5
147 5
148 1
149 1
150 1
151 1
152 1
153 1
154 1
155 1
156 1
157 1
158 5
159 5
160 5
161 5
162 5
163 5
164 1
165 1
166 1
167 1
168 1
169 1
170 1
171 1
172 1
173 1
174 5
175 5
176 5
177 5
178 5
179 5
180 1
181 1
182 1
183 1
184 1
185 1
186 1
187 1
188 1
189 1
190 5
191 5
192 5
193 5
194 5
195 5
196 1
197 1
198 1
199 1
200 1
201 1
202 1
203 1
204 1
205 1
206 5
207 5
208 5
209 5
210 5
211 5
212 1
213 1
214 1
215 1
216 1
217 1
218 1
219 1
220 1
221 1
222 5
223 5
224 5
225 5
226 5
227 5
228 1
229 1
230 1
231 1
232 1
233 1
234 1
235 1
236 1
237 1
238 5
239 5
240 5
241 5
242 5
243 5
244 1
245 1
246 1
247 1
248 1
249 1
250 1
251 1
252 1
253 1
254 5
255 5
256 5
257 5
258 5
259 5
260 1
261 1
262 1
263 1
264 1
265 1
266 1
267 1
268 1
269 1
270 5
271 5
272 5
273 5
274 5
275 5
276 1
277 1
278 1
279 1
280 1
281 1
282 1
283 1
284 1
285 1
286 5
287 5
288 5
289 5
290 5
291 5
292 1
293 1
294 1
295 1
296 1
297 1
298 1
299 1
300 1
301 1
302 5
303 5
304 5
305 5
306 5
307 5
308 1
309 1
310 1
311 1
312 1
313 1
314 1
315 1
316 1
317 1
318 5
319 5
320 5
321 5
322 5
323 5
324 1
325 1
326 1
327 1
328 1
329 1
330 1
331 1
332 1
333 1
334 5
335 5
336 5
337 5
338 5
339 5
340 1
341 1
342 1
343 1
344 1
345 1
346 1
347 1
348 1
349 1
350 5
351 5
352 5
353 5
354 5
355 5
356 1
357 1
358 1
359 1
360 1
361 1
362 1
363 1
364 1
365 1
366 5
367 5
368 5
369 5
370 5
371 5
372 1
373 1
374 1
375 1
376 1
377 1
378 1
379 1
380 1
381 1
382 5
383 5
384 5
385 5
386 5
387 5
388 1
389 1
390 1
391 1
392 1
393 1
394 1
395 1
396 1
397 1
398 5
399 5
400 5
401 5
402 5
403 5
404 1
405 1
406 1
407 1
408 1
409 1
410 1
411 1
412 1
413 1
414 5
415 5
416 5
417 5
418 5
419 5
420 1
421 1
422 1
423 1
424 1
425 1
426 1
427 1
428 1
429 1
430 5
431 5
432 5
433 5
434 5
435 5
436 1
437 1
438 1
439 1
440 1
441 1
442 1
443 1
444 1
445 1
446 5
447 5
448 5
449 5
450 5
451 5
452 1
453 1
454 1
455 1
456 1
457 1
458 1
459 1
460 1
461 1
462 5
463 5
464 5
465 5
466 5
467 5
468 1
469 1
470 1
471 1
472 1
473 1
474 1
475 1
476 1
477 1
478 5
479 5
480 5
481 5
482 5
483 5
484 1
485 1
486 1
487 1
488 1
489 1
490 1
491 1
492 1
493 1
494 5
495 5
496 5
497 5
498 5
499 5
500 1
501 1
502 1
503 1
504 1
505 1
506 1
507 1
508 1
509 1
510 5
511 5
512 5
513 5
514 5
515 5
516 1
517 1
518 1
519 1
520 1
521 1
522 1
523 1
524 1
525 1
526 5
527 5
528 5
529 7
530 7
531 7
532 4
533 4
534 4
535 4
536 4
537 4
538 4
539 4
540 4
541 4
542 7
543 7
544 7
545 7
546 7
547 7
548 4
549 4
550 4
551 4
552 4
553 4
554 4
555 4
556 4
557 4
558 7
559 7
560 7
561 7
562 7
563 7
564 4
565 4
566 4
567 4
568 4
569 4
570 4
571 4
572 4
573 4
574 7
575 7
576 7
577 7
578 7
579 7
580 4
581 4
582 4
583 4
584 4
585 4
586 4
587 4
588 4
589 4
590 7
591 7
592 7
593 7
594 7
595 7
596 4
597 4
598 4
599 4
600 4
601 4
602 4
603 4
604 4
605 4
606 7
607 7
608 7
609 7
610 7
611 7
612 4
613 4
614 4
615 4
616 4
617 4
618 4
619 4
620 4
621 4
622 7
623 7
624 7
625 5
626 5
627 5
628 1
629 1
630 1
631 1
632 1
633 1
634 1
635 1
636 1
637 1
638 5
639 5
640 5
641 5
642 5
643 5
644 1
645 1
646 1
647 1
648 1
649 1
650 1
651 1
652 1
653 1
654 5
655 5
656 5
657 5
658 5
659 5
660 1
661 1
662 1
663 1
664 1
665 1
666 1
667 1
668 1
669 1
670 5
671 5
672 5
673 5
674 5
675 5
676 1
677 1
678 1
679 1
680 1
681 1
682 1
683 1
684 1
685 1
686 5
687 5
688 5
689 5
690 5
691 5
692 1
693 1
694 1
695 1
696 1
697 1
698 1
699 1
700 1
701 1
702 5
703 5
704 5
705 5
706 5
707 5
708 1
709 1
710 1
711 1
712 1
713 1
714 1
715 1
716 1
717 1
718 5
719 5
720 5
721 5
722 5
723 5
724 1
725 1
726 1
727 1
728 1
729 1
730 1
731 1
732 1
733 1
734 5
735 5
736 5
737 5
738 5
739 5
740 1
741 1
742 1
743 1
744 1
745 1
746 1
747 1
748 1
749 1
750 5
751 5
752 5
753 5
754 5
755 5
756 1
757 1
758 1
759 1
760 1
761 1
762 1
763 1
764 1
765 1
766 5
767 5
768 5
769 5
770 5
771 5
772 1
773 1
774 1
775 1
776 1
777 1
778 1
779 1
780 1
781 1
782 5
783 5
784 5
785 5
786 5
787 5
788 1
789 1
790 1
791 1
792 1
793 1
794 1
795 1
796 1
797 1
798 5
799 5
800 5
801 5
802 5
803 5
804 1
805 1
806 1
807 1
808 1
809 1
810 1
811 1
812 1
813 1
814 5
815 5
816 5
817 5
818 5
819 5
820 1
821 1
822 1
823 1
824 1
825 1
826 1
827 1
828 1
829 1
830 5
831 5
832 5
833 5
834 5
835 5
836 1
837 1
838 1
839 1
840 1
841 1
842 1
843 1
844 1
845 1
846 5
847 5
848 5
849 5
850 5
851 5
852 1
853 1
854 1
855 1
856 1
857 1
858 1
859 1
860 1
861 1
862 5
863 5
864 5
865 5
866 5
867 5
868 1
869 1
870 1
871 1
872 1
873 1
874 1
875 1
876 1
877 1
878 5
879 5
880 5
881 5
882 5
883 5
884 1
885 1
886 1
887 1
888 1
889 1
890 1
891 1
892 1
893 1
894 5
895 5
896 5
897 5
898 5
899 5
900 1
901 1
902 1
903 1
904 1
905 1
906 1
907 1
908 1
909 1
910 5
911 5
912 5
913 5
914 5
915 5
916 1
917 1
918 1
919 1
920 1
921 1
922 1
923 1
924 1
925 1
926 5
927 5
928 5
929 5
930 5
931 5
932 1
933 1
934 1
935 1
936 1
937 1
938 1
939 1
940 1
941 1
942 5
943 5
944 5
945 5
946 5
947 5
948 1
949 1
950 1
951 1
952 1
953 1
954 1
955 1
956 1
957 1
958 5
959 5
960 5
961 5
962 5
963 5
964 1
965 1
966 1
967 1
968 1
969 1
970 1
971 1
972 1
973 1
974 5
975 5
976 5
977 5
978 5
979 5
980 1
981 1
982 1
983 1
984 1
985 1
986 1
987 1
988 1
989 1
990 5
991 5
992 5
993 5
994 5
995 5
996 1
997 1
998 1
999 1
1000 1
1001 1
1002 1
1003 1
1004 1
1005 1
1006 5
1007 5
1008 5
1009 5
1010 5
1011 5
1012 1
1013 1
1014 1
1015 1
1016 1
1017 1
1018 1
1019 1
1020 1
1021 1
1022 5
1023 5
1024 5
1025 5
1026 5
1027 5
1028 1
1029 1
1030 1
1031 1
1032 1
1033 1
1034 1
1035 1
1036 1
1037 1
1038 5
1039 5
1040 5
1041 5
1042 5
1043 5
1044 1
1045 1
1046 1
1047 1
1048 1
1049 1
1050 1
1051 1
1052 1
1053 1
1054 5
1055 5
1056 5
1057 5
1058 5
1059 5
1060 1
1061 1
1062 1
1063 1
1064 1
1065 1
1066 1
1067 1
1068 1
1069 1
1070 5
1071 5
1072 5
1073 5
1074 5
1075 5
1076 1
1077 1
1078 1
1079 1
1080 1
1081 1
1082 1
1083 1
1084 1
1085 1
1086 5
1087 5
1088 5
1089 5
1090 5
1091 5
1092 1
1093 1
1094 1
1095 1
1096 1
1097 1
1098 1
1099 1
1100 1
1101 1
1102 5
1103 5
1104 5
1105 7
1106 7
1107 7
1108 4
1109 4
1110 4
1111 4
1112 4
1113 4
1114 4
1115 4
1116 4
1117 4
1118 7
1119 7
1120 7
1121 7
1122 7
1123 7
1124 4
1125 4
1126 4
1127 4
1128 4
1129 4
1130 4
1131 4
1132 4
1133 4
1134 7
1135 7
1136 7
1137 7
1138 7
1139 7
1140 4
1141 4
1142 4
1143 4
1144 4
1145 4
1146 4
1147 4
1148 4
1149 4
1150 7
1151 7
1152 7
1153 7
1154 7
1155 7
1156 4
1157 4
1158 4
1159 4
1160 4
1161 4
1162 4
1163 4
1164 4
1165 4
1166 7
1167 7
1168 7
1169 7
1170 7
1171 7
1172 4
1173 4
1174 4
1175 4
1176 4
1177 4
1178 4
1179 4
1180 4
1181 4
1182 7
1183 7
1184 7
1185 7
1186 7
1187 7
1188 4
1189 4
1190 4
1191 4
1192 4
1193 4
1194 4
1195 4
1196 4
1197 4
1198 7
1199 7
1200 7
1201 5
1202 5
1203 5
1204 1
1205 1
1206 1
1207 1
1208 1
1209 1
1210 1
1211 1
1212 1
1213 1
1214 5
1215 5
1216 5
1217 5
1218 5
1219 5
1220 1
1221 1
1222 1
1223 1
1224 1
1225 1
1226 1
1227 1
1228 1
1229 1
1230 5
1231 5
1232 5
1233 5
1234 5
1235 5
1236 1
1237 1
1238 1
1239 1
1240 1
1241 1
1242 1
1243 1
1244 1
1245 1
1246 5
1247 5
1248 5
1249 5
1250 5
1251 5
1252 1
1253 1
1254 1
1255 1
1256 1
1257 1
1258 1
1259 1
1260 1
1261 1
1262 5
1263 5
1264 5
1265 5
1266 5
1267 5
1268 1
1269 1
1270 1
1271 1
1272 1
1273 1
1274 1
1275 1
1276 1
1277 1
1278 5
1279 5
1280 5
1281 5
1282 5
1283 5
1284 1
1285 1
1286 1
1287 1
1288 1
1289 1
1290 1
1291 1
1292 1
1293 1
1294 5
1295 5
1296 5
1297 5
1298 5
1299 5
1300 1
1301 1
1302 1
1303 1
1304 1
1305 1
1306 1
1307 1
1308 1
1309 1
1310 5
1311 5
1312 5
1313 5
1314 5
1315 5
1316 1
1317 1
1318 1
1319 1
1320 1
1321 1
1322 1
1323 1
1324 1
1325 1
1326 5
1327 5
1328 5
1329 5
1330 5
1331 5
1332 1
1333 1
1334 1
1335 1
1336 1
1337 1
1338 1
1339 1
1340 1
1341 1
1342 5
1343 5
1344 5
1345 5
1346 5
1347 5
1348 1
1349 1
1350 1
1351 1
1352 1
1353 1
1354 1
1355 1
1356 1
1357 1
1358 5
1359 5
1360 5
1361 5
1362 5
1363 5
1364 1
1365 1
1366 1
1367 1
1368 1
1369 1
1370 1
1371 1
1372 1
1373 1
1374 5
1375 5
1376 5
1377 5
1378 5
1379 5
1380 1
1381 1
1382 1
1383 1
1384 1
1385 1
1386 1
1387 1
1388 1
1389 1
1390 5
1391 5
1392 5
1393 5
1394 5
1395 5
1396 1
1397 1
1398 1
1399 1
1400 1
1401 1
1402 1
1403 1
1404 1
1405 1
1406 5
1407 5
1408 5
1409 5
1410 5
1411 5
1412 1
1413 1
1414 1
1415 1
1416 1
1417 1
1418 1
1419 1
1420 1
1421 1
1422 5
1423 5
1424 5
1425 5
1426 5
1427 5
1428 1
1429 1
1430 1
1431 1
1432 1
1433 1
1434 1
1435 1
1436 1
1437 1
1438 5
1439 5
1440 5
1441 5
1442 5
1443 5
1444 1
1445 1
1446 1
1447 1
1448 1
1449 1
1450 1
1451 1
1452 1
1453 1
1454 5
1455 5
1456 5
1457 5
1458 5
1459 5
1460 1
1461 1
1462 1
1463 1
1464 1
1465 1
1466 1
1467 1
1468 1
1469 1
1470 5
1471 5
1472 5
1473 5
1474 5
1475 5
1476 1
1477 1
1478 1
1479 1
1480 1
1481 1
1482 1
1483 1
1484 1
1485 1
1486 5
1487 5
1488 5
1489 5
1490 5
1491 5
1492 1
1493 1
1494 1
1495 1
1496 1
1497 1
1498 1
1499 1
1500 1
1501 1
1502 5
1503 5
1504 5
1505 5
1506 5
1507 5
1508 1
1509 1
1510 1
1511 1
1512 1
1513 1
1514 1
1515 1
1516 1
1517 1
1518 5
1519 5
1520 5
1521 5
1522 5
1523 5
1524 1
1525 1
1526 1
1527 1
1528 1
1529 1
1530 1
1531 1
1532 1
1533 1
1534 5
1535 5
1536 5
1537 5
1538 5
1539 5
1540 1
1541 1
1542 1
1543 1
1544 1
1545 1
1546 1
1547 1
1548 1
1549 1
1550 5
1551 5
1552 5
1553 5
1554 5
1555 5
1556 1
1557 1
1558 1
1559 1
1560 1
1561 1
1562 1
1563 1
1564 1
1565 1
1566 5
1567 5
1568 5
1569 5
1570 5
1571 5
1572 1
1573 1
1574 1
1575 1
1576 1
1577 1
1578 1
1579 1
1580 1
1581 1
1582 5
1583 5
1584 5
1585 5
1586 5
1587 5
1588 1
1589 1
1590 1
1591 1
1592 1
1593 1
1594 1
1595 1
1596 1
1597 1
1598 5
1599 5
1600 5
1601 5
1602 5
1603 5
1604 1
1605 1
1606 1
1607 1
1608 1
1609 1
1610 1
1611 1
1612 1
1613 1
1614 5
1615 5
1616 5
1617 5
1618 5
1619 5
1620 1
1621 1
1622 1
1623 1
1624 1
1625 1
1626 1
1627 1
1628 1
1629 1
1630 5
1631 5
1632 5
1633 5
1634 5
1635 5
1636 1
1637 1
1638 1
1639 1
1640 1
1641 1
1642 1
1643 1
1644 1
1645 1
1646 5
1647 5
1648 5
1649 5
1650 5
1651 5
1652 1
1653 1
1654 1
1655 1
1656 1
1657 1
1658 1
1659 1
1660 1
1661 1
1662 5
1663 5
1664 5
1665 5
1666 5
1667 5
1668 1
1669 1
1670 1
1671 1
1672 1
1673 1
1674 1
1675 1
1676 1
1677 1
1678 5
1679 5
1680 5
1681 7
1682 7
1683 7
1684 4
1685 4
1686 4
1687 4
1688 4
1689 4
1690 4
1691 4
1692 4
1693 4
1694 7
1695 7
1696 7
1697 7
1698 7
1699 7
1700 4
1701 4
1702 4
1703 4
1704 4
1705 4
1706 4
1707 4
1708 4
1709 4
1710 7
1711 7
1712 7
1713 7
1714 7
1715 7
1716 4
1717 4
1718 4
1719 4
1720 4
1721 4
1722 4
1723 4
1724 4
1725 4
1726 7
1727 7
1728 7
1729 6
1730 6
1731 6
1732 2
1733 2
1734 2
1735 2
1736 2
1737 2
1738 2
1739 2
1740 2
1741 2
1742 6
1743 6
1744 6
1745 6
1746 6
1747 6
1748 2
1749 2
1750 2
1751 2
1752 2
1753 2
1754 2
1755 2
1756 2
1757 2
1758 6
1759 6
1760 6
1761 6
1762 6
1763 6
1764 2
1765 2
1766 2
1767 2
1768 2
1769 2
1770 2
1771 2
1772 2
1773 2
1774 6
1775 6
1776 6
1777 3
1778 3
1779 3
1790 3
1791 3
1792 3
1793 3
1794 3
1795 3
1806 3
1807 3
1808 3
1809 3
1810 3
1811 3
1822 3
1823 3
1824 3
1825 3
1826 3
1827 3
1838 3
1839 3
1840 3
1841 3
1842 3
1843 3
1854 3
1855 3
1856 3
1857 3
1858 3
1859 3
1870 3
1871 3
1872 3
1873 3
1874 3
1875 3
1886 3
1887 3
1888 3
1889 3
1890 3
1891 3
1902 3
1903 3
1904 3
1905 3
1906 3
1907 3
1918 3
1919 3
1920 3
1921 3
1922 3
1923 3
1934 3
1935 3
1936 3
1937 3
1938 3
1939 3
1950 3
1951 3
1952 3
1953 3
1954 3
1955 3
1966 3
1967 3
1968 3
1969 3
1970 3
1971 3
1982 3
1983 3
1984 3
1985 3
1986 3
1987 3
1998 3
1999 3
2000 3
2001 3
2002 3
2003 3
2014 3
2015 3
2016 3
2017 3
2018 3
2019 3
2030 3
2031 3
2032 3
2033 3
2034 3
2035 3
2046 3
2047 3
2048 3
2049 3
2050 3
2051 3
2062 3
2063 3
2064 3
2065 3
2066 3
2067 3
2078 3
2079 3
2080 3
2081 3
2082 3
2083 3
2094 3
2095 3
2096 3
2097 3
2098 3
2099 3
2110 3
2111 3
2112 3
2113 3
2114 3
2115 3
2126 3
2127 3
2128 3
2129 3
2130 3
2131 3
2142 3
2143 3
2144 3
2145 3
2146 3
2147 3
2158 3
2159 3
2160 3
2161 3
2162 3
2163 3
2174 3
2175 3
2176 3
2177 3
2178 3
2179 3
2190 3
2191 3
2192 3
2193 3
2194 3
2195 3
2206 3
2207 3
2208 3
2209 3
2210 3
2211 3
2222 3
2223 3
2224 3
2225 3
2226 3
2227 3
2238 3
2239 3
2240 3
2241 3
2242 3
2243 3
2254 3
2255 3
2256 3
2257 6
2258 6
2259 6
2260 2
2261 2
2262 2
2263 2
2264 2
2265 2
2266 2
2267 2
2268 2
2269 2
2270 6
2271 6
2272 6
2273 6
2274 6
2275 6
2276 2
2277 2
2278 2
2279 2
2280 2
2281 2
2282 2
2283 2
2284 2
2285 2
2286 6
2287 6
2288 6
2289 6
2290 6
2291 6
2292 2
2293 2
2294 2
2295 2
2296 2
2297 2
2298 2
2299 2
2300 2
2301 2
2302 6
2303 6
2304 6
2305 6
2306 6
2307 6
2308 2
2309 2
2310 2
2311 2
2312 2
2313 2
2314 2
2315 2
2316 2
2317 2
2318 6
2319 6
2320 6
2321 6
2322 6
2323 6
2324 2
2325 2
2326 2
2327 2
2328 2
2329 2
2330 2
2331 2
2332 2
2333 2
2334 6
2335 6
2336 6
2337 6
2338 6
2339 6
2340 2
2341 2
2342 2
2343 2
2344 2
2345 2
2346 2
2347 2
2348 2
2349 2
2350 6
2351 6
2352 6
2353 3
2354 3
2355 3
2366 3
2367 3
2368 3
2369 3
2370 3
2371 3
2382 3
2383 3
2384 3
2385 3
2386 3
2387 3
2398 3
2399 3
2400 3
2401 3
2402 3
2403 3
2414 3
2415 3
2416 3
2417 3
2418 3
2419 3
2430 3
2431 3
2432 3
2433 3
2434 3
2435 3
2446 3
2447 3
2448 3
2449 3
2450 3
2451 3
2462 3
2463 3
2464 3
2465 3
2466 3
2467 3
2478 3
2479 3
2480 3
2481 3
2482 3
2483 3
2494 3
2495 3
2496 3
2497 3
2498 3
2499 3
2510 3
2511 3
2512 3
2513 3
2514 3
2515 3
2526 3
2527 3
2528 3
2529 3
2530 3
2531 3
2542 3
2543 3
2544 3
2545 3
2546 3
2547 3
2558 3
2559 3
2560 3
2561 3
2562 3
2563 3
2574 3
2575 3
2576 3
2577 3
2578 3
2579 3
2590 3
2591 3
2592 3
2593 3
2594 3
2595 3
2606 3
2607 3
2608 3
2609 3
2610 3
2611 3
2622 3
2623 3
2624 3
2625 3
2626 3
2627 3
2638 3
2639 3
2640 3
2641 3
2642 3
2643 3
2654 3
2655 3
2656 3
2657 3
2658 3
2659 3
2670 3
2671 3
2672 3
2673 3
2674 3
2675 3
2686 3
2687 3
2688 3
2689 3
2690 3
2691 3
2702 3
2703 3
2704 3
2705 3
2706 3
2707 3
2718 3
2719 3
2720 3
2721 3
2722 3
2723 3
2734 3
2735 3
2736 3
2737 3
2738 3
2739 3
2750 3
2751 3
2752 3
2753 3
2754 3
2755 3
2766 3
2767 3
2768 3
2769 3
2770 3
2771 3
2782 3
2783 3
2784 3
2785 3
2786 3
2787 3
2798 3
2799 3
2800 3
2801 3
2802 3
2803 3
2814 3
2815 3
2816 3
2817 3
2818 3
2819 3
2830 3
2831 3
2832 3
2833 6
2834 6
2835 6
2836 2
2837 2
2838 2
2839 2
2840 2
2841 2
2842 2
2843 2
2844 2
2845 2
2846 6
2847 6
2848 6
2849 6
2850 6
2851 6
2852 2
2853 2
2854 2
2855 2
2856 2
2857 2
2858 2
2859 2
2860 2
2861 2
2862 6
2863 6
2864 6
2865 6
2866 6
2867 6
2868 2
2869 2
2870 2
2871 2
2872 2
2873 2
2874 2
2875 2
2876 2
2877 2
2878 6
2879 6
2880 6
2881 6
2882 6
2883 6
2884 2
2885 2
2886 2
2887 2
2888 2
2889 2
2890 2
2891 2
2892 2
2893 2
2894 6
2895 6
2896 6
2897 6
2898 6
2899 6
2900 2
2901 2
2902 2
2903 2
2904 2
2905 2
2906 2
2907 2
2908 2
2909 2
2910 6
2911 6
2912 6
2913 6
2914 6
2915 6
2916 2
2917 2
2918 2
2919 2
2920 2
2921 2
2922 2
2923 2
2924 2
2925 2
2926 6
2927 6
2928 6
2929 3
2930 3
2931 3
2942 3
2943 3
2944 3
2945 3
2946 3
2947 3
2958 3
2959 3
2960 3
2961 3
2962 3
2963 3
2974 3
2975 3
2976 3
2977 3
2978 3
2979 3
2990 3
2991 3
2992 3
2993 3
2994 3
2995 3
3006 3
3007 3
3008 3
3009 3
3010 3
3011 3
3022 3
3023 3
3024 3
3025 3
3026 3
3027 3
3038 3
3039 3
3040 3
3041 3
3042 3
3043 3
3054 3
3055 3
3056 3
3057 3
3058 3
3059 3
3070 3
3071 3
3072 3
3073 3
3074 3
3075 3
3086 3
3087 3
3088 3
3089 3
3090 3
3091 3
3102 3
3103 3
3104 3
3105 3
3106 3
3107 3
3118 3
3119 3
3120 3
3121 3
3122 3
3123 3
3134 3
3135 3
3136 3
3137 3
3138 3
3139 3
3150 3
3151 3
3152 3
3153 3
3154 3
3155 3
3166 3
3167 3
3168 3
3169 3
3170 3
3171 3
3182 3
3183 3
3184 3
3185 3
3186 3
3187 3
3198 3
3199 3
3200 3
3201 3
3202 3
3203 3
3214 3
3215 3
3216 3
3217 3
3218 3
3219 3
3230 3
3231 3
3232 3
3233 3
3234 3
3235 3
3246 3
3247 3
3248 3
3249 3
3250 3
3251 3
3262 3
3263 3
3264 3
3265 3
3266 3
3267 3
3278 3
3279 3
3280 3
3281 3
3282 3
3283 3
3294 3
3295 3
3296 3
3297 3
3298 3
3299 3
3310 3
3311 3
3312 3
3313 3
3314 3
3315 3
3326 3
3327 3
3328 3
3329 3
3330 3
3331 3
3342 3
3343 3
3344 3
3345 3
3346 3
3347 3
3358 3
3359 3
3360 3
3361 3
3362 3
3363 3
3374 3
3375 3
3376 3
3377 3
3378 3
3379 3
3390 3
3391 3
3392 3
3393 3
3394 3
3395 3
3406 3
3407 3
3408 3
3409 6
3410 6
3411 6
3412 2
3413 2
3414 2
3415 2
3416 2
3417 2
3418 2
3419 2
3420 2
3421 2
3422 6
3423 6
3424 6
3425 6
3426 6
3427 6
3428 2
3429 2
3430 2
3431 2
3432 2
3433 2
3434 2
3435 2
3436 2
3437 2
3438 6
3439 6
3440 6
3441 6
3442 6
3443 6
3444 2
3445 2
3446 2
3447 2
3448 2
3449 2
3450 2
3451 2
3452 2
3453 2
3454 6
3455 6
3456 6
3457 6
3458 6
3459 6
3460 2
3461 2
3462 2
3463 2
3464 2
3465 2
3466 2
3467 2
3468 2
3469 2
3470 6
3471 6
3472 6
3473 6
3474 6
3475 6
3476 2
3477 2
3478 2
3479 2
3480 2
3481 2
3482 2
3483 2
3484 2
3485 2
3486 6
3487 6
3488 6
3489 6
3490 6
3491 6
3492 2
3493 2
3494 2
3495 2
3496 2
3497 2
3498 2
3499 2
3500 2
3501 2
3502 6
3503 6
3504 6
3505 3
3506 3
3507 3
3518 3
3519 3
3520 3
3521 3
3522 3
3523 3
3534 3
3535 3
3536 3
3537 3
3538 3
3539 3
3550 3
3551 3
3552 3
3553 3
3554 3
3555 3
3566 3
3567 3
3568 3
3569 3
3570 3
3571 3
3582 3
3583 3
3584 3
3585 3
3586 3
3587 3
3598 3
3599 3
3600 3
3601 3
3602 3
3603 3
3614 3
3615 3
3616 3
3617 3
3618 3
3619 3
3630 3
3631 3
3632 3
3633 3
3634 3
3635 3
3646 3
3647 3
3648 3
3649 3
3650 3
3651 3
3662 3
3663 3
3664 3
3665 3
3666 3
3667 3
3678 3
3679 3
3680 3
3681 3
3682 3
3683 3
3694 3
3695 3
3696 3
3697 3
3698 3
3699 3
3710 3
3711 3
3712 3
3713 3
3714 3
3715 3
3726 3
3727 3
3728 3
3729 3
3730 3
3731 3
3742 3
3743 3
3744 3
3745 3
3746 3
3747 3
3758 3
3759 3
3760 3
3761 3
3762 3
3763 3
3774 3
3775 3
3776 3
3777 3
3778 3
3779 3
3790 3
3791 3
3792 3
3793 3
3794 3
3795 3
3806 3
3807 3
3808 3
3809 3
3810 3
3811 3
3822 3
3823 3
3824 3
3825 3
3826 3
3827 3
3838 3
3839 3
3840 3
3841 3
3842 3
3843 3
3854 3
3855 3
3856 3
3857 3
3858 3
3859 3
3870 3
3871 3
3872 3
3873 3
3874 3
3875 3
3886 3
3887 3
3888 3
3889 3
3890 3
3891 3
3902 3
3903 3
3904 3
3905 3
3906 3
3907 3
3918 3
3919 3
3920 3
3921 3
3922 3
3923 3
3934 3
3935 3
3936 3
3937 3
3938 3
3939 3
3950 3
3951 3
3952 3
3953 3
3954 3
3955 3
3966 3
3967 3
3968 3
3969 3
3970 3
3971 3
3982 3
3983 3
3984 3
3985 6
3986 6
3987 6
3988 2
3989 2
3990 2
3991 2
3992 2
3993 2
3994 2
3995 2
3996 2
3997 2
3998 6
3999 6
4000 6
4001 6
4002 6
4003 6
4004 2
4005 2
4006 2
4007 2
4008 2
4009 2
4010 2
4011 2
4012 2
4013 2
4014 6
4015 6
4016 6
4017 6
4018 6
4019 6
4020 2
4021 2
4022 2
4023 2
4024 2
4025 2
4026 2
4027 2
4028 2
4029 2
4030 6
4031 6
4032 6
4033 6
4034 6
4035 6
4036 2
4037 2
4038 2
4039 2
4040 2
4041 2
4042 2
4043 2
4044 2
4045 2
4046 6
4047 6
4048 6
4049 6
4050 6
4051 6
4052 2
4053 2
4054 2
4055 2
4056 2
4057 2
4058 2
4059 2
4060 2
4061 2
4062 6
4063 6
4064 6
4065 6
4066 6
4067 6
4068 2
4069 2
4070 2
4071 2
4072 2
4073 2
4074 2
4075 2
4076 2
4077 2
4078 6
4079 6
4080 6
4081 3
4082 3
4083 3
4094 3
4095 3
4096 3
4097 3
4098 3
4099 3
4110 3
4111 3
4112 3
4113 3
4114 3
4115 3
4126 3
4127 3
4128 3
4129 3
4130 3
4131 3
4142 3
4143 3
4144 3
4145 3
4146 3
4147 3
4158 3
4159 3
4160 3
4161 3
4162 3
4163 3
4174 3
4175 3
4176 3
4177 3
4178 3
4179 3
4190 3
4191 3
4192 3
4193 3
4194 3
4195 3
4206 3
4207 3
4208 3
4209 3
4210 3
4211 3
4222 3
4223 3
4224 3
4225 3
4226 3
4227 3
4238 3
4239 3
4240 3
4241 3
4242 3
4243 3
4254 3
4255 3
4256 3
4257 3
4258 3
4259 3
4270 3
4271 3
4272 3
4273 3
4274 3
4275 3
4286 3
4287 3
4288 3
4289 3
4290 3
4291 3
4302 3
4303 3
4304 3
4305 3
4306 3
4307 3
4318 3
4319 3
4320 3
4321 3
4322 3
4323 3
4334 3
4335 3
4336 3
4337 3
4338 3
4339 3
4350 3
4351 3
4352 3
4353 3
4354 3
4355 3
4366 3
4367 3
4368 3
4369 3
4370 3
4371 3
4382 3
4383 3
4384 3
4385 3
4386 3
4387 3
4398 3
4399 3
4400 3
4401 3
4402 3
4403 3
4414 3
4415 3
4416 3
4417 3
4418 3
4419 3
4430 3
4431 3
4432 3
4433 3
4434 3
4435 3
4446 3
4447 3
4448 3
4449 3
4450 3
4451 3
4462 3
4463 3
4464 3
4465 3
4466 3
4467 3
4478 3
4479 3
4480 3
4481 3
4482 3
4483 3
4494 3
4495 3
4496 3
4497 3
4498 3
4499 3
4510 3
4511 3
4512 3
4513 3
4514 3
4515 3
4526 3
4527 3
4528 3
4529 3
4530 3
4531 3
4542 3
4543 3
4544 3
4545 3
4546 3
4547 3
4558 3
4559 3
4560 3
4561 6
4562 6
4563 6
4564 2
4565 2
4566 2
4567 2
4568 2
4569 2
4570 2
4571 2
4572 2
4573 2
4574 6
4575 6
4576 6
4577 6
4578 6
4579 6
4580 2
4581 2
4582 2
4583 2
4584 2
4585 2
4586 2
4587 2
4588 2
4589 2
4590 6
4591 6
4592 6
4593 6
4594 6
4595 6
4596 2
4597 2
4598 2
4599 2
4600 2
4601 2
4602 2
4603 2
4604 2
4605 2
4606 6
4607 6
4608 6
4609 6
4610 6
4611 6
4612 2
4613 2
4614 2
4615 2
4616 2
4617 2
4618 2
4619 2
4620 2
4621 2
4622 6
4623 6
4624 6
4625 6
4626 6
4627 6
4628 2
4629 2
4630 2
4631 2
4632 2
4633 2
4634 2
4635 2
4636 2
4637 2
4638 6
4639 6
4640 6
4641 6
4642 6
4643 6
4644 2
4645 2
4646 2
4647 2
4648 2
4649 2
4650 2
4651 2
4652 2
4653 2
4654 6
4655 6
4656 6
4657 3
4658 3
4659 3
4670 3
4671 3
4672 3
4673 3
4674 3
4675 3
4686 3
4687 3
4688 3
4689 3
4690 3
4691 3
4702 3
4703 3
4704 3
4705 3
4706 3
4707 3
4718 3
4719 3
4720 3
4721 3
4722 3
4723 3
4734 3
4735 3
4736 3
4737 3
4738 3
4739 3
4750 3
4751 3
4752 3
4753 3
4754 3
4755 3
4766 3
4767 3
4768 3
4769 3
4770 3
4771 3
4782 3
4783 3
4784 3
4785 3
4786 3
4787 3
4798 3
4799 3
4800 3
4801 3
4802 3
4803 3
4814 3
4815 3
4816 3
4817 3
4818 3
4819 3
4830 3
4831 3
4832 3
4833 3
4834 3
4835 3
4846 3
4847 3
4848 3
4849 3
4850 3
4851 3
4862 3
4863 3
4864 3
4865 3
4866 3
4867 3
4878 3
4879 3
4880 3
4881 3
4882 3
4883 3
4894 3
4895 3
4896 3
4897 3
4898 3
4899 3
4910 3
4911 3
4912 3
4913 3
4914 3
4915 3
4926 3
4927 3
4928 3
4929 3
4930 3
4931 3
4942 3
4943 3
4944 3
4945 3
4946 3
4947 3
4958 3
4959 3
4960 3
4961 3
4962 3
4963 3
4974 3
4975 3
4976 3
4977 3
4978 3
4979 3
4990 3
4991 3
4992 3
4993 3
4994 3
4995 3
5006 3
5007 3
5008 3
5009 3
5010 3
5011 3
5022 3
5023 3
5024 3
5025 3
5026 3
5027 3
5038 3
5039 3
5040 3
5041 3
5042 3
5043 3
5054 3
5055 3
5056 3
5057 3
5058 3
5059 3
5070 3
5071 3
5072 3
5073 3
5074 3
5075 3
5086 3
5087 3
5088 3
5089 3
5090 3
5091 3
5102 3
5103 3
5104 3
5105 3
5106 3
5107 3
5118 3
5119 3
5120 3
5121 3
5122 3
5123 3
5134 3
5135 3
5136 3
5137 6
5138 6
5139 6
5140 2
5141 2
5142 2
5143 2
5144 2
5145 2
5146 2
5147 2
5148 2
5149 2
5150 6
5151 6
5152 6
5153 6
5154 6
5155 6
5156 2
5157 2
5158 2
5159 2
5160 2
5161 2
5162 2
5163 2
5164 2
5165 2
5166 6
5167 6
5168 6
5169 6
5170 6
5171 6
5172 2
5173 2
5174 2
5175 2
5176 2
5177 2
5178 2
5179 2
5180 2
5181 2
5182 6
5183 6
5184 6
5185 6
5186 6
5187 6
5188 2
5189 2
5190 2
5191 2
5192 2
5193 2
5194 2
5195 2
5196 2
5197 2
5198 6
5199 6
5200 6
5201 6
5202 6
5203 6
5204 2
5205 2
5206 2
5207 2
5208 2
5209 2
5210 2
5211 2
5212 2
5213 2
5214 6
5215 6
5216 6
5217 6
5218 6
5219 6
5220 2
5221 2
5222 2
5223 2
5224 2
5225 2
5226 2
5227 2
5228 2
5229 2
5230 6
5231 6
5232 6
5233 3
5234 3
5235 3
5246 3
5247 3
5248 3
5249 3
5250 3
5251 3
5262 3
5263 3
5264 3
5265 3
5266 3
5267 3
5278 3
5279 3
5280 3
5281 3
5282 3
5283 3
5294 3
5295 3
5296 3
5297 3
5298 3
5299 3
5310 3
5311 3
5312 3
5313 3
5314 3
5315 3
5326 3
5327 3
5328 3
5329 3
5330 3
5331 3
5342 3
5343 3
5344 3
5345 3
5346 3
5347 3
5358 3
5359 3
5360 3
5361 3
5362 3
5363 3
5374 3
5375 3
5376 3
5377 3
5378 3
5379 3
5390 3
5391 3
5392 3
5393 3
5394 3
5395 3
5406 3
5407 3
5408 3
5409 3
5410 3
5411 3
5422 3
5423 3
5424 3
5425 3
5426 3
5427 3
5438 3
5439 3
5440 3
5441 3
5442 3
5443 3
5454 3
5455 3
5456 3
5457 3
5458 3
5459 3
5470 3
5471 3
5472 3
5473 3
5474 3
5475 3
5486 3
5487 3
5488 3
5489 3
5490 3
5491 3
5502 3
5503 3
5504 3
5505 3
5506 3
5507 3
5518 3
5519 3
5520 3
5521 3
5522 3
5523 3
5534 3
5535 3
5536 3
5537 3
5538 3
5539 3
5550 3
5551 3
5552 3
5553 3
5554 3
5555 3
5566 3
5567 3
5568 3
5569 3
5570 3
5571 3
5582 3
5583 3
5584 3
5585 3
5586 3
5587 3
5598 3
5599 3
5600 3
5601 3
5602 3
5603 3
5614 3
5615 3
5616 3
5617 3
5618 3
5619 3
5630 3
5631 3
5632 3
5633 3
5634 3
5635 3
5646 3
5647 3
5648 3
5649 3
5650 3
5651 3
5662 3
5663 3
5664 3
5665 3
5666 3
5667 3
5678 3
5679 3
5680 3
5681 3
5682 3
5683 3
5694 3
5695 3
5696 3
5697 3
5698 3
5699 3
5710 3
5711 3
5712 3
5713 6
5714 6
5715 6
5716 2
5717 2
5718 2
5719 2
5720 2
5721 2
5722 2
5723 2
5724 2
5725 2
5726 6
5727 6
5728 6
5729 6
5730 6
5731 6
5732 2
5733 2
5734 2
5735 2
5736 2
5737 2
5738 2
5739 2
5740 2
5741 2
5742 6
5743 6
5744 6
5745 6
5746 6
5747 6
5748 2
5749 2
5750 2
5751 2
5752 2
5753 2
5754 2
5755 2
5756 2
5757 2
5758 6
5759 6
5760 6
5761 6
5762 6
5763 6
5764 2
5765 2
5766 2
5767 2
5768 2
5769 2
5770 2
5771 2
5772 2
5773 2
5774 6
5775 6
5776 6
5777 6
5778 6
5779 6
5780 2
5781 2
5782 2
5783 2
5784 2
5785 2
5786 2
5787 2
5788 2
5789 2
5790 6
5791 6
5792 6
5793 6
5794 6
5795 6
5796 2
5797 2
5798 2
5799 2
5800 2
5801 2
5802 2
5803 2
5804 2
5805 2
5806 6
5807 6
5808 6
5809 3
5810 3
5811 3
5822 3
5823 3
5824 3
5825 3
5826 3
5827 3
5838 3
5839 3
5840 3
5841 3
5842 3
5843 3
5854 3
5855 3
5856 3
5857 3
5858 3
5859 3
5870 3
5871 3
5872 3
5873 3
5874 3
5875 3
5886 3
5887 3
5888 3
5889 3
5890 3
5891 3
5902 3
5903 3
5904 3
5905 3
5906 3
5907 3
5918 3
5919 3
5920 3
5921 3
5922 3
5923 3
5934 3
5935 3
5936 3
5937 3
5938 3
5939 3
5950 3
5951 3
5952 3
5953 3
5954 3
5955 3
5966 3
5967 3
5968 3
5969 3
5970 3
5971 3
5982 3
5983 3
5984 3
5985 3
5986 3
5987 3
5998 3
5999 3
6000 3
6001 3
6002 3
6003 3
6014 3
6015 3
6016 3
6017 3
6018 3
6019 3
6030 3
6031 3
6032 3
6033 3
6034 3
6035 3
6046 3
6047 3
6048 3
6049 3
6050 3
6051 3
6062 3
6063 3
6064 3
6065 3
6066 3
6067 3
6078 3
6079 3
6080 3
6081 3
6082 3
6083 3
6094 3
6095 3
6096 3
6097 3
6098 3
6099 3
6110 3
6111 3
6112 3
6113 3
6114 3
6115 3
6126 3
6127 3
6128 3
6129 3
6130 3
6131 3
6142 3
6143 3
6144 3
6145 3
6146 3
6147 3
6158 3
6159 3
6160 3
6161 3
6162 3
6163 3
6174 3
6175 3
6176 3
6177 3
6178 3
6179 3
6190 3
6191 3
6192 3
6193 3
6194 3
6195 3
6206 3
6207 3
6208 3
6209 3
6210 3
6211 3
6222 3
6223 3
6224 3
6225 3
6226 3
6227 3
6238 3
6239 3
6240 3
6241 3
6242 3
6243 3
6254 3
6255 3
6256 3
6257 3
6258 3
6259 3
6270 3
6271 3
6272 3
6273 3
6274 3
6275 3
6286 3
6287 3
6288 3
6289 6
6290 6
6291 6
6292 2
6293 2
6294 2
6295 2
6296 2
6297 2
6298 2
6299 2
6300 2
6301 2
6302 6
6303 6
6304 6
6305 6
6306 6
6307 6
6308 2
6309 2
6310 2
6311 2
6312 2
6313 2
6314 2
6315 2
6316 2
6317 2
6318 6
6319 6
6320 6
6321 6
6322 6
6323 6
6324 2
6325 2
6326 2
6327 2
6328 2
6329 2
6330 2
6331 2
6332 2
6333 2
6334 6
6335 6
6336 6
6337 6
6338 6
6339 6
6340 2
6341 2
6342 2
6343 2
6344 2
6345 2
6346 2
6347 2
6348 2
6349 2
6350 6
6351 6
6352 6
6353 6
6354 6
6355 6
6356 2
6357 2
6358 2
6359 2
6360 2
6361 2
6362 2
6363 2
6364 2
6365 2
6366 6
6367 6
6368 6
6369 6
6370 6
6371 6
6372 2
6373 2
6374 2
6375 2
6376 2
6377 2
6378 2
6379 2
6380 2
6381 2
6382 6
6383 6
6384 6
6385 3
6386 3
6387 3
6398 3
6399 3
6400 3
6401 3
6402 3
6403 3
6414 3
6415 3
6416 3
6417 3
6418 3
6419 3
6430 3
6431 3
6432 3
6433 3
6434 3
6435 3
6446 3
6447 3
6448 3
6449 3
6450 3
6451 3
6462 3
6463 3
6464 3
6465 3
6466 3
6467 3
6478 3
6479 3
6480 3
6481 3
6482 3
6483 3
6494 3
6495 3
6496 3
6497 3
6498 3
6499 3
6510 3
6511 3
6512 3
6513 3
6514 3
6515 3
6526 3
6527 3
6528 3
6529 3
6530 3
6531 3
6542 3
6543 3
6544 3
6545 3
6546 3
6547 3
6558 3
6559 3
6560 3
6561 3
6562 3
6563 3
6574 3
6575 3
6576 3
6577 3
6578 3
6579 3
6590 3
6591 3
6592 3
6593 3
6594 3
6595 3
6606 3
6607 3
6608 3
6609 3
6610 3
6611 3
6622 3
6623 3
6624 3
6625 3
6626 3
6627 3
6638 3
6639 3
6640 3
6641 3
6642 3
6643 3
6654 3
6655 3
6656 3
6657 3
6658 3
6659 3
6670 3
6671 3
6672 3
6673 3
6674 3
6675 3
6686 3
6687 3
6688 3
6689 3
6690 3
6691 3
6702 3
6703 3
6704 3
6705 3
6706 3
6707 3
6718 3
6719 3
6720 3
6721 3
6722 3
6723 3
6734 3
6735 3
6736 3
6737 3
6738 3
6739 3
6750 3
6751 3
6752 3
6753 3
6754 3
6755 3
6766 3
6767 3
6768 3
6769 3
6770 3
6771 3
6782 3
6783 3
6784 3
6785 3
6786 3
6787 3
6798 3
6799 3
6800 3
6801 3
6802 3
6803 3
6814 3
6815 3
6816 3
6817 3
6818 3
6819 3
6830 3
6831 3
6832 3
6833 3
6834 3
6835 3
6846 3
6847 3
6848 3
6849 3
6850 3
6851 3
6862 3
6863 3
6864 3
6865 6
6866 6
6867 6
6868 2
6869 2
6870 2
6871 2
6872 2
6873 2
6874 2
6875 2
6876 2
6877 2
6878 6
6879 6
6880 6
6881 6
6882 6
6883 6
6884 2
6885 2
6886 2
6887 2
6888 2
6889 2
6890 2
6891 2
6892 2
6893 2
6894 6
6895 6
6896 6
6897 6
6898 6
6899 6
6900 2
6901 2
6902 2
6903 2
6904 2
6905 2
6906 2
6907 2
6908 2
6909 2
6910 6
6911 6
6912 6
6913 6
6914 6
6915 6
6916 2
6917 2
6918 2
6919 2
6920 2
6921 2
6922 2
6923 2
6924 2
6925 2
6926 6
6927 6
6928 6
6929 6
6930 6
6931 6
6932 2
6933 2
6934 2
6935 2
6936 2
6937 2
6938 2
6939 2
6940 2
6941 2
6942 6
6943 6
6944 6
6945 6
6946 6
6947 6
6948 2
6949 2
6950 2
6951 2
6952 2
6953 2
6954 2
6955 2
6956 2
6957 2
6958 6
6959 6
6960 6
6961 3
6962 3
6963 3
6974 3
6975 3
6976 3
6977 3
6978 3
6979 3
6990 3
6991 3
6992 3
6993 3
6994 3
6995 3
7006 3
7007 3
7008 3
7009 3
7010 3
7011 3
7022 3
7023 3
7024 3
7025 3
7026 3
7027 3
7038 3
7039 3
7040 3
7041 3
7042 3
7043 3
7054 3
7055 3
7056 3
7057 3
7058 3
7059 3
7070 3
7071 3
7072 3
7073 3
7074 3
7075 3
7086 3
7087 3
7088 3
7089 3
7090 3
7091 3
7102 3
7103 3
7104 3
7105 3
7106 3
7107 3
7118 3
7119 3
7120 3
7121 3
7122 3
7123 3
7134 3
7135 3
7136 3
7137 3
7138 3
7139 3
7150 3
7151 3
7152 3
7153 3
7154 3
7155 3
7166 3
7167 3
7168 3
7169 3
7170 3
7171 3
7182 3
7183 3
7184 3
7185 3
7186 3
7187 3
7198 3
7199 3
7200 3
7201 3
7202 3
7203 3
7214 3
7215 3
7216 3
7217 3
7218 3
7219 3
7230 3
7231 3
7232 3
7233 3
7234 3
7235 3
7246 3
7247 3
7248 3
7249 3
7250 3
7251 3
7262 3
7263 3
7264 3
7265 3
7266 3
7267 3
7278 3
7279 3
7280 3
7281 3
7282 3
7283 3
7294 3
7295 3
7296 3
7297 3
7298 3
7299 3
7310 3
7311 3
7312 3
7313 3
7314 3
7315 3
7326 3
7327 3
7328 3
7329 3
7330 3
7331 3
7342 3
7343 3
7344 3
7345 3
7346 3
7347 3
7358 3
7359 3
7360 3
7361 3
7362 3
7363 3
7374 3
7375 3
7376 3
7377 3
7378 3
7379 3
7390 3
7391 3
7392 3
7393 3
7394 3
7395 3
7406 3
7407 3
7408 3
7409 3
7410 3
7411 3
7422 3
7423 3
7424 3
7425 3
7426 3
7427 3
7438 3
7439 3
7440 3
7441 6
7442 6
7443 6
7444 2
7445 2
7446 2
7447 2
7448 2
7449 2
7450 2
7451 2
7452 2
7453 2
7454 6
7455 6
7456 6
7457 6
7458 6
7459 6
7460 2
7461 2
7462 2
7463 2
7464 2
7465 2
7466 2
7467 2
7468 2
7469 2
7470 6
7471 6
7472 6
7473 6
7474 6
7475 6
7476 2
7477 2
7478 2
7479 2
7480 2
7481 2
7482 2
7483 2
7484 2
7485 2
7486 6
7487 6
7488 6
7489 6
7490 6
7491 6
7492 2
7493 2
7494 2
7495 2
7496 2
7497 2
7498 2
7499 2
7500 2
7501 2
7502 6
7503 6
7504 6
7505 6
7506 6
7507 6
7508 2
7509 2
7510 2
7511 2
7512 2
7513 2
7514 2
7515 2
7516 2
7517 2
7518 6
7519 6
7520 6
7521 6
7522 6
7523 6
7524 2
7525 2
7526 2
7527 2
7528 2
7529 2
7530 2
7531 2
7532 2
7533 2
7534 6
7535 6
7536 6
7537 3
7538 3
7539 3
7550 3
7551 3
7552 3
7553 3
7554 3
7555 3
7566 3
7567 3
7568 3
7569 3
7570 3
7571 3
7582 3
7583 3
7584 3
7585 3
7586 3
7587 3
7598 3
7599 3
7600 3
7601 3
7602 3
7603 3
7614 3
7615 3
7616 3
7617 3
7618 3
7619 3
7630 3
7631 3
7632 3
7633 3
7634 3
7635 3
7646 3
7647 3
7648 3
7649 3
7650 3
7651 3
7662 3
7663 3
7664 3
7665 3
7666 3
7667 3
7678 3
7679 3
7680 3
7681 3
7682 3
7683 3
7694 3
7695 3
7696 3
7697 3
7698 3
7699 3
7710 3
7711 3
7712 3
7713 3
7714 3
7715 3
7726 3
7727 3
7728 3
7729 3
7730 3
7731 3
7742 3
7743 3
7744 3
7745 3
7746 3
7747 3
7758 3
7759 3
7760 3
7761 3
7762 3
7763 3
7774 3
7775 3
7776 3
7777 3
7778 3
7779 3
7790 3
7791 3
7792 3
7793 3
7794 3
7795 3
7806 3
7807 3
7808 3
7809 3
7810 3
7811 3
7822 3
7823 3
7824 3
7825 3
7826 3
7827 3
7838 3
7839 3
7840 3
7841 3
7842 3
7843 3
7854 3
7855 3
7856 3
7857 3
7858 3
7859 3
7870 3
7871 3
7872 3
7873 3
7874 3
7875 3
7886 3
7887 3
7888 3
7889 3
7890 3
7891 3
7902 3
7903 3
7904 3
7905 3
7906 3
7907 3
7918 3
7919 3
7920 3
7921 3
7922 3
7923 3
7934 3
7935 3
7936 3
7937 3
7938 3
7939 3
7950 3
7951 3
7952 3
7953 3
7954 3
7955 3
7966 3
7967 3
7968 3
7969 3
7970 3
7971 3
7982 3
7983 3
7984 3
7985 3
7986 3
7987 3
7998 3
7999 3
8000 3
8001 3
8002 3
8003 3
8014 3
8015 3
8016 3
8017 6
8018 6
8019 6
8020 2
8021 2
8022 2
8023 2
8024 2
8025 2
8026 2
8027 2
8028 2
8029 2
8030 6
8031 6
8032 6
8033 6
8034 6
8035 6
8036 2
8037 2
8038 2
8039 2
8040 2
8041 2
8042 2
8043 2
8044 2
8045 2
8046 6
8047 6
8048 6
8049 6
8050 6
8051 6
8052 2
8053 2
8054 2
8055 2
8056 2
8057 2
8058 2
8059 2
8060 2
8061 2
8062 6
8063 6
8064 6
8065 6
8066 6
8067 6
8068 2
8069 2
8070 2
8071 2
8072 2
8073 2
8074 2
8075 2
8076 2
8077 2
8078 6
8079 6
8080 6
8081 6
8082 6
8083 6
8084 2
8085 2
8086 2
8087 2
8088 2
8089 2
8090 2
8091 2
8092 2
8093 2
8094 6
8095 6
8096 6
8097 6
8098 6
8099 6
8100 2
8101 2
8102 2
8103 2
8104 2
8105 2
8106 2
8107 2
8108 2
8109 2
8110 6
8111 6
8112 6
8113 3
8114 3
8115 3
8126 3
8127 3
8128 3
8129 3
8130 3
8131 3
8142 3
8143 3
8144 3
8145 3
8146 3
8147 3
8158 3
8159 3
8160 3
8161 3
8162 3
8163 3
8174 3
8175 3
8176 3
8177 3
8178 3
8179 3
8190 3
8191 3
8192 3
8193 3
8194 3
8195 3
8206 3
8207 3
8208 3
8209 3
8210 3
8211 3
8222 3
8223 3
8224 3
8225 3
8226 3
8227 3
8238 3
8239 3
8240 3
8241 3
8242 3
8243 3
8254 3
8255 3
8256 3
8257 3
8258 3
8259 3
8270 3
8271 3
8272 3
8273 3
8274 3
8275 3
8286 3
8287 3
8288 3
8289 3
8290 3
8291 3
8302 3
8303 3
8304 3
8305 3
8306 3
8307 3
8318 3
8319 3
8320 3
8321 3
8322 3
8323 3
8334 3
8335 3
8336 3
8337 3
8338 3
8339 3
8350 3
8351 3
8352 3
8353 3
8354 3
8355 3
8366 3
8367 3
8368 3
8369 3
8370 3
8371 3
8382 3
8383 3
8384 3
8385 3
8386 3
8387 3
8398 3
8399 3
8400 3
8401 3
8402 3
8403 3
8414 3
8415 3
8416 3
8417 3
8418 3
8419 3
8430 3
8431 3
8432 3
8433 3
8434 3
8435 3
8446 3
8447 3
8448 3
8449 3
8450 3
8451 3
8462 3
8463 3
8464 3
8465 3
8466 3
8467 3
8478 3
8479 3
8480 3
8481 3
8482 3
8483 3
8494 3
8495 3
8496 3
8497 3
8498 3
8499 3
8510 3
8511 3
8512 3
8513 3
8514 3
8515 3
8526 3
8527 3
8528 3
8529 3
8530 3
8531 3
8542 3
8543 3
8544 3
8545 3
8546 3
8547 3
8558 3
8559 3
8560 3
8561 3
8562 3
8563 3
8574 3
8575 3
8576 3
8577 3
8578 3
8579 3
8590 3
8591 3
8592 3
8593 6
8594 6
8595 6
8596 2
8597 2
8598 2
8599 2
8600 2
8601 2
8602 2
8603 2
8604 2
8605 2
8606 6
8607 6
8608 6
8609 6
8610 6
8611 6
8612 2
8613 2
8614 2
8615 2
8616 2
8617 2
8618 2
8619 2
8620 2
8621 2
8622 6
8623 6
8624 6
8625 6
8626 6
8627 6
8628 2
8629 2
8630 2
8631 2
8632 2
8633 2
8634 2
8635 2
8636 2
8637 2
8638 6
8639 6
8640 6
8641 6
8642 6
8643 6
8644 2
8645 2
8646 2
8647 2
8648 2
8649 2
8650 2
8651 2
8652 2
8653 2
8654 6
8655 6
8656 6
8657 6
8658 6
8659 6
8660 2
8661 2
8662 2
8663 2
8664 2
8665 2
8666 2
8667 2
8668 2
8669 2
8670 6
8671 6
8672 6
8673 6
8674 6
8675 6
8676 2
8677 2
8678 2
8679 2
8680 2
8681 2
8682 2
8683 2
8684 2
8685 2
8686 6
8687 6
8688 6
8689 3
8690 3
8691 3
8702 3
8703 3
8704 3
8705 3
8706 3
8707 3
8718 3
8719 3
8720 3
8721 3
8722 3
8723 3
8734 3
8735 3
8736 3
8737 3
8738 3
8739 3
8750 3
8751 3
8752 3
8753 3
8754 3
8755 3
8766 3
8767 3
8768 3
8769 3
8770 3
8771 3
8782 3
8783 3
8784 3
8785 3
8786 3
8787 3
8798 3
8799 3
8800 3
8801 3
8802 3
8803 3
8814 3
8815 3
8816 3
8817 3
8818 3
8819 3
8830 3
8831 3
8832 3
8833 3
8834 3
8835 3
8846 3
8847 3
8848 3
8849 3
8850 3
8851 3
8862 3
8863 3
8864 3
8865 3
8866 3
8867 3
8878 3
8879 3
8880 3
8881 3
8882 3
8883 3
8894 3
8895 3
8896 3
8897 3
8898 3
8899 3
8910 3
8911 3
8912 3
8913 3
8914 3
8915 3
8926 3
8927 3
8928 3
8929 3
8930 3
8931 3
8942 3
8943 3
8944 3
8945 3
8946 3
8947 3
8958 3
8959 3
8960 3
8961 3
8962 3
8963 3
8974 3
8975 3
8976 3
8977 3
8978 3
8979 3
8990 3
8991 3
8992 3
8993 3
8994 3
8995 3
9006 3
9007 3
9008 3
9009 3
9010 3
9011 3
9022 3
9023 3
9024 3
9025 3
9026 3
9027 3
9038 3
9039 3
9040 3
9041 3
9042 3
9043 3
9054 3
9055 3
9056 3
9057 3
9058 3
9059 3
9070 3
9071 3
9072 3
9073 3
9074 3
9075 3
9086 3
9087 3
9088 3
9089 3
9090 3
9091 3
9102 3
9103 3
9104 3
9105 3
9106 3
9107 3
9118 3
9119 3
9120 3
9121 3
9122 3
9123 3
9134 3
9135 3
9136 3
9137 3
9138 3
9139 3
9150 3
9151 3
9152 3
9153 3
9154 3
9155 3
9166 3
9167 3
9168 3
9169 6
9170 6
9171 6
9172 2
9173 2
9174 2
9175 2
9176 2
9177 2
9178 2
9179 2
9180 2
9181 2
9182 6
9183 6
9184 6
9185 6
9186 6
9187 6
9188 2
9189 2
9190 2
9191 2
9192 2
9193 2
9194 2
9195 2
9196 2
9197 2
9198 6
9199 6
9200 6
9201 6
9202 6
9203 6
9204 2
9205 2
9206 2
9207 2
9208 2
9209 2
9210 2
9211 2
9212 2
9213 2
9214 6
9215 6
9216 6
9217 6
9218 6
9219 6
9220 2
9221 2
9222 2
9223 2
9224 2
9225 2
9226 2
9227 2
9228 2
9229 2
9230 6
9231 6
9232 6
9233 6
9234 6
9235 6
9236 2
9237 2
9238 2
9239 2
9240 2
9241 2
9242 2
9243 2
9244 2
9245 2
9246 6
9247 6
9248 6
9249 6
9250 6
9251 6
9252 2
9253 2
9254 2
9255 2
9256 2
9257 2
9258 2
9259 2
9260 2
9261 2
9262 6
9263 6
9264 6
9265 3
9266 3
9267 3
9278 3
9279 3
9280 3
9281 3
9282 3
9283 3
9294 3
9295 3
9296 3
9297 3
9298 3
9299 3
9310 3
9311 3
9312 3
9313 3
9314 3
9315 3
9326 3
9327 3
9328 3
9329 3
9330 3
9331 3
9342 3
9343 3
9344 3
9345 3
9346 3
9347 3
9358 3
9359 3
9360 3
9361 3
9362 3
9363 3
9374 3
9375 3
9376 3
9377 3
9378 3
9379 3
9390 3
9391 3
9392 3
9393 3
9394 3
9395 3
9406 3
9407 3
9408 3
9409 3
9410 3
9411 3
9422 3
9423 3
9424 3
9425 3
9426 3
9427 3
9438 3
9439 3
9440 3
9441 3
9442 3
9443 3
9454 3
9455 3
9456 3
9457 3
9458 3
9459 3
9470 3
9471 3
9472 3
9473 3
9474 3
9475 3
9486 3
9487 3
9488 3
9489 3
9490 3
9491 3
9502 3
9503 3
9504 3
9505 3
9506 3
9507 3
9518 3
9519 3
9520 3
9521 3
9522 3
9523 3
9534 3
9535 3
9536 3
9537 3
9538 3
9539 3
9550 3
9551 3
9552 3
9553 3
9554 3
9555 3
9566 3
9567 3
9568 3
9569 3
9570 3
9571 3
9582 3
9583 3
9584 3
9585 3
9586 3
9587 3
9598 3
9599 3
9600 3
9601 3
9602 3
9603 3
9614 3
9615 3
9616 3
9617 3
9618 3
9619 3
9630 3
9631 3
9632 3
9633 3
9634 3
9635 3
9646 3
9647 3
9648 3
9649 3
9650 3
9651 3
9662 3
9663 3
9664 3
9665 3
9666 3
9667 3
9678 3
9679 3
9680 3
9681 3
9682 3
9683 3
9694 3
9695 3
9696 3
9697 3
9698 3
9699 3
9710 3
9711 3
9712 3
9713 3
9714 3
9715 3
9726 3
9727 3
9728 3
9729 3
9730 3
9731 3
9742 3
9743 3
9744 3
9745 6
9746 6
9747 6
9748 2
9749 2
9750 2
9751 2
9752 2
9753 2
9754 2
9755 2
9756 2
9757 2
9758 6
9759 6
9760 6
9761 6
9762 6
9763 6
9764 2
9765 2
9766 2
9767 2
9768 2
9769 2
9770 2
9771 2
9772 2
9773 2
9774 6
9775 6
9776 6
9777 6
9778 6
9779 6
9780 2
9781 2
9782 2
9783 2
9784 2
9785 2
9786 2
9787 2
9788 2
9789 2
9790 6
9791 6
9792 6
9793 6
9794 6
9795 6
9796 2
9797 2
9798 2
9799 2
9800 2
9801 2
9802 2
9803 2
9804 2
9805 2
9806 6
9807 6
9808 6
9809 6
9810 6
9811 6
9812 2
9813 2
9814 2
9815 2
9816 2
9817 2
9818 2
9819 2
9820 2
9821 2
9822 6
9823 6
9824 6
9825 6
9826 6
9827 6
9828 2
9829 2
9830 2
9831 2
9832 2
9833 2
9834 2
9835 2
9836 2
9837 2
9838 6
9839 6
9840 6
9841 3
9842 3
9843 3
9854 3
9855 3
9856 3
9857 3
9858 3
9859 3
9870 3
9871 3
9872 3
9873 3
9874 3
9875 3
9886 3
9887 3
9888 3
9889 3
9890 3
9891 3
9902 3
9903 3
9904 3
9905 3
9906 3
9907 3
9918 3
9919 3
9920 3
9921 3
9922 3
9923 3
9934 3
9935 3
9936 3
9937 3
9938 3
9939 3
9950 3
9951 3
9952 3
9953 3
9954 3
9955 3
9966 3
9967 3
9968 3
9969 3
9970 3
9971 3
9982 3
9983 3
9984 3
9985 3
9986 3
9987 3
9998 3
9999 3
10000 3
10001 3
10002 3
10003 3
10014 3
10015 3
10016 3
10017 3
10018 3
10019 3
10030 3
10031 3
10032 3
10033 3
10034 3
10035 3
10046 3
10047 3
10048 3
10049 3
10050 3
10051 3
10062 3
10063 3
10064 3
10065 3
10066 3
10067 3
10078 3
10079 3
10080 3
10081 3
10082 3
10083 3
10094 3
10095 3
10096 3
10097 3
10098 3
10099 3
10110 3
10111 3
10112 3
10113 3
10114 3
10115 3
10126 3
10127 3
10128 3
10129 3
10130 3
10131 3
10142 3
10143 3
10144 3
10145 3
10146 3
10147 3
10158 3
10159 3
10160 3
10161 3
10162 3
10163 3
10174 3
10175 3
10176 3
10177 3
10178 3
10179 3
10190 3
10191 3
10192 3
10193 3
10194 3
10195 3
10206 3
10207 3
10208 3
10209 3
10210 3
10211 3
10222 3
10223 3
10224 3
10225 3
10226 3
10227 3
10238 3
10239 3
10240 3
10241 3
10242 3
10243 3
10254 3
10255 3
10256 3
10257 3
10258 3
10259 3
10270 3
10271 3
10272 3
10273 3
10274 3
10275 3
10286 3
10287 3
10288 3
10289 3
10290 3
10291 3
10302 3
10303 3
10304 3
10305 3
10306 3
10307 3
10318 3
10319 3
10320 3
10321 6
10322 6
10323 6
10324 2
10325 2
10326 2
10327 2
10328 2
10329 2
10330 2
10331 2
10332 2
10333 2
10334 6
10335 6
10336 6
10337 6
10338 6
10339 6
10340 2
10341 2
10342 2
10343 2
10344 2
10345 2
10346 2
10347 2
10348 2
10349 2
10350 6
10351 6
10352 6
10353 6
10354 6
10355 6
10356 2
10357 2
10358 2
10359 2
10360 2
10361 2
10362 2
10363 2
10364 2
10365 2
10366 6
10367 6
10368 6
10369 6
10370 6
10371 6
10372 2
10373 2
10374 2
10375 2
10376 2
10377 2
10378 2
10379 2
10380 2
10381 2
10382 6
10383 6
10384 6
10385 6
10386 6
10387 6
10388 2
10389 2
10390 2
10391 2
10392 2
10393 2
10394 2
10395 2
10396 2
10397 2
10398 6
10399 6
10400 6
10401 6
10402 6
10403 6
10404 2
10405 2
10406 2
10407 2
10408 2
10409 2
10410 2
10411 2
10412 2
10413 2
10414 6
10415 6
10416 6
10417 3
10418 3
10419 3
10430 3
10431 3
10432 3
10433 3
10434 3
10435 3
10446 3
10447 3
10448 3
10449 3
10450 3
10451 3
10462 3
10463 3
10464 3
10465 3
10466 3
10467 3
10478 3
10479 3
10480 3
10481 3
10482 3
10483 3
10494 3
10495 3
10496 3
10497 3
10498 3
10499 3
10510 3
10511 3
10512 3
10513 3
10514 3
10515 3
10526 3
10527 3
10528 3
10529 3
10530 3
10531 3
10542 3
10543 3
10544 3
10545 3
10546 3
10547 3
10558 3
10559 3
10560 3
10561 3
10562 3
10563 3
10574 3
10575 3
10576 3
10577 3
10578 3
10579 3
10590 3
10591 3
10592 3
10593 3
10594 3
10595 3
10606 3
10607 3
10608 3
10609 3
10610 3
10611 3
10622 3
10623 3
10624 3
10625 3
10626 3
10627 3
10638 3
10639 3
10640 3
10641 3
10642 3
10643 3
10654 3
10655 3
10656 3
10657 3
10658 3
10659 3
10670 3
10671 3
10672 3
10673 3
10674 3
10675 3
10686 3
10687 3
10688 3
10689 3
10690 3
10691 3
10702 3
10703 3
10704 3
10705 3
10706 3
10707 3
10718 3
10719 3
10720 3
10721 3
10722 3
10723 3
10734 3
10735 3
10736 3
10737 3
10738 3
10739 3
10750 3
10751 3
10752 3
10753 3
10754 3
10755 3
10766 3
10767 3
10768 3
10769 3
10770 3
10771 3
10782 3
10783 3
10784 3
10785 3
10786 3
10787 3
10798 3
10799 3
10800 3
10801 3
10802 3
10803 3
10814 3
10815 3
10816 3
10817 3
10818 3
10819 3
10830 3
10831 3
10832 3
10833 3
10834 3
10835 3
10846 3
10847 3
10848 3
10849 3
10850 3
10851 3
10862 3
10863 3
10864 3
10865 3
10866 3
10867 3
10878 3
10879 3
10880 3
10881 3
10882 3
10883 3
10894 3
10895 3
10896 3
10897 6
10898 6
10899 6
10900 2
10901 2
10902 2
10903 2
10904 2
10905 2
10906 2
10907 2
10908 2
10909 2
10910 6
10911 6
10912 6
10913 6
10914 6
10915 6
10916 2
10917 2
10918 2
10919 2
10920 2
10921 2
10922 2
10923 2
10924 2
10925 2
10926 6
10927 6
10928 6
10929 6
10930 6
10931 6
10932 2
10933 2
10934 2
10935 2
10936 2
10937 2
10938 2
10939 2
10940 2
10941 2
10942 6
10943 6
10944 6
10945 6
10946 6
10947 6
10948 2
10949 2
10950 2
10951 2
10952 2
10953 2
10954 2
10955 2
10956 2
10957 2
10958 6
10959 6
10960 6
10961 6
10962 6
10963 6
10964 2
10965 2
10966 2
10967 2
10968 2
10969 2
10970 2
10971 2
10972 2
10973 2
10974 6
10975 6
10976 6
10977 6
10978 6
10979 6
10980 2
10981 2
10982 2
10983 2
10984 2
10985 2
10986 2
10987 2
10988 2
10989 2
10990 6
10991 6
10992 6
10993 3
10994 3
10995 3
11006 3
11007 3
11008 3
11009 3
11010 3
11011 3
11022 3
11023 3
11024 3
11025 3
11026 3
11027 3
11038 3
11039 3
11040 3
11041 3
11042 3
11043 3
11054 3
11055 3
11056 3
11057 3
11058 3
11059 3
11070 3
11071 3
11072 3
11073 3
11074 3
11075 3
11086 3
11087 3
11088 3
11089 3
11090 3
11091 3
11102 3
11103 3
11104 3
11105 3
11106 3
11107 3
11118 3
11119 3
11120 3
11121 3
11122 3
11123 3
11134 3
11135 3
11136 3
11137 3
11138 3
11139 3
11150 3
11151 3
11152 3
11153 3
11154 3
11155 3
11166 3
11167 3
11168 3
11169 3
11170 3
11171 3
11182 3
11183 3
11184 3
11185 3
11186 3
11187 3
11198 3
11199 3
11200 3
11201 3
11202 3
11203 3
11214 3
11215 3
11216 3
11217 3
11218 3
11219 3
11230 3
11231 3
11232 3
11233 3
11234 3
11235 3
11246 3
11247 3
11248 3
11249 3
11250 3
11251 3
11262 3
11263 3
11264 3
11265 3
11266 3
11267 3
11278 3
11279 3
11280 3
11281 3
11282 3
11283 3
11294 3
11295 3
11296 3
11297 3
11298 3
11299 3
11310 3
11311 3
11312 3
11313 3
11314 3
11315 3
11326 3
11327 3
11328 3
11329 3
11330 3
11331 3
11342 3
11343 3
11344 3
11345 3
11346 3
11347 3
11358 3
11359 3
11360 3
11361 3
11362 3
11363 3
11374 3
11375 3
11376 3
11377 3
11378 3
11379 3
11390 3
11391 3
11392 3
11393 3
11394 3
11395 3
11406 3
11407 3
11408 3
11409 3
11410 3
11411 3
11422 3
11423 3
11424 3
11425 3
11426 3
11427 3
11438 3
11439 3
11440 3
11441 3
11442 3
11443 3
11454 3
11455 3
11456 3
11457 3
11458 3
11459 3
11470 3
11471 3
11472 3
11473 6
11474 6
11475 6
11476 2
11477 2
11478 2
11479 2
11480 2
11481 2
11482 2
11483 2
11484 2
11485 2
11486 6
11487 6
11488 6
11489 6
11490 6
11491 6
11492 2
11493 2
11494 2
11495 2
11496 2
11497 2
11498 2
11499 2
11500 2
11501 2
11502 6
11503 6
11504 6
11505 6
11506 6
11507 6
11508 2
11509 2
11510 2
11511 2
11512 2
11513 2
11514 2
11515 2
11516 2
11517 2
11518 6
11519 6
11520 6
11521 6
11522 6
11523 6
11524 2
11525 2
11526 2
11527 2
11528 2
11529 2
11530 2
11531 2
11532 2
11533 2
11534 6
11535 6
11536 6
11537 6
11538 6
11539 6
11540 2
11541 2
11542 2
11543 2
11544 2
11545 2
11546 2
11547 2
11548 2
11549 2
11550 6
11551 6
11552 6
11553 6
11554 6
11555 6
11556 2
11557 2
11558 2
11559 2
11560 2
11561 2
11562 2
11563 2
11564 2
11565 2
11566 6
11567 6
11568 6
11569 3
11570 3
11571 3
11582 3
11583 3
11584 3
11585 3
11586 3
11587 3
11598 3
11599 3
11600 3
11601 3
11602 3
11603 3
11614 3
11615 3
11616 3
11617 3
11618 3
11619 3
11630 3
11631 3
11632 3
11633 3
11634 3
11635 3
11646 3
11647 3
11648 3
11649 3
11650 3
11651 3
11662 3
11663 3
11664 3
11665 3
11666 3
11667 3
11678 3
11679 3
11680 3
11681 3
11682 3
11683 3
11694 3
11695 3
11696 3
11697 3
11698 3
11699 3
11710 3
11711 3
11712 3
11713 3
11714 3
11715 3
11726 3
11727 3
11728 3
11729 3
11730 3
11731 3
11742 3
11743 3
11744 3
11745 3
11746 3
11747 3
11758 3
11759 3
11760 3
11761 3
11762 3
11763 3
11774 3
11775 3
11776 3
11777 3
11778 3
11779 3
11790 3
11791 3
11792 3
11793 3
11794 3
11795 3
11806 3
11807 3
11808 3
11809 3
11810 3
11811 3
11822 3
11823 3
11824 3
11825 3
11826 3
11827 3
11838 3
11839 3
11840 3
11841 3
11842 3
11843 3
11854 3
11855 3
11856 3
11857 3
11858 3
11859 3
11870 3
11871 3
11872 3
11873 3
11874 3
11875 3
11886 3
11887 3
11888 3
11889 3
11890 3
11891 3
11902 3
11903 3
11904 3
11905 3
11906 3
11907 3
11918 3
11919 3
11920 3
11921 3
11922 3
11923 3
11934 3
11935 3
11936 3
11937 3
11938 3
11939 3
11950 3
11951 3
11952 3
11953 3
11954 3
11955 3
11966 3
11967 3
11968 3
11969 3
11970 3
11971 3
11982 3
11983 3
11984 3
11985 3
11986 3
11987 3
11998 3
11999 3
12000 3
12001 3
12002 3
12003 3
12014 3
12015 3
12016 3
12017 3
12018 3
12019 3
12030 3
12031 3
12032 3
12033 3
12034 3
12035 3
12046 3
12047 3
12048 3
12049 6
12050 6
12051 6
12052 2
12053 2
12054 2
12055 2
12056 2
12057 2
12058 2
12059 2
12060 2
12061 2
12062 6
12063 6
12064 6
12065 6
12066 6
12067 6
12068 2
12069 2
12070 2
12071 2
12072 2
12073 2
12074 2
12075 2
12076 2
12077 2
12078 6
12079 6
12080 6
12081 6
12082 6
12083 6
12084 2
12085 2
12086 2
12087 2
12088 2
12089 2
12090 2
12091 2
12092 2
12093 2
12094 6
12095 6
12096 6
12097 6
12098 6
12099 6
12100 2
12101 2
12102 2
12103 2
12104 2
12105 2
12106 2
12107 2
12108 2
12109 2
12110 6
12111 6
12112 6
12113 6
12114 6
12115 6
12116 2
12117 2
12118 2
12119 2
12120 2
12121 2
12122 2
12123 2
12124 2
12125 2
12126 6
12127 6
12128 6
12129 6
12130 6
12131 6
12132 2
12133 2
12134 2
12135 2
12136 2
12137 2
12138 2
12139 2
12140 2
12141 2
12142 6
12143 6
12144 6
12145 3
12146 3
12147 3
12158 3
12159 3
12160 3
12161 3
12162 3
12163 3
12174 3
12175 3
12176 3
12177 3
12178 3
12179 3
12190 3
12191 3
12192 3
12193 3
12194 3
12195 3
12206 3
12207 3
12208 3
12209 3
12210 3
12211 3
12222 3
12223 3
12224 3
12225 3
12226 3
12227 3
12238 3
12239 3
12240 3
12241 3
12242 3
12243 3
12254 3
12255 3
12256 3
12257 3
12258 3
12259 3
12270 3
12271 3
12272 3
12273 3
12274 3
12275 3
12286 3
12287 3
12288 3
12289 3
12290 3
12291 3
12302 3
12303 3
12304 3
12305 3
12306 3
12307 3
12318 3
12319 3
12320 3
12321 3
12322 3
12323 3
12334 3
12335 3
12336 3
12337 3
12338 3
12339 3
12350 3
12351 3
12352 3
12353 3
12354 3
12355 3
12366 3
12367 3
12368 3
12369 3
12370 3
12371 3
12382 3
12383 3
12384 3
12385 3
12386 3
12387 3
12398 3
12399 3
12400 3
12401 3
12402 3
12403 3
12414 3
12415 3
12416 3
12417 3
12418 3
12419 3
12430 3
12431 3
12432 3
12433 3
12434 3
12435 3
12446 3
12447 3
12448 3
12449 3
12450 3
12451 3
12462 3
12463 3
12464 3
12465 3
12466 3
12467 3
12478 3
12479 3
12480 3
12481 3
12482 3
12483 3
12494 3
12495 3
12496 3
12497 3
12498 3
12499 3
12510 3
12511 3
12512 3
12513 3
12514 3
12515 3
12526 3
12527 3
12528 3
12529 3
12530 3
12531 3
12542 3
12543 3
12544 3
12545 3
12546 3
12547 3
12558 3
12559 3
12560 3
12561 3
12562 3
12563 3
12574 3
12575 3
12576 3
12577 3
12578 3
12579 3
12590 3
12591 3
12592 3
12593 3
12594 3
12595 3
12606 3
12607 3
12608 3
12609 3
12610 3
12611 3
12622 3
12623 3
12624 3
12625 6
12626 6
12627 6
12628 2
12629 2
12630 2
12631 2
12632 2
12633 2
12634 2
12635 2
12636 2
12637 2
12638 6
12639 6
12640 6
12641 6
12642 6
12643 6
12644 2
12645 2
12646 2
12647 2
12648 2
12649 2
12650 2
12651 2
12652 2
12653 2
12654 6
12655 6
12656 6
12657 6
12658 6
12659 6
12660 2
12661 2
12662 2
12663 2
12664 2
12665 2
12666 2
12667 2
12668 2
12669 2
12670 6
12671 6
12672 6
12673 6
12674 6
12675 6
12676 2
12677 2
12678 2
12679 2
12680 2
12681 2
12682 2
12683 2
12684 2
12685 2
12686 6
12687 6
12688 6
12689 6
12690 6
12691 6
12692 2
12693 2
12694 2
12695 2
12696 2
12697 2
12698 2
12699 2
12700 2
12701 2
12702 6
12703 6
12704 6
12705 6
12706 6
12707 6
12708 2
12709 2
12710 2
12711 2
12712 2
12713 2
12714 2
12715 2
12716 2
12717 2
12718 6
12719 6
12720 6
12721 3
12722 3
12723 3
12734 3
12735 3
12736 3
12737 3
12738 3
12739 3
12750 3
12751 3
12752 3
12753 3
12754 3
12755 3
12766 3
12767 3
12768 3
12769 3
12770 3
12771 3
12782 3
12783 3
12784 3
12785 3
12786 3
12787 3
12798 3
12799 3
12800 3
12801 3
12802 3
12803 3
12814 3
12815 3
12816 3
12817 3
12818 3
12819 3
12830 3
12831 3
12832 3
12833 3
12834 3
12835 3
12846 3
12847 3
12848 3
12849 3
12850 3
12851 3
12862 3
12863 3
12864 3
12865 3
12866 3
12867 3
12878 3
12879 3
12880 3
12881 3
12882 3
12883 3
12894 3
12895 3
12896 3
12897 3
12898 3
12899 3
12910 3
12911 3
12912 3
12913 3
12914 3
12915 3
12926 3
12927 3
12928 3
12929 3
12930 3
12931 3
12942 3
12943 3
12944 3
12945 3
12946 3
12947 3
12958 3
12959 3
12960 3
12961 3
12962 3
12963 3
12974 3
12975 3
12976 3
12977 3
12978 3
12979 3
12990 3
12991 3
12992 3
12993 3
12994 3
12995 3
13006 3
13007 3
13008 3
13009 3
13010 3
13011 3
13022 3
13023 3
13024 3
13025 3
13026 3
13027 3
13038 3
13039 3
13040 3
13041 3
13042 3
13043 3
13054 3
13055 3
13056 3
13057 3
13058 3
13059 3
13070 3
13071 3
13072 3
13073 3
13074 3
13075 3
13086 3
13087 3
13088 3
13089 3
13090 3
13091 3
13102 3
13103 3
13104 3
13105 3
13106 3
13107 3
13118 3
13119 3
13120 3
13121 3
13122 3
13123 3
13134 3
13135 3
13136 3
13137 3
13138 3
13139 3
13150 3
13151 3
13152 3
13153 3
13154 3
13155 3
13166 3
13167 3
13168 3
13169 3
13170 3
13171 3
13182 3
13183 3
13184 3
13185 3
13186 3
13187 3
13198 3
13199 3
13200 3
13201 6
13202 6
13203 6
13204 2
13205 2
13206 2
13207 2
13208 2
13209 2
13210 2
13211 2
13212 2
13213 2
13214 6
13215 6
13216 6
13217 6
13218 6
13219 6
13220 2
13221 2
13222 2
13223 2
13224 2
13225 2
13226 2
13227 2
13228 2
13229 2
13230 6
13231 6
13232 6
13233 6
13234 6
13235 6
13236 2
13237 2
13238 2
13239 2
13240 2
13241 2
13242 2
13243 2
13244 2
13245 2
13246 6
13247 6
13248 6
13249 6
13250 6
13251 6
13252 2
13253 2
13254 2
13255 2
13256 2
13257 2
13258 2
13259 2
13260 2
13261 2
13262 6
13263 6
13264 6
13265 6
13266 6
13267 6
13268 2
13269 2
13270 2
13271 2
13272 2
13273 2
13274 2
13275 2
13276 2
13277 2
13278 6
13279 6
13280 6
13281 6
13282 6
13283 6
13284 2
13285 2
13286 2
13287 2
13288 2
13289 2
13290 2
13291 2
13292 2
13293 2
13294 6
13295 6
13296 6
13297 3
13298 3
13299 3
13310 3
13311 3
13312 3
13313 3
13314 3
13315 3
13326 3
13327 3
13328 3
13329 3
13330 3
13331 3
13342 3
13343 3
13344 3
13345 3
13346 3
13347 3
13358 3
13359 3
13360 3
13361 3
13362 3
13363 3
13374 3
13375 3
13376 3
13377 3
13378 3
13379 3
13390 3
13391 3
13392 3
13393 3
13394 3
13395 3
13406 3
13407 3
13408 3
13409 3
13410 3
13411 3
13422 3
13423 3
13424 3
13425 3
13426 3
13427 3
13438 3
13439 3
13440 3
13441 3
13442 3
13443 3
13454 3
13455 3
13456 3
13457 3
13458 3
13459 3
13470 3
13471 3
13472 3
13473 3
13474 3
13475 3
13486 3
13487 3
13488 3
13489 3
13490 3
13491 3
13502 3
13503 3
13504 3
13505 3
13506 3
13507 3
13518 3
13519 3
13520 3
13521 3
13522 3
13523 3
13534 3
13535 3
13536 3
13537 3
13538 3
13539 3
13550 3
13551 3
13552 3
13553 3
13554 3
13555 3
13566 3
13567 3
13568 3
13569 3
13570 3
13571 3
13582 3
13583 3
13584 3
13585 3
13586 3
13587 3
13598 3
13599 3
13600 3
13601 3
13602 3
13603 3
13614 3
13615 3
13616 3
13617 3
13618 3
13619 3
13630 3
13631 3
13632 3
13633 3
13634 3
13635 3
13646 3
13647 3
13648 3
13649 3
13650 3
13651 3
13662 3
13663 3
13664 3
13665 3
13666 3
13667 3
13678 3
13679 3
13680 3
13681 3
13682 3
13683 3
13694 3
13695 3
13696 3
13697 3
13698 3
13699 3
13710 3
13711 3
13712 3
13713 3
13714 3
13715 3
13726 3
13727 3
13728 3
13729 3
13730 3
13731 3
13742 3
13743 3
13744 3
13745 3
13746 3
13747 3
13758 3
13759 3
13760 3
13761 3
13762 3
13763 3
13774 3
13775 3
13776 3
13777 6
13778 6
13779 6
13780 2
13781 2
13782 2
13783 2
13784 2
13785 2
13786 2
13787 2
13788 2
13789 2
13790 6
13791 6
13792 6
13793 6
13794 6
13795 6
13796 2
13797 2
13798 2
13799 2
13800 2
13801 2
13802 2
13803 2
13804 2
13805 2
13806 6
13807 6
13808 6
13809 6
13810 6
13811 6
13812 2
13813 2
13814 2
13815 2
13816 2
13817 2
13818 2
13819 2
13820 2
13821 2
13822 6
13823 6
13824 6
13825 6
13826 6
13827 6
13828 2
13829 2
13830 2
13831 2
13832 2
13833 2
13834 2
13835 2
13836 2
13837 2
13838 6
13839 6
13840 6
13841 6
13842 6
13843 6
13844 2
13845 2
13846 2
13847 2
13848 2
13849 2
13850 2
13851 2
13852 2
13853 2
13854 6
13855 6
13856 6
13857 6
13858 6
13859 6
13860 2
13861 2
13862 2
13863 2
13864 2
13865 2
13866 2
13867 2
13868 2
13869 2
13870 6
13871 6
13872 6
13873 3
13874 3
13875 3
13886 3
13887 3
13888 3
13889 3
13890 3
13891 3
13902 3
13903 3
13904 3
13905 3
13906 3
13907 3
13918 3
13919 3
13920 3
13921 3
13922 3
13923 3
13934 3
13935 3
13936 3
13937 3
13938 3
13939 3
13950 3
13951 3
13952 3
13953 3
13954 3
13955 3
13966 3
13967 3
13968 3
13969 3
13970 3
13971 3
13982 3
13983 3
13984 3
13985 3
13986 3
13987 3
13998 3
13999 3
14000 3
14001 3
14002 3
14003 3
14014 3
14015 3
14016 3
14017 3
14018 3
14019 3
14030 3
14031 3
14032 3
14033 3
14034 3
14035 3
14046 3
14047 3
14048 3
14049 3
14050 3
14051 3
14062 3
14063 3
14064 3
14065 3
14066 3
14067 3
14078 3
14079 3
14080 3
14081 3
14082 3
14083 3
14094 3
14095 3
14096 3
14097 3
14098 3
14099 3
14110 3
14111 3
14112 3
14113 3
14114 3
14115 3
14126 3
14127 3
14128 3
14129 3
14130 3
14131 3
14142 3
14143 3
14144 3
14145 3
14146 3
14147 3
14158 3
14159 3
14160 3
14161 3
14162 3
14163 3
14174 3
14175 3
14176 3
14177 3
14178 3
14179 3
14190 3
14191 3
14192 3
14193 3
14194 3
14195 3
14206 3
14207 3
14208 3
14209 3
14210 3
14211 3
14222 3
14223 3
14224 3
14225 3
14226 3
14227 3
14238 3
14239 3
14240 3
14241 3
14242 3
14243 3
14254 3
14255 3
14256 3
14257 3
14258 3
14259 3
14270 3
14271 3
14272 3
14273 3
14274 3
14275 3
14286 3
14287 3
14288 3
14289 3
14290 3
14291 3
14302 3
14303 3
14304 3
14305 3
14306 3
14307 3
14318 3
14319 3
14320 3
14321 3
14322 3
14323 3
14334 3
14335 3
14336 3
14337 3
14338 3
14339 3
14350 3
14351 3
14352 3
14353 6
14354 6
14355 6
14356 2
14357 2
14358 2
14359 2
14360 2
14361 2
14362 2
14363 2
14364 2
14365 2
14366 6
14367 6
14368 6
14369 6
14370 6
14371 6
14372 2
14373 2
14374 2
14375 2
14376 2
14377 2
14378 2
14379 2
14380 2
14381 2
14382 6
14383 6
14384 6
14385 6
14386 6
14387 6
14388 2
14389 2
14390 2
14391 2
14392 2
14393 2
14394 2
14395 2
14396 2
14397 2
14398 6
14399 6
14400 6
14401 6
14402 6
14403 6
14404 2
14405 2
14406 2
14407 2
14408 2
14409 2
14410 2
14411 2
14412 2
14413 2
14414 6
14415 6
14416 6
14417 6
14418 6
14419 6
14420 2
14421 2
14422 2
14423 2
14424 2
14425 2
14426 2
14427 2
14428 2
14429 2
14430 6
14431 6
14432 6
14433 6
14434 6
14435 6
14436 2
14437 2
14438 2
14439 2
14440 2
14441 2
14442 2
14443 2
14444 2
14445 2
14446 6
14447 6
14448 6
14449 3
14450 3
14451 3
14462 3
14463 3
14464 3
14465 3
14466 3
14467 3
14478 3
14479 3
14480 3
14481 3
14482 3
14483 3
14494 3
14495 3
14496 3
14497 3
14498 3
14499 3
14510 3
14511 3
14512 3
14513 3
14514 3
14515 3
14526 3
14527 3
14528 3
14529 3
14530 3
14531 3
14542 3
14543 3
14544 3
14545 3
14546 3
14547 3
14558 3
14559 3
14560 3
14561 3
14562 3
14563 3
14574 3
14575 3
14576 3
14577 3
14578 3
14579 3
14590 3
14591 3
14592 3
14593 3
14594 3
14595 3
14606 3
14607 3
14608 3
14609 3
14610 3
14611 3
14622 3
14623 3
14624 3
14625 3
14626 3
14627 3
14638 3
14639 3
14640 3
14641 3
14642 3
14643 3
14654 3
14655 3
14656 3
14657 3
14658 3
14659 3
14670 3
14671 3
14672 3
14673 3
14674 3
14675 3
14686 3
14687 3
14688 3
14689 3
14690 3
14691 3
14702 3
14703 3
14704 3
14705 3
14706 3
14707 3
14718 3
14719 3
14720 3
14721 3
14722 3
14723 3
14734 3
14735 3
14736 3
14737 3
14738 3
14739 3
14750 3
14751 3
14752 3
14753 3
14754 3
14755 3
14766 3
14767 3
14768 3
14769 3
14770 3
14771 3
14782 3
14783 3
14784 3
14785 3
14786 3
14787 3
14798 3
14799 3
14800 3
14801 3
14802 3
14803 3
14814 3
14815 3
14816 3
14817 3
14818 3
14819 3
14830 3
14831 3
14832 3
14833 3
14834 3
14835 3
14846 3
14847 3
14848 3
14849 3
14850 3
14851 3
14862 3
14863 3
14864 3
14865 3
14866 3
14867 3
14878 3
14879 3
14880 3
14881 3
14882 3
14883 3
14894 3
14895 3
14896 3
14897 3
14898 3
14899 3
14910 3
14911 3
14912 3
14913 3
14914 3
14915 3
14926 3
14927 3
14928 3
14929 6
14930 6
14931 6
14932 2
14933 2
14934 2
14935 2
14936 2
14937 2
14938 2
14939 2
14940 2
14941 2
14942 6
14943 6
14944 6
14945 6
14946 6
14947 6
14948 2
14949 2
14950 2
14951 2
14952 2
14953 2
14954 2
14955 2
14956 2
14957 2
14958 6
14959 6
14960 6
14961 6
14962 6
14963 6
14964 2
14965 2
14966 2
14967 2
14968 2
14969 2
14970 2
14971 2
14972 2
14973 2
14974 6
14975 6
14976 6
14977 6
14978 6
14979 6
14980 2
14981 2
14982 2
14983 2
14984 2
14985 2
14986 2
14987 2
14988 2
14989 2
14990 6
14991 6
14992 6
14993 6
14994 6
14995 6
14996 2
14997 2
14998 2
14999 2
15000 2
15001 2
15002 2
15003 2
15004 2
15005 2
15006 6
15007 6
15008 6
15009 6
15010 6
15011 6
15012 2
15013 2
15014 2
15015 2
15016 2
15017 2
15018 2
15019 2
15020 2
15021 2
15022 6
15023 6
15024 6
15025 3
15026 3
15027 3
15038 3
15039 3
15040 3
15041 3
15042 3
15043 3
15054 3
15055 3
15056 3
15057 3
15058 3
15059 3
15070 3
15071 3
15072 3
15073 3
15074 3
15075 3
15086 3
15087 3
15088 3
15089 3
15090 3
15091 3
15102 3
15103 3
15104 3
15105 3
15106 3
15107 3
15118 3
15119 3
15120 3
15121 3
15122 3
15123 3
15134 3
15135 3
15136 3
15137 3
15138 3
15139 3
15150 3
15151 3
15152 3
15153 3
15154 3
15155 3
15166 3
15167 3
15168 3
15169 3
15170 3
15171 3
15182 3
15183 3
15184 3
15185 3
15186 3
15187 3
15198 3
15199 3
15200 3
15201 3
15202 3
15203 3
15214 3
15215 3
15216 3
15217 3
15218 3
15219 3
15230 3
15231 3
15232 3
15233 3
15234 3
15235 3
15246 3
15247 3
15248 3
15249 3
15250 3
15251 3
15262 3
15263 3
15264 3
15265 3
15266 3
15267 3
15278 3
15279 3
15280 3
15281 3
15282 3
15283 3
15294 3
15295 3
15296 3
15297 3
15298 3
15299 3
15310 3
15311 3
15312 3
15313 3
15314 3
15315 3
15326 3
15327 3
15328 3
15329 3
15330 3
15331 3
15342 3
15343 3
15344 3
15345 3
15346 3
15347 3
15358 3
15359 3
15360 3
15361 3
15362 3
15363 3
15374 3
15375 3
15376 3
15377 3
15378 3
15379 3
15390 3
15391 3
15392 3
15393 3
15394 3
15395 3
15406 3
15407 3
15408 3
15409 3
15410 3
15411 3
15422 3
15423 3
15424 3
15425 3
15426 3
15427 3
15438 3
15439 3
15440 3
15441 3
15442 3
15443 3
15454 3
15455 3
15456 3
15457 3
15458 3
15459 3
15470 3
15471 3
15472 3
15473 3
15474 3
15475 3
15486 3
15487 3
15488 3
15489 3
15490 3
15491 3
15502 3
15503 3
15504 3
15505 6
15506 6
15507 6
15508 2
15509 2
15510 2
15511 2
15512 2
15513 2
15514 2
15515 2
15516 2
15517 2
15518 6
15519 6
15520 6
15521 6
15522 6
15523 6
15524 2
15525 2
15526 2
15527 2
15528 2
15529 2
15530 2
15531 2
15532 2
15533 2
15534 6
15535 6
15536 6
15537 6
15538 6
15539 6
15540 2
15541 2
15542 2
15543 2
15544 2
15545 2
15546 2
15547 2
15548 2
15549 2
15550 6
15551 6
15552 6
15553 6
15554 6
15555 6
15556 2
15557 2
15558 2
15559 2
15560 2
15561 2
15562 2
15563 2
15564 2
15565 2
15566 6
15567 6
15568 6
15569 6
15570 6
15571 6
15572 2
15573 2
15574 2
15575 2
15576 2
15577 2
15578 2
15579 2
15580 2
15581 2
15582 6
15583 6
15584 6
15585 6
15586 6
15587 6
15588 2
15589 2
15590 2
15591 2
15592 2
15593 2
15594 2
15595 2
15596 2
15597 2
15598 6
15599 6
15600 6
15601 3
15602 3
15603 3
15614 3
15615 3
15616 3
15617 3
15618 3
15619 3
15630 3
15631 3
15632 3
15633 3
15634 3
15635 3
15646 3
15647 3
15648 3
15649 3
15650 3
15651 3
15662 3
15663 3
15664 3
15665 3
15666 3
15667 3
15678 3
15679 3
15680 3
15681 3
15682 3
15683 3
15694 3
15695 3
15696 3
15697 3
15698 3
15699 3
15710 3
15711 3
15712 3
15713 3
15714 3
15715 3
15726 3
15727 3
15728 3
15729 3
15730 3
15731 3
15742 3
15743 3
15744 3
15745 3
15746 3
15747 3
15758 3
15759 3
15760 3
15761 3
15762 3
15763 3
15774 3
15775 3
15776 3
15777 3
15778 3
15779 3
15790 3
15791 3
15792 3
15793 3
15794 3
15795 3
15806 3
15807 3
15808 3
15809 3
15810 3
15811 3
15822 3
15823 3
15824 3
15825 3
15826 3
15827 3
15838 3
15839 3
15840 3
15841 3
15842 3
15843 3
15854 3
15855 3
15856 3
15857 3
15858 3
15859 3
15870 3
15871 3
15872 3
15873 3
15874 3
15875 3
15886 3
15887 3
15888 3
15889 3
15890 3
15891 3
15902 3
15903 3
15904 3
15905 3
15906 3
15907 3
15918 3
15919 3
15920 3
15921 3
15922 3
15923 3
15934 3
15935 3
15936 3
15937 3
15938 3
15939 3
15950 3
15951 3
15952 3
15953 3
15954 3
15955 3
15966 3
15967 3
15968 3
15969 3
15970 3
15971 3
15982 3
15983 3
15984 3
15985 3
15986 3
15987 3
15998 3
15999 3
16000 3
16001 3
16002 3
16003 3
16014 3
16015 3
16016 3
16017 3
16018 3
16019 3
16030 3
16031 3
16032 3
16033 3
16034 3
16035 3
16046 3
16047 3
16048 3
16049 3
16050 3
16051 3
16062 3
16063 3
16064 3
16065 3
16066 3
16067 3
16078 3
16079 3
16080 3
16081 6
16082 6
16083 6
16084 2
16085 2
16086 2
16087 2
16088 2
16089 2
16090 2
16091 2
16092 2
16093 2
16094 6
16095 6
16096 6
16097 6
16098 6
16099 6
16100 2
16101 2
16102 2
16103 2
16104 2
16105 2
16106 2
16107 2
16108 2
16109 2
16110 6
16111 6
16112 6
16113 6
16114 6
16115 6
16116 2
16117 2
16118 2
16119 2
16120 2
16121 2
16122 2
16123 2
16124 2
16125 2
16126 6
16127 6
16128 6
16129 6
16130 6
16131 6
16132 2
16133 2
16134 2
16135 2
16136 2
16137 2
16138 2
16139 2
16140 2
16141 2
16142 6
16143 6
16144 6
16145 6
16146 6
16147 6
16148 2
16149 2
16150 2
16151 2
16152 2
16153 2
16154 2
16155 2
16156 2
16157 2
16158 6
16159 6
16160 6
16161 6
16162 6
16163 6
16164 2
16165 2
16166 2
16167 2
16168 2
16169 2
16170 2
16171 2
16172 2
16173 2
16174 6
16175 6
16176 6
16177 3
16178 3
16179 3
16190 3
16191 3
16192 3
16193 3
16194 3
16195 3
16206 3
16207 3
16208 3
16209 3
16210 3
16211 3
16222 3
16223 3
16224 3
16225 3
16226 3
16227 3
16238 3
16239 3
16240 3
16241 3
16242 3
16243 3
16254 3
16255 3
16256 3
16257 3
16258 3
16259 3
16270 3
16271 3
16272 3
16273 3
16274 3
16275 3
16286 3
16287 3
16288 3
16289 3
16290 3
16291 3
16302 3
16303 3
16304 3
16305 3
16306 3
16307 3
16318 3
16319 3
16320 3
16321 3
16322 3
16323 3
16334 3
16335 3
16336 3
16337 3
16338 3
16339 3
16350 3
16351 3
16352 3
16353 3
16354 3
16355 3
16366 3
16367 3
16368 3
16369 3
16370 3
16371 3
16382 3
16383 3
16384 3
16385 3
16386 3
16387 3
16398 3
16399 3
16400 3
16401 3
16402 3
16403 3
16414 3
16415 3
16416 3
16417 3
16418 3
16419 3
16430 3
16431 3
16432 3
16433 3
16434 3
16435 3
16446 3
16447 3
16448 3
16449 3
16450 3
16451 3
16462 3
16463 3
16464 3
16465 3
16466 3
16467 3
16478 3
16479 3
16480 3
16481 3
16482 3
16483 3
16494 3
16495 3
16496 3
16497 3
16498 3
16499 3
16510 3
16511 3
16512 3
16513 3
16514 3
16515 3
16526 3
16527 3
16528 3
16529 3
16530 3
16531 3
16542 3
16543 3
16544 3
16545 3
16546 3
16547 3
16558 3
16559 3
16560 3
16561 3
16562 3
16563 3
16574 3
16575 3
16576 3
16577 3
16578 3
16579 3
16590 3
16591 3
16592 3
16593 3
16594 3
16595 3
16606 3
16607 3
16608 3
16609 3
16610 3
16611 3
16622 3
16623 3
16624 3
16625 3
16626 3
16627 3
16638 3
16639 3
16640 3
16641 3
16642 3
16643 3
16654 3
16655 3
16656 3
16657 6
16658 6
16659 6
16660 2
16661 2
16662 2
16663 2
16664 2
16665 2
16666 2
16667 2
16668 2
16669 2
16670 6
16671 6
16672 6
16673 6
16674 6
16675 6
16676 2
16677 2
16678 2
16679 2
16680 2
16681 2
16682 2
16683 2
16684 2
16685 2
16686 6
16687 6
16688 6
16689 6
16690 6
16691 6
16692 2
16693 2
16694 2
16695 2
16696 2
16697 2
16698 2
16699 2
16700 2
16701 2
16702 6
16703 6
16704 6
16705 6
16706 6
16707 6
16708 2
16709 2
16710 2
16711 2
16712 2
16713 2
16714 2
16715 2
16716 2
16717 2
16718 6
16719 6
16720 6
16721 6
16722 6
16723 6
16724 2
16725 2
16726 2
16727 2
16728 2
16729 2
16730 2
16731 2
16732 2
16733 2
16734 6
16735 6
16736 6
16737 6
16738 6
16739 6
16740 2
16741 2
16742 2
16743 2
16744 2
16745 2
16746 2
16747 2
16748 2
16749 2
16750 6
16751 6
16752 6
16753 3
16754 3
16755 3
16766 3
16767 3
16768 3
16769 3
16770 3
16771 3
16782 3
16783 3
16784 3
16785 3
16786 3
16787 3
16798 3
16799 3
16800 3
16801 3
16802 3
16803 3
16814 3
16815 3
16816 3
16817 3
16818 3
16819 3
16830 3
16831 3
16832 3
16833 3
16834 3
16835 3
16846 3
16847 3
16848 3
16849 3
16850 3
16851 3
16862 3
16863 3
16864 3
16865 3
16866 3
16867 3
16878 3
16879 3
16880 3
16881 3
16882 3
16883 3
16894 3
16895 3
16896 3
16897 3
16898 3
16899 3
16910 3
16911 3
16912 3
16913 3
16914 3
16915 3
16926 3
16927 3
16928 3
16929 3
16930 3
16931 3
16942 3
16943 3
16944 3
16945 3
16946 3
16947 3
16958 3
16959 3
16960 3
16961 3
16962 3
16963 3
16974 3
16975 3
16976 3
16977 3
16978 3
16979 3
16990 3
16991 3
16992 3
16993 3
16994 3
16995 3
17006 3
17007 3
17008 3
17009 3
17010 3
17011 3
17022 3
17023 3
17024 3
17025 3
17026 3
17027 3
17038 3
17039 3
17040 3
17041 3
17042 3
17043 3
17054 3
17055 3
17056 3
17057 3
17058 3
17059 3
17070 3
17071 3
17072 3
17073 3
17074 3
17075 3
17086 3
17087 3
17088 3
17089 3
17090 3
17091 3
17102 3
17103 3
17104 3
17105 3
17106 3
17107 3
17118 3
17119 3
17120 3
17121 3
17122 3
17123 3
17134 3
17135 3
17136 3
17137 3
17138 3
17139 3
17150 3
17151 3
17152 3
17153 3
17154 3
17155 3
17166 3
17167 3
17168 3
17169 3
17170 3
17171 3
17182 3
17183 3
17184 3
17185 3
17186 3
17187 3
17198 3
17199 3
17200 3
17201 3
17202 3
17203 3
17214 3
17215 3
17216 3
17217 3
17218 3
17219 3
17230 3
17231 3
17232 3
17233 6
17234 6
17235 6
17236 2
17237 2
17238 2
17239 2
17240 2
17241 2
17242 2
17243 2
17244 2
17245 2
17246 6
17247 6
17248 6
17249 6
17250 6
17251 6
17252 2
17253 2
17254 2
17255 2
17256 2
17257 2
17258 2
17259 2
17260 2
17261 2
17262 6
17263 6
17264 6
17265 6
17266 6
17267 6
17268 2
17269 2
17270 2
17271 2
17272 2
17273 2
17274 2
17275 2
17276 2
17277 2
17278 6
17279 6
17280 6
17281 6
17282 6
17283 6
17284 2
17285 2
17286 2
17287 2
17288 2
17289 2
17290 2
17291 2
17292 2
17293 2
17294 6
17295 6
17296 6
17297 6
17298 6
17299 6
17300 2
17301 2
17302 2
17303 2
17304 2
17305 2
17306 2
17307 2
17308 2
17309 2
17310 6
17311 6
17312 6
17313 6
17314 6
17315 6
17316 2
17317 2
17318 2
17319 2
17320 2
17321 2
17322 2
17323 2
17324 2
17325 2
17326 6
17327 6
17328 6
17329 3
17330 3
17331 3
17342 3
17343 3
17344 3
17345 3
17346 3
17347 3
17358 3
17359 3
17360 3
17361 3
17362 3
17363 3
17374 3
17375 3
17376 3
17377 3
17378 3
17379 3
17390 3
17391 3
17392 3
17393 3
17394 3
17395 3
17406 3
17407 3
17408 3
17409 3
17410 3
17411 3
17422 3
17423 3
17424 3
17425 3
17426 3
17427 3
17438 3
17439 3
17440 3
17441 3
17442 3
17443 3
17454 3
17455 3
17456 3
17457 3
17458 3
17459 3
17470 3
17471 3
17472 3
17473 3
17474 3
17475 3
17486 3
17487 3
17488 3
17489 3
17490 3
17491 3
17502 3
17503 3
17504 3
17505 3
17506 3
17507 3
17518 3
17519 3
17520 3
17521 3
17522 3
17523 3
17534 3
17535 3
17536 3
17537 3
17538 3
17539 3
17550 3
17551 3
17552 3
17553 3
17554 3
17555 3
17566 3
17567 3
17568 3
17569 3
17570 3
17571 3
17582 3
17583 3
17584 3
17585 3
17586 3
17587 3
17598 3
17599 3
17600 3
17601 3
17602 3
17603 3
17614 3
17615 3
17616 3
17617 3
17618 3
17619 3
17630 3
17631 3
17632 3
17633 3
17634 3
17635 3
17646 3
17647 3
17648 3
17649 3
17650 3
17651 3
17662 3
17663 3
17664 3
17665 3
17666 3
17667 3
17678 3
17679 3
17680 3
17681 3
17682 3
17683 3
17694 3
17695 3
17696 3
17697 3
17698 3
17699 3
17710 3
17711 3
17712 3
17713 3
17714 3
17715 3
17726 3
17727 3
17728 3
17729 3
17730 3
17731 3
17742 3
17743 3
17744 3
17745 3
17746 3
17747 3
17758 3
17759 3
17760 3
17761 3
17762 3
17763 3
17774 3
17775 3
17776 3
17777 3
17778 3
17779 3
17790 3
17791 3
17792 3
17793 3
17794 3
17795 3
17806 3
17807 3
17808 3
17809 6
17810 6
17811 6
17812 2
17813 2
17814 2
17815 2
17816 2
17817 2
17818 2
17819 2
17820 2
17821 2
17822 6
17823 6
17824 6
17825 6
17826 6
17827 6
17828 2
17829 2
17830 2
17831 2
17832 2
17833 2
17834 2
17835 2
17836 2
17837 2
17838 6
17839 6
17840 6
17841 6
17842 6
17843 6
17844 2
17845 2
17846 2
17847 2
17848 2
17849 2
17850 2
17851 2
17852 2
17853 2
17854 6
17855 6
17856 6
17857 6
17858 6
17859 6
17860 2
17861 2
17862 2
17863 2
17864 2
17865 2
17866 2
17867 2
17868 2
17869 2
17870 6
17871 6
17872 6
17873 6
17874 6
17875 6
17876 2
17877 2
17878 2
17879 2
17880 2
17881 2
17882 2
17883 2
17884 2
17885 2
17886 6
17887 6
17888 6
17889 6
17890 6
17891 6
17892 2
17893 2
17894 2
17895 2
17896 2
17897 2
17898 2
17899 2
17900 2
17901 2
17902 6
17903 6
17904 6
17905 3
17906 3
17907 3
17918 3
17919 3
17920 3
17921 3
17922 3
17923 3
17934 3
17935 3
17936 3
17937 3
17938 3
17939 3
17950 3
17951 3
17952 3
17953 3
17954 3
17955 3
17966 3
17967 3
17968 3
17969 3
17970 3
17971 3
17982 3
17983 3
17984 3
17985 3
17986 3
17987 3
17998 3
17999 3
18000 3
18001 3
18002 3
18003 3
18014 3
18015 3
18016 3
18017 3
18018 3
18019 3
18030 3
18031 3
18032 3
18033 3
18034 3
18035 3
18046 3
18047 3
18048 3
18049 3
18050 3
18051 3
18062 3
18063 3
18064 3
18065 3
18066 3
18067 3
18078 3
18079 3
18080 3
18081 3
18082 3
18083 3
18094 3
18095 3
18096 3
18097 3
18098 3
18099 3
18110 3
18111 3
18112 3
18113 3
18114 3
18115 3
18126 3
18127 3
18128 3
18129 3
18130 3
18131 3
18142 3
18143 3
18144 3
18145 3
18146 3
18147 3
18158 3
18159 3
18160 3
18161 3
18162 3
18163 3
18174 3
18175 3
18176 3
18177 3
18178 3
18179 3
18190 3
18191 3
18192 3
18193 3
18194 3
18195 3
18206 3
18207 3
18208 3
18209 3
18210 3
18211 3
18222 3
18223 3
18224 3
18225 3
18226 3
18227 3
18238 3
18239 3
18240 3
18241 3
18242 3
18243 3
18254 3
18255 3
18256 3
18257 3
18258 3
18259 3
18270 3
18271 3
18272 3
18273 3
18274 3
18275 3
18286 3
18287 3
18288 3
18289 3
18290 3
18291 3
18302 3
18303 3
18304 3
18305 3
18306 3
18307 3
18318 3
18319 3
18320 3
18321 3
18322 3
18323 3
18334 3
18335 3
18336 3
18337 3
18338 3
18339 3
18350 3
18351 3
18352 3
18353 3
18354 3
18355 3
18366 3
18367 3
18368 3
18369 3
18370 3
18371 3
18382 3
18383 3
18384 3
18385 6
18386 6
18387 6
18388 2
18389 2
18390 2
18391 2
18392 2
18393 2
18394 2
18395 2
18396 2
18397 2
18398 6
18399 6
18400 6
18401 6
18402 6
18403 6
18404 2
18405 2
18406 2
18407 2
18408 2
18409 2
18410 2
18411 2
18412 2
18413 2
18414 6
18415 6
18416 6
18417 6
18418 6
18419 6
18420 2
18421 2
18422 2
18423 2
18424 2
18425 2
18426 2
18427 2
18428 2
18429 2
18430 6
18431 6
18432 6
18433 6
18434 6
18435 6
18436 2
18437 2
18438 2
18439 2
18440 2
18441 2
18442 2
18443 2
18444 2
18445 2
18446 6
18447 6
18448 6
18449 6
18450 6
18451 6
18452 2
18453 2
18454 2
18455 2
18456 2
18457 2
18458 2
18459 2
18460 2
18461 2
18462 6
18463 6
18464 6
18465 6
18466 6
18467 6
18468 2
18469 2
18470 2
18471 2
18472 2
18473 2
18474 2
18475 2
18476 2
18477 2
18478 6
18479 6
18480 6
18481 3
18482 3
18483 3
18494 3
18495 3
18496 3
18497 3
18498 3
18499 3
18510 3
18511 3
18512 3
18513 3
18514 3
18515 3
18526 3
18527 3
18528 3
18529 3
18530 3
18531 3
18542 3
18543 3
18544 3
18545 3
18546 3
18547 3
18558 3
18559 3
18560 3
18561 3
18562 3
18563 3
18574 3
18575 3
18576 3
18577 3
18578 3
18579 3
18590 3
18591 3
18592 3
18593 3
18594 3
18595 3
18606 3
18607 3
18608 3
18609 3
18610 3
18611 3
18622 3
18623 3
18624 3
18625 3
18626 3
18627 3
18638 3
18639 3
18640 3
18641 3
18642 3
18643 3
18654 3
18655 3
18656 3
18657 3
18658 3
18659 3
18670 3
18671 3
18672 3
18673 3
18674 3
18675 3
18686 3
18687 3
18688 3
18689 3
18690 3
18691 3
18702 3
18703 3
18704 3
18705 3
18706 3
18707 3
18718 3
18719 3
18720 3
18721 3
18722 3
18723 3
18734 3
18735 3
18736 3
18737 3
18738 3
18739 3
18750 3
18751 3
18752 3
18753 3
18754 3
18755 3
18766 3
18767 3
18768 3
18769 3
18770 3
18771 3
18782 3
18783 3
18784 3
18785 3
18786 3
18787 3
18798 3
18799 3
18800 3
18801 3
18802 3
18803 3
18814 3
18815 3
18816 3
18817 3
18818 3
18819 3
18830 3
18831 3
18832 3
18833 3
18834 3
18835 3
18846 3
18847 3
18848 3
18849 3
18850 3
18851 3
18862 3
18863 3
18864 3
18865 3
18866 3
18867 3
18878 3
18879 3
18880 3
18881 3
18882 3
18883 3
18894 3
18895 3
18896 3
18897 3
18898 3
18899 3
18910 3
18911 3
18912 3
18913 3
18914 3
18915 3
18926 3
18927 3
18928 3
18929 3
18930 3
18931 3
18942 3
18943 3
18944 3
18945 3
18946 3
18947 3
18958 3
18959 3
18960 3
18961 6
18962 6
18963 6
18964 2
18965 2
18966 2
18967 2
18968 2
18969 2
18970 2
18971 2
18972 2
18973 2
18974 6
18975 6
18976 6
18977 6
18978 6
18979 6
18980 2
18981 2
18982 2
18983 2
18984 2
18985 2
18986 2
18987 2
18988 2
18989 2
18990 6
18991 6
18992 6
18993 6
18994 6
18995 6
18996 2
18997 2
18998 2
18999 2
19000 2
19001 2
19002 2
19003 2
19004 2
19005 2
19006 6
19007 6
19008 6
19009 7
19010 7
19011 7
19012 4
19013 4
19014 4
19015 4
19016 4
19017 4
19018 4
19019 4
19020 4
19021 4
19022 7
19023 7
19024 7
19025 7
19026 7
19027 7
19028 4
19029 4
19030 4
19031 4
19032 4
19033 4
19034 4
19035 4
19036 4
19037 4
19038 7
19039 7
19040 7
19041 7
19042 7
19043 7
19044 4
19045 4
19046 4
19047 4
19048 4
19049 4
19050 4
19051 4
19052 4
19053 4
19054 7
19055 7
19056 7
19057 5
19058 5
19059 5
19060 1
19061 1
19062 1
19063 1
19064 1
19065 1
19066 1
19067 1
19068 1
19069 1
19070 5
19071 5
19072 5
19073 5
19074 5
19075 5
19076 1
19077 1
19078 1
19079 1
19080 1
19081 1
19082 1
19083 1
19084 1
19085 1
19086 5
19087 5
19088 5
19089 5
19090 5
19091 5
19092 1
19093 1
19094 1
19095 1
19096 1
19097 1
19098 1
19099 1
19100 1
19101 1
19102 5
19103 5
19104 5
19105 5
19106 5
19107 5
19108 1
19109 1
19110 1
19111 1
19112 1
19113 1
19114 1
19115 1
19116 1
19117 1
19118 5
19119 5
19120 5
19121 5
19122 5
19123 5
19124 1
19125 1
19126 1
19127 1
19128 1
19129 1
19130 1
19131 1
19132 1
19133 1
19134 5
19135 5
19136 5
19137 5
19138 5
19139 5
19140 1
19141 1
19142 1
19143 1
19144 1
19145 1
19146 1
19147 1
19148 1
19149 1
19150 5
19151 5
19152 5
19153 5
19154 5
19155 5
19156 1
19157 1
19158 1
19159 1
19160 1
19161 1
19162 1
19163 1
19164 1
19165 1
19166 5
19167 5
19168 5
19169 5
19170 5
19171 5
19172 1
19173 1
19174 1
19175 1
19176 1
19177 1
19178 1
19179 1
19180 1
19181 1
19182 5
19183 5
19184 5
19185 5
19186 5
19187 5
19188 1
19189 1
19190 1
19191 1
19192 1
19193 1
19194 1
19195 1
19196 1
19197 1
19198 5
19199 5
19200 5
19201 5
19202 5
19203 5
19204 1
19205 1
19206 1
19207 1
19208 1
19209 1
19210 1
19211 1
19212 1
19213 1
19214 5
19215 5
19216 5
19217 5
19218 5
19219 5
19220 1
19221 1
19222 1
19223 1
19224 1
19225 1
19226 1
19227 1
19228 1
19229 1
19230 5
19231 5
19232 5
19233 5
19234 5
19235 5
19236 1
19237 1
19238 1
19239 1
19240 1
19241 1
19242 1
19243 1
19244 1
19245 1
19246 5
19247 5
19248 5
19249 5
19250 5
19251 5
19252 1
19253 1
19254 1
19255 1
19256 1
19257 1
19258 1
19259 1
19260 1
19261 1
19262 5
19263 5
19264 5
19265 5
19266 5
19267 5
19268 1
19269 1
19270 1
19271 1
19272 1
19273 1
19274 1
19275 1
19276 1
19277 1
19278 5
19279 5
19280 5
19281 5
19282 5
19283 5
19284 1
19285 1
19286 1
19287 1
19288 1
19289 1
19290 1
19291 1
19292 1
19293 1
19294 5
19295 5
19296 5
19297 5
19298 5
19299 5
19300 1
19301 1
19302 1
19303 1
19304 1
19305 1
19306 1
19307 1
19308 1
19309 1
19310 5
19311 5
19312 5
19313 5
19314 5
19315 5
19316 1
19317 1
19318 1
19319 1
19320 1
19321 1
19322 1
19323 1
19324 1
19325 1
19326 5
19327 5
19328 5
19329 5
19330 5
19331 5
19332 1
19333 1
19334 1
19335 1
19336 1
19337 1
19338 1
19339 1
19340 1
19341 1
19342 5
19343 5
19344 5
19345 5
19346 5
19347 5
19348 1
19349 1
19350 1
19351 1
19352 1
19353 1
19354 1
19355 1
19356 1
19357 1
19358 5
19359 5
19360 5
19361 5
19362 5
19363 5
19364 1
19365 1
19366 1
19367 1
19368 1
19369 1
19370 1
19371 1
19372 1
19373 1
19374 5
19375 5
19376 5
19377 5
19378 5
19379 5
19380 1
19381 1
19382 1
19383 1
19384 1
19385 1
19386 1
19387 1
19388 1
19389 1
19390 5
19391 5
19392 5
19393 5
19394 5
19395 5
19396 1
19397 1
19398 1
19399 1
19400 1
19401 1
19402 1
19403 1
19404 1
19405 1
19406 5
19407 5
19408 5
19409 5
19410 5
19411 5
19412 1
19413 1
19414 1
19415 1
19416 1
19417 1
19418 1
19419 1
19420 1
19421 1
19422 5
19423 5
19424 5
19425 5
19426 5
19427 5
19428 1
19429 1
19430 1
19431 1
19432 1
19433 1
19434 1
19435 1
19436 1
19437 1
19438 5
19439 5
19440 5
19441 5
19442 5
19443 5
19444 1
19445 1
19446 1
19447 1
19448 1
19449 1
19450 1
19451 1
19452 1
19453 1
19454 5
19455 5
19456 5
19457 5
19458 5
19459 5
19460 1
19461 1
19462 1
19463 1
19464 1
19465 1
19466 1
19467 1
19468 1
19469 1
19470 5
19471 5
19472 5
19473 5
19474 5
19475 5
19476 1
19477 1
19478 1
19479 1
19480 1
19481 1
19482 1
19483 1
19484 1
19485 1
19486 5
19487 5
19488 5
19489 5
19490 5
19491 5
19492 1
19493 1
19494 1
19495 1
19496 1
19497 1
19498 1
19499 1
19500 1
19501 1
19502 5
19503 5
19504 5
19505 5
19506 5
19507 5
19508 1
19509 1
19510 1
19511 1
19512 1
19513 1
19514 1
19515 1
19516 1
19517 1
19518 5
19519 5
19520 5
19521 5
19522 5
19523 5
19524 1
19525 1
19526 1
19527 1
19528 1
19529 1
19530 1
19531 1
19532 1
19533 1
19534 5
19535 5
19536 5
19537 7
19538 7
19539 7
19540 4
19541 4
19542 4
19543 4
19544 4
19545 4
19546 4
19547 4
19548 4
19549 4
19550 7
19551 7
19552 7
19553 7
19554 7
19555 7
19556 4
19557 4
19558 4
19559 4
19560 4
19561 4
19562 4
19563 4
19564 4
19565 4
19566 7
19567 7
19568 7
19569 7
19570 7
19571 7
19572 4
19573 4
19574 4
19575 4
19576 4
19577 4
19578 4
19579 4
19580 4
19581 4
19582 7
19583 7
19584 7
19585 7
19586 7
19587 7
19588 4
19589 4
19590 4
19591 4
19592 4
19593 4
19594 4
19595 4
19596 4
19597 4
19598 7
19599 7
19600 7
19601 7
19602 7
19603 7
19604 4
19605 4
19606 4
19607 4
19608 4
19609 4
19610 4
19611 4
19612 4
19613 4
19614 7
19615 7
19616 7
19617 7
19618 7
19619 7
19620 4
19621 4
19622 4
19623 4
19624 4
19625 4
19626 4
19627 4
19628 4
19629 4
19630 7
19631 7
19632 7
19633 5
19634 5
19635 5
19636 1
19637 1
19638 1
19639 1
19640 1
19641 1
19642 1
19643 1
19644 1
19645 1
19646 5
19647 5
19648 5
19649 5
19650 5
19651 5
19652 1
19653 1
19654 1
19655 1
19656 1
19657 1
19658 1
19659 1
19660 1
19661 1
19662 5
19663 5
19664 5
19665 5
19666 5
19667 5
19668 1
19669 1
19670 1
19671 1
19672 1
19673 1
19674 1
19675 1
19676 1
19677 1
19678 5
19679 5
19680 5
19681 5
19682 5
19683 5
19684 1
19685 1
19686 1
19687 1
19688 1
19689 1
19690 1
19691 1
19692 1
19693 1
19694 5
19695 5
19696 5
19697 5
19698 5
19699 5
19700 1
19701 1
19702 1
19703 1
19704 1
19705 1
19706 1
19707 1
19708 1
19709 1
19710 5
19711 5
19712 5
19713 5
19714 5
19715 5
19716 1
19717 1
19718 1
19719 1
19720 1
19721 1
19722 1
19723 1
19724 1
19725 1
19726 5
19727 5
19728 5
19729 5
19730 5
19731 5
19732 1
19733 1
19734 1
19735 1
19736 1
19737 1
19738 1
19739 1
19740 1
19741 1
19742 5
19743 5
19744 5
19745 5
19746 5
19747 5
19748 1
19749 1
19750 1
19751 1
19752 1
19753 1
19754 1
19755 1
19756 1
19757 1
19758 5
19759 5
19760 5
19761 5
19762 5
19763 5
19764 1
19765 1
19766 1
19767 1
19768 1
19769 1
19770 1
19771 1
19772 1
19773 1
19774 5
19775 5
19776 5
19777 5
19778 5
19779 5
19780 1
19781 1
19782 1
19783 1
19784 1
19785 1
19786 1
19787 1
19788 1
19789 1
19790 5
19791 5
19792 5
19793 5
19794 5
19795 5
19796 1
19797 1
19798 1
19799 1
19800 1
19801 1
19802 1
19803 1
19804 1
19805 1
19806 5
19807 5
19808 5
19809 5
19810 5
19811 5
19812 1
19813 1
19814 1
19815 1
19816 1
19817 1
19818 1
19819 1
19820 1
19821 1
19822 5
19823 5
19824 5
19825 5
19826 5
19827 5
19828 1
19829 1
19830 1
19831 1
19832 1
19833 1
19834 1
19835 1
19836 1
19837 1
19838 5
19839 5
19840 5
19841 5
19842 5
19843 5
19844 1
19845 1
19846 1
19847 1
19848 1
19849 1
19850 1
19851 1
19852 1
19853 1
19854 5
19855 5
19856 5
19857 5
19858 5
19859 5
19860 1
19861 1
19862 1
19863 1
19864 1
19865 1
19866 1
19867 1
19868 1
19869 1
19870 5
19871 5
19872 5
19873 5
19874 5
19875 5
19876 1
19877 1
19878 1
19879 1
19880 1
19881 1
19882 1
19883 1
19884 1
19885 1
19886 5
19887 5
19888 5
19889 5
19890 5
19891 5
19892 1
19893 1
19894 1
19895 1
19896 1
19897 1
19898 1
19899 1
19900 1
19901 1
19902 5
19903 5
19904 5
19905 5
19906 5
19907 5
19908 1
19909 1
19910 1
19911 1
19912 1
19913 1
19914 1
19915 1
19916 1
19917 1
19918 5
19919 5
19920 5
19921 5
19922 5
19923 5
19924 1
19925 1
19926 1
19927 1
19928 1
19929 1
19930 1
19931 1
19932 1
19933 1
19934 5
19935 5
19936 5
19937 5
19938 5
19939 5
19940 1
19941 1
19942 1
19943 1
19944 1
19945 1
19946 1
19947 1
19948 1
19949 1
19950 5
19951 5
19952 5
19953 5
19954 5
19955 5
19956 1
19957 1
19958 1
19959 1
19960 1
19961 1
19962 1
19963 1
19964 1
19965 1
19966 5
19967 5
19968 5
19969 5
19970 5
19971 5
19972 1
19973 1
19974 1
19975 1
19976 1
19977 1
19978 1
19979 1
19980 1
19981 1
19982 5
19983 5
19984 5
19985 5
19986 5
19987 5
19988 1
19989 1
19990 1
19991 1
19992 1
19993 1
19994 1
19995 1
19996 1
19997 1
19998 5
19999 5
20000 5
20001 5
20002 5
20003 5
20004 1
20005 1
20006 1
20007 1
20008 1
20009 1
20010 1
20011 1
20012 1
20013 1
20014 5
20015 5
20016 5
20017 5
20018 5
20019 5
20020 1
20021 1
20022 1
20023 1
20024 1
20025 1
20026 1
20027 1
20028 1
20029 1
20030 5
20031 5
20032 5
20033 5
20034 5
20035 5
20036 1
20037 1
20038 1
20039 1
20040 1
20041 1
20042 1
20043 1
20044 1
20045 1
20046 5
20047 5
20048 5
20049 5
20050 5
20051 5
20052 1
20053 1
20054 1
20055 1
20056 1
20057 1
20058 1
20059 1
20060 1
20061 1
20062 5
20063 5
20064 5
20065 5
20066 5
20067 5
20068 1
20069 1
20070 1
20071 1
20072 1
20073 1
20074 1
20075 1
20076 1
20077 1
20078 5
20079 5
20080 5
20081 5
20082 5
20083 5
20084 1
20085 1
20086 1
20087 1
20088 1
20089 1
20090 1
20091 1
20092 1
20093 1
20094 5
20095 5
20096 5
20097 5
20098 5
20099 5
20100 1
20101 1
20102 1
20103 1
20104 1
20105 1
20106 1
20107 1
20108 1
20109 1
20110 5
20111 5
20112 5
20113 7
20114 7
20115 7
20116 4
20117 4
20118 4
20119 4
20120 4
20121 4
20122 4
20123 4
20124 4
20125 4
20126 7
20127 7
20128 7
20129 7
20130 7
20131 7
20132 4
20133 4
20134 4
20135 4
20136 4
20137 4
20138 4
20139 4
20140 4
20141 4
20142 7
20143 7
20144 7
20145 7
20146 7
20147 7
20148 4
20149 4
20150 4
20151 4
20152 4
20153 4
20154 4
20155 4
20156 4
20157 4
20158 7
20159 7
20160 7
20161 7
20162 7
20163 7
20164 4
20165 4
20166 4
20167 4
20168 4
20169 4
20170 4
20171 4
20172 4
20173 4
20174 7
20175 7
20176 7
20177 7
20178 7
20179 7
20180 4
20181 4
20182 4
20183 4
20184 4
20185 4
20186 4
20187 4
20188 4
20189 4
20190 7
20191 7
20192 7
20193 7
20194 7
20195 7
20196 4
20197 4
20198 4
20199 4
20200 4
20201 4
20202 4
20203 4
20204 4
20205 4
20206 7
20207 7
20208 7
20209 5
20210 5
20211 5
20212 1
20213 1
20214 1
20215 1
20216 1
20217 1
20218 1
20219 1
20220 1
20221 1
20222 5
20223 5
20224 5
20225 5
20226 5
20227 5
20228 1
20229 1
20230 1
20231 1
20232 1
20233 1
20234 1
20235 1
20236 1
20237 1
20238 5
20239 5
20240 5
20241 5
20242 5
20243 5
20244 1
20245 1
20246 1
20247 1
20248 1
20249 1
20250 1
20251 1
20252 1
20253 1
20254 5
20255 5
20256 5
20257 5
20258 5
20259 5
20260 1
20261 1
20262 1
20263 1
20264 1
20265 1
20266 1
20267 1
20268 1
20269 1
20270 5
20271 5
20272 5
20273 5
20274 5
20275 5
20276 1
20277 1
20278 1
20279 1
20280 1
20281 1
20282 1
20283 1
20284 1
20285 1
20286 5
20287 5
20288 5
20289 5
20290 5
20291 5
20292 1
20293 1
20294 1
20295 1
20296 1
20297 1
20298 1
20299 1
20300 1
20301 1
20302 5
20303 5
20304 5
20305 5
20306 5
20307 5
20308 1
20309 1
20310 1
20311 1
20312 1
20313 1
20314 1
20315 1
20316 1
20317 1
20318 5
20319 5
20320 5
20321 5
20322 5
20323 5
20324 1
20325 1
20326 1
20327 1
20328 1
20329 1
20330 1
20331 1
20332 1
20333 1
20334 5
20335 5
20336 5
20337 5
20338 5
20339 5
20340 1
20341 1
20342 1
20343 1
20344 1
20345 1
20346 1
20347 1
20348 1
20349 1
20350 5
20351 5
20352 5
20353 5
20354 5
20355 5
20356 1
20357 1
20358 1
20359 1
20360 1
20361 1
20362 1
20363 1
20364 1
20365 1
20366 5
20367 5
20368 5
20369 5
20370 5
20371 5
20372 1
20373 1
20374 1
20375 1
20376 1
20377 1
20378 1
20379 1
20380 1
20381 1
20382 5
20383 5
20384 5
20385 5
20386 5
20387 5
20388 1
20389 1
20390 1
20391 1
20392 1
20393 1
20394 1
20395 1
20396 1
20397 1
20398 5
20399 5
20400 5
20401 5
20402 5
20403 5
20404 1
20405 1
20406 1
20407 1
20408 1
20409 1
20410 1
20411 1
20412 1
20413 1
20414 5
20415 5
20416 5
20417 5
20418 5
20419 5
20420 1
20421 1
20422 1
20423 1
20424 1
20425 1
20426 1
20427 1
20428 1
20429 1
20430 5
20431 5
20432 5
20433 5
20434 5
20435 5
20436 1
20437 1
20438 1
20439 1
20440 1
20441 1
20442 1
20443 1
20444 1
20445 1
20446 5
20447 5
20448 5
20449 5
20450 5
20451 5
20452 1
20453 1
20454 1
20455 1
20456 1
20457 1
20458 1
20459 1
20460 1
20461 1
20462 5
20463 5
20464 5
20465 5
20466 5
20467 5
20468 1
20469 1
20470 1
20471 1
20472 1
20473 1
20474 1
20475 1
20476 1
20477 1
20478 5
20479 5
20480 5
20481 5
20482 5
20483 5
20484 1
20485 1
20486 1
20487 1
20488 1
20489 1
20490 1
20491 1
20492 1
20493 1
20494 5
20495 5
20496 5
20497 5
20498 5
20499 5
20500 1
20501 1
20502 1
20503 1
20504 1
20505 1
20506 1
20507 1
20508 1
20509 1
20510 5
20511 5
20512 5
20513 5
20514 5
20515 5
20516 1
20517 1
20518 1
20519 1
20520 1
20521 1
20522 1
20523 1
20524 1
20525 1
20526 5
20527 5
20528 5
20529 5
20530 5
20531 5
20532 1
20533 1
20534 1
20535 1
20536 1
20537 1
20538 1
20539 1
20540 1
20541 1
20542 5
20543 5
20544 5
20545 5
20546 5
20547 5
20548 1
20549 1
20550 1
20551 1
20552 1
20553 1
20554 1
20555 1
20556 1
20557 1
20558 5
20559 5
20560 5
20561 5
20562 5
20563 5
20564 1
20565 1
20566 1
20567 1
20568 1
20569 1
20570 1
20571 1
20572 1
20573 1
20574 5
20575 5
20576 5
20577 5
20578 5
20579 5
20580 1
20581 1
20582 1
20583 1
20584 1
20585 1
20586 1
20587 1
20588 1
20589 1
20590 5
20591 5
20592 5
20593 5
20594 5
20595 5
20596 1
20597 1
20598 1
20599 1
20600 1
20601 1
20602 1
20603 1
20604 1
20605 1
20606 5
20607 5
20608 5
20609 5
20610 5
20611 5
20612 1
20613 1
20614 1
20615 1
20616 1
20617 1
20618 1
20619 1
20620 1
20621 1
20622 5
20623 5
20624 5
20625 5
20626 5
20627 5
20628 1
20629 1
20630 1
20631 1
20632 1
20633 1
20634 1
20635 1
20636 1
20637 1
20638 5
20639 5
20640 5
20641 5
20642 5
20643 5
20644 1
20645 1
20646 1
20647 1
20648 1
20649 1
20650 1
20651 1
20652 1
20653 1
20654 5
20655 5
20656 5
20657 5
20658 5
20659 5
20660 1
20661 1
20662 1
20663 1
20664 1
20665 1
20666 1
20667 1
20668 1
20669 1
20670 5
20671 5
20672 5
20673 5
20674 5
20675 5
20676 1
20677 1
20678 1
20679 1
20680 1
20681 1
20682 1
20683 1
20684 1
20685 1
20686 5
20687 5
20688 5
20689 7
20690 7
20691 7
20692 4
20693 4
20694 4
20695 4
20696 4
20697 4
20698 4
20699 4
20700 4
20701 4
20702 7
20703 7
20704 7
20705 7
20706 7
20707 7
20708 4
20709 4
20710 4
20711 4
20712 4
20713 4
20714 4
20715 4
20716 4
20717 4
20718 7
20719 7
20720 7
20721 7
20722 7
20723 7
20724 4
20725 4
20726 4
20727 4
20728 4
20729 4
20730 4
20731 4
20732 4
20733 4
20734 7
20735 7
20736 7
