1296
1 110 1335 109 74
17 1335 1336 108 109
33 1336 1337 107 108
49 1337 1338 106 107
65 1338 1339 105 106
81 1339 1340 104 105
97 1340 1341 103 104
113 1341 1342 102 103
129 1342 1343 101 102
145 1343 1344 100 101
161 1344 1345 99 100
177 1345 1346 98 99
193 1346 1347 97 98
209 1347 1348 96 97
225 1348 1349 95 96
241 1349 1350 94 95
257 1350 1351 93 94
273 1351 1352 92 93
289 1352 1353 91 92
305 1353 1354 90 91
321 1354 1355 89 90
337 1355 1356 88 89
353 1356 1357 87 88
369 1357 1358 86 87
385 1358 1359 85 86
401 1359 1360 84 85
417 1360 1361 83 84
433 1361 1362 82 83
449 1362 1363 81 82
465 1363 1364 80 81
481 1364 1365 79 80
497 1365 1366 78 79
513 1366 1367 77 78
529 1367 1368 76 77
545 1368 1369 75 76
561 1369 73 38 75
577 111 1300 1335 110
593 1300 1301 1336 1335
609 1301 1302 1337 1336
625 1302 1303 1338 1337
641 1303 1304 1339 1338
657 1304 1305 1340 1339
673 1305 1306 1341 1340
689 1306 1307 1342 1341
705 1307 1308 1343 1342
721 1308 1309 1344 1343
737 1309 1310 1345 1344
753 1310 1311 1346 1345
769 1311 1312 1347 1346
785 1312 1313 1348 1347
801 1313 1314 1349 1348
817 1314 1315 1350 1349
833 1315 1316 1351 1350
849 1316 1317 1352 1351
865 1317 1318 1353 1352
881 1318 1319 1354 1353
897 1319 1320 1355 1354
913 1320 1321 1356 1355
929 1321 1322 1357 1356
945 1322 1323 1358 1357
961 1323 1324 1359 1358
977 1324 1325 1360 1359
993 1325 1326 1361 1360
1009 1326 1327 1362 1361
1025 1327 1328 1363 1362
1041 1328 1329 1364 1363
1057 1329 1330 1365 1364
1073 1330 1331 1366 1365
1089 1331 1332 1367 1366
1105 1332 1333 1368 1367
1121 1333 1334 1369 1368
1137 1334 72 73 1369
1153 112 1265 1300 111
1169 1265 1266 1301 1300
1185 1266 1267 1302 1301
1201 1267 1268 1303 1302
1217 1268 1269 1304 1303
1233 1269 1270 1305 1304
1249 1270 1271 1306 1305
1265 1271 1272 1307 1306
1281 1272 1273 1308 1307
1297 1273 1274 1309 1308
1313 1274 1275 1310 1309
1329 1275 1276 1311 1310
1345 1276 1277 1312 1311
1361 1277 1278 1313 1312
1377 1278 1279 1314 1313
1393 1279 1280 1315 1314
1409 1280 1281 1316 1315
1425 1281 1282 1317 1316
1441 1282 1283 1318 1317
1457 1283 1284 1319 1318
1473 1284 1285 1320 1319
1489 1285 1286 1321 1320
1505 1286 1287 1322 1321
1521 1287 1288 1323 1322
1537 1288 1289 1324 1323
1553 1289 1290 1325 1324
1569 1290 1291 1326 1325
1585 1291 1292 1327 1326
1601 1292 1293 1328 1327
1617 1293 1294 1329 1328
1633 1294 1295 1330 1329
1649 1295 1296 1331 1330
1665 1296 1297 1332 1331
1681 1297 1298 1333 1332
1697 1298 1299 1334 1333
1713 1299 71 72 1334
1729 113 1230 1265 112
1745 1230 1231 1266 1265
1761 1231 1232 1267 1266
1777 1232 1233 1268 1267
1793 1233 1234 1269 1268
1809 1234 1235 1270 1269
1825 1235 1236 1271 1270
1841 1236 1237 1272 1271
1857 1237 1238 1273 1272
1873 1238 1239 1274 1273
1889 1239 1240 1275 1274
1905 1240 1241 1276 1275
1921 1241 1242 1277 1276
1937 1242 1243 1278 1277
1953 1243 1244 1279 1278
1969 1244 1245 1280 1279
1985 1245 1246 1281 1280
2001 1246 1247 1282 1281
2017 1247 1248 1283 1282
2033 1248 1249 1284 1283
2049 1249 1250 1285 1284
2065 1250 1251 1286 1285
2081 1251 1252 1287 1286
2097 1252 1253 1288 1287
2113 1253 1254 1289 1288
2129 1254 1255 1290 1289
2145 1255 1256 1291 1290
2161 1256 1257 1292 1291
2177 1257 1258 1293 1292
2193 1258 1259 1294 1293
2209 1259 1260 1295 1294
2225 1260 1261 1296 1295
2241 1261 1262 1297 1296
2257 1262 1263 1298 1297
2273 1263 1264 1299 1298
2289 1264 70 71 1299
2305 114 1195 1230 113
2321 1195 1196 1231 1230
2337 1196 1197 1232 1231
2353 1197 1198 1233 1232
2369 1198 1199 1234 1233
2385 1199 1200 1235 1234
2401 1200 1201 1236 1235
2417 1201 1202 1237 1236
2433 1202 1203 1238 1237
2449 1203 1204 1239 1238
2465 1204 1205 1240 1239
2481 1205 1206 1241 1240
2497 1206 1207 1242 1241
2513 1207 1208 1243 1242
2529 1208 1209 1244 1243
2545 1209 1210 1245 1244
2561 1210 1211 1246 1245
2577 1211 1212 1247 1246
2593 1212 1213 1248 1247
2609 1213 1214 1249 1248
2625 1214 1215 1250 1249
2641 1215 1216 1251 1250
2657 1216 1217 1252 1251
2673 1217 1218 1253 1252
2689 1218 1219 1254 1253
2705 1219 1220 1255 1254
2721 1220 1221 1256 1255
2737 1221 1222 1257 1256
2753 1222 1223 1258 1257
2769 1223 1224 1259 1258
2785 1224 1225 1260 1259
2801 1225 1226 1261 1260
2817 1226 1227 1262 1261
2833 1227 1228 1263 1262
2849 1228 1229 1264 1263
2865 1229 69 70 1264
2881 115 1160 1195 114
2897 1160 1161 1196 1195
2913 1161 1162 1197 1196
2929 1162 1163 1198 1197
2945 1163 1164 1199 1198
2961 1164 1165 1200 1199
2977 1165 1166 1201 1200
2993 1166 1167 1202 1201
3009 1167 1168 1203 1202
3025 1168 1169 1204 1203
3041 1169 1170 1205 1204
3057 1170 1171 1206 1205
3073 1171 1172 1207 1206
3089 1172 1173 1208 1207
3105 1173 1174 1209 1208
3121 1174 1175 1210 1209
3137 1175 1176 1211 1210
3153 1176 1177 1212 1211
3169 1177 1178 1213 1212
3185 1178 1179 1214 1213
3201 1179 1180 1215 1214
3217 1180 1181 1216 1215
3233 1181 1182 1217 1216
3249 1182 1183 1218 1217
3265 1183 1184 1219 1218
3281 1184 1185 1220 1219
3297 1185 1186 1221 1220
3313 1186 1187 1222 1221
3329 1187 1188 1223 1222
3345 1188 1189 1224 1223
3361 1189 1190 1225 1224
3377 1190 1191 1226 1225
3393 1191 1192 1227 1226
3409 1192 1193 1228 1227
3425 1193 1194 1229 1228
3441 1194 68 69 1229
3457 116 1125 1160 115
3473 1125 1126 1161 1160
3489 1126 1127 1162 1161
3505 1127 1128 1163 1162
3521 1128 1129 1164 1163
3537 1129 1130 1165 1164
3553 1130 1131 1166 1165
3569 1131 1132 1167 1166
3585 1132 1133 1168 1167
3601 1133 1134 1169 1168
3617 1134 1135 1170 1169
3633 1135 1136 1171 1170
3649 1136 1137 1172 1171
3665 1137 1138 1173 1172
3681 1138 1139 1174 1173
3697 1139 1140 1175 1174
3713 1140 1141 1176 1175
3729 1141 1142 1177 1176
3745 1142 1143 1178 1177
3761 1143 1144 1179 1178
3777 1144 1145 1180 1179
3793 1145 1146 1181 1180
3809 1146 1147 1182 1181
3825 1147 1148 1183 1182
3841 1148 1149 1184 1183
3857 1149 1150 1185 1184
3873 1150 1151 1186 1185
3889 1151 1152 1187 1186
3905 1152 1153 1188 1187
3921 1153 1154 1189 1188
3937 1154 1155 1190 1189
3953 1155 1156 1191 1190
3969 1156 1157 1192 1191
3985 1157 1158 1193 1192
4001 1158 1159 1194 1193
4017 1159 67 68 1194
4033 117 1090 1125 116
4049 1090 1091 1126 1125
4065 1091 1092 1127 1126
4081 1092 1093 1128 1127
4097 1093 1094 1129 1128
4113 1094 1095 1130 1129
4129 1095 1096 1131 1130
4145 1096 1097 1132 1131
4161 1097 1098 1133 1132
4177 1098 1099 1134 1133
4193 1099 1100 1135 1134
4209 1100 1101 1136 1135
4225 1101 1102 1137 1136
4241 1102 1103 1138 1137
4257 1103 1104 1139 1138
4273 1104 1105 1140 1139
4289 1105 1106 1141 1140
4305 1106 1107 1142 1141
4321 1107 1108 1143 1142
4337 1108 1109 1144 1143
4353 1109 1110 1145 1144
4369 1110 1111 1146 1145
4385 1111 1112 1147 1146
4401 1112 1113 1148 1147
4417 1113 1114 1149 1148
4433 1114 1115 1150 1149
4449 1115 1116 1151 1150
4465 1116 1117 1152 1151
4481 1117 1118 1153 1152
4497 1118 1119 1154 1153
4513 1119 1120 1155 1154
4529 1120 1121 1156 1155
4545 1121 1122 1157 1156
4561 1122 1123 1158 1157
4577 1123 1124 1159 1158
4593 1124 66 67 1159
4609 118 1055 1090 117
4625 1055 1056 1091 1090
4641 1056 1057 1092 1091
4657 1057 1058 1093 1092
4673 1058 1059 1094 1093
4689 1059 1060 1095 1094
4705 1060 1061 1096 1095
4721 1061 1062 1097 1096
4737 1062 1063 1098 1097
4753 1063 1064 1099 1098
4769 1064 1065 1100 1099
4785 1065 1066 1101 1100
4801 1066 1067 1102 1101
4817 1067 1068 1103 1102
4833 1068 1069 1104 1103
4849 1069 1070 1105 1104
4865 1070 1071 1106 1105
4881 1071 1072 1107 1106
4897 1072 1073 1108 1107
4913 1073 1074 1109 1108
4929 1074 1075 1110 1109
4945 1075 1076 1111 1110
4961 1076 1077 1112 1111
4977 1077 1078 1113 1112
4993 1078 1079 1114 1113
5009 1079 1080 1115 1114
5025 1080 1081 1116 1115
5041 1081 1082 1117 1116
5057 1082 1083 1118 1117
5073 1083 1084 1119 1118
5089 1084 1085 1120 1119
5105 1085 1086 1121 1120
5121 1086 1087 1122 1121
5137 1087 1088 1123 1122
5153 1088 1089 1124 1123
5169 1089 65 66 1124
5185 119 1020 1055 118
5201 1020 1021 1056 1055
5217 1021 1022 1057 1056
5233 1022 1023 1058 1057
5249 1023 1024 1059 1058
5265 1024 1025 1060 1059
5281 1025 1026 1061 1060
5297 1026 1027 1062 1061
5313 1027 1028 1063 1062
5329 1028 1029 1064 1063
5345 1029 1030 1065 1064
5361 1030 1031 1066 1065
5377 1031 1032 1067 1066
5393 1032 1033 1068 1067
5409 1033 1034 1069 1068
5425 1034 1035 1070 1069
5441 1035 1036 1071 1070
5457 1036 1037 1072 1071
5473 1037 1038 1073 1072
5489 1038 1039 1074 1073
5505 1039 1040 1075 1074
5521 1040 1041 1076 1075
5537 1041 1042 1077 1076
5553 1042 1043 1078 1077
5569 1043 1044 1079 1078
5585 1044 1045 1080 1079
5601 1045 1046 1081 1080
5617 1046 1047 1082 1081
5633 1047 1048 1083 1082
5649 1048 1049 1084 1083
5665 1049 1050 1085 1084
5681 1050 1051 1086 1085
5697 1051 1052 1087 1086
5713 1052 1053 1088 1087
5729 1053 1054 1089 1088
5745 1054 64 65 1089
5761 120 985 1020 119
5777 985 986 1021 1020
5793 986 987 1022 1021
5809 987 988 1023 1022
5825 988 989 1024 1023
5841 989 990 1025 1024
5857 990 991 1026 1025
5873 991 992 1027 1026
5889 992 993 1028 1027
5905 993 994 1029 1028
5921 994 995 1030 1029
5937 995 996 1031 1030
5953 996 997 1032 1031
5969 997 998 1033 1032
5985 998 999 1034 1033
6001 999 1000 1035 1034
6017 1000 1001 1036 1035
6033 1001 1002 1037 1036
6049 1002 1003 1038 1037
6065 1003 1004 1039 1038
6081 1004 1005 1040 1039
6097 1005 1006 1041 1040
6113 1006 1007 1042 1041
6129 1007 1008 1043 1042
6145 1008 1009 1044 1043
6161 1009 1010 1045 1044
6177 1010 1011 1046 1045
6193 1011 1012 1047 1046
6209 1012 1013 1048 1047
6225 1013 1014 1049 1048
6241 1014 1015 1050 1049
6257 1015 1016 1051 1050
6273 1016 1017 1052 1051
6289 1017 1018 1053 1052
6305 1018 1019 1054 1053
6321 1019 63 64 1054
6337 121 950 985 120
6353 950 951 986 985
6369 951 952 987 986
6385 952 953 988 987
6401 953 954 989 988
6417 954 955 990 989
6433 955 956 991 990
6449 956 957 992 991
6465 957 958 993 992
6481 958 959 994 993
6497 959 960 995 994
6513 960 961 996 995
6529 961 962 997 996
6545 962 963 998 997
6561 963 964 999 998
6577 964 965 1000 999
6593 965 966 1001 1000
6609 966 967 1002 1001
6625 967 968 1003 1002
6641 968 969 1004 1003
6657 969 970 1005 1004
6673 970 971 1006 1005
6689 971 972 1007 1006
6705 972 973 1008 1007
6721 973 974 1009 1008
6737 974 975 1010 1009
6753 975 976 1011 1010
6769 976 977 1012 1011
6785 977 978 1013 1012
6801 978 979 1014 1013
6817 979 980 1015 1014
6833 980 981 1016 1015
6849 981 982 1017 1016
6865 982 983 1018 1017
6881 983 984 1019 1018
6897 984 62 63 1019
6913 122 915 950 121
6929 915 916 951 950
6945 916 917 952 951
6961 917 918 953 952
6977 918 919 954 953
6993 919 920 955 954
7009 920 921 956 955
7025 921 922 957 956
7041 922 923 958 957
7057 923 924 959 958
7073 924 925 960 959
7089 925 926 961 960
7105 926 927 962 961
7121 927 928 963 962
7137 928 929 964 963
7153 929 930 965 964
7169 930 931 966 965
7185 931 932 967 966
7201 932 933 968 967
7217 933 934 969 968
7233 934 935 970 969
7249 935 936 971 970
7265 936 937 972 971
7281 937 938 973 972
7297 938 939 974 973
7313 939 940 975 974
7329 940 941 976 975
7345 941 942 977 976
7361 942 943 978 977
7377 943 944 979 978
7393 944 945 980 979
7409 945 946 981 980
7425 946 947 982 981
7441 947 948 983 982
7457 948 949 984 983
7473 949 61 62 984
7489 123 880 915 122
7505 880 881 916 915
7521 881 882 917 916
7537 882 883 918 917
7553 883 884 919 918
7569 884 885 920 919
7585 885 886 921 920
7601 886 887 922 921
7617 887 888 923 922
7633 888 889 924 923
7649 889 890 925 924
7665 890 891 926 925
7681 891 892 927 926
7697 892 893 928 927
7713 893 894 929 928
7729 894 895 930 929
7745 895 896 931 930
7761 896 897 932 931
7777 897 898 933 932
7793 898 899 934 933
7809 899 900 935 934
7825 900 901 936 935
7841 901 902 937 936
7857 902 903 938 937
7873 903 904 939 938
7889 904 905 940 939
7905 905 906 941 940
7921 906 907 942 941
7937 907 908 943 942
7953 908 909 944 943
7969 909 910 945 944
7985 910 911 946 945
8001 911 912 947 946
8017 912 913 948 947
8033 913 914 949 948
8049 914 60 61 949
8065 124 845 880 123
8081 845 846 881 880
8097 846 847 882 881
8113 847 848 883 882
8129 848 849 884 883
8145 849 850 885 884
8161 850 851 886 885
8177 851 852 887 886
8193 852 853 888 887
8209 853 854 889 888
8225 854 855 890 889
8241 855 856 891 890
8257 856 857 892 891
8273 857 858 893 892
8289 858 859 894 893
8305 859 860 895 894
8321 860 861 896 895
8337 861 862 897 896
8353 862 863 898 897
8369 863 864 899 898
8385 864 865 900 899
8401 865 866 901 900
8417 866 867 902 901
8433 867 868 903 902
8449 868 869 904 903
8465 869 870 905 904
8481 870 871 906 905
8497 871 872 907 906
8513 872 873 908 907
8529 873 874 909 908
8545 874 875 910 909
8561 875 876 911 910
8577 876 877 912 911
8593 877 878 913 912
8609 878 879 914 913
8625 879 59 60 914
8641 125 810 845 124
8657 810 811 846 845
8673 811 812 847 846
8689 812 813 848 847
8705 813 814 849 848
8721 814 815 850 849
8737 815 816 851 850
8753 816 817 852 851
8769 817 818 853 852
8785 818 819 854 853
8801 819 820 855 854
8817 820 821 856 855
8833 821 822 857 856
8849 822 823 858 857
8865 823 824 859 858
8881 824 825 860 859
8897 825 826 861 860
8913 826 827 862 861
8929 827 828 863 862
8945 828 829 864 863
8961 829 830 865 864
8977 830 831 866 865
8993 831 832 867 866
9009 832 833 868 867
9025 833 834 869 868
9041 834 835 870 869
9057 835 836 871 870
9073 836 837 872 871
9089 837 838 873 872
9105 838 839 874 873
9121 839 840 875 874
9137 840 841 876 875
9153 841 842 877 876
9169 842 843 878 877
9185 843 844 879 878
9201 844 58 59 879
9217 126 775 810 125
9233 775 776 811 810
9249 776 777 812 811
9265 777 778 813 812
9281 778 779 814 813
9297 779 780 815 814
9313 780 781 816 815
9329 781 782 817 816
9345 782 783 818 817
9361 783 784 819 818
9377 784 785 820 819
9393 785 786 821 820
9409 786 787 822 821
9425 787 788 823 822
9441 788 789 824 823
9457 789 790 825 824
9473 790 791 826 825
9489 791 792 827 826
9505 792 793 828 827
9521 793 794 829 828
9537 794 795 830 829
9553 795 796 831 830
9569 796 797 832 831
9585 797 798 833 832
9601 798 799 834 833
9617 799 800 835 834
9633 800 801 836 835
9649 801 802 837 836
9665 802 803 838 837
9681 803 804 839 838
9697 804 805 840 839
9713 805 806 841 840
9729 806 807 842 841
9745 807 808 843 842
9761 808 809 844 843
9777 809 57 58 844
9793 127 740 775 126
9809 740 741 776 775
9825 741 742 777 776
9841 742 743 778 777
9857 743 744 779 778
9873 744 745 780 779
9889 745 746 781 780
9905 746 747 782 781
9921 747 748 783 782
9937 748 749 784 783
9953 749 750 785 784
9969 750 751 786 785
9985 751 752 787 786
10001 752 753 788 787
10017 753 754 789 788
10033 754 755 790 789
10049 755 756 791 790
10065 756 757 792 791
10081 757 758 793 792
10097 758 759 794 793
10113 759 760 795 794
10129 760 761 796 795
10145 761 762 797 796
10161 762 763 798 797
10177 763 764 799 798
10193 764 765 800 799
10209 765 766 801 800
10225 766 767 802 801
10241 767 768 803 802
10257 768 769 804 803
10273 769 770 805 804
10289 770 771 806 805
10305 771 772 807 806
10321 772 773 808 807
10337 773 774 809 808
10353 774 56 57 809
10369 128 705 740 127
10385 705 706 741 740
10401 706 707 742 741
10417 707 708 743 742
10433 708 709 744 743
10449 709 710 745 744
10465 710 711 746 745
10481 711 712 747 746
10497 712 713 748 747
10513 713 714 749 748
10529 714 715 750 749
10545 715 716 751 750
10561 716 717 752 751
10577 717 718 753 752
10593 718 719 754 753
10609 719 720 755 754
10625 720 721 756 755
10641 721 722 757 756
10657 722 723 758 757
10673 723 724 759 758
10689 724 725 760 759
10705 725 726 761 760
10721 726 727 762 761
10737 727 728 763 762
10753 728 729 764 763
10769 729 730 765 764
10785 730 731 766 765
10801 731 732 767 766
10817 732 733 768 767
10833 733 734 769 768
10849 734 735 770 769
10865 735 736 771 770
10881 736 737 772 771
10897 737 738 773 772
10913 738 739 774 773
10929 739 55 56 774
10945 129 670 705 128
10961 670 671 706 705
10977 671 672 707 706
10993 672 673 708 707
11009 673 674 709 708
11025 674 675 710 709
11041 675 676 711 710
11057 676 677 712 711
11073 677 678 713 712
11089 678 679 714 713
11105 679 680 715 714
11121 680 681 716 715
11137 681 682 717 716
11153 682 683 718 717
11169 683 684 719 718
11185 684 685 720 719
11201 685 686 721 720
11217 686 687 722 721
11233 687 688 723 722
11249 688 689 724 723
11265 689 690 725 724
11281 690 691 726 725
11297 691 692 727 726
11313 692 693 728 727
11329 693 694 729 728
11345 694 695 730 729
11361 695 696 731 730
11377 696 697 732 731
11393 697 698 733 732
11409 698 699 734 733
11425 699 700 735 734
11441 700 701 736 735
11457 701 702 737 736
11473 702 703 738 737
11489 703 704 739 738
11505 704 54 55 739
11521 130 635 670 129
11537 635 636 671 670
11553 636 637 672 671
11569 637 638 673 672
11585 638 639 674 673
11601 639 640 675 674
11617 640 641 676 675
11633 641 642 677 676
11649 642 643 678 677
11665 643 644 679 678
11681 644 645 680 679
11697 645 646 681 680
11713 646 647 682 681
11729 647 648 683 682
11745 648 649 684 683
11761 649 650 685 684
11777 650 651 686 685
11793 651 652 687 686
11809 652 653 688 687
11825 653 654 689 688
11841 654 655 690 689
11857 655 656 691 690
11873 656 657 692 691
11889 657 658 693 692
11905 658 659 694 693
11921 659 660 695 694
11937 660 661 696 695
11953 661 662 697 696
11969 662 663 698 697
11985 663 664 699 698
12001 664 665 700 699
12017 665 666 701 700
12033 666 667 702 701
12049 667 668 703 702
12065 668 669 704 703
12081 669 53 54 704
12097 131 600 635 130
12113 600 601 636 635
12129 601 602 637 636
12145 602 603 638 637
12161 603 604 639 638
12177 604 605 640 639
12193 605 606 641 640
12209 606 607 642 641
12225 607 608 643 642
12241 608 609 644 643
12257 609 610 645 644
12273 610 611 646 645
12289 611 612 647 646
12305 612 613 648 647
12321 613 614 649 648
12337 614 615 650 649
12353 615 616 651 650
12369 616 617 652 651
12385 617 618 653 652
12401 618 619 654 653
12417 619 620 655 654
12433 620 621 656 655
12449 621 622 657 656
12465 622 623 658 657
12481 623 624 659 658
12497 624 625 660 659
12513 625 626 661 660
12529 626 627 662 661
12545 627 628 663 662
12561 628 629 664 663
12577 629 630 665 664
12593 630 631 666 665
12609 631 632 667 666
12625 632 633 668 667
12641 633 634 669 668
12657 634 52 53 669
12673 132 565 600 131
12689 565 566 601 600
12705 566 567 602 601
12721 567 568 603 602
12737 568 569 604 603
12753 569 570 605 604
12769 570 571 606 605
12785 571 572 607 606
12801 572 573 608 607
12817 573 574 609 608
12833 574 575 610 609
12849 575 576 611 610
12865 576 577 612 611
12881 577 578 613 612
12897 578 579 614 613
12913 579 580 615 614
12929 580 581 616 615
12945 581 582 617 616
12961 582 583 618 617
12977 583 584 619 618
12993 584 585 620 619
13009 585 586 621 620
13025 586 587 622 621
13041 587 588 623 622
13057 588 589 624 623
13073 589 590 625 624
13089 590 591 626 625
13105 591 592 627 626
13121 592 593 628 627
13137 593 594 629 628
13153 594 595 630 629
13169 595 596 631 630
13185 596 597 632 631
13201 597 598 633 632
13217 598 599 634 633
13233 599 51 52 634
13249 133 530 565 132
13265 530 531 566 565
13281 531 532 567 566
13297 532 533 568 567
13313 533 534 569 568
13329 534 535 570 569
13345 535 536 571 570
13361 536 537 572 571
13377 537 538 573 572
13393 538 539 574 573
13409 539 540 575 574
13425 540 541 576 575
13441 541 542 577 576
13457 542 543 578 577
13473 543 544 579 578
13489 544 545 580 579
13505 545 546 581 580
13521 546 547 582 581
13537 547 548 583 582
13553 548 549 584 583
13569 549 550 585 584
13585 550 551 586 585
13601 551 552 587 586
13617 552 553 588 587
13633 553 554 589 588
13649 554 555 590 589
13665 555 556 591 590
13681 556 557 592 591
13697 557 558 593 592
13713 558 559 594 593
13729 559 560 595 594
13745 560 561 596 595
13761 561 562 597 596
13777 562 563 598 597
13793 563 564 599 598
13809 564 50 51 599
13825 134 495 530 133
13841 495 496 531 530
13857 496 497 532 531
13873 497 498 533 532
13889 498 499 534 533
13905 499 500 535 534
13921 500 501 536 535
13937 501 502 537 536
13953 502 503 538 537
13969 503 504 539 538
13985 504 505 540 539
14001 505 506 541 540
14017 506 507 542 541
14033 507 508 543 542
14049 508 509 544 543
14065 509 510 545 544
14081 510 511 546 545
14097 511 512 547 546
14113 512 513 548 547
14129 513 514 549 548
14145 514 515 550 549
14161 515 516 551 550
14177 516 517 552 551
14193 517 518 553 552
14209 518 519 554 553
14225 519 520 555 554
14241 520 521 556 555
14257 521 522 557 556
14273 522 523 558 557
14289 523 524 559 558
14305 524 525 560 559
14321 525 526 561 560
14337 526 527 562 561
14353 527 528 563 562
14369 528 529 564 563
14385 529 49 50 564
14401 135 460 495 134
14417 460 461 496 495
14433 461 462 497 496
14449 462 463 498 497
14465 463 464 499 498
14481 464 465 500 499
14497 465 466 501 500
14513 466 467 502 501
14529 467 468 503 502
14545 468 469 504 503
14561 469 470 505 504
14577 470 471 506 505
14593 471 472 507 506
14609 472 473 508 507
14625 473 474 509 508
14641 474 475 510 509
14657 475 476 511 510
14673 476 477 512 511
14689 477 478 513 512
14705 478 479 514 513
14721 479 480 515 514
14737 480 481 516 515
14753 481 482 517 516
14769 482 483 518 517
14785 483 484 519 518
14801 484 485 520 519
14817 485 486 521 520
14833 486 487 522 521
14849 487 488 523 522
14865 488 489 524 523
14881 489 490 525 524
14897 490 491 526 525
14913 491 492 527 526
14929 492 493 528 527
14945 493 494 529 528
14961 494 48 49 529
14977 136 425 460 135
14993 425 426 461 460
15009 426 427 462 461
15025 427 428 463 462
15041 428 429 464 463
15057 429 430 465 464
15073 430 431 466 465
15089 431 432 467 466
15105 432 433 468 467
15121 433 434 469 468
15137 434 435 470 469
15153 435 436 471 470
15169 436 437 472 471
15185 437 438 473 472
15201 438 439 474 473
15217 439 440 475 474
15233 440 441 476 475
15249 441 442 477 476
15265 442 443 478 477
15281 443 444 479 478
15297 444 445 480 479
15313 445 446 481 480
15329 446 447 482 481
15345 447 448 483 482
15361 448 449 484 483
15377 449 450 485 484
15393 450 451 486 485
15409 451 452 487 486
15425 452 453 488 487
15441 453 454 489 488
15457 454 455 490 489
15473 455 456 491 490
15489 456 457 492 491
15505 457 458 493 492
15521 458 459 494 493
15537 459 47 48 494
15553 137 390 425 136
15569 390 391 426 425
15585 391 392 427 426
15601 392 393 428 427
15617 393 394 429 428
15633 394 395 430 429
15649 395 396 431 430
15665 396 397 432 431
15681 397 398 433 432
15697 398 399 434 433
15713 399 400 435 434
15729 400 401 436 435
15745 401 402 437 436
15761 402 403 438 437
15777 403 404 439 438
15793 404 405 440 439
15809 405 406 441 440
15825 406 407 442 441
15841 407 408 443 442
15857 408 409 444 443
15873 409 410 445 444
15889 410 411 446 445
15905 411 412 447 446
15921 412 413 448 447
15937 413 414 449 448
15953 414 415 450 449
15969 415 416 451 450
15985 416 417 452 451
16001 417 418 453 452
16017 418 419 454 453
16033 419 420 455 454
16049 420 421 456 455
16065 421 422 457 456
16081 422 423 458 457
16097 423 424 459 458
16113 424 46 47 459
16129 138 355 390 137
16145 355 356 391 390
16161 356 357 392 391
16177 357 358 393 392
16193 358 359 394 393
16209 359 360 395 394
16225 360 361 396 395
16241 361 362 397 396
16257 362 363 398 397
16273 363 364 399 398
16289 364 365 400 399
16305 365 366 401 400
16321 366 367 402 401
16337 367 368 403 402
16353 368 369 404 403
16369 369 370 405 404
16385 370 371 406 405
16401 371 372 407 406
16417 372 373 408 407
16433 373 374 409 408
16449 374 375 410 409
16465 375 376 411 410
16481 376 377 412 411
16497 377 378 413 412
16513 378 379 414 413
16529 379 380 415 414
16545 380 381 416 415
16561 381 382 417 416
16577 382 383 418 417
16593 383 384 419 418
16609 384 385 420 419
16625 385 386 421 420
16641 386 387 422 421
16657 387 388 423 422
16673 388 389 424 423
16689 389 45 46 424
16705 139 320 355 138
16721 320 321 356 355
16737 321 322 357 356
16753 322 323 358 357
16769 323 324 359 358
16785 324 325 360 359
16801 325 326 361 360
16817 326 327 362 361
16833 327 328 363 362
16849 328 329 364 363
16865 329 330 365 364
16881 330 331 366 365
16897 331 332 367 366
16913 332 333 368 367
16929 333 334 369 368
16945 334 335 370 369
16961 335 336 371 370
16977 336 337 372 371
16993 337 338 373 372
17009 338 339 374 373
17025 339 340 375 374
17041 340 341 376 375
17057 341 342 377 376
17073 342 343 378 377
17089 343 344 379 378
17105 344 345 380 379
17121 345 346 381 380
17137 346 347 382 381
17153 347 348 383 382
17169 348 349 384 383
17185 349 350 385 384
17201 350 351 386 385
17217 351 352 387 386
17233 352 353 388 387
17249 353 354 389 388
17265 354 44 45 389
17281 140 285 320 139
17297 285 286 321 320
17313 286 287 322 321
17329 287 288 323 322
17345 288 289 324 323
17361 289 290 325 324
17377 290 291 326 325
17393 291 292 327 326
17409 292 293 328 327
17425 293 294 329 328
17441 294 295 330 329
17457 295 296 331 330
17473 296 297 332 331
17489 297 298 333 332
17505 298 299 334 333
17521 299 300 335 334
17537 300 301 336 335
17553 301 302 337 336
17569 302 303 338 337
17585 303 304 339 338
17601 304 305 340 339
17617 305 306 341 340
17633 306 307 342 341
17649 307 308 343 342
17665 308 309 344 343
17681 309 310 345 344
17697 310 311 346 345
17713 311 312 347 346
17729 312 313 348 347
17745 313 314 349 348
17761 314 315 350 349
17777 315 316 351 350
17793 316 317 352 351
17809 317 318 353 352
17825 318 319 354 353
17841 319 43 44 354
17857 141 250 285 140
17873 250 251 286 285
17889 251 252 287 286
17905 252 253 288 287
17921 253 254 289 288
17937 254 255 290 289
17953 255 256 291 290
17969 256 257 292 291
17985 257 258 293 292
18001 258 259 294 293
18017 259 260 295 294
18033 260 261 296 295
18049 261 262 297 296
18065 262 263 298 297
18081 263 264 299 298
18097 264 265 300 299
18113 265 266 301 300
18129 266 267 302 301
18145 267 268 303 302
18161 268 269 304 303
18177 269 270 305 304
18193 270 271 306 305
18209 271 272 307 306
18225 272 273 308 307
18241 273 274 309 308
18257 274 275 310 309
18273 275 276 311 310
18289 276 277 312 311
18305 277 278 313 312
18321 278 279 314 313
18337 279 280 315 314
18353 280 281 316 315
18369 281 282 317 316
18385 282 283 318 317
18401 283 284 319 318
18417 284 42 43 319
18433 142 215 250 141
18449 215 216 251 250
18465 216 217 252 251
18481 217 218 253 252
18497 218 219 254 253
18513 219 220 255 254
18529 220 221 256 255
18545 221 222 257 256
18561 222 223 258 257
18577 223 224 259 258
18593 224 225 260 259
18609 225 226 261 260
18625 226 227 262 261
18641 227 228 263 262
18657 228 229 264 263
18673 229 230 265 264
18689 230 231 266 265
18705 231 232 267 266
18721 232 233 268 267
18737 233 234 269 268
18753 234 235 270 269
18769 235 236 271 270
18785 236 237 272 271
18801 237 238 273 272
18817 238 239 274 273
18833 239 240 275 274
18849 240 241 276 275
18865 241 242 277 276
18881 242 243 278 277
18897 243 244 279 278
18913 244 245 280 279
18929 245 246 281 280
18945 246 247 282 281
18961 247 248 283 282
18977 248 249 284 283
18993 249 41 42 284
19009 143 180 215 142
19025 180 181 216 215
19041 181 182 217 216
19057 182 183 218 217
19073 183 184 219 218
19089 184 185 220 219
19105 185 186 221 220
19121 186 187 222 221
19137 187 188 223 222
19153 188 189 224 223
19169 189 190 225 224
19185 190 191 226 225
19201 191 192 227 226
19217 192 193 228 227
19233 193 194 229 228
19249 194 195 230 229
19265 195 196 231 230
19281 196 197 232 231
19297 197 198 233 232
19313 198 199 234 233
19329 199 200 235 234
19345 200 201 236 235
19361 201 202 237 236
19377 202 203 238 237
19393 203 204 239 238
19409 204 205 240 239
19425 205 206 241 240
19441 206 207 242 241
19457 207 208 243 242
19473 208 209 244 243
19489 209 210 245 244
19505 210 211 246 245
19521 211 212 247 246
19537 212 213 248 247
19553 213 214 249 248
19569 214 40 41 249
19585 144 145 180 143
19601 145 146 181 180
19617 146 147 182 181
19633 147 148 183 182
19649 148 149 184 183
19665 149 150 185 184
19681 150 151 186 185
19697 151 152 187 186
19713 152 153 188 187
19729 153 154 189 188
19745 154 155 190 189
19761 155 156 191 190
19777 156 157 192 191
19793 157 158 193 192
19809 158 159 194 193
19825 159 160 195 194
19841 160 161 196 195
19857 161 162 197 196
19873 162 163 198 197
19889 163 164 199 198
19905 164 165 200 199
19921 165 166 201 200
19937 166 167 202 201
19953 167 168 203 202
19969 168 169 204 203
19985 169 170 205 204
20001 170 171 206 205
20017 171 172 207 206
20033 172 173 208 207
20049 173 174 209 208
20065 174 175 210 209
20081 175 176 211 210
20097 176 177 212 211
20113 177 178 213 212
20129 178 179 214 213
20145 179 39 40 214
20161 1 3 145 144
20177 3 4 146 145
20193 4 5 147 146
20209 5 6 148 147
20225 6 7 149 148
20241 7 8 150 149
20257 8 9 151 150
20273 9 10 152 151
20289 10 11 153 152
20305 11 12 154 153
20321 12 13 155 154
20337 13 14 156 155
20353 14 15 157 156
20369 15 16 158 157
20385 16 17 159 158
20401 17 18 160 159
20417 18 19 161 160
20433 19 20 162 161
20449 20 21 163 162
20465 21 22 164 163
20481 22 23 165 164
20497 23 24 166 165
20513 24 25 167 166
20529 25 26 168 167
20545 26 27 169 168
20561 27 28 170 169
20577 28 29 171 170
20593 29 30 172 171
20609 30 31 173 172
20625 31 32 174 173
20641 32 33 175 174
20657 33 34 176 175
20673 34 35 177 176
20689 35 36 178 177
20705 36 37 179 178
20721 37 2 39 179
