  11   nzone
0       1217.5  13.01260    -0.01160   -8.38820    -0.04240
                11.26200     0.09250   -8.34720     9.41440
                11.26200     0.09250   -8.34720     9.41440
                 3.66810    -0.00660   -4.35800    -0.42960
                 3.66810    -0.00660   -4.35800    -0.42960
                 1.00000     0.00000    0.00000     0.00000  0.d0 0.d0
1217.5  1443.6  14.12640   -24.24550  107.78250  -184.87280
                 6.39650    49.14020 -194.45810   229.73120
                 6.39650    49.14020 -194.45810   229.73120
                 0.00000     0.00000    0.00000     0.00000
                 0.00000     0.00000    0.00000     0.00000
                 1.00000     0.00000    0.00000     0.00000  0.d0 0.d0
1443.6  3479.5  12.58260    -1.70490   -1.88120    -7.20020
                10.96030    -4.00390    7.23000   -18.25950
                10.96030    -4.00390    7.23000   -18.25950
                 0.00000     0.00000    0.00000     0.00000
                 0.00000     0.00000    0.00000     0.00000
                 1.00000     0.00000    0.00000     0.00000 0.d0 0.d0
3479.5	3631	5.520665	-0.172417	0	0		
		13.908244	-0.45417	0	0		
		13.908244	-0.45417	0	0		
		8.018341	-1.349895	0	0		
		8.018341	-1.349895	0	0		
		1.d0	0.d0	0.d0	0.d0	0.d0	0.d0
3631.0 5611.0    6.83620    -1.74230   -1.09160    -0.03550
                24.31630   -37.97540   48.04440   -25.01440
                24.31630   -37.97540   48.04440   -25.01440
                12.26430   -18.82680   24.97930   -12.95940
                12.26430   -18.82680   24.97930   -12.95940
                 1.00000     0.00000    0.00000     0.00000 0.d0 0.d0
5611.0 5711.0    7.79760    -3.82260    0.00000     0.00000 
                25.98130   -16.94690    0.00000     0.00000
                25.98130   -16.94690    0.00000     0.00000
               -26.81810    63.48400    0.00000   -33.49890
               -26.81810    63.48400    0.00000   -33.49890
                 1.00000     0.00000    0.00000     0.00000 0.d0 0.d0
5711.0 5961.0   41.52940  -106.42330  106.44020   -38.31060
                29.38900   -21.40660    0.00000     0.00000
                29.38900   -21.40660    0.00000     0.00000
                17.71730   -13.50650    0.00000     0.00000
                17.71730   -13.50650    0.00000     0.00000
                 1.00000     0.00000    0.00000     0.00000 0.d0 0.d0
5961.0 6161.0 -140.19360   461.98310 -490.86790   172.39770
               327.58040  -959.34230  984.05530  -344.79550
               327.58040  -959.34230  984.05530  -344.79550
              -131.08550   452.57730 -489.70820   172.39770
              -131.08550   452.57730 -489.70820   172.39770 
	         1.00000     0.00000    0.00000     0.00000 0.d0 0.d0
6161.0 6336.0   14.51290   -23.22650   16.55270    -4.53990
             -1894.67100  6397.78180 -7102.0620 2607.056300
             -1894.67100  6397.78180 -7102.0620 2607.056300
                31.22550   -86.39360   94.22880  -34.589900
                31.22550   -86.39360   94.22880  -34.589900
                 1.00000     0.00000    0.00000    0.000000 0.d0 0.d0
6336.0 6351.0    2.92000     0.00000    0.00000    0.000000
                 6.50000     0.00000    0.00000    0.000000
                 6.50000     0.00000    0.00000    0.000000
                 3.85000     0.00000    0.00000    0.000000
                 3.85000     0.00000    0.00000    0.000000
                 1.00000     0.00000    0.00000    0.000000 0.d0 0.d0
6351.0 6371.0    2.72000     0.00000    0.00000    0.000000
                 5.80000     0.00000    0.00000    0.000000
                 5.80000     0.00000    0.00000    0.000000
                 3.46000     0.00000    0.00000    0.000000
                 3.46000     0.00000    0.00000    0.000000
                 1.00000     0.00000    0.00000    0.000000 0.d0 0.d0
