       800
195 236 275 1266 1076
200 275 274 1267 1266
205 274 273 1268 1267
210 273 272 1269 1268
215 272 271 1270 1269
220 271 270 1271 1270
225 270 269 1272 1271
230 269 268 1273 1272
235 268 267 1274 1273
240 267 266 1275 1274
245 266 265 1276 1275
250 265 264 1277 1276
255 264 263 1278 1277
260 263 262 1279 1278
265 262 261 1280 1279
270 261 260 1281 1280
275 260 259 1282 1281
280 259 258 1283 1282
285 258 257 1284 1283
290 257 256 1285 1284
295 256 255 1286 1285
300 255 254 1287 1286
305 254 253 1288 1287
310 253 252 1289 1288
315 252 251 1290 1289
320 251 250 1291 1290
325 250 249 1292 1291
330 249 248 1293 1292
335 248 247 1294 1293
340 247 246 1295 1294
345 246 245 1296 1295
350 245 244 1297 1296
355 244 243 1298 1297
360 243 242 1299 1298
365 242 241 1300 1299
370 241 240 1301 1300
375 240 239 1302 1301
380 239 238 1303 1302
385 238 237 1304 1303
390 237 235 1218 1304
795 1076 1266 1305 1075
800 1266 1267 1306 1305
805 1267 1268 1307 1306
810 1268 1269 1308 1307
815 1269 1270 1309 1308
820 1270 1271 1310 1309
825 1271 1272 1311 1310
830 1272 1273 1312 1311
835 1273 1274 1313 1312
840 1274 1275 1314 1313
845 1275 1276 1315 1314
850 1276 1277 1316 1315
855 1277 1278 1317 1316
860 1278 1279 1318 1317
865 1279 1280 1319 1318
870 1280 1281 1320 1319
875 1281 1282 1321 1320
880 1282 1283 1322 1321
885 1283 1284 1323 1322
890 1284 1285 1324 1323
895 1285 1286 1325 1324
900 1286 1287 1326 1325
905 1287 1288 1327 1326
910 1288 1289 1328 1327
915 1289 1290 1329 1328
920 1290 1291 1330 1329
925 1291 1292 1331 1330
930 1292 1293 1332 1331
935 1293 1294 1333 1332
940 1294 1295 1334 1333
945 1295 1296 1335 1334
950 1296 1297 1336 1335
955 1297 1298 1337 1336
960 1298 1299 1338 1337
965 1299 1300 1339 1338
970 1300 1301 1340 1339
975 1301 1302 1341 1340
980 1302 1303 1342 1341
985 1303 1304 1343 1342
990 1304 1218 1219 1343
1395 1075 1305 1344 1074
1400 1305 1306 1345 1344
1405 1306 1307 1346 1345
1410 1307 1308 1347 1346
1415 1308 1309 1348 1347
1420 1309 1310 1349 1348
1425 1310 1311 1350 1349
1430 1311 1312 1351 1350
1435 1312 1313 1352 1351
1440 1313 1314 1353 1352
1445 1314 1315 1354 1353
1450 1315 1316 1355 1354
1455 1316 1317 1356 1355
1460 1317 1318 1357 1356
1465 1318 1319 1358 1357
1470 1319 1320 1359 1358
1475 1320 1321 1360 1359
1480 1321 1322 1361 1360
1485 1322 1323 1362 1361
1490 1323 1324 1363 1362
1495 1324 1325 1364 1363
1500 1325 1326 1365 1364
1505 1326 1327 1366 1365
1510 1327 1328 1367 1366
1515 1328 1329 1368 1367
1520 1329 1330 1369 1368
1525 1330 1331 1370 1369
1530 1331 1332 1371 1370
1535 1332 1333 1372 1371
1540 1333 1334 1373 1372
1545 1334 1335 1374 1373
1550 1335 1336 1375 1374
1555 1336 1337 1376 1375
1560 1337 1338 1377 1376
1565 1338 1339 1378 1377
1570 1339 1340 1379 1378
1575 1340 1341 1380 1379
1580 1341 1342 1381 1380
1585 1342 1343 1382 1381
1590 1343 1219 1220 1382
1995 1074 1344 1383 1073
2000 1344 1345 1384 1383
2005 1345 1346 1385 1384
2010 1346 1347 1386 1385
2015 1347 1348 1387 1386
2020 1348 1349 1388 1387
2025 1349 1350 1389 1388
2030 1350 1351 1390 1389
2035 1351 1352 1391 1390
2040 1352 1353 1392 1391
2045 1353 1354 1393 1392
2050 1354 1355 1394 1393
2055 1355 1356 1395 1394
2060 1356 1357 1396 1395
2065 1357 1358 1397 1396
2070 1358 1359 1398 1397
2075 1359 1360 1399 1398
2080 1360 1361 1400 1399
2085 1361 1362 1401 1400
2090 1362 1363 1402 1401
2095 1363 1364 1403 1402
2100 1364 1365 1404 1403
2105 1365 1366 1405 1404
2110 1366 1367 1406 1405
2115 1367 1368 1407 1406
2120 1368 1369 1408 1407
2125 1369 1370 1409 1408
2130 1370 1371 1410 1409
2135 1371 1372 1411 1410
2140 1372 1373 1412 1411
2145 1373 1374 1413 1412
2150 1374 1375 1414 1413
2155 1375 1376 1415 1414
2160 1376 1377 1416 1415
2165 1377 1378 1417 1416
2170 1378 1379 1418 1417
2175 1379 1380 1419 1418
2180 1380 1381 1420 1419
2185 1381 1382 1421 1420
2190 1382 1220 1221 1421
2595 1073 1383 1422 1072
2600 1383 1384 1423 1422
2605 1384 1385 1424 1423
2610 1385 1386 1425 1424
2615 1386 1387 1426 1425
2620 1387 1388 1427 1426
2625 1388 1389 1428 1427
2630 1389 1390 1429 1428
2635 1390 1391 1430 1429
2640 1391 1392 1431 1430
2645 1392 1393 1432 1431
2650 1393 1394 1433 1432
2655 1394 1395 1434 1433
2660 1395 1396 1435 1434
2665 1396 1397 1436 1435
2670 1397 1398 1437 1436
2675 1398 1399 1438 1437
2680 1399 1400 1439 1438
2685 1400 1401 1440 1439
2690 1401 1402 1441 1440
2695 1402 1403 1442 1441
2700 1403 1404 1443 1442
2705 1404 1405 1444 1443
2710 1405 1406 1445 1444
2715 1406 1407 1446 1445
2720 1407 1408 1447 1446
2725 1408 1409 1448 1447
2730 1409 1410 1449 1448
2735 1410 1411 1450 1449
2740 1411 1412 1451 1450
2745 1412 1413 1452 1451
2750 1413 1414 1453 1452
2755 1414 1415 1454 1453
2760 1415 1416 1455 1454
2765 1416 1417 1456 1455
2770 1417 1418 1457 1456
2775 1418 1419 1458 1457
2780 1419 1420 1459 1458
2785 1420 1421 1460 1459
2790 1421 1221 1222 1460
3195 1072 1422 1461 1071
3200 1422 1423 1462 1461
3205 1423 1424 1463 1462
3210 1424 1425 1464 1463
3215 1425 1426 1465 1464
3220 1426 1427 1466 1465
3225 1427 1428 1467 1466
3230 1428 1429 1468 1467
3235 1429 1430 1469 1468
3240 1430 1431 1470 1469
3245 1431 1432 1471 1470
3250 1432 1433 1472 1471
3255 1433 1434 1473 1472
3260 1434 1435 1474 1473
3265 1435 1436 1475 1474
3270 1436 1437 1476 1475
3275 1437 1438 1477 1476
3280 1438 1439 1478 1477
3285 1439 1440 1479 1478
3290 1440 1441 1480 1479
3295 1441 1442 1481 1480
3300 1442 1443 1482 1481
3305 1443 1444 1483 1482
3310 1444 1445 1484 1483
3315 1445 1446 1485 1484
3320 1446 1447 1486 1485
3325 1447 1448 1487 1486
3330 1448 1449 1488 1487
3335 1449 1450 1489 1488
3340 1450 1451 1490 1489
3345 1451 1452 1491 1490
3350 1452 1453 1492 1491
3355 1453 1454 1493 1492
3360 1454 1455 1494 1493
3365 1455 1456 1495 1494
3370 1456 1457 1496 1495
3375 1457 1458 1497 1496
3380 1458 1459 1498 1497
3385 1459 1460 1499 1498
3390 1460 1222 1223 1499
3795 1071 1461 1500 1070
3800 1461 1462 1501 1500
3805 1462 1463 1502 1501
3810 1463 1464 1503 1502
3815 1464 1465 1504 1503
3820 1465 1466 1505 1504
3825 1466 1467 1506 1505
3830 1467 1468 1507 1506
3835 1468 1469 1508 1507
3840 1469 1470 1509 1508
3845 1470 1471 1510 1509
3850 1471 1472 1511 1510
3855 1472 1473 1512 1511
3860 1473 1474 1513 1512
3865 1474 1475 1514 1513
3870 1475 1476 1515 1514
3875 1476 1477 1516 1515
3880 1477 1478 1517 1516
3885 1478 1479 1518 1517
3890 1479 1480 1519 1518
3895 1480 1481 1520 1519
3900 1481 1482 1521 1520
3905 1482 1483 1522 1521
3910 1483 1484 1523 1522
3915 1484 1485 1524 1523
3920 1485 1486 1525 1524
3925 1486 1487 1526 1525
3930 1487 1488 1527 1526
3935 1488 1489 1528 1527
3940 1489 1490 1529 1528
3945 1490 1491 1530 1529
3950 1491 1492 1531 1530
3955 1492 1493 1532 1531
3960 1493 1494 1533 1532
3965 1494 1495 1534 1533
3970 1495 1496 1535 1534
3975 1496 1497 1536 1535
3980 1497 1498 1537 1536
3985 1498 1499 1538 1537
3990 1499 1223 1224 1538
4395 1070 1500 1539 1069
4400 1500 1501 1540 1539
4405 1501 1502 1541 1540
4410 1502 1503 1542 1541
4415 1503 1504 1543 1542
4420 1504 1505 1544 1543
4425 1505 1506 1545 1544
4430 1506 1507 1546 1545
4435 1507 1508 1547 1546
4440 1508 1509 1548 1547
4445 1509 1510 1549 1548
4450 1510 1511 1550 1549
4455 1511 1512 1551 1550
4460 1512 1513 1552 1551
4465 1513 1514 1553 1552
4470 1514 1515 1554 1553
4475 1515 1516 1555 1554
4480 1516 1517 1556 1555
4485 1517 1518 1557 1556
4490 1518 1519 1558 1557
4495 1519 1520 1559 1558
4500 1520 1521 1560 1559
4505 1521 1522 1561 1560
4510 1522 1523 1562 1561
4515 1523 1524 1563 1562
4520 1524 1525 1564 1563
4525 1525 1526 1565 1564
4530 1526 1527 1566 1565
4535 1527 1528 1567 1566
4540 1528 1529 1568 1567
4545 1529 1530 1569 1568
4550 1530 1531 1570 1569
4555 1531 1532 1571 1570
4560 1532 1533 1572 1571
4565 1533 1534 1573 1572
4570 1534 1535 1574 1573
4575 1535 1536 1575 1574
4580 1536 1537 1576 1575
4585 1537 1538 1577 1576
4590 1538 1224 1225 1577
4995 1069 1539 1578 1068
5000 1539 1540 1579 1578
5005 1540 1541 1580 1579
5010 1541 1542 1581 1580
5015 1542 1543 1582 1581
5020 1543 1544 1583 1582
5025 1544 1545 1584 1583
5030 1545 1546 1585 1584
5035 1546 1547 1586 1585
5040 1547 1548 1587 1586
5045 1548 1549 1588 1587
5050 1549 1550 1589 1588
5055 1550 1551 1590 1589
5060 1551 1552 1591 1590
5065 1552 1553 1592 1591
5070 1553 1554 1593 1592
5075 1554 1555 1594 1593
5080 1555 1556 1595 1594
5085 1556 1557 1596 1595
5090 1557 1558 1597 1596
5095 1558 1559 1598 1597
5100 1559 1560 1599 1598
5105 1560 1561 1600 1599
5110 1561 1562 1601 1600
5115 1562 1563 1602 1601
5120 1563 1564 1603 1602
5125 1564 1565 1604 1603
5130 1565 1566 1605 1604
5135 1566 1567 1606 1605
5140 1567 1568 1607 1606
5145 1568 1569 1608 1607
5150 1569 1570 1609 1608
5155 1570 1571 1610 1609
5160 1571 1572 1611 1610
5165 1572 1573 1612 1611
5170 1573 1574 1613 1612
5175 1574 1575 1614 1613
5180 1575 1576 1615 1614
5185 1576 1577 1616 1615
5190 1577 1225 1226 1616
5595 1068 1578 1265 1067
5600 1578 1579 1264 1265
5605 1579 1580 1263 1264
5610 1580 1581 1262 1263
5615 1581 1582 1261 1262
5620 1582 1583 1260 1261
5625 1583 1584 1259 1260
5630 1584 1585 1258 1259
5635 1585 1586 1257 1258
5640 1586 1587 1256 1257
5645 1587 1588 1255 1256
5650 1588 1589 1254 1255
5655 1589 1590 1253 1254
5660 1590 1591 1252 1253
5665 1591 1592 1251 1252
5670 1592 1593 1250 1251
5675 1593 1594 1249 1250
5680 1594 1595 1248 1249
5685 1595 1596 1247 1248
5690 1596 1597 1246 1247
5695 1597 1598 1245 1246
5700 1598 1599 1244 1245
5705 1599 1600 1243 1244
5710 1600 1601 1242 1243
5715 1601 1602 1241 1242
5720 1602 1603 1240 1241
5725 1603 1604 1239 1240
5730 1604 1605 1238 1239
5735 1605 1606 1237 1238
5740 1606 1607 1236 1237
5745 1607 1608 1235 1236
5750 1608 1609 1234 1235
5755 1609 1610 1233 1234
5760 1610 1611 1232 1233
5765 1611 1612 1231 1232
5770 1612 1613 1230 1231
5775 1613 1614 1229 1230
5780 1614 1615 1228 1229
5785 1615 1616 1227 1228
5790 1616 1226 1217 1227
6195 275 236 7926 8012
6200 274 275 8012 8011
6205 273 274 8011 8010
6210 272 273 8010 8009
6215 271 272 8009 8008
6220 270 271 8008 8007
6225 269 270 8007 8006
6230 268 269 8006 8005
6235 267 268 8005 8004
6240 266 267 8004 8003
6245 265 266 8003 8002
6250 264 265 8002 8001
6255 263 264 8001 8000
6260 262 263 8000 7999
6265 261 262 7999 7998
6270 260 261 7998 7997
6275 259 260 7997 7996
6280 258 259 7996 7995
6285 257 258 7995 7994
6290 256 257 7994 7993
6295 255 256 7993 7992
6300 254 255 7992 7991
6305 253 254 7991 7990
6310 252 253 7990 7989
6315 251 252 7989 7988
6320 250 251 7988 7987
6325 249 250 7987 7986
6330 248 249 7986 7985
6335 247 248 7985 7984
6340 246 247 7984 7983
6345 245 246 7983 7982
6350 244 245 7982 7981
6355 243 244 7981 7980
6360 242 243 7980 7979
6365 241 242 7979 7978
6370 240 241 7978 7977
6375 239 240 7977 7976
6380 238 239 7976 7975
6385 237 238 7975 7974
6390 235 237 7974 7784
6795 8012 7926 7927 8051
6800 8011 8012 8051 8050
6805 8010 8011 8050 8049
6810 8009 8010 8049 8048
6815 8008 8009 8048 8047
6820 8007 8008 8047 8046
6825 8006 8007 8046 8045
6830 8005 8006 8045 8044
6835 8004 8005 8044 8043
6840 8003 8004 8043 8042
6845 8002 8003 8042 8041
6850 8001 8002 8041 8040
6855 8000 8001 8040 8039
6860 7999 8000 8039 8038
6865 7998 7999 8038 8037
6870 7997 7998 8037 8036
6875 7996 7997 8036 8035
6880 7995 7996 8035 8034
6885 7994 7995 8034 8033
6890 7993 7994 8033 8032
6895 7992 7993 8032 8031
6900 7991 7992 8031 8030
6905 7990 7991 8030 8029
6910 7989 7990 8029 8028
6915 7988 7989 8028 8027
6920 7987 7988 8027 8026
6925 7986 7987 8026 8025
6930 7985 7986 8025 8024
6935 7984 7985 8024 8023
6940 7983 7984 8023 8022
6945 7982 7983 8022 8021
6950 7981 7982 8021 8020
6955 7980 7981 8020 8019
6960 7979 7980 8019 8018
6965 7978 7979 8018 8017
6970 7977 7978 8017 8016
6975 7976 7977 8016 8015
6980 7975 7976 8015 8014
6985 7974 7975 8014 8013
6990 7784 7974 8013 7783
7395 8051 7927 7928 8090
7400 8050 8051 8090 8089
7405 8049 8050 8089 8088
7410 8048 8049 8088 8087
7415 8047 8048 8087 8086
7420 8046 8047 8086 8085
7425 8045 8046 8085 8084
7430 8044 8045 8084 8083
7435 8043 8044 8083 8082
7440 8042 8043 8082 8081
7445 8041 8042 8081 8080
7450 8040 8041 8080 8079
7455 8039 8040 8079 8078
7460 8038 8039 8078 8077
7465 8037 8038 8077 8076
7470 8036 8037 8076 8075
7475 8035 8036 8075 8074
7480 8034 8035 8074 8073
7485 8033 8034 8073 8072
7490 8032 8033 8072 8071
7495 8031 8032 8071 8070
7500 8030 8031 8070 8069
7505 8029 8030 8069 8068
7510 8028 8029 8068 8067
7515 8027 8028 8067 8066
7520 8026 8027 8066 8065
7525 8025 8026 8065 8064
7530 8024 8025 8064 8063
7535 8023 8024 8063 8062
7540 8022 8023 8062 8061
7545 8021 8022 8061 8060
7550 8020 8021 8060 8059
7555 8019 8020 8059 8058
7560 8018 8019 8058 8057
7565 8017 8018 8057 8056
7570 8016 8017 8056 8055
7575 8015 8016 8055 8054
7580 8014 8015 8054 8053
7585 8013 8014 8053 8052
7590 7783 8013 8052 7782
7995 8090 7928 7929 8129
8000 8089 8090 8129 8128
8005 8088 8089 8128 8127
8010 8087 8088 8127 8126
8015 8086 8087 8126 8125
8020 8085 8086 8125 8124
8025 8084 8085 8124 8123
8030 8083 8084 8123 8122
8035 8082 8083 8122 8121
8040 8081 8082 8121 8120
8045 8080 8081 8120 8119
8050 8079 8080 8119 8118
8055 8078 8079 8118 8117
8060 8077 8078 8117 8116
8065 8076 8077 8116 8115
8070 8075 8076 8115 8114
8075 8074 8075 8114 8113
8080 8073 8074 8113 8112
8085 8072 8073 8112 8111
8090 8071 8072 8111 8110
8095 8070 8071 8110 8109
8100 8069 8070 8109 8108
8105 8068 8069 8108 8107
8110 8067 8068 8107 8106
8115 8066 8067 8106 8105
8120 8065 8066 8105 8104
8125 8064 8065 8104 8103
8130 8063 8064 8103 8102
8135 8062 8063 8102 8101
8140 8061 8062 8101 8100
8145 8060 8061 8100 8099
8150 8059 8060 8099 8098
8155 8058 8059 8098 8097
8160 8057 8058 8097 8096
8165 8056 8057 8096 8095
8170 8055 8056 8095 8094
8175 8054 8055 8094 8093
8180 8053 8054 8093 8092
8185 8052 8053 8092 8091
8190 7782 8052 8091 7781
8595 8129 7929 7930 8168
8600 8128 8129 8168 8167
8605 8127 8128 8167 8166
8610 8126 8127 8166 8165
8615 8125 8126 8165 8164
8620 8124 8125 8164 8163
8625 8123 8124 8163 8162
8630 8122 8123 8162 8161
8635 8121 8122 8161 8160
8640 8120 8121 8160 8159
8645 8119 8120 8159 8158
8650 8118 8119 8158 8157
8655 8117 8118 8157 8156
8660 8116 8117 8156 8155
8665 8115 8116 8155 8154
8670 8114 8115 8154 8153
8675 8113 8114 8153 8152
8680 8112 8113 8152 8151
8685 8111 8112 8151 8150
8690 8110 8111 8150 8149
8695 8109 8110 8149 8148
8700 8108 8109 8148 8147
8705 8107 8108 8147 8146
8710 8106 8107 8146 8145
8715 8105 8106 8145 8144
8720 8104 8105 8144 8143
8725 8103 8104 8143 8142
8730 8102 8103 8142 8141
8735 8101 8102 8141 8140
8740 8100 8101 8140 8139
8745 8099 8100 8139 8138
8750 8098 8099 8138 8137
8755 8097 8098 8137 8136
8760 8096 8097 8136 8135
8765 8095 8096 8135 8134
8770 8094 8095 8134 8133
8775 8093 8094 8133 8132
8780 8092 8093 8132 8131
8785 8091 8092 8131 8130
8790 7781 8091 8130 7780
9195 8168 7930 7931 8207
9200 8167 8168 8207 8206
9205 8166 8167 8206 8205
9210 8165 8166 8205 8204
9215 8164 8165 8204 8203
9220 8163 8164 8203 8202
9225 8162 8163 8202 8201
9230 8161 8162 8201 8200
9235 8160 8161 8200 8199
9240 8159 8160 8199 8198
9245 8158 8159 8198 8197
9250 8157 8158 8197 8196
9255 8156 8157 8196 8195
9260 8155 8156 8195 8194
9265 8154 8155 8194 8193
9270 8153 8154 8193 8192
9275 8152 8153 8192 8191
9280 8151 8152 8191 8190
9285 8150 8151 8190 8189
9290 8149 8150 8189 8188
9295 8148 8149 8188 8187
9300 8147 8148 8187 8186
9305 8146 8147 8186 8185
9310 8145 8146 8185 8184
9315 8144 8145 8184 8183
9320 8143 8144 8183 8182
9325 8142 8143 8182 8181
9330 8141 8142 8181 8180
9335 8140 8141 8180 8179
9340 8139 8140 8179 8178
9345 8138 8139 8178 8177
9350 8137 8138 8177 8176
9355 8136 8137 8176 8175
9360 8135 8136 8175 8174
9365 8134 8135 8174 8173
9370 8133 8134 8173 8172
9375 8132 8133 8172 8171
9380 8131 8132 8171 8170
9385 8130 8131 8170 8169
9390 7780 8130 8169 7779
9795 8207 7931 7932 8246
9800 8206 8207 8246 8245
9805 8205 8206 8245 8244
9810 8204 8205 8244 8243
9815 8203 8204 8243 8242
9820 8202 8203 8242 8241
9825 8201 8202 8241 8240
9830 8200 8201 8240 8239
9835 8199 8200 8239 8238
9840 8198 8199 8238 8237
9845 8197 8198 8237 8236
9850 8196 8197 8236 8235
9855 8195 8196 8235 8234
9860 8194 8195 8234 8233
9865 8193 8194 8233 8232
9870 8192 8193 8232 8231
9875 8191 8192 8231 8230
9880 8190 8191 8230 8229
9885 8189 8190 8229 8228
9890 8188 8189 8228 8227
9895 8187 8188 8227 8226
9900 8186 8187 8226 8225
9905 8185 8186 8225 8224
9910 8184 8185 8224 8223
9915 8183 8184 8223 8222
9920 8182 8183 8222 8221
9925 8181 8182 8221 8220
9930 8180 8181 8220 8219
9935 8179 8180 8219 8218
9940 8178 8179 8218 8217
9945 8177 8178 8217 8216
9950 8176 8177 8216 8215
9955 8175 8176 8215 8214
9960 8174 8175 8214 8213
9965 8173 8174 8213 8212
9970 8172 8173 8212 8211
9975 8171 8172 8211 8210
9980 8170 8171 8210 8209
9985 8169 8170 8209 8208
9990 7779 8169 8208 7778
10395 8246 7932 7933 8285
10400 8245 8246 8285 8284
10405 8244 8245 8284 8283
10410 8243 8244 8283 8282
10415 8242 8243 8282 8281
10420 8241 8242 8281 8280
10425 8240 8241 8280 8279
10430 8239 8240 8279 8278
10435 8238 8239 8278 8277
10440 8237 8238 8277 8276
10445 8236 8237 8276 8275
10450 8235 8236 8275 8274
10455 8234 8235 8274 8273
10460 8233 8234 8273 8272
10465 8232 8233 8272 8271
10470 8231 8232 8271 8270
10475 8230 8231 8270 8269
10480 8229 8230 8269 8268
10485 8228 8229 8268 8267
10490 8227 8228 8267 8266
10495 8226 8227 8266 8265
10500 8225 8226 8265 8264
10505 8224 8225 8264 8263
10510 8223 8224 8263 8262
10515 8222 8223 8262 8261
10520 8221 8222 8261 8260
10525 8220 8221 8260 8259
10530 8219 8220 8259 8258
10535 8218 8219 8258 8257
10540 8217 8218 8257 8256
10545 8216 8217 8256 8255
10550 8215 8216 8255 8254
10555 8214 8215 8254 8253
10560 8213 8214 8253 8252
10565 8212 8213 8252 8251
10570 8211 8212 8251 8250
10575 8210 8211 8250 8249
10580 8209 8210 8249 8248
10585 8208 8209 8248 8247
10590 7778 8208 8247 7777
10995 8285 7933 7934 8324
11000 8284 8285 8324 8323
11005 8283 8284 8323 8322
11010 8282 8283 8322 8321
11015 8281 8282 8321 8320
11020 8280 8281 8320 8319
11025 8279 8280 8319 8318
11030 8278 8279 8318 8317
11035 8277 8278 8317 8316
11040 8276 8277 8316 8315
11045 8275 8276 8315 8314
11050 8274 8275 8314 8313
11055 8273 8274 8313 8312
11060 8272 8273 8312 8311
11065 8271 8272 8311 8310
11070 8270 8271 8310 8309
11075 8269 8270 8309 8308
11080 8268 8269 8308 8307
11085 8267 8268 8307 8306
11090 8266 8267 8306 8305
11095 8265 8266 8305 8304
11100 8264 8265 8304 8303
11105 8263 8264 8303 8302
11110 8262 8263 8302 8301
11115 8261 8262 8301 8300
11120 8260 8261 8300 8299
11125 8259 8260 8299 8298
11130 8258 8259 8298 8297
11135 8257 8258 8297 8296
11140 8256 8257 8296 8295
11145 8255 8256 8295 8294
11150 8254 8255 8294 8293
11155 8253 8254 8293 8292
11160 8252 8253 8292 8291
11165 8251 8252 8291 8290
11170 8250 8251 8290 8289
11175 8249 8250 8289 8288
11180 8248 8249 8288 8287
11185 8247 8248 8287 8286
11190 7777 8247 8286 7776
11595 8324 7934 7925 7935
11600 8323 8324 7935 7936
11605 8322 8323 7936 7937
11610 8321 8322 7937 7938
11615 8320 8321 7938 7939
11620 8319 8320 7939 7940
11625 8318 8319 7940 7941
11630 8317 8318 7941 7942
11635 8316 8317 7942 7943
11640 8315 8316 7943 7944
11645 8314 8315 7944 7945
11650 8313 8314 7945 7946
11655 8312 8313 7946 7947
11660 8311 8312 7947 7948
11665 8310 8311 7948 7949
11670 8309 8310 7949 7950
11675 8308 8309 7950 7951
11680 8307 8308 7951 7952
11685 8306 8307 7952 7953
11690 8305 8306 7953 7954
11695 8304 8305 7954 7955
11700 8303 8304 7955 7956
11705 8302 8303 7956 7957
11710 8301 8302 7957 7958
11715 8300 8301 7958 7959
11720 8299 8300 7959 7960
11725 8298 8299 7960 7961
11730 8297 8298 7961 7962
11735 8296 8297 7962 7963
11740 8295 8296 7963 7964
11745 8294 8295 7964 7965
11750 8293 8294 7965 7966
11755 8292 8293 7966 7967
11760 8291 8292 7967 7968
11765 8290 8291 7968 7969
11770 8289 8290 7969 7970
11775 8288 8289 7970 7971
11780 8287 8288 7971 7972
11785 8286 8287 7972 7973
11790 7776 8286 7973 7775
