1200
0.025 0.0
0.05 0.0
0.075 0.0
0.1 0.0
0.125 0.0
0.15 0.0
0.175 0.0
0.2 0.0
0.225 0.0
0.25 0.0
0.275 0.0
0.3 0.0
0.325 0.0
0.35 0.0
0.375 0.0
0.4 0.0
0.425 0.0
0.45 0.0
0.475 0.0
0.5 0.0
0.525 0.0
0.55 0.0
0.575 0.0
0.6 0.0
0.625 0.0
0.65 0.0
0.675 0.0
0.7 0.0
0.725 0.0
0.75 0.0
0.775 0.0
0.8 0.0
0.825 0.0
0.85 0.0
0.875 0.0
0.9 0.0
0.925 0.0
0.95 0.0
0.975 0.0
1 0.0
1.025 0.0
1.05 0.0
1.075 0.0
1.1 0.0
1.125 0.0
1.15 0.0
1.175 0.0
1.2 0.0
1.225 0.0
1.25 0.0
1.275 0.0
1.3 0.0
1.325 0.0
1.35 0.0
1.375 0.0
1.4 0.0
1.425 0.0
1.45 0.0
1.475 0.0
1.5 0.0
1.525 0.0
1.55 0.0
1.575 0.0
1.6 0.0
1.625 0.0
1.65 0.0
1.675 0.0
1.7 0.0
1.725 0.0
1.75 0.0
1.775 0.0
1.8 0.0
1.825 0.0
1.85 0.0
1.875 0.0
1.9 0.0
1.925 0.0
1.95 0.0
1.975 0.0
2 0.0
2.025 0.0
2.05 0.0
2.075 0.0
2.1 0.0
2.125 0.0
2.15 0.0
2.175 0.0
2.2 0.0
2.225 0.0
2.25 0.0
2.275 0.0
2.3 0.0
2.325 0.0
2.35 0.0
2.375 0.0
2.4 0.0
2.425 0.0
2.45 0.0
2.475 0.0
2.5 0.0
2.525 0.0
2.55 0.0
2.575 0.0
2.6 0.0
2.625 0.0
2.65 0.0
2.675 0.0
2.7 0.0
2.725 0.0
2.75 0.0
2.775 0.0
2.8 0.0
2.825 0.0
2.85 0.0
2.875 0.0
2.9 0.0
2.925 0.0
2.95 0.0
2.975 0.0
3 0.0
3.025 0.0
3.05 0.0
3.075 0.0
3.1 0.0
3.125 0.0
3.15 0.0
3.175 0.0
3.2 0.0
3.225 0.0
3.25 0.0
3.275 0.0
3.3 0.0
3.325 0.0
3.35 0.0
3.375 0.0
3.4 0.0
3.425 0.0
3.45 0.0
3.475 0.0
3.5 0.0
3.525 0.0
3.55 0.0
3.575 0.0
3.6 0.0
3.625 0.0
3.65 0.0
3.675 0.0
3.7 0.0
3.725 0.0
3.75 0.0
3.775 0.0
3.8 0.0
3.825 0.0
3.85 0.0
3.875 0.0
3.9 0.0
3.925 0.0
3.95 0.0
3.975 0.0
4 0.0
4.025 0.0
4.05 0.0
4.075 0.0
4.1 0.0
4.125 0.0
4.15 0.0
4.175 0.0
4.2 0.0
4.225 0.0
4.25 0.0
4.275 0.0
4.3 0.0
4.325 0.0
4.35 0.0
4.375 0.0
4.4 0.0
4.425 0.0
4.45 0.0
4.475 0.0
4.5 0.0
4.525 0.0
4.55 0.0
4.575 0.0
4.6 0.0
4.625 0.0
4.65 0.0
4.675 0.0
4.7 0.0
4.725 0.0
4.75 0.0
4.775 0.0
4.8 0.0
4.825 0.0
4.85 0.0
4.875 0.0
4.9 0.0
4.925 0.0
4.95 0.0
4.975 0.0
5 0.0
5.025 0.0
5.05 0.0
5.075 0.0
5.1 0.0
5.125 0.0
5.15 0.0
5.175 0.0
5.2 0.0
5.225 0.0
5.25 0.0
5.275 0.0
5.3 0.0
5.325 0.0
5.35 0.0
5.375 0.0
5.4 0.0
5.425 0.0
5.45 0.0
5.475 0.0
5.5 0.0
5.525 0.0
5.55 0.0
5.575 0.0
5.6 0.0
5.625 0.0
5.65 0.0
5.675 0.0
5.7 0.0
5.725 0.0
5.75 0.0
5.775 0.0
5.8 0.0
5.825 0.0
5.85 0.0
5.875 0.0
5.9 0.0
5.925 0.0
5.95 0.0
5.975 0.0
6 0.0
6.025 0.0
6.05 0.0
6.075 0.0
6.1 0.0
6.125 0.0
6.15 0.0
6.175 0.0
6.2 0.0
6.225 0.0
6.25 0.0
6.275 0.0
6.3 0.0
6.325 0.0
6.35 0.0
6.375 0.0
6.4 0.0
6.425 0.0
6.45 0.0
6.475 0.0
6.5 0.0
6.525 0.0
6.55 0.0
6.575 0.0
6.6 0.0
6.625 0.0
6.65 0.0
6.675 0.0
6.7 0.0
6.725 0.0
6.75 0.0
6.775 0.0
6.8 0.0
6.825 0.0
6.85 0.0
6.875 0.0
6.9 0.0
6.925 0.0
6.95 0.0
6.975 0.0
7 0.0
7.025 0.0
7.05 0.0
7.075 0.0
7.1 0.0
7.125 0.0
7.15 0.0
7.175 0.0
7.2 0.0
7.225 0.0
7.25 0.0
7.275 0.0
7.3 0.0
7.325 0.0
7.35 0.0
7.375 0.0
7.4 0.0
7.425 0.0
7.45 0.0
7.475 0.0
7.5 0.0
7.525 0.0
7.55 0.0
7.575 0.0
7.6 0.0
7.625 0.0
7.65 0.0
7.675 0.0
7.7 0.0
7.725 0.0
7.75 0.0
7.775 0.0
7.8 0.0
7.825 0.0
7.85 0.0
7.875 0.0
7.9 0.0
7.925 0.0
7.95 0.0
7.975 0.0
8 0.0
8.025 0.0
8.05 0.0
8.075 0.0
8.1 0.0
8.125 0.0
8.15 0.0
8.175 0.0
8.2 0.0
8.225 0.0
8.25 0.0
8.275 0.0
8.3 0.0
8.325 0.0
8.35 0.0
8.375 0.0
8.4 0.0
8.425 0.0
8.45 0.0
8.475 0.0
8.5 0.0
8.525 0.0
8.55 0.0
8.575 0.0
8.6 0.0
8.625 0.0
8.65 0.0
8.675 0.0
8.7 0.0
8.725 0.0
8.75 0.0
8.775 0.0
8.8 0.0
8.825 0.0
8.85 0.0
8.875 0.0
8.9 0.0
8.925 0.0
8.95 0.0
8.975 0.0
9 0.0
9.025 0.0
9.05 0.0
9.075 0.0
9.1 0.0
9.125 0.0
9.15 0.0
9.175 0.0
9.2 0.0
9.225 0.0
9.25 0.0
9.275 0.0
9.3 0.0
9.325 0.0
9.35 0.0
9.375 0.0
9.4 0.0
9.425 0.0
9.45 0.0
9.475 0.0
9.5 0.0
9.525 0.0
9.55 0.0
9.575 0.0
9.6 0.0
9.625 0.0
9.65 0.0
9.675 0.0
9.7 0.0
9.725 0.0
9.75 0.0
9.775 0.0
9.8 0.0
9.825 0.0
9.85 0.0
9.875 0.0
9.9 0.0
9.925 0.0
9.95 0.0
9.975 0.0
10 0.0
10.025 0.0
10.05 0.0
10.075 0.0
10.1 0.0
10.125 0.0
10.15 0.0
10.175 0.0
10.2 0.0
10.225 0.0
10.25 0.0
10.275 0.0
10.3 0.0
10.325 0.0
10.35 0.0
10.375 0.0
10.4 0.0
10.425 0.0
10.45 0.0
10.475 0.0
10.5 0.0
10.525 0.0
10.55 0.0
10.575 0.0
10.6 0.0
10.625 0.0
10.65 0.0
10.675 0.0
10.7 0.0
10.725 0.0
10.75 0.0
10.775 0.0
10.8 0.0
10.825 0.0
10.85 0.0
10.875 0.0
10.9 0.0
10.925 0.0
10.95 0.0
10.975 0.0
11 0.0
11.025 0.0
11.05 0.0
11.075 0.0
11.1 0.0
11.125 0.0
11.15 0.0
11.175 0.0
11.2 0.0
11.225 0.0
11.25 0.0
11.275 0.0
11.3 0.0
11.325 0.0
11.35 0.0
11.375 0.0
11.4 0.0
11.425 0.0
11.45 0.0
11.475 0.0
11.5 0.0
11.525 0.0
11.55 0.0
11.575 0.0
11.6 0.0
11.625 0.0
11.65 0.0
11.675 0.0
11.7 0.0
11.725 0.0
11.75 0.0
11.775 0.0
11.8 0.0
11.825 0.0
11.85 0.0
11.875 0.0
11.9 0.0
11.925 0.0
11.95 0.0
11.975 0.0
12 0.0
12.025 0.0
12.05 0.0
12.075 0.0
12.1 0.0
12.125 0.0
12.15 0.0
12.175 0.0
12.2 0.0
12.225 0.0
12.25 0.0
12.275 0.0
12.3 0.0
12.325 0.0
12.35 0.0
12.375 0.0
12.4 0.0
12.425 0.0
12.45 0.0
12.475 0.0
12.5 0.0
12.525 0.0
12.55 0.0
12.575 0.0
12.6 0.0
12.625 0.0
12.65 0.0
12.675 0.0
12.7 0.0
12.725 0.0
12.75 0.0
12.775 0.0
12.8 0.0
12.825 0.0
12.85 0.0
12.875 0.0
12.9 0.0
12.925 0.0
12.95 0.0
12.975 0.0
13 0.0
13.025 0.0
13.05 0.0
13.075 0.0
13.1 0.0
13.125 0.0
13.15 0.0
13.175 0.0
13.2 0.0
13.225 0.0
13.25 0.0
13.275 0.0
13.3 0.0
13.325 0.0
13.35 0.0
13.375 0.0
13.4 0.0
13.425 0.0
13.45 0.0
13.475 0.0
13.5 0.0
13.525 0.0
13.55 0.0
13.575 0.0
13.6 0.0
13.625 0.0
13.65 0.0
13.675 0.0
13.7 0.0
13.725 0.0
13.75 0.0
13.775 0.0
13.8 0.0
13.825 0.0
13.85 0.0
13.875 0.0
13.9 0.0
13.925 0.0
13.95 0.0
13.975 0.0
14 0.0
14.025 0.0
14.05 0.0
14.075 0.0
14.1 0.0
14.125 0.0
14.15 0.0
14.175 0.0
14.2 0.0
14.225 0.0
14.25 0.0
14.275 0.0
14.3 0.0
14.325 0.0
14.35 0.0
14.375 0.0
14.4 0.0
14.425 0.0
14.45 0.0
14.475 0.0
14.5 0.0
14.525 0.0
14.55 0.0
14.575 0.0
14.6 0.0
14.625 0.0
14.65 0.0
14.675 0.0
14.7 0.0
14.725 0.0
14.75 0.0
14.775 0.0
14.8 0.0
14.825 0.0
14.85 0.0
14.875 0.0
14.9 0.0
14.925 0.0
14.95 0.0
14.975 0.0
15 0.0
15.025 0.0
15.05 0.0
15.075 0.0
15.1 0.0
15.125 0.0
15.15 0.0
15.175 0.0
15.2 0.0
15.225 0.0
15.25 0.0
15.275 0.0
15.3 0.0
15.325 0.0
15.35 0.0
15.375 0.0
15.4 0.0
15.425 0.0
15.45 0.0
15.475 0.0
15.5 0.0
15.525 0.0
15.55 0.0
15.575 0.0
15.6 0.0
15.625 0.0
15.65 0.0
15.675 0.0
15.7 0.0
15.725 0.0
15.75 0.0
15.775 0.0
15.8 0.0
15.825 0.0
15.85 0.0
15.875 0.0
15.9 0.0
15.925 0.0
15.95 0.0
15.975 0.0
16 0.0
16.025 0.0
16.05 0.0
16.075 0.0
16.1 0.0
16.125 0.0
16.15 0.0
16.175 0.0
16.2 0.0
16.225 0.0
16.25 0.0
16.275 0.0
16.3 0.0
16.325 0.0
16.35 0.0
16.375 0.0
16.4 0.0
16.425 0.0
16.45 0.0
16.475 0.0
16.5 0.0
16.525 0.0
16.55 0.0
16.575 0.0
16.6 0.0
16.625 0.0
16.65 0.0
16.675 0.0
16.7 0.0
16.725 0.0
16.75 0.0
16.775 0.0
16.8 0.0
16.825 0.0
16.85 0.0
16.875 0.0
16.9 0.0
16.925 0.0
16.95 0.0
16.975 0.0
17 0.0
17.025 0.0
17.05 0.0
17.075 0.0
17.1 0.0
17.125 0.0
17.15 0.0
17.175 0.0
17.2 0.0
17.225 0.0
17.25 0.0
17.275 0.0
17.3 0.0
17.325 0.0
17.35 0.0
17.375 0.0
17.4 0.0
17.425 0.0
17.45 0.0
17.475 0.0
17.5 0.0
17.525 0.0
17.55 0.0
17.575 0.0
17.6 0.0
17.625 0.0
17.65 0.0
17.675 0.0
17.7 0.0
17.725 0.0
17.75 0.0
17.775 0.0
17.8 0.0
17.825 0.0
17.85 0.0
17.875 0.0
17.9 0.0
17.925 0.0
17.95 0.0
17.975 0.0
18 0.0
18.025 0.0
18.05 0.0
18.075 0.0
18.1 0.0
18.125 0.0
18.15 0.0
18.175 0.0
18.2 0.0
18.225 0.0
18.25 0.0
18.275 0.0
18.3 0.0
18.325 0.0
18.35 0.0
18.375 0.0
18.4 0.0
18.425 0.0
18.45 0.0
18.475 0.0
18.5 0.0
18.525 0.0
18.55 0.0
18.575 0.0
18.6 0.0
18.625 0.0
18.65 0.0
18.675 0.0
18.7 0.0
18.725 0.0
18.75 0.0
18.775 0.0
18.8 0.0
18.825 0.0
18.85 0.0
18.875 0.0
18.9 0.0
18.925 0.0
18.95 0.0
18.975 0.0
19 0.0
19.025 0.0
19.05 0.0
19.075 0.0
19.1 0.0
19.125 0.0
19.15 0.0
19.175 0.0
19.2 0.0
19.225 0.0
19.25 0.0
19.275 0.0
19.3 0.0
19.325 0.0
19.35 0.0
19.375 0.0
19.4 0.0
19.425 0.0
19.45 0.0
19.475 0.0
19.5 0.0
19.525 0.0
19.55 0.0
19.575 0.0
19.6 0.0
19.625 0.0
19.65 0.0
19.675 0.0
19.7 0.0
19.725 0.0
19.75 0.0
19.775 0.0
19.8 0.0
19.825 0.0
19.85 0.0
19.875 0.0
19.9 0.0
19.925 0.0
19.95 0.0
19.975 0.0
20 0.0
20.025 0.0
20.05 0.0
20.075 0.0
20.1 0.0
20.125 0.0
20.15 0.0
20.175 0.0
20.2 0.0
20.225 0.0
20.25 0.0
20.275 0.0
20.3 0.0
20.325 0.0
20.35 0.0
20.375 0.0
20.4 0.0
20.425 0.0
20.45 0.0
20.475 0.0
20.5 0.0
20.525 0.0
20.55 0.0
20.575 0.0
20.6 0.0
20.625 0.0
20.65 0.0
20.675 0.0
20.7 0.0
20.725 0.0
20.75 0.0
20.775 0.0
20.8 0.0
20.825 0.0
20.85 0.0
20.875 0.0
20.9 0.0
20.925 0.0
20.95 0.0
20.975 0.0
21 0.0
21.025 0.0
21.05 0.0
21.075 0.0
21.1 0.0
21.125 0.0
21.15 0.0
21.175 0.0
21.2 0.0
21.225 0.0
21.25 0.0
21.275 0.0
21.3 0.0
21.325 0.0
21.35 0.0
21.375 0.0
21.4 0.0
21.425 0.0
21.45 0.0
21.475 0.0
21.5 0.0
21.525 0.0
21.55 0.0
21.575 0.0
21.6 0.0
21.625 0.0
21.65 0.0
21.675 0.0
21.7 0.0
21.725 0.0
21.75 0.0
21.775 0.0
21.8 0.0
21.825 0.0
21.85 0.0
21.875 0.0
21.9 0.0
21.925 0.0
21.95 0.0
21.975 0.0
22 0.0
22.025 0.0
22.05 0.0
22.075 0.0
22.1 0.0
22.125 0.0
22.15 0.0
22.175 0.0
22.2 0.0
22.225 0.0
22.25 0.0
22.275 0.0
22.3 0.0
22.325 0.0
22.35 0.0
22.375 0.0
22.4 0.0
22.425 0.0
22.45 0.0
22.475 0.0
22.5 0.0
22.525 0.0
22.55 0.0
22.575 0.0
22.6 0.0
22.625 0.0
22.65 0.0
22.675 0.0
22.7 0.0
22.725 0.0
22.75 0.0
22.775 0.0
22.8 0.0
22.825 0.0
22.85 0.0
22.875 0.0
22.9 0.0
22.925 0.0
22.95 0.0
22.975 0.0
23 0.0
23.025 0.0
23.05 0.0
23.075 0.0
23.1 0.0
23.125 0.0
23.15 0.0
23.175 0.0
23.2 0.0
23.225 0.0
23.25 0.0
23.275 0.0
23.3 0.0
23.325 0.0
23.35 0.0
23.375 0.0
23.4 0.0
23.425 0.0
23.45 0.0
23.475 0.0
23.5 0.0
23.525 0.0
23.55 0.0
23.575 0.0
23.6 0.0
23.625 0.0
23.65 0.0
23.675 0.0
23.7 0.0
23.725 0.0
23.75 0.0
23.775 0.0
23.8 0.0
23.825 0.0
23.85 0.0
23.875 0.0
23.9 0.0
23.925 0.0
23.95 0.0
23.975 0.0
24 0.0
24.025 0.0
24.05 0.0
24.075 0.0
24.1 0.0
24.125 0.0
24.15 0.0
24.175 0.0
24.2 0.0
24.225 0.0
24.25 0.0
24.275 0.0
24.3 0.0
24.325 0.0
24.35 0.0
24.375 0.0
24.4 0.0
24.425 0.0
24.45 0.0
24.475 0.0
24.5 0.0
24.525 0.0
24.55 0.0
24.575 0.0
24.6 0.0
24.625 0.0
24.65 0.0
24.675 0.0
24.7 0.0
24.725 0.0
24.75 0.0
24.775 0.0
24.8 0.0
24.825 0.0
24.85 0.0
24.875 0.0
24.9 0.0
24.925 0.0
24.95 0.0
24.975 0.0
25 0.0
25.025 0.0
25.05 0.0
25.075 0.0
25.1 0.0
25.125 0.0
25.15 0.0
25.175 0.0
25.2 0.0
25.225 0.0
25.25 0.0
25.275 0.0
25.3 0.0
25.325 0.0
25.35 0.0
25.375 0.0
25.4 0.0
25.425 0.0
25.45 0.0
25.475 0.0
25.5 0.0
25.525 0.0
25.55 0.0
25.575 0.0
25.6 0.0
25.625 0.0
25.65 0.0
25.675 0.0
25.7 0.0
25.725 0.0
25.75 0.0
25.775 0.0
25.8 0.0
25.825 0.0
25.85 0.0
25.875 0.0
25.9 0.0
25.925 0.0
25.95 0.0
25.975 0.0
26 0.0
26.025 0.0
26.05 0.0
26.075 0.0
26.1 0.0
26.125 0.0
26.15 0.0
26.175 0.0
26.2 0.0
26.225 0.0
26.25 0.0
26.275 0.0
26.3 0.0
26.325 0.0
26.35 0.0
26.375 0.0
26.4 0.0
26.425 0.0
26.45 0.0
26.475 0.0
26.5 0.0
26.525 0.0
26.55 0.0
26.575 0.0
26.6 0.0
26.625 0.0
26.65 0.0
26.675 0.0
26.7 0.0
26.725 0.0
26.75 0.0
26.775 0.0
26.8 0.0
26.825 0.0
26.85 0.0
26.875 0.0
26.9 0.0
26.925 0.0
26.95 0.0
26.975 0.0
27 0.0
27.025 0.0
27.05 0.0
27.075 0.0
27.1 0.0
27.125 0.0
27.15 0.0
27.175 0.0
27.2 0.0
27.225 0.0
27.25 0.0
27.275 0.0
27.3 0.0
27.325 0.0
27.35 0.0
27.375 0.0
27.4 0.0
27.425 0.0
27.45 0.0
27.475 0.0
27.5 0.0
27.525 0.0
27.55 0.0
27.575 0.0
27.6 0.0
27.625 0.0
27.65 0.0
27.675 0.0
27.7 0.0
27.725 0.0
27.75 0.0
27.775 0.0
27.8 0.0
27.825 0.0
27.85 0.0
27.875 0.0
27.9 0.0
27.925 0.0
27.95 0.0
27.975 0.0
28 0.0
28.025 0.0
28.05 0.0
28.075 0.0
28.1 0.0
28.125 0.0
28.15 0.0
28.175 0.0
28.2 0.0
28.225 0.0
28.25 0.0
28.275 0.0
28.3 0.0
28.325 0.0
28.35 0.0
28.375 0.0
28.4 0.0
28.425 0.0
28.45 0.0
28.475 0.0
28.5 0.0
28.525 0.0
28.55 0.0
28.575 0.0
28.6 0.0
28.625 0.0
28.65 0.0
28.675 0.0
28.7 0.0
28.725 0.0
28.75 0.0
28.775 0.0
28.8 0.0
28.825 0.0
28.85 0.0
28.875 0.0
28.9 0.0
28.925 0.0
28.95 0.0
28.975 0.0
29 0.0
29.025 0.0
29.05 0.0
29.075 0.0
29.1 0.0
29.125 0.0
29.15 0.0
29.175 0.0
29.2 0.0
29.225 0.0
29.25 0.0
29.275 0.0
29.3 0.0
29.325 0.0
29.35 0.0
29.375 0.0
29.4 0.0
29.425 0.0
29.45 0.0
29.475 0.0
29.5 0.0
29.525 0.0
29.55 0.0
29.575 0.0
29.6 0.0
29.625 0.0
29.65 0.0
29.675 0.0
29.7 0.0
29.725 0.0
29.75 0.0
29.775 0.0
29.8 0.0
29.825 0.0
29.85 0.0
29.875 0.0
29.9 0.0
29.925 0.0
29.95 0.0
29.975 0.0
30 0.0
