   6131.00000000000                7           1
   6133.59009746969                7           1
   6138.50000000000                7           1
   6143.40990253031                7           1
   6146.00000000000                7           1
   6148.59009746969                7           1
   6153.50000000000                7           1
   6158.40990253031                7           1
   6161.00000000000                7           1
   6161.00000000000                8          -1
   6164.88514620454                8           1
   6172.25000000000                8           1
   6179.61485379546                8           1
   6183.50000000000                8           1
   6187.38514620454                8           1
   6194.75000000000                8           1
   6202.11485379546                8           1
   6206.00000000000                8           1
   6209.88514620453                8           1
   6217.25000000000                8           1
   6224.61485379546                8           1
   6228.50000000000                8           1
   6232.38514620453                8           1
   6239.75000000000                8           1
   6247.11485379546                8           1
   6251.00000000000                8           1
   6251.00000000000                9          -1
   6253.93544379898                9           1
   6259.50000000000                9           1
   6265.06455620102                9           1
   6268.00000000000                9           1
   6270.93544379898                9           1
   6276.50000000000                9           1
   6282.06455620102                9           1
   6285.00000000000                9           1
   6287.93544379898                9           1
   6293.50000000000                9           1
   6299.06455620102                9           1
   6302.00000000000                9           1
   6304.93544379898                9           1
   6310.50000000000                9           1
   6316.06455620102                9           1
   6319.00000000000                9           1
   6321.93544379898                9           1
   6327.50000000000                9           1
   6333.06455620102                9           1
   6336.00000000000                9           1
   6336.00000000000               10          -1
   6337.29504873484               10           1
   6339.75000000000               10           1
   6342.20495126515               10           1
   6343.50000000000               10           1
   6344.79504873484               10           1
   6347.25000000000               10           1
   6349.70495126515               10           1
   6351.00000000000               10           1
   6351.00000000000               11          -1
   6352.72673164646               11           1
   6356.00000000000               11           1
   6359.27326835354               11           1
   6361.00000000000               11           1
   6362.72673164646               11           1
   6366.00000000000               11           1
   6369.27326835354               11           1
   6371.00000000000               11           1
