         225
        30       7681       7683       7699       7697
        60       7683       7685       7701       7699
        90       7685       7687       7703       7701
       120       7687       7689       7705       7703
       150       7689       7691       7707       7705
       180       7691       7693       7709       7707
       210       7693       7695       7711       7709
       240       7695       7696       7712       7711
       270       7696       7694       7710       7712
       300       7694       7692       7708       7710
       330       7692       7690       7706       7708
       360       7690       7688       7704       7706
       390       7688       7686       7702       7704
       420       7686       7684       7700       7702
       450       7684       7682       7698       7700
       480       7697       7699       7715       7713
       510       7699       7701       7717       7715
       540       7701       7703       7719       7717
       570       7703       7705       7721       7719
       600       7705       7707       7723       7721
       630       7707       7709       7725       7723
       660       7709       7711       7727       7725
       690       7711       7712       7728       7727
       720       7712       7710       7726       7728
       750       7710       7708       7724       7726
       780       7708       7706       7722       7724
       810       7706       7704       7720       7722
       840       7704       7702       7718       7720
       870       7702       7700       7716       7718
       900       7700       7698       7714       7716
       930       7713       7715       7731       7729
       960       7715       7717       7733       7731
       990       7717       7719       7735       7733
      1020       7719       7721       7737       7735
      1050       7721       7723       7739       7737
      1080       7723       7725       7741       7739
      1110       7725       7727       7743       7741
      1140       7727       7728       7744       7743
      1170       7728       7726       7742       7744
      1200       7726       7724       7740       7742
      1230       7724       7722       7738       7740
      1260       7722       7720       7736       7738
      1290       7720       7718       7734       7736
      1320       7718       7716       7732       7734
      1350       7716       7714       7730       7732
      1380       7729       7731       7747       7745
      1410       7731       7733       7749       7747
      1440       7733       7735       7751       7749
      1470       7735       7737       7753       7751
      1500       7737       7739       7755       7753
      1530       7739       7741       7757       7755
      1560       7741       7743       7759       7757
      1590       7743       7744       7760       7759
      1620       7744       7742       7758       7760
      1650       7742       7740       7756       7758
      1680       7740       7738       7754       7756
      1710       7738       7736       7752       7754
      1740       7736       7734       7750       7752
      1770       7734       7732       7748       7750
      1800       7732       7730       7746       7748
      1830       7745       7747       7763       7761
      1860       7747       7749       7765       7763
      1890       7749       7751       7767       7765
      1920       7751       7753       7769       7767
      1950       7753       7755       7771       7769
      1980       7755       7757       7773       7771
      2010       7757       7759       7775       7773
      2040       7759       7760       7776       7775
      2070       7760       7758       7774       7776
      2100       7758       7756       7772       7774
      2130       7756       7754       7770       7772
      2160       7754       7752       7768       7770
      2190       7752       7750       7766       7768
      2220       7750       7748       7764       7766
      2250       7748       7746       7762       7764
      2280       7761       7763       7779       7777
      2310       7763       7765       7781       7779
      2340       7765       7767       7783       7781
      2370       7767       7769       7785       7783
      2400       7769       7771       7787       7785
      2430       7771       7773       7789       7787
      2460       7773       7775       7791       7789
      2490       7775       7776       7792       7791
      2520       7776       7774       7790       7792
      2550       7774       7772       7788       7790
      2580       7772       7770       7786       7788
      2610       7770       7768       7784       7786
      2640       7768       7766       7782       7784
      2670       7766       7764       7780       7782
      2700       7764       7762       7778       7780
      2730       7777       7779       7795       7793
      2760       7779       7781       7797       7795
      2790       7781       7783       7799       7797
      2820       7783       7785       7801       7799
      2850       7785       7787       7803       7801
      2880       7787       7789       7805       7803
      2910       7789       7791       7807       7805
      2940       7791       7792       7808       7807
      2970       7792       7790       7806       7808
      3000       7790       7788       7804       7806
      3030       7788       7786       7802       7804
      3060       7786       7784       7800       7802
      3090       7784       7782       7798       7800
      3120       7782       7780       7796       7798
      3150       7780       7778       7794       7796
      3180       7793       7795       7811       7809
      3210       7795       7797       7813       7811
      3240       7797       7799       7815       7813
      3270       7799       7801       7817       7815
      3300       7801       7803       7819       7817
      3330       7803       7805       7821       7819
      3360       7805       7807       7823       7821
      3390       7807       7808       7824       7823
      3420       7808       7806       7822       7824
      3450       7806       7804       7820       7822
      3480       7804       7802       7818       7820
      3510       7802       7800       7816       7818
      3540       7800       7798       7814       7816
      3570       7798       7796       7812       7814
      3600       7796       7794       7810       7812
      3630       7809       7811       7827       7825
      3660       7811       7813       7829       7827
      3690       7813       7815       7831       7829
      3720       7815       7817       7833       7831
      3750       7817       7819       7835       7833
      3780       7819       7821       7837       7835
      3810       7821       7823       7839       7837
      3840       7823       7824       7840       7839
      3870       7824       7822       7838       7840
      3900       7822       7820       7836       7838
      3930       7820       7818       7834       7836
      3960       7818       7816       7832       7834
      3990       7816       7814       7830       7832
      4020       7814       7812       7828       7830
      4050       7812       7810       7826       7828
      4080       7825       7827       7843       7841
      4110       7827       7829       7845       7843
      4140       7829       7831       7847       7845
      4170       7831       7833       7849       7847
      4200       7833       7835       7851       7849
      4230       7835       7837       7853       7851
      4260       7837       7839       7855       7853
      4290       7839       7840       7856       7855
      4320       7840       7838       7854       7856
      4350       7838       7836       7852       7854
      4380       7836       7834       7850       7852
      4410       7834       7832       7848       7850
      4440       7832       7830       7846       7848
      4470       7830       7828       7844       7846
      4500       7828       7826       7842       7844
      4530       7841       7843       7859       7857
      4560       7843       7845       7861       7859
      4590       7845       7847       7863       7861
      4620       7847       7849       7865       7863
      4650       7849       7851       7867       7865
      4680       7851       7853       7869       7867
      4710       7853       7855       7871       7869
      4740       7855       7856       7872       7871
      4770       7856       7854       7870       7872
      4800       7854       7852       7868       7870
      4830       7852       7850       7866       7868
      4860       7850       7848       7864       7866
      4890       7848       7846       7862       7864
      4920       7846       7844       7860       7862
      4950       7844       7842       7858       7860
      4980       7857       7859       7875       7873
      5010       7859       7861       7877       7875
      5040       7861       7863       7879       7877
      5070       7863       7865       7881       7879
      5100       7865       7867       7883       7881
      5130       7867       7869       7885       7883
      5160       7869       7871       7887       7885
      5190       7871       7872       7888       7887
      5220       7872       7870       7886       7888
      5250       7870       7868       7884       7886
      5280       7868       7866       7882       7884
      5310       7866       7864       7880       7882
      5340       7864       7862       7878       7880
      5370       7862       7860       7876       7878
      5400       7860       7858       7874       7876
      5430       7873       7875       7891       7889
      5460       7875       7877       7893       7891
      5490       7877       7879       7895       7893
      5520       7879       7881       7897       7895
      5550       7881       7883       7899       7897
      5580       7883       7885       7901       7899
      5610       7885       7887       7903       7901
      5640       7887       7888       7904       7903
      5670       7888       7886       7902       7904
      5700       7886       7884       7900       7902
      5730       7884       7882       7898       7900
      5760       7882       7880       7896       7898
      5790       7880       7878       7894       7896
      5820       7878       7876       7892       7894
      5850       7876       7874       7890       7892
      5880       7889       7891       7907       7905
      5910       7891       7893       7909       7907
      5940       7893       7895       7911       7909
      5970       7895       7897       7913       7911
      6000       7897       7899       7915       7913
      6030       7899       7901       7917       7915
      6060       7901       7903       7919       7917
      6090       7903       7904       7920       7919
      6120       7904       7902       7918       7920
      6150       7902       7900       7916       7918
      6180       7900       7898       7914       7916
      6210       7898       7896       7912       7914
      6240       7896       7894       7910       7912
      6270       7894       7892       7908       7910
      6300       7892       7890       7906       7908
      6330       7905       7907       7923       7921
      6360       7907       7909       7925       7923
      6390       7909       7911       7927       7925
      6420       7911       7913       7929       7927
      6450       7913       7915       7931       7929
      6480       7915       7917       7933       7931
      6510       7917       7919       7935       7933
      6540       7919       7920       7936       7935
      6570       7920       7918       7934       7936
      6600       7918       7916       7932       7934
      6630       7916       7914       7930       7932
      6660       7914       7912       7928       7930
      6690       7912       7910       7926       7928
      6720       7910       7908       7924       7926
      6750       7908       7906       7922       7924
