         450
         1        255        253        509        511
         2        511        509        765        767
         3        767        765       1021       1023
         4       1023       1021       1277       1279
         5       1279       1277       1533       1535
         6       1535       1533       1789       1791
         7       1791       1789       2045       2047
         8       2047       2045       2301       2303
         9       2303       2301       2557       2559
        10       2559       2557       2813       2815
        11       2815       2813       3069       3071
        12       3071       3069       3325       3327
        13       3327       3325       3581       3583
        14       3583       3581       3837       3839
        15       3839       3837       3872       3856
        16       3856       3872       4099       4097
        17       4097       4099       4355       4353
        18       4353       4355       4611       4609
        19       4609       4611       4867       4865
        20       4865       4867       5123       5121
        21       5121       5123       5379       5377
        22       5377       5379       5635       5633
        23       5633       5635       5891       5889
        24       5889       5891       6147       6145
        25       6145       6147       6403       6401
        26       6401       6403       6659       6657
        27       6657       6659       6915       6913
        28       6913       6915       7171       7169
        29       7169       7171       7427       7425
        30       7425       7427       7683       7681
        31        253        251        507        509
        32        509        507        763        765
        33        765        763       1019       1021
        34       1021       1019       1275       1277
        35       1277       1275       1531       1533
        36       1533       1531       1787       1789
        37       1789       1787       2043       2045
        38       2045       2043       2299       2301
        39       2301       2299       2555       2557
        40       2557       2555       2811       2813
        41       2813       2811       3067       3069
        42       3069       3067       3323       3325
        43       3325       3323       3579       3581
        44       3581       3579       3835       3837
        45       3837       3835       3888       3872
        46       3872       3888       4101       4099
        47       4099       4101       4357       4355
        48       4355       4357       4613       4611
        49       4611       4613       4869       4867
        50       4867       4869       5125       5123
        51       5123       5125       5381       5379
        52       5379       5381       5637       5635
        53       5635       5637       5893       5891
        54       5891       5893       6149       6147
        55       6147       6149       6405       6403
        56       6403       6405       6661       6659
        57       6659       6661       6917       6915
        58       6915       6917       7173       7171
        59       7171       7173       7429       7427
        60       7427       7429       7685       7683
        61        251        249        505        507
        62        507        505        761        763
        63        763        761       1017       1019
        64       1019       1017       1273       1275
        65       1275       1273       1529       1531
        66       1531       1529       1785       1787
        67       1787       1785       2041       2043
        68       2043       2041       2297       2299
        69       2299       2297       2553       2555
        70       2555       2553       2809       2811
        71       2811       2809       3065       3067
        72       3067       3065       3321       3323
        73       3323       3321       3577       3579
        74       3579       3577       3833       3835
        75       3835       3833       3904       3888
        76       3888       3904       4103       4101
        77       4101       4103       4359       4357
        78       4357       4359       4615       4613
        79       4613       4615       4871       4869
        80       4869       4871       5127       5125
        81       5125       5127       5383       5381
        82       5381       5383       5639       5637
        83       5637       5639       5895       5893
        84       5893       5895       6151       6149
        85       6149       6151       6407       6405
        86       6405       6407       6663       6661
        87       6661       6663       6919       6917
        88       6917       6919       7175       7173
        89       7173       7175       7431       7429
        90       7429       7431       7687       7685
        91        249        247        503        505
        92        505        503        759        761
        93        761        759       1015       1017
        94       1017       1015       1271       1273
        95       1273       1271       1527       1529
        96       1529       1527       1783       1785
        97       1785       1783       2039       2041
        98       2041       2039       2295       2297
        99       2297       2295       2551       2553
       100       2553       2551       2807       2809
       101       2809       2807       3063       3065
       102       3065       3063       3319       3321
       103       3321       3319       3575       3577
       104       3577       3575       3831       3833
       105       3833       3831       3920       3904
       106       3904       3920       4105       4103
       107       4103       4105       4361       4359
       108       4359       4361       4617       4615
       109       4615       4617       4873       4871
       110       4871       4873       5129       5127
       111       5127       5129       5385       5383
       112       5383       5385       5641       5639
       113       5639       5641       5897       5895
       114       5895       5897       6153       6151
       115       6151       6153       6409       6407
       116       6407       6409       6665       6663
       117       6663       6665       6921       6919
       118       6919       6921       7177       7175
       119       7175       7177       7433       7431
       120       7431       7433       7689       7687
       121        247        245        501        503
       122        503        501        757        759
       123        759        757       1013       1015
       124       1015       1013       1269       1271
       125       1271       1269       1525       1527
       126       1527       1525       1781       1783
       127       1783       1781       2037       2039
       128       2039       2037       2293       2295
       129       2295       2293       2549       2551
       130       2551       2549       2805       2807
       131       2807       2805       3061       3063
       132       3063       3061       3317       3319
       133       3319       3317       3573       3575
       134       3575       3573       3829       3831
       135       3831       3829       3936       3920
       136       3920       3936       4107       4105
       137       4105       4107       4363       4361
       138       4361       4363       4619       4617
       139       4617       4619       4875       4873
       140       4873       4875       5131       5129
       141       5129       5131       5387       5385
       142       5385       5387       5643       5641
       143       5641       5643       5899       5897
       144       5897       5899       6155       6153
       145       6153       6155       6411       6409
       146       6409       6411       6667       6665
       147       6665       6667       6923       6921
       148       6921       6923       7179       7177
       149       7177       7179       7435       7433
       150       7433       7435       7691       7689
       151        245        243        499        501
       152        501        499        755        757
       153        757        755       1011       1013
       154       1013       1011       1267       1269
       155       1269       1267       1523       1525
       156       1525       1523       1779       1781
       157       1781       1779       2035       2037
       158       2037       2035       2291       2293
       159       2293       2291       2547       2549
       160       2549       2547       2803       2805
       161       2805       2803       3059       3061
       162       3061       3059       3315       3317
       163       3317       3315       3571       3573
       164       3573       3571       3827       3829
       165       3829       3827       3952       3936
       166       3936       3952       4109       4107
       167       4107       4109       4365       4363
       168       4363       4365       4621       4619
       169       4619       4621       4877       4875
       170       4875       4877       5133       5131
       171       5131       5133       5389       5387
       172       5387       5389       5645       5643
       173       5643       5645       5901       5899
       174       5899       5901       6157       6155
       175       6155       6157       6413       6411
       176       6411       6413       6669       6667
       177       6667       6669       6925       6923
       178       6923       6925       7181       7179
       179       7179       7181       7437       7435
       180       7435       7437       7693       7691
       181        243        241        497        499
       182        499        497        753        755
       183        755        753       1009       1011
       184       1011       1009       1265       1267
       185       1267       1265       1521       1523
       186       1523       1521       1777       1779
       187       1779       1777       2033       2035
       188       2035       2033       2289       2291
       189       2291       2289       2545       2547
       190       2547       2545       2801       2803
       191       2803       2801       3057       3059
       192       3059       3057       3313       3315
       193       3315       3313       3569       3571
       194       3571       3569       3825       3827
       195       3827       3825       3968       3952
       196       3952       3968       4111       4109
       197       4109       4111       4367       4365
       198       4365       4367       4623       4621
       199       4621       4623       4879       4877
       200       4877       4879       5135       5133
       201       5133       5135       5391       5389
       202       5389       5391       5647       5645
       203       5645       5647       5903       5901
       204       5901       5903       6159       6157
       205       6157       6159       6415       6413
       206       6413       6415       6671       6669
       207       6669       6671       6927       6925
       208       6925       6927       7183       7181
       209       7181       7183       7439       7437
       210       7437       7439       7695       7693
       211        241        242        498        497
       212        497        498        754        753
       213        753        754       1010       1009
       214       1009       1010       1266       1265
       215       1265       1266       1522       1521
       216       1521       1522       1778       1777
       217       1777       1778       2034       2033
       218       2033       2034       2290       2289
       219       2289       2290       2546       2545
       220       2545       2546       2802       2801
       221       2801       2802       3058       3057
       222       3057       3058       3314       3313
       223       3313       3314       3570       3569
       224       3569       3570       3826       3825
       225       3825       3826       3969       3968
       226       3968       3969       4112       4111
       227       4111       4112       4368       4367
       228       4367       4368       4624       4623
       229       4623       4624       4880       4879
       230       4879       4880       5136       5135
       231       5135       5136       5392       5391
       232       5391       5392       5648       5647
       233       5647       5648       5904       5903
       234       5903       5904       6160       6159
       235       6159       6160       6416       6415
       236       6415       6416       6672       6671
       237       6671       6672       6928       6927
       238       6927       6928       7184       7183
       239       7183       7184       7440       7439
       240       7439       7440       7696       7695
       241        242        244        500        498
       242        498        500        756        754
       243        754        756       1012       1010
       244       1010       1012       1268       1266
       245       1266       1268       1524       1522
       246       1522       1524       1780       1778
       247       1778       1780       2036       2034
       248       2034       2036       2292       2290
       249       2290       2292       2548       2546
       250       2546       2548       2804       2802
       251       2802       2804       3060       3058
       252       3058       3060       3316       3314
       253       3314       3316       3572       3570
       254       3570       3572       3828       3826
       255       3826       3828       3985       3969
       256       3969       3985       4110       4112
       257       4112       4110       4366       4368
       258       4368       4366       4622       4624
       259       4624       4622       4878       4880
       260       4880       4878       5134       5136
       261       5136       5134       5390       5392
       262       5392       5390       5646       5648
       263       5648       5646       5902       5904
       264       5904       5902       6158       6160
       265       6160       6158       6414       6416
       266       6416       6414       6670       6672
       267       6672       6670       6926       6928
       268       6928       6926       7182       7184
       269       7184       7182       7438       7440
       270       7440       7438       7694       7696
       271        244        246        502        500
       272        500        502        758        756
       273        756        758       1014       1012
       274       1012       1014       1270       1268
       275       1268       1270       1526       1524
       276       1524       1526       1782       1780
       277       1780       1782       2038       2036
       278       2036       2038       2294       2292
       279       2292       2294       2550       2548
       280       2548       2550       2806       2804
       281       2804       2806       3062       3060
       282       3060       3062       3318       3316
       283       3316       3318       3574       3572
       284       3572       3574       3830       3828
       285       3828       3830       4001       3985
       286       3985       4001       4108       4110
       287       4110       4108       4364       4366
       288       4366       4364       4620       4622
       289       4622       4620       4876       4878
       290       4878       4876       5132       5134
       291       5134       5132       5388       5390
       292       5390       5388       5644       5646
       293       5646       5644       5900       5902
       294       5902       5900       6156       6158
       295       6158       6156       6412       6414
       296       6414       6412       6668       6670
       297       6670       6668       6924       6926
       298       6926       6924       7180       7182
       299       7182       7180       7436       7438
       300       7438       7436       7692       7694
       301        246        248        504        502
       302        502        504        760        758
       303        758        760       1016       1014
       304       1014       1016       1272       1270
       305       1270       1272       1528       1526
       306       1526       1528       1784       1782
       307       1782       1784       2040       2038
       308       2038       2040       2296       2294
       309       2294       2296       2552       2550
       310       2550       2552       2808       2806
       311       2806       2808       3064       3062
       312       3062       3064       3320       3318
       313       3318       3320       3576       3574
       314       3574       3576       3832       3830
       315       3830       3832       4017       4001
       316       4001       4017       4106       4108
       317       4108       4106       4362       4364
       318       4364       4362       4618       4620
       319       4620       4618       4874       4876
       320       4876       4874       5130       5132
       321       5132       5130       5386       5388
       322       5388       5386       5642       5644
       323       5644       5642       5898       5900
       324       5900       5898       6154       6156
       325       6156       6154       6410       6412
       326       6412       6410       6666       6668
       327       6668       6666       6922       6924
       328       6924       6922       7178       7180
       329       7180       7178       7434       7436
       330       7436       7434       7690       7692
       331        248        250        506        504
       332        504        506        762        760
       333        760        762       1018       1016
       334       1016       1018       1274       1272
       335       1272       1274       1530       1528
       336       1528       1530       1786       1784
       337       1784       1786       2042       2040
       338       2040       2042       2298       2296
       339       2296       2298       2554       2552
       340       2552       2554       2810       2808
       341       2808       2810       3066       3064
       342       3064       3066       3322       3320
       343       3320       3322       3578       3576
       344       3576       3578       3834       3832
       345       3832       3834       4033       4017
       346       4017       4033       4104       4106
       347       4106       4104       4360       4362
       348       4362       4360       4616       4618
       349       4618       4616       4872       4874
       350       4874       4872       5128       5130
       351       5130       5128       5384       5386
       352       5386       5384       5640       5642
       353       5642       5640       5896       5898
       354       5898       5896       6152       6154
       355       6154       6152       6408       6410
       356       6410       6408       6664       6666
       357       6666       6664       6920       6922
       358       6922       6920       7176       7178
       359       7178       7176       7432       7434
       360       7434       7432       7688       7690
       361        250        252        508        506
       362        506        508        764        762
       363        762        764       1020       1018
       364       1018       1020       1276       1274
       365       1274       1276       1532       1530
       366       1530       1532       1788       1786
       367       1786       1788       2044       2042
       368       2042       2044       2300       2298
       369       2298       2300       2556       2554
       370       2554       2556       2812       2810
       371       2810       2812       3068       3066
       372       3066       3068       3324       3322
       373       3322       3324       3580       3578
       374       3578       3580       3836       3834
       375       3834       3836       4049       4033
       376       4033       4049       4102       4104
       377       4104       4102       4358       4360
       378       4360       4358       4614       4616
       379       4616       4614       4870       4872
       380       4872       4870       5126       5128
       381       5128       5126       5382       5384
       382       5384       5382       5638       5640
       383       5640       5638       5894       5896
       384       5896       5894       6150       6152
       385       6152       6150       6406       6408
       386       6408       6406       6662       6664
       387       6664       6662       6918       6920
       388       6920       6918       7174       7176
       389       7176       7174       7430       7432
       390       7432       7430       7686       7688
       391        252        254        510        508
       392        508        510        766        764
       393        764        766       1022       1020
       394       1020       1022       1278       1276
       395       1276       1278       1534       1532
       396       1532       1534       1790       1788
       397       1788       1790       2046       2044
       398       2044       2046       2302       2300
       399       2300       2302       2558       2556
       400       2556       2558       2814       2812
       401       2812       2814       3070       3068
       402       3068       3070       3326       3324
       403       3324       3326       3582       3580
       404       3580       3582       3838       3836
       405       3836       3838       4065       4049
       406       4049       4065       4100       4102
       407       4102       4100       4356       4358
       408       4358       4356       4612       4614
       409       4614       4612       4868       4870
       410       4870       4868       5124       5126
       411       5126       5124       5380       5382
       412       5382       5380       5636       5638
       413       5638       5636       5892       5894
       414       5894       5892       6148       6150
       415       6150       6148       6404       6406
       416       6406       6404       6660       6662
       417       6662       6660       6916       6918
       418       6918       6916       7172       7174
       419       7174       7172       7428       7430
       420       7430       7428       7684       7686
       421        254        256        512        510
       422        510        512        768        766
       423        766        768       1024       1022
       424       1022       1024       1280       1278
       425       1278       1280       1536       1534
       426       1534       1536       1792       1790
       427       1790       1792       2048       2046
       428       2046       2048       2304       2302
       429       2302       2304       2560       2558
       430       2558       2560       2816       2814
       431       2814       2816       3072       3070
       432       3070       3072       3328       3326
       433       3326       3328       3584       3582
       434       3582       3584       3840       3838
       435       3838       3840       4081       4065
       436       4065       4081       4098       4100
       437       4100       4098       4354       4356
       438       4356       4354       4610       4612
       439       4612       4610       4866       4868
       440       4868       4866       5122       5124
       441       5124       5122       5378       5380
       442       5380       5378       5634       5636
       443       5636       5634       5890       5892
       444       5892       5890       6146       6148
       445       6148       6146       6402       6404
       446       6404       6402       6658       6660
       447       6660       6658       6914       6916
       448       6916       6914       7170       7172
       449       7172       7170       7426       7428
       450       7428       7426       7682       7684
