         450
       421        256        512        496        240
       422        512        768        752        496
       423        768       1024       1008        752
       424       1024       1280       1264       1008
       425       1280       1536       1520       1264
       426       1536       1792       1776       1520
       427       1792       2048       2032       1776
       428       2048       2304       2288       2032
       429       2304       2560       2544       2288
       430       2560       2816       2800       2544
       431       2816       3072       3056       2800
       432       3072       3328       3312       3056
       433       3328       3584       3568       3312
       434       3584       3840       3824       3568
       435       3840       4081       4082       3824
       436       4081       4098       4114       4082
       437       4098       4354       4370       4114
       438       4354       4610       4626       4370
       439       4610       4866       4882       4626
       440       4866       5122       5138       4882
       441       5122       5378       5394       5138
       442       5378       5634       5650       5394
       443       5634       5890       5906       5650
       444       5890       6146       6162       5906
       445       6146       6402       6418       6162
       446       6402       6658       6674       6418
       447       6658       6914       6930       6674
       448       6914       7170       7186       6930
       449       7170       7426       7442       7186
       450       7426       7682       7698       7442
       871        240        496        480        224
       872        496        752        736        480
       873        752       1008        992        736
       874       1008       1264       1248        992
       875       1264       1520       1504       1248
       876       1520       1776       1760       1504
       877       1776       2032       2016       1760
       878       2032       2288       2272       2016
       879       2288       2544       2528       2272
       880       2544       2800       2784       2528
       881       2800       3056       3040       2784
       882       3056       3312       3296       3040
       883       3312       3568       3552       3296
       884       3568       3824       3808       3552
       885       3824       4082       4083       3808
       886       4082       4114       4130       4083
       887       4114       4370       4386       4130
       888       4370       4626       4642       4386
       889       4626       4882       4898       4642
       890       4882       5138       5154       4898
       891       5138       5394       5410       5154
       892       5394       5650       5666       5410
       893       5650       5906       5922       5666
       894       5906       6162       6178       5922
       895       6162       6418       6434       6178
       896       6418       6674       6690       6434
       897       6674       6930       6946       6690
       898       6930       7186       7202       6946
       899       7186       7442       7458       7202
       900       7442       7698       7714       7458
      1321        224        480        464        208
      1322        480        736        720        464
      1323        736        992        976        720
      1324        992       1248       1232        976
      1325       1248       1504       1488       1232
      1326       1504       1760       1744       1488
      1327       1760       2016       2000       1744
      1328       2016       2272       2256       2000
      1329       2272       2528       2512       2256
      1330       2528       2784       2768       2512
      1331       2784       3040       3024       2768
      1332       3040       3296       3280       3024
      1333       3296       3552       3536       3280
      1334       3552       3808       3792       3536
      1335       3808       4083       4084       3792
      1336       4083       4130       4146       4084
      1337       4130       4386       4402       4146
      1338       4386       4642       4658       4402
      1339       4642       4898       4914       4658
      1340       4898       5154       5170       4914
      1341       5154       5410       5426       5170
      1342       5410       5666       5682       5426
      1343       5666       5922       5938       5682
      1344       5922       6178       6194       5938
      1345       6178       6434       6450       6194
      1346       6434       6690       6706       6450
      1347       6690       6946       6962       6706
      1348       6946       7202       7218       6962
      1349       7202       7458       7474       7218
      1350       7458       7714       7730       7474
      1771        208        464        448        192
      1772        464        720        704        448
      1773        720        976        960        704
      1774        976       1232       1216        960
      1775       1232       1488       1472       1216
      1776       1488       1744       1728       1472
      1777       1744       2000       1984       1728
      1778       2000       2256       2240       1984
      1779       2256       2512       2496       2240
      1780       2512       2768       2752       2496
      1781       2768       3024       3008       2752
      1782       3024       3280       3264       3008
      1783       3280       3536       3520       3264
      1784       3536       3792       3776       3520
      1785       3792       4084       4085       3776
      1786       4084       4146       4162       4085
      1787       4146       4402       4418       4162
      1788       4402       4658       4674       4418
      1789       4658       4914       4930       4674
      1790       4914       5170       5186       4930
      1791       5170       5426       5442       5186
      1792       5426       5682       5698       5442
      1793       5682       5938       5954       5698
      1794       5938       6194       6210       5954
      1795       6194       6450       6466       6210
      1796       6450       6706       6722       6466
      1797       6706       6962       6978       6722
      1798       6962       7218       7234       6978
      1799       7218       7474       7490       7234
      1800       7474       7730       7746       7490
      2221        192        448        432        176
      2222        448        704        688        432
      2223        704        960        944        688
      2224        960       1216       1200        944
      2225       1216       1472       1456       1200
      2226       1472       1728       1712       1456
      2227       1728       1984       1968       1712
      2228       1984       2240       2224       1968
      2229       2240       2496       2480       2224
      2230       2496       2752       2736       2480
      2231       2752       3008       2992       2736
      2232       3008       3264       3248       2992
      2233       3264       3520       3504       3248
      2234       3520       3776       3760       3504
      2235       3776       4085       4086       3760
      2236       4085       4162       4178       4086
      2237       4162       4418       4434       4178
      2238       4418       4674       4690       4434
      2239       4674       4930       4946       4690
      2240       4930       5186       5202       4946
      2241       5186       5442       5458       5202
      2242       5442       5698       5714       5458
      2243       5698       5954       5970       5714
      2244       5954       6210       6226       5970
      2245       6210       6466       6482       6226
      2246       6466       6722       6738       6482
      2247       6722       6978       6994       6738
      2248       6978       7234       7250       6994
      2249       7234       7490       7506       7250
      2250       7490       7746       7762       7506
      2671        176        432        416        160
      2672        432        688        672        416
      2673        688        944        928        672
      2674        944       1200       1184        928
      2675       1200       1456       1440       1184
      2676       1456       1712       1696       1440
      2677       1712       1968       1952       1696
      2678       1968       2224       2208       1952
      2679       2224       2480       2464       2208
      2680       2480       2736       2720       2464
      2681       2736       2992       2976       2720
      2682       2992       3248       3232       2976
      2683       3248       3504       3488       3232
      2684       3504       3760       3744       3488
      2685       3760       4086       4087       3744
      2686       4086       4178       4194       4087
      2687       4178       4434       4450       4194
      2688       4434       4690       4706       4450
      2689       4690       4946       4962       4706
      2690       4946       5202       5218       4962
      2691       5202       5458       5474       5218
      2692       5458       5714       5730       5474
      2693       5714       5970       5986       5730
      2694       5970       6226       6242       5986
      2695       6226       6482       6498       6242
      2696       6482       6738       6754       6498
      2697       6738       6994       7010       6754
      2698       6994       7250       7266       7010
      2699       7250       7506       7522       7266
      2700       7506       7762       7778       7522
      3121        160        416        400        144
      3122        416        672        656        400
      3123        672        928        912        656
      3124        928       1184       1168        912
      3125       1184       1440       1424       1168
      3126       1440       1696       1680       1424
      3127       1696       1952       1936       1680
      3128       1952       2208       2192       1936
      3129       2208       2464       2448       2192
      3130       2464       2720       2704       2448
      3131       2720       2976       2960       2704
      3132       2976       3232       3216       2960
      3133       3232       3488       3472       3216
      3134       3488       3744       3728       3472
      3135       3744       4087       4088       3728
      3136       4087       4194       4210       4088
      3137       4194       4450       4466       4210
      3138       4450       4706       4722       4466
      3139       4706       4962       4978       4722
      3140       4962       5218       5234       4978
      3141       5218       5474       5490       5234
      3142       5474       5730       5746       5490
      3143       5730       5986       6002       5746
      3144       5986       6242       6258       6002
      3145       6242       6498       6514       6258
      3146       6498       6754       6770       6514
      3147       6754       7010       7026       6770
      3148       7010       7266       7282       7026
      3149       7266       7522       7538       7282
      3150       7522       7778       7794       7538
      3571        144        400        384        128
      3572        400        656        640        384
      3573        656        912        896        640
      3574        912       1168       1152        896
      3575       1168       1424       1408       1152
      3576       1424       1680       1664       1408
      3577       1680       1936       1920       1664
      3578       1936       2192       2176       1920
      3579       2192       2448       2432       2176
      3580       2448       2704       2688       2432
      3581       2704       2960       2944       2688
      3582       2960       3216       3200       2944
      3583       3216       3472       3456       3200
      3584       3472       3728       3712       3456
      3585       3728       4088       4089       3712
      3586       4088       4210       4226       4089
      3587       4210       4466       4482       4226
      3588       4466       4722       4738       4482
      3589       4722       4978       4994       4738
      3590       4978       5234       5250       4994
      3591       5234       5490       5506       5250
      3592       5490       5746       5762       5506
      3593       5746       6002       6018       5762
      3594       6002       6258       6274       6018
      3595       6258       6514       6530       6274
      3596       6514       6770       6786       6530
      3597       6770       7026       7042       6786
      3598       7026       7282       7298       7042
      3599       7282       7538       7554       7298
      3600       7538       7794       7810       7554
      4021        128        384        368        112
      4022        384        640        624        368
      4023        640        896        880        624
      4024        896       1152       1136        880
      4025       1152       1408       1392       1136
      4026       1408       1664       1648       1392
      4027       1664       1920       1904       1648
      4028       1920       2176       2160       1904
      4029       2176       2432       2416       2160
      4030       2432       2688       2672       2416
      4031       2688       2944       2928       2672
      4032       2944       3200       3184       2928
      4033       3200       3456       3440       3184
      4034       3456       3712       3696       3440
      4035       3712       4089       4090       3696
      4036       4089       4226       4242       4090
      4037       4226       4482       4498       4242
      4038       4482       4738       4754       4498
      4039       4738       4994       5010       4754
      4040       4994       5250       5266       5010
      4041       5250       5506       5522       5266
      4042       5506       5762       5778       5522
      4043       5762       6018       6034       5778
      4044       6018       6274       6290       6034
      4045       6274       6530       6546       6290
      4046       6530       6786       6802       6546
      4047       6786       7042       7058       6802
      4048       7042       7298       7314       7058
      4049       7298       7554       7570       7314
      4050       7554       7810       7826       7570
      4471        112        368        352         96
      4472        368        624        608        352
      4473        624        880        864        608
      4474        880       1136       1120        864
      4475       1136       1392       1376       1120
      4476       1392       1648       1632       1376
      4477       1648       1904       1888       1632
      4478       1904       2160       2144       1888
      4479       2160       2416       2400       2144
      4480       2416       2672       2656       2400
      4481       2672       2928       2912       2656
      4482       2928       3184       3168       2912
      4483       3184       3440       3424       3168
      4484       3440       3696       3680       3424
      4485       3696       4090       4091       3680
      4486       4090       4242       4258       4091
      4487       4242       4498       4514       4258
      4488       4498       4754       4770       4514
      4489       4754       5010       5026       4770
      4490       5010       5266       5282       5026
      4491       5266       5522       5538       5282
      4492       5522       5778       5794       5538
      4493       5778       6034       6050       5794
      4494       6034       6290       6306       6050
      4495       6290       6546       6562       6306
      4496       6546       6802       6818       6562
      4497       6802       7058       7074       6818
      4498       7058       7314       7330       7074
      4499       7314       7570       7586       7330
      4500       7570       7826       7842       7586
      4921         96        352        336         80
      4922        352        608        592        336
      4923        608        864        848        592
      4924        864       1120       1104        848
      4925       1120       1376       1360       1104
      4926       1376       1632       1616       1360
      4927       1632       1888       1872       1616
      4928       1888       2144       2128       1872
      4929       2144       2400       2384       2128
      4930       2400       2656       2640       2384
      4931       2656       2912       2896       2640
      4932       2912       3168       3152       2896
      4933       3168       3424       3408       3152
      4934       3424       3680       3664       3408
      4935       3680       4091       4092       3664
      4936       4091       4258       4274       4092
      4937       4258       4514       4530       4274
      4938       4514       4770       4786       4530
      4939       4770       5026       5042       4786
      4940       5026       5282       5298       5042
      4941       5282       5538       5554       5298
      4942       5538       5794       5810       5554
      4943       5794       6050       6066       5810
      4944       6050       6306       6322       6066
      4945       6306       6562       6578       6322
      4946       6562       6818       6834       6578
      4947       6818       7074       7090       6834
      4948       7074       7330       7346       7090
      4949       7330       7586       7602       7346
      4950       7586       7842       7858       7602
      5371         80        336        320         64
      5372        336        592        576        320
      5373        592        848        832        576
      5374        848       1104       1088        832
      5375       1104       1360       1344       1088
      5376       1360       1616       1600       1344
      5377       1616       1872       1856       1600
      5378       1872       2128       2112       1856
      5379       2128       2384       2368       2112
      5380       2384       2640       2624       2368
      5381       2640       2896       2880       2624
      5382       2896       3152       3136       2880
      5383       3152       3408       3392       3136
      5384       3408       3664       3648       3392
      5385       3664       4092       4093       3648
      5386       4092       4274       4290       4093
      5387       4274       4530       4546       4290
      5388       4530       4786       4802       4546
      5389       4786       5042       5058       4802
      5390       5042       5298       5314       5058
      5391       5298       5554       5570       5314
      5392       5554       5810       5826       5570
      5393       5810       6066       6082       5826
      5394       6066       6322       6338       6082
      5395       6322       6578       6594       6338
      5396       6578       6834       6850       6594
      5397       6834       7090       7106       6850
      5398       7090       7346       7362       7106
      5399       7346       7602       7618       7362
      5400       7602       7858       7874       7618
      5821         64        320        304         48
      5822        320        576        560        304
      5823        576        832        816        560
      5824        832       1088       1072        816
      5825       1088       1344       1328       1072
      5826       1344       1600       1584       1328
      5827       1600       1856       1840       1584
      5828       1856       2112       2096       1840
      5829       2112       2368       2352       2096
      5830       2368       2624       2608       2352
      5831       2624       2880       2864       2608
      5832       2880       3136       3120       2864
      5833       3136       3392       3376       3120
      5834       3392       3648       3632       3376
      5835       3648       4093       4094       3632
      5836       4093       4290       4306       4094
      5837       4290       4546       4562       4306
      5838       4546       4802       4818       4562
      5839       4802       5058       5074       4818
      5840       5058       5314       5330       5074
      5841       5314       5570       5586       5330
      5842       5570       5826       5842       5586
      5843       5826       6082       6098       5842
      5844       6082       6338       6354       6098
      5845       6338       6594       6610       6354
      5846       6594       6850       6866       6610
      5847       6850       7106       7122       6866
      5848       7106       7362       7378       7122
      5849       7362       7618       7634       7378
      5850       7618       7874       7890       7634
      6271         48        304        288         32
      6272        304        560        544        288
      6273        560        816        800        544
      6274        816       1072       1056        800
      6275       1072       1328       1312       1056
      6276       1328       1584       1568       1312
      6277       1584       1840       1824       1568
      6278       1840       2096       2080       1824
      6279       2096       2352       2336       2080
      6280       2352       2608       2592       2336
      6281       2608       2864       2848       2592
      6282       2864       3120       3104       2848
      6283       3120       3376       3360       3104
      6284       3376       3632       3616       3360
      6285       3632       4094       4095       3616
      6286       4094       4306       4322       4095
      6287       4306       4562       4578       4322
      6288       4562       4818       4834       4578
      6289       4818       5074       5090       4834
      6290       5074       5330       5346       5090
      6291       5330       5586       5602       5346
      6292       5586       5842       5858       5602
      6293       5842       6098       6114       5858
      6294       6098       6354       6370       6114
      6295       6354       6610       6626       6370
      6296       6610       6866       6882       6626
      6297       6866       7122       7138       6882
      6298       7122       7378       7394       7138
      6299       7378       7634       7650       7394
      6300       7634       7890       7906       7650
      6721         32        288        272         16
      6722        288        544        528        272
      6723        544        800        784        528
      6724        800       1056       1040        784
      6725       1056       1312       1296       1040
      6726       1312       1568       1552       1296
      6727       1568       1824       1808       1552
      6728       1824       2080       2064       1808
      6729       2080       2336       2320       2064
      6730       2336       2592       2576       2320
      6731       2592       2848       2832       2576
      6732       2848       3104       3088       2832
      6733       3104       3360       3344       3088
      6734       3360       3616       3600       3344
      6735       3616       4095       4096       3600
      6736       4095       4322       4338       4096
      6737       4322       4578       4594       4338
      6738       4578       4834       4850       4594
      6739       4834       5090       5106       4850
      6740       5090       5346       5362       5106
      6741       5346       5602       5618       5362
      6742       5602       5858       5874       5618
      6743       5858       6114       6130       5874
      6744       6114       6370       6386       6130
      6745       6370       6626       6642       6386
      6746       6626       6882       6898       6642
      6747       6882       7138       7154       6898
      6748       7138       7394       7410       7154
      6749       7394       7650       7666       7410
      6750       7650       7906       7922       7666
