         225
         1        255        253        237        239
        31        253        251        235        237
        61        251        249        233        235
        91        249        247        231        233
       121        247        245        229        231
       151        245        243        227        229
       181        243        241        225        227
       211        241        242        226        225
       241        242        244        228        226
       271        244        246        230        228
       301        246        248        232        230
       331        248        250        234        232
       361        250        252        236        234
       391        252        254        238        236
       421        254        256        240        238
       451        239        237        221        223
       481        237        235        219        221
       511        235        233        217        219
       541        233        231        215        217
       571        231        229        213        215
       601        229        227        211        213
       631        227        225        209        211
       661        225        226        210        209
       691        226        228        212        210
       721        228        230        214        212
       751        230        232        216        214
       781        232        234        218        216
       811        234        236        220        218
       841        236        238        222        220
       871        238        240        224        222
       901        223        221        205        207
       931        221        219        203        205
       961        219        217        201        203
       991        217        215        199        201
      1021        215        213        197        199
      1051        213        211        195        197
      1081        211        209        193        195
      1111        209        210        194        193
      1141        210        212        196        194
      1171        212        214        198        196
      1201        214        216        200        198
      1231        216        218        202        200
      1261        218        220        204        202
      1291        220        222        206        204
      1321        222        224        208        206
      1351        207        205        189        191
      1381        205        203        187        189
      1411        203        201        185        187
      1441        201        199        183        185
      1471        199        197        181        183
      1501        197        195        179        181
      1531        195        193        177        179
      1561        193        194        178        177
      1591        194        196        180        178
      1621        196        198        182        180
      1651        198        200        184        182
      1681        200        202        186        184
      1711        202        204        188        186
      1741        204        206        190        188
      1771        206        208        192        190
      1801        191        189        173        175
      1831        189        187        171        173
      1861        187        185        169        171
      1891        185        183        167        169
      1921        183        181        165        167
      1951        181        179        163        165
      1981        179        177        161        163
      2011        177        178        162        161
      2041        178        180        164        162
      2071        180        182        166        164
      2101        182        184        168        166
      2131        184        186        170        168
      2161        186        188        172        170
      2191        188        190        174        172
      2221        190        192        176        174
      2251        175        173        157        159
      2281        173        171        155        157
      2311        171        169        153        155
      2341        169        167        151        153
      2371        167        165        149        151
      2401        165        163        147        149
      2431        163        161        145        147
      2461        161        162        146        145
      2491        162        164        148        146
      2521        164        166        150        148
      2551        166        168        152        150
      2581        168        170        154        152
      2611        170        172        156        154
      2641        172        174        158        156
      2671        174        176        160        158
      2701        159        157        141        143
      2731        157        155        139        141
      2761        155        153        137        139
      2791        153        151        135        137
      2821        151        149        133        135
      2851        149        147        131        133
      2881        147        145        129        131
      2911        145        146        130        129
      2941        146        148        132        130
      2971        148        150        134        132
      3001        150        152        136        134
      3031        152        154        138        136
      3061        154        156        140        138
      3091        156        158        142        140
      3121        158        160        144        142
      3151        143        141        125        127
      3181        141        139        123        125
      3211        139        137        121        123
      3241        137        135        119        121
      3271        135        133        117        119
      3301        133        131        115        117
      3331        131        129        113        115
      3361        129        130        114        113
      3391        130        132        116        114
      3421        132        134        118        116
      3451        134        136        120        118
      3481        136        138        122        120
      3511        138        140        124        122
      3541        140        142        126        124
      3571        142        144        128        126
      3601        127        125        109        111
      3631        125        123        107        109
      3661        123        121        105        107
      3691        121        119        103        105
      3721        119        117        101        103
      3751        117        115         99        101
      3781        115        113         97         99
      3811        113        114         98         97
      3841        114        116        100         98
      3871        116        118        102        100
      3901        118        120        104        102
      3931        120        122        106        104
      3961        122        124        108        106
      3991        124        126        110        108
      4021        126        128        112        110
      4051        111        109         93         95
      4081        109        107         91         93
      4111        107        105         89         91
      4141        105        103         87         89
      4171        103        101         85         87
      4201        101         99         83         85
      4231         99         97         81         83
      4261         97         98         82         81
      4291         98        100         84         82
      4321        100        102         86         84
      4351        102        104         88         86
      4381        104        106         90         88
      4411        106        108         92         90
      4441        108        110         94         92
      4471        110        112         96         94
      4501         95         93         77         79
      4531         93         91         75         77
      4561         91         89         73         75
      4591         89         87         71         73
      4621         87         85         69         71
      4651         85         83         67         69
      4681         83         81         65         67
      4711         81         82         66         65
      4741         82         84         68         66
      4771         84         86         70         68
      4801         86         88         72         70
      4831         88         90         74         72
      4861         90         92         76         74
      4891         92         94         78         76
      4921         94         96         80         78
      4951         79         77         61         63
      4981         77         75         59         61
      5011         75         73         57         59
      5041         73         71         55         57
      5071         71         69         53         55
      5101         69         67         51         53
      5131         67         65         49         51
      5161         65         66         50         49
      5191         66         68         52         50
      5221         68         70         54         52
      5251         70         72         56         54
      5281         72         74         58         56
      5311         74         76         60         58
      5341         76         78         62         60
      5371         78         80         64         62
      5401         63         61         45         47
      5431         61         59         43         45
      5461         59         57         41         43
      5491         57         55         39         41
      5521         55         53         37         39
      5551         53         51         35         37
      5581         51         49         33         35
      5611         49         50         34         33
      5641         50         52         36         34
      5671         52         54         38         36
      5701         54         56         40         38
      5731         56         58         42         40
      5761         58         60         44         42
      5791         60         62         46         44
      5821         62         64         48         46
      5851         47         45         29         31
      5881         45         43         27         29
      5911         43         41         25         27
      5941         41         39         23         25
      5971         39         37         21         23
      6001         37         35         19         21
      6031         35         33         17         19
      6061         33         34         18         17
      6091         34         36         20         18
      6121         36         38         22         20
      6151         38         40         24         22
      6181         40         42         26         24
      6211         42         44         28         26
      6241         44         46         30         28
      6271         46         48         32         30
      6301         31         29         13         15
      6331         29         27         11         13
      6361         27         25          9         11
      6391         25         23          7          9
      6421         23         21          5          7
      6451         21         19          3          5
      6481         19         17          1          3
      6511         17         18          2          1
      6541         18         20          4          2
      6571         20         22          6          4
      6601         22         24          8          6
      6631         24         26         10          8
      6661         26         28         12         10
      6691         28         30         14         12
      6721         30         32         16         14
