         450
         1        255        511        495        239
         2        511        767        751        495
         3        767       1023       1007        751
         4       1023       1279       1263       1007
         5       1279       1535       1519       1263
         6       1535       1791       1775       1519
         7       1791       2047       2031       1775
         8       2047       2303       2287       2031
         9       2303       2559       2543       2287
        10       2559       2815       2799       2543
        11       2815       3071       3055       2799
        12       3071       3327       3311       3055
        13       3327       3583       3567       3311
        14       3583       3839       3823       3567
        15       3839       3856       3855       3823
        16       3856       4097       4113       3855
        17       4097       4353       4369       4113
        18       4353       4609       4625       4369
        19       4609       4865       4881       4625
        20       4865       5121       5137       4881
        21       5121       5377       5393       5137
        22       5377       5633       5649       5393
        23       5633       5889       5905       5649
        24       5889       6145       6161       5905
        25       6145       6401       6417       6161
        26       6401       6657       6673       6417
        27       6657       6913       6929       6673
        28       6913       7169       7185       6929
        29       7169       7425       7441       7185
        30       7425       7681       7697       7441
       451        239        495        479        223
       452        495        751        735        479
       453        751       1007        991        735
       454       1007       1263       1247        991
       455       1263       1519       1503       1247
       456       1519       1775       1759       1503
       457       1775       2031       2015       1759
       458       2031       2287       2271       2015
       459       2287       2543       2527       2271
       460       2543       2799       2783       2527
       461       2799       3055       3039       2783
       462       3055       3311       3295       3039
       463       3311       3567       3551       3295
       464       3567       3823       3807       3551
       465       3823       3855       3854       3807
       466       3855       4113       4129       3854
       467       4113       4369       4385       4129
       468       4369       4625       4641       4385
       469       4625       4881       4897       4641
       470       4881       5137       5153       4897
       471       5137       5393       5409       5153
       472       5393       5649       5665       5409
       473       5649       5905       5921       5665
       474       5905       6161       6177       5921
       475       6161       6417       6433       6177
       476       6417       6673       6689       6433
       477       6673       6929       6945       6689
       478       6929       7185       7201       6945
       479       7185       7441       7457       7201
       480       7441       7697       7713       7457
       901        223        479        463        207
       902        479        735        719        463
       903        735        991        975        719
       904        991       1247       1231        975
       905       1247       1503       1487       1231
       906       1503       1759       1743       1487
       907       1759       2015       1999       1743
       908       2015       2271       2255       1999
       909       2271       2527       2511       2255
       910       2527       2783       2767       2511
       911       2783       3039       3023       2767
       912       3039       3295       3279       3023
       913       3295       3551       3535       3279
       914       3551       3807       3791       3535
       915       3807       3854       3853       3791
       916       3854       4129       4145       3853
       917       4129       4385       4401       4145
       918       4385       4641       4657       4401
       919       4641       4897       4913       4657
       920       4897       5153       5169       4913
       921       5153       5409       5425       5169
       922       5409       5665       5681       5425
       923       5665       5921       5937       5681
       924       5921       6177       6193       5937
       925       6177       6433       6449       6193
       926       6433       6689       6705       6449
       927       6689       6945       6961       6705
       928       6945       7201       7217       6961
       929       7201       7457       7473       7217
       930       7457       7713       7729       7473
      1351        207        463        447        191
      1352        463        719        703        447
      1353        719        975        959        703
      1354        975       1231       1215        959
      1355       1231       1487       1471       1215
      1356       1487       1743       1727       1471
      1357       1743       1999       1983       1727
      1358       1999       2255       2239       1983
      1359       2255       2511       2495       2239
      1360       2511       2767       2751       2495
      1361       2767       3023       3007       2751
      1362       3023       3279       3263       3007
      1363       3279       3535       3519       3263
      1364       3535       3791       3775       3519
      1365       3791       3853       3852       3775
      1366       3853       4145       4161       3852
      1367       4145       4401       4417       4161
      1368       4401       4657       4673       4417
      1369       4657       4913       4929       4673
      1370       4913       5169       5185       4929
      1371       5169       5425       5441       5185
      1372       5425       5681       5697       5441
      1373       5681       5937       5953       5697
      1374       5937       6193       6209       5953
      1375       6193       6449       6465       6209
      1376       6449       6705       6721       6465
      1377       6705       6961       6977       6721
      1378       6961       7217       7233       6977
      1379       7217       7473       7489       7233
      1380       7473       7729       7745       7489
      1801        191        447        431        175
      1802        447        703        687        431
      1803        703        959        943        687
      1804        959       1215       1199        943
      1805       1215       1471       1455       1199
      1806       1471       1727       1711       1455
      1807       1727       1983       1967       1711
      1808       1983       2239       2223       1967
      1809       2239       2495       2479       2223
      1810       2495       2751       2735       2479
      1811       2751       3007       2991       2735
      1812       3007       3263       3247       2991
      1813       3263       3519       3503       3247
      1814       3519       3775       3759       3503
      1815       3775       3852       3851       3759
      1816       3852       4161       4177       3851
      1817       4161       4417       4433       4177
      1818       4417       4673       4689       4433
      1819       4673       4929       4945       4689
      1820       4929       5185       5201       4945
      1821       5185       5441       5457       5201
      1822       5441       5697       5713       5457
      1823       5697       5953       5969       5713
      1824       5953       6209       6225       5969
      1825       6209       6465       6481       6225
      1826       6465       6721       6737       6481
      1827       6721       6977       6993       6737
      1828       6977       7233       7249       6993
      1829       7233       7489       7505       7249
      1830       7489       7745       7761       7505
      2251        175        431        415        159
      2252        431        687        671        415
      2253        687        943        927        671
      2254        943       1199       1183        927
      2255       1199       1455       1439       1183
      2256       1455       1711       1695       1439
      2257       1711       1967       1951       1695
      2258       1967       2223       2207       1951
      2259       2223       2479       2463       2207
      2260       2479       2735       2719       2463
      2261       2735       2991       2975       2719
      2262       2991       3247       3231       2975
      2263       3247       3503       3487       3231
      2264       3503       3759       3743       3487
      2265       3759       3851       3850       3743
      2266       3851       4177       4193       3850
      2267       4177       4433       4449       4193
      2268       4433       4689       4705       4449
      2269       4689       4945       4961       4705
      2270       4945       5201       5217       4961
      2271       5201       5457       5473       5217
      2272       5457       5713       5729       5473
      2273       5713       5969       5985       5729
      2274       5969       6225       6241       5985
      2275       6225       6481       6497       6241
      2276       6481       6737       6753       6497
      2277       6737       6993       7009       6753
      2278       6993       7249       7265       7009
      2279       7249       7505       7521       7265
      2280       7505       7761       7777       7521
      2701        159        415        399        143
      2702        415        671        655        399
      2703        671        927        911        655
      2704        927       1183       1167        911
      2705       1183       1439       1423       1167
      2706       1439       1695       1679       1423
      2707       1695       1951       1935       1679
      2708       1951       2207       2191       1935
      2709       2207       2463       2447       2191
      2710       2463       2719       2703       2447
      2711       2719       2975       2959       2703
      2712       2975       3231       3215       2959
      2713       3231       3487       3471       3215
      2714       3487       3743       3727       3471
      2715       3743       3850       3849       3727
      2716       3850       4193       4209       3849
      2717       4193       4449       4465       4209
      2718       4449       4705       4721       4465
      2719       4705       4961       4977       4721
      2720       4961       5217       5233       4977
      2721       5217       5473       5489       5233
      2722       5473       5729       5745       5489
      2723       5729       5985       6001       5745
      2724       5985       6241       6257       6001
      2725       6241       6497       6513       6257
      2726       6497       6753       6769       6513
      2727       6753       7009       7025       6769
      2728       7009       7265       7281       7025
      2729       7265       7521       7537       7281
      2730       7521       7777       7793       7537
      3151        143        399        383        127
      3152        399        655        639        383
      3153        655        911        895        639
      3154        911       1167       1151        895
      3155       1167       1423       1407       1151
      3156       1423       1679       1663       1407
      3157       1679       1935       1919       1663
      3158       1935       2191       2175       1919
      3159       2191       2447       2431       2175
      3160       2447       2703       2687       2431
      3161       2703       2959       2943       2687
      3162       2959       3215       3199       2943
      3163       3215       3471       3455       3199
      3164       3471       3727       3711       3455
      3165       3727       3849       3848       3711
      3166       3849       4209       4225       3848
      3167       4209       4465       4481       4225
      3168       4465       4721       4737       4481
      3169       4721       4977       4993       4737
      3170       4977       5233       5249       4993
      3171       5233       5489       5505       5249
      3172       5489       5745       5761       5505
      3173       5745       6001       6017       5761
      3174       6001       6257       6273       6017
      3175       6257       6513       6529       6273
      3176       6513       6769       6785       6529
      3177       6769       7025       7041       6785
      3178       7025       7281       7297       7041
      3179       7281       7537       7553       7297
      3180       7537       7793       7809       7553
      3601        127        383        367        111
      3602        383        639        623        367
      3603        639        895        879        623
      3604        895       1151       1135        879
      3605       1151       1407       1391       1135
      3606       1407       1663       1647       1391
      3607       1663       1919       1903       1647
      3608       1919       2175       2159       1903
      3609       2175       2431       2415       2159
      3610       2431       2687       2671       2415
      3611       2687       2943       2927       2671
      3612       2943       3199       3183       2927
      3613       3199       3455       3439       3183
      3614       3455       3711       3695       3439
      3615       3711       3848       3847       3695
      3616       3848       4225       4241       3847
      3617       4225       4481       4497       4241
      3618       4481       4737       4753       4497
      3619       4737       4993       5009       4753
      3620       4993       5249       5265       5009
      3621       5249       5505       5521       5265
      3622       5505       5761       5777       5521
      3623       5761       6017       6033       5777
      3624       6017       6273       6289       6033
      3625       6273       6529       6545       6289
      3626       6529       6785       6801       6545
      3627       6785       7041       7057       6801
      3628       7041       7297       7313       7057
      3629       7297       7553       7569       7313
      3630       7553       7809       7825       7569
      4051        111        367        351         95
      4052        367        623        607        351
      4053        623        879        863        607
      4054        879       1135       1119        863
      4055       1135       1391       1375       1119
      4056       1391       1647       1631       1375
      4057       1647       1903       1887       1631
      4058       1903       2159       2143       1887
      4059       2159       2415       2399       2143
      4060       2415       2671       2655       2399
      4061       2671       2927       2911       2655
      4062       2927       3183       3167       2911
      4063       3183       3439       3423       3167
      4064       3439       3695       3679       3423
      4065       3695       3847       3846       3679
      4066       3847       4241       4257       3846
      4067       4241       4497       4513       4257
      4068       4497       4753       4769       4513
      4069       4753       5009       5025       4769
      4070       5009       5265       5281       5025
      4071       5265       5521       5537       5281
      4072       5521       5777       5793       5537
      4073       5777       6033       6049       5793
      4074       6033       6289       6305       6049
      4075       6289       6545       6561       6305
      4076       6545       6801       6817       6561
      4077       6801       7057       7073       6817
      4078       7057       7313       7329       7073
      4079       7313       7569       7585       7329
      4080       7569       7825       7841       7585
      4501         95        351        335         79
      4502        351        607        591        335
      4503        607        863        847        591
      4504        863       1119       1103        847
      4505       1119       1375       1359       1103
      4506       1375       1631       1615       1359
      4507       1631       1887       1871       1615
      4508       1887       2143       2127       1871
      4509       2143       2399       2383       2127
      4510       2399       2655       2639       2383
      4511       2655       2911       2895       2639
      4512       2911       3167       3151       2895
      4513       3167       3423       3407       3151
      4514       3423       3679       3663       3407
      4515       3679       3846       3845       3663
      4516       3846       4257       4273       3845
      4517       4257       4513       4529       4273
      4518       4513       4769       4785       4529
      4519       4769       5025       5041       4785
      4520       5025       5281       5297       5041
      4521       5281       5537       5553       5297
      4522       5537       5793       5809       5553
      4523       5793       6049       6065       5809
      4524       6049       6305       6321       6065
      4525       6305       6561       6577       6321
      4526       6561       6817       6833       6577
      4527       6817       7073       7089       6833
      4528       7073       7329       7345       7089
      4529       7329       7585       7601       7345
      4530       7585       7841       7857       7601
      4951         79        335        319         63
      4952        335        591        575        319
      4953        591        847        831        575
      4954        847       1103       1087        831
      4955       1103       1359       1343       1087
      4956       1359       1615       1599       1343
      4957       1615       1871       1855       1599
      4958       1871       2127       2111       1855
      4959       2127       2383       2367       2111
      4960       2383       2639       2623       2367
      4961       2639       2895       2879       2623
      4962       2895       3151       3135       2879
      4963       3151       3407       3391       3135
      4964       3407       3663       3647       3391
      4965       3663       3845       3844       3647
      4966       3845       4273       4289       3844
      4967       4273       4529       4545       4289
      4968       4529       4785       4801       4545
      4969       4785       5041       5057       4801
      4970       5041       5297       5313       5057
      4971       5297       5553       5569       5313
      4972       5553       5809       5825       5569
      4973       5809       6065       6081       5825
      4974       6065       6321       6337       6081
      4975       6321       6577       6593       6337
      4976       6577       6833       6849       6593
      4977       6833       7089       7105       6849
      4978       7089       7345       7361       7105
      4979       7345       7601       7617       7361
      4980       7601       7857       7873       7617
      5401         63        319        303         47
      5402        319        575        559        303
      5403        575        831        815        559
      5404        831       1087       1071        815
      5405       1087       1343       1327       1071
      5406       1343       1599       1583       1327
      5407       1599       1855       1839       1583
      5408       1855       2111       2095       1839
      5409       2111       2367       2351       2095
      5410       2367       2623       2607       2351
      5411       2623       2879       2863       2607
      5412       2879       3135       3119       2863
      5413       3135       3391       3375       3119
      5414       3391       3647       3631       3375
      5415       3647       3844       3843       3631
      5416       3844       4289       4305       3843
      5417       4289       4545       4561       4305
      5418       4545       4801       4817       4561
      5419       4801       5057       5073       4817
      5420       5057       5313       5329       5073
      5421       5313       5569       5585       5329
      5422       5569       5825       5841       5585
      5423       5825       6081       6097       5841
      5424       6081       6337       6353       6097
      5425       6337       6593       6609       6353
      5426       6593       6849       6865       6609
      5427       6849       7105       7121       6865
      5428       7105       7361       7377       7121
      5429       7361       7617       7633       7377
      5430       7617       7873       7889       7633
      5851         47        303        287         31
      5852        303        559        543        287
      5853        559        815        799        543
      5854        815       1071       1055        799
      5855       1071       1327       1311       1055
      5856       1327       1583       1567       1311
      5857       1583       1839       1823       1567
      5858       1839       2095       2079       1823
      5859       2095       2351       2335       2079
      5860       2351       2607       2591       2335
      5861       2607       2863       2847       2591
      5862       2863       3119       3103       2847
      5863       3119       3375       3359       3103
      5864       3375       3631       3615       3359
      5865       3631       3843       3842       3615
      5866       3843       4305       4321       3842
      5867       4305       4561       4577       4321
      5868       4561       4817       4833       4577
      5869       4817       5073       5089       4833
      5870       5073       5329       5345       5089
      5871       5329       5585       5601       5345
      5872       5585       5841       5857       5601
      5873       5841       6097       6113       5857
      5874       6097       6353       6369       6113
      5875       6353       6609       6625       6369
      5876       6609       6865       6881       6625
      5877       6865       7121       7137       6881
      5878       7121       7377       7393       7137
      5879       7377       7633       7649       7393
      5880       7633       7889       7905       7649
      6301         31        287        271         15
      6302        287        543        527        271
      6303        543        799        783        527
      6304        799       1055       1039        783
      6305       1055       1311       1295       1039
      6306       1311       1567       1551       1295
      6307       1567       1823       1807       1551
      6308       1823       2079       2063       1807
      6309       2079       2335       2319       2063
      6310       2335       2591       2575       2319
      6311       2591       2847       2831       2575
      6312       2847       3103       3087       2831
      6313       3103       3359       3343       3087
      6314       3359       3615       3599       3343
      6315       3615       3842       3841       3599
      6316       3842       4321       4337       3841
      6317       4321       4577       4593       4337
      6318       4577       4833       4849       4593
      6319       4833       5089       5105       4849
      6320       5089       5345       5361       5105
      6321       5345       5601       5617       5361
      6322       5601       5857       5873       5617
      6323       5857       6113       6129       5873
      6324       6113       6369       6385       6129
      6325       6369       6625       6641       6385
      6326       6625       6881       6897       6641
      6327       6881       7137       7153       6897
      6328       7137       7393       7409       7153
      6329       7393       7649       7665       7409
      6330       7649       7905       7921       7665
