           1           1           1
           1           1           3
           1           1           5
           2           2           3
           2           2           5
           3           3           3
           3           3           5
           4           4           3
           4           4           5
           5           5           3
           5           5           5
           6           6           3
           6           6           5
           7           7           3
           7           7           5
           8           8           3
           8           8           5
           9           9           3
           9           9           5
          10          10           3
          10          10           5
          11          11           3
          11          11           5
          12          12           3
          12          12           5
          13          13           3
          13          13           5
          14          14           3
          14          14           5
          15          15           3
          15          15           5
          16          16           3
          16          16           5
          17          17           3
          17          17           5
          18          18           3
          18          18           5
          19          19           3
          19          19           5
          20          20           3
          20          20           5
          21          21           3
          21          21           5
          22          22           3
          22          22           5
          23          23           3
          23          23           5
          24          24           3
          24          24           5
          25          25           3
          25          25           5
          26          26           3
          26          26           5
          27          27           3
          27          27           5
          28          28           3
          28          28           5
          29          29           3
          29          29           5
          30           1           2
          30          30           3
          30          30           5
          31           2           1
          31          31           5
          32          32           5
          33          33           5
          34          34           5
          35          35           5
          36          36           5
          37          37           5
          38          38           5
          39          39           5
          40          40           5
          41          41           5
          42          42           5
          43          43           5
          44          44           5
          45          45           5
          46          46           5
          47          47           5
          48          48           5
          49          49           5
          50          50           5
          51          51           5
          52          52           5
          53          53           5
          54          54           5
          55          55           5
          56          56           5
          57          57           5
          58          58           5
          59          59           5
          60           2           2
          60          60           5
          61           3           1
          61          61           5
          62          62           5
          63          63           5
          64          64           5
          65          65           5
          66          66           5
          67          67           5
          68          68           5
          69          69           5
          70          70           5
          71          71           5
          72          72           5
          73          73           5
          74          74           5
          75          75           5
          76          76           5
          77          77           5
          78          78           5
          79          79           5
          80          80           5
          81          81           5
          82          82           5
          83          83           5
          84          84           5
          85          85           5
          86          86           5
          87          87           5
          88          88           5
          89          89           5
          90           3           2
          90          90           5
          91           4           1
          91          91           5
          92          92           5
          93          93           5
          94          94           5
          95          95           5
          96          96           5
          97          97           5
          98          98           5
          99          99           5
         100         100           5
         101         101           5
         102         102           5
         103         103           5
         104         104           5
         105         105           5
         106         106           5
         107         107           5
         108         108           5
         109         109           5
         110         110           5
         111         111           5
         112         112           5
         113         113           5
         114         114           5
         115         115           5
         116         116           5
         117         117           5
         118         118           5
         119         119           5
         120           4           2
         120         120           5
         121           5           1
         121         121           5
         122         122           5
         123         123           5
         124         124           5
         125         125           5
         126         126           5
         127         127           5
         128         128           5
         129         129           5
         130         130           5
         131         131           5
         132         132           5
         133         133           5
         134         134           5
         135         135           5
         136         136           5
         137         137           5
         138         138           5
         139         139           5
         140         140           5
         141         141           5
         142         142           5
         143         143           5
         144         144           5
         145         145           5
         146         146           5
         147         147           5
         148         148           5
         149         149           5
         150           5           2
         150         150           5
         151           6           1
         151         151           5
         152         152           5
         153         153           5
         154         154           5
         155         155           5
         156         156           5
         157         157           5
         158         158           5
         159         159           5
         160         160           5
         161         161           5
         162         162           5
         163         163           5
         164         164           5
         165         165           5
         166         166           5
         167         167           5
         168         168           5
         169         169           5
         170         170           5
         171         171           5
         172         172           5
         173         173           5
         174         174           5
         175         175           5
         176         176           5
         177         177           5
         178         178           5
         179         179           5
         180           6           2
         180         180           5
         181           7           1
         181         181           5
         182         182           5
         183         183           5
         184         184           5
         185         185           5
         186         186           5
         187         187           5
         188         188           5
         189         189           5
         190         190           5
         191         191           5
         192         192           5
         193         193           5
         194         194           5
         195         195           5
         196         196           5
         197         197           5
         198         198           5
         199         199           5
         200         200           5
         201         201           5
         202         202           5
         203         203           5
         204         204           5
         205         205           5
         206         206           5
         207         207           5
         208         208           5
         209         209           5
         210           7           2
         210         210           5
         211           8           1
         211         211           5
         212         212           5
         213         213           5
         214         214           5
         215         215           5
         216         216           5
         217         217           5
         218         218           5
         219         219           5
         220         220           5
         221         221           5
         222         222           5
         223         223           5
         224         224           5
         225         225           5
         226         226           5
         227         227           5
         228         228           5
         229         229           5
         230         230           5
         231         231           5
         232         232           5
         233         233           5
         234         234           5
         235         235           5
         236         236           5
         237         237           5
         238         238           5
         239         239           5
         240           8           2
         240         240           5
         241           9           1
         241         241           5
         242         242           5
         243         243           5
         244         244           5
         245         245           5
         246         246           5
         247         247           5
         248         248           5
         249         249           5
         250         250           5
         251         251           5
         252         252           5
         253         253           5
         254         254           5
         255         255           5
         256         256           5
         257         257           5
         258         258           5
         259         259           5
         260         260           5
         261         261           5
         262         262           5
         263         263           5
         264         264           5
         265         265           5
         266         266           5
         267         267           5
         268         268           5
         269         269           5
         270           9           2
         270         270           5
         271          10           1
         271         271           5
         272         272           5
         273         273           5
         274         274           5
         275         275           5
         276         276           5
         277         277           5
         278         278           5
         279         279           5
         280         280           5
         281         281           5
         282         282           5
         283         283           5
         284         284           5
         285         285           5
         286         286           5
         287         287           5
         288         288           5
         289         289           5
         290         290           5
         291         291           5
         292         292           5
         293         293           5
         294         294           5
         295         295           5
         296         296           5
         297         297           5
         298         298           5
         299         299           5
         300          10           2
         300         300           5
         301          11           1
         301         301           5
         302         302           5
         303         303           5
         304         304           5
         305         305           5
         306         306           5
         307         307           5
         308         308           5
         309         309           5
         310         310           5
         311         311           5
         312         312           5
         313         313           5
         314         314           5
         315         315           5
         316         316           5
         317         317           5
         318         318           5
         319         319           5
         320         320           5
         321         321           5
         322         322           5
         323         323           5
         324         324           5
         325         325           5
         326         326           5
         327         327           5
         328         328           5
         329         329           5
         330          11           2
         330         330           5
         331          12           1
         331         331           5
         332         332           5
         333         333           5
         334         334           5
         335         335           5
         336         336           5
         337         337           5
         338         338           5
         339         339           5
         340         340           5
         341         341           5
         342         342           5
         343         343           5
         344         344           5
         345         345           5
         346         346           5
         347         347           5
         348         348           5
         349         349           5
         350         350           5
         351         351           5
         352         352           5
         353         353           5
         354         354           5
         355         355           5
         356         356           5
         357         357           5
         358         358           5
         359         359           5
         360          12           2
         360         360           5
         361          13           1
         361         361           5
         362         362           5
         363         363           5
         364         364           5
         365         365           5
         366         366           5
         367         367           5
         368         368           5
         369         369           5
         370         370           5
         371         371           5
         372         372           5
         373         373           5
         374         374           5
         375         375           5
         376         376           5
         377         377           5
         378         378           5
         379         379           5
         380         380           5
         381         381           5
         382         382           5
         383         383           5
         384         384           5
         385         385           5
         386         386           5
         387         387           5
         388         388           5
         389         389           5
         390          13           2
         390         390           5
         391          14           1
         391         391           5
         392         392           5
         393         393           5
         394         394           5
         395         395           5
         396         396           5
         397         397           5
         398         398           5
         399         399           5
         400         400           5
         401         401           5
         402         402           5
         403         403           5
         404         404           5
         405         405           5
         406         406           5
         407         407           5
         408         408           5
         409         409           5
         410         410           5
         411         411           5
         412         412           5
         413         413           5
         414         414           5
         415         415           5
         416         416           5
         417         417           5
         418         418           5
         419         419           5
         420          14           2
         420         420           5
         421          15           1
         421           1           4
         421         421           5
         422           2           4
         422         422           5
         423           3           4
         423         423           5
         424           4           4
         424         424           5
         425           5           4
         425         425           5
         426           6           4
         426         426           5
         427           7           4
         427         427           5
         428           8           4
         428         428           5
         429           9           4
         429         429           5
         430          10           4
         430         430           5
         431          11           4
         431         431           5
         432          12           4
         432         432           5
         433          13           4
         433         433           5
         434          14           4
         434         434           5
         435          15           4
         435         435           5
         436          16           4
         436         436           5
         437          17           4
         437         437           5
         438          18           4
         438         438           5
         439          19           4
         439         439           5
         440          20           4
         440         440           5
         441          21           4
         441         441           5
         442          22           4
         442         442           5
         443          23           4
         443         443           5
         444          24           4
         444         444           5
         445          25           4
         445         445           5
         446          26           4
         446         446           5
         447          27           4
         447         447           5
         448          28           4
         448         448           5
         449          29           4
         449         449           5
         450          15           2
         450          30           4
         450         450           5
         451          16           1
         451          31           3
         452          32           3
         453          33           3
         454          34           3
         455          35           3
         456          36           3
         457          37           3
         458          38           3
         459          39           3
         460          40           3
         461          41           3
         462          42           3
         463          43           3
         464          44           3
         465          45           3
         466          46           3
         467          47           3
         468          48           3
         469          49           3
         470          50           3
         471          51           3
         472          52           3
         473          53           3
         474          54           3
         475          55           3
         476          56           3
         477          57           3
         478          58           3
         479          59           3
         480          16           2
         480          60           3
         481          17           1
         510          17           2
         511          18           1
         540          18           2
         541          19           1
         570          19           2
         571          20           1
         600          20           2
         601          21           1
         630          21           2
         631          22           1
         660          22           2
         661          23           1
         690          23           2
         691          24           1
         720          24           2
         721          25           1
         750          25           2
         751          26           1
         780          26           2
         781          27           1
         810          27           2
         811          28           1
         840          28           2
         841          29           1
         870          29           2
         871          30           1
         871          31           4
         872          32           4
         873          33           4
         874          34           4
         875          35           4
         876          36           4
         877          37           4
         878          38           4
         879          39           4
         880          40           4
         881          41           4
         882          42           4
         883          43           4
         884          44           4
         885          45           4
         886          46           4
         887          47           4
         888          48           4
         889          49           4
         890          50           4
         891          51           4
         892          52           4
         893          53           4
         894          54           4
         895          55           4
         896          56           4
         897          57           4
         898          58           4
         899          59           4
         900          30           2
         900          60           4
         901          31           1
         901          61           3
         902          62           3
         903          63           3
         904          64           3
         905          65           3
         906          66           3
         907          67           3
         908          68           3
         909          69           3
         910          70           3
         911          71           3
         912          72           3
         913          73           3
         914          74           3
         915          75           3
         916          76           3
         917          77           3
         918          78           3
         919          79           3
         920          80           3
         921          81           3
         922          82           3
         923          83           3
         924          84           3
         925          85           3
         926          86           3
         927          87           3
         928          88           3
         929          89           3
         930          31           2
         930          90           3
         931          32           1
         960          32           2
         961          33           1
         990          33           2
         991          34           1
        1020          34           2
        1021          35           1
        1050          35           2
        1051          36           1
        1080          36           2
        1081          37           1
        1110          37           2
        1111          38           1
        1140          38           2
        1141          39           1
        1170          39           2
        1171          40           1
        1200          40           2
        1201          41           1
        1230          41           2
        1231          42           1
        1260          42           2
        1261          43           1
        1290          43           2
        1291          44           1
        1320          44           2
        1321          45           1
        1321          61           4
        1322          62           4
        1323          63           4
        1324          64           4
        1325          65           4
        1326          66           4
        1327          67           4
        1328          68           4
        1329          69           4
        1330          70           4
        1331          71           4
        1332          72           4
        1333          73           4
        1334          74           4
        1335          75           4
        1336          76           4
        1337          77           4
        1338          78           4
        1339          79           4
        1340          80           4
        1341          81           4
        1342          82           4
        1343          83           4
        1344          84           4
        1345          85           4
        1346          86           4
        1347          87           4
        1348          88           4
        1349          89           4
        1350          45           2
        1350          90           4
        1351          46           1
        1351          91           3
        1352          92           3
        1353          93           3
        1354          94           3
        1355          95           3
        1356          96           3
        1357          97           3
        1358          98           3
        1359          99           3
        1360         100           3
        1361         101           3
        1362         102           3
        1363         103           3
        1364         104           3
        1365         105           3
        1366         106           3
        1367         107           3
        1368         108           3
        1369         109           3
        1370         110           3
        1371         111           3
        1372         112           3
        1373         113           3
        1374         114           3
        1375         115           3
        1376         116           3
        1377         117           3
        1378         118           3
        1379         119           3
        1380          46           2
        1380         120           3
        1381          47           1
        1410          47           2
        1411          48           1
        1440          48           2
        1441          49           1
        1470          49           2
        1471          50           1
        1500          50           2
        1501          51           1
        1530          51           2
        1531          52           1
        1560          52           2
        1561          53           1
        1590          53           2
        1591          54           1
        1620          54           2
        1621          55           1
        1650          55           2
        1651          56           1
        1680          56           2
        1681          57           1
        1710          57           2
        1711          58           1
        1740          58           2
        1741          59           1
        1770          59           2
        1771          60           1
        1771          91           4
        1772          92           4
        1773          93           4
        1774          94           4
        1775          95           4
        1776          96           4
        1777          97           4
        1778          98           4
        1779          99           4
        1780         100           4
        1781         101           4
        1782         102           4
        1783         103           4
        1784         104           4
        1785         105           4
        1786         106           4
        1787         107           4
        1788         108           4
        1789         109           4
        1790         110           4
        1791         111           4
        1792         112           4
        1793         113           4
        1794         114           4
        1795         115           4
        1796         116           4
        1797         117           4
        1798         118           4
        1799         119           4
        1800          60           2
        1800         120           4
        1801          61           1
        1801         121           3
        1802         122           3
        1803         123           3
        1804         124           3
        1805         125           3
        1806         126           3
        1807         127           3
        1808         128           3
        1809         129           3
        1810         130           3
        1811         131           3
        1812         132           3
        1813         133           3
        1814         134           3
        1815         135           3
        1816         136           3
        1817         137           3
        1818         138           3
        1819         139           3
        1820         140           3
        1821         141           3
        1822         142           3
        1823         143           3
        1824         144           3
        1825         145           3
        1826         146           3
        1827         147           3
        1828         148           3
        1829         149           3
        1830          61           2
        1830         150           3
        1831          62           1
        1860          62           2
        1861          63           1
        1890          63           2
        1891          64           1
        1920          64           2
        1921          65           1
        1950          65           2
        1951          66           1
        1980          66           2
        1981          67           1
        2010          67           2
        2011          68           1
        2040          68           2
        2041          69           1
        2070          69           2
        2071          70           1
        2100          70           2
        2101          71           1
        2130          71           2
        2131          72           1
        2160          72           2
        2161          73           1
        2190          73           2
        2191          74           1
        2220          74           2
        2221          75           1
        2221         121           4
        2222         122           4
        2223         123           4
        2224         124           4
        2225         125           4
        2226         126           4
        2227         127           4
        2228         128           4
        2229         129           4
        2230         130           4
        2231         131           4
        2232         132           4
        2233         133           4
        2234         134           4
        2235         135           4
        2236         136           4
        2237         137           4
        2238         138           4
        2239         139           4
        2240         140           4
        2241         141           4
        2242         142           4
        2243         143           4
        2244         144           4
        2245         145           4
        2246         146           4
        2247         147           4
        2248         148           4
        2249         149           4
        2250          75           2
        2250         150           4
        2251          76           1
        2251         151           3
        2252         152           3
        2253         153           3
        2254         154           3
        2255         155           3
        2256         156           3
        2257         157           3
        2258         158           3
        2259         159           3
        2260         160           3
        2261         161           3
        2262         162           3
        2263         163           3
        2264         164           3
        2265         165           3
        2266         166           3
        2267         167           3
        2268         168           3
        2269         169           3
        2270         170           3
        2271         171           3
        2272         172           3
        2273         173           3
        2274         174           3
        2275         175           3
        2276         176           3
        2277         177           3
        2278         178           3
        2279         179           3
        2280          76           2
        2280         180           3
        2281          77           1
        2310          77           2
        2311          78           1
        2340          78           2
        2341          79           1
        2370          79           2
        2371          80           1
        2400          80           2
        2401          81           1
        2430          81           2
        2431          82           1
        2460          82           2
        2461          83           1
        2490          83           2
        2491          84           1
        2520          84           2
        2521          85           1
        2550          85           2
        2551          86           1
        2580          86           2
        2581          87           1
        2610          87           2
        2611          88           1
        2640          88           2
        2641          89           1
        2670          89           2
        2671          90           1
        2671         151           4
        2672         152           4
        2673         153           4
        2674         154           4
        2675         155           4
        2676         156           4
        2677         157           4
        2678         158           4
        2679         159           4
        2680         160           4
        2681         161           4
        2682         162           4
        2683         163           4
        2684         164           4
        2685         165           4
        2686         166           4
        2687         167           4
        2688         168           4
        2689         169           4
        2690         170           4
        2691         171           4
        2692         172           4
        2693         173           4
        2694         174           4
        2695         175           4
        2696         176           4
        2697         177           4
        2698         178           4
        2699         179           4
        2700          90           2
        2700         180           4
        2701          91           1
        2701         181           3
        2702         182           3
        2703         183           3
        2704         184           3
        2705         185           3
        2706         186           3
        2707         187           3
        2708         188           3
        2709         189           3
        2710         190           3
        2711         191           3
        2712         192           3
        2713         193           3
        2714         194           3
        2715         195           3
        2716         196           3
        2717         197           3
        2718         198           3
        2719         199           3
        2720         200           3
        2721         201           3
        2722         202           3
        2723         203           3
        2724         204           3
        2725         205           3
        2726         206           3
        2727         207           3
        2728         208           3
        2729         209           3
        2730          91           2
        2730         210           3
        2731          92           1
        2760          92           2
        2761          93           1
        2790          93           2
        2791          94           1
        2820          94           2
        2821          95           1
        2850          95           2
        2851          96           1
        2880          96           2
        2881          97           1
        2910          97           2
        2911          98           1
        2940          98           2
        2941          99           1
        2970          99           2
        2971         100           1
        3000         100           2
        3001         101           1
        3030         101           2
        3031         102           1
        3060         102           2
        3061         103           1
        3090         103           2
        3091         104           1
        3120         104           2
        3121         105           1
        3121         181           4
        3122         182           4
        3123         183           4
        3124         184           4
        3125         185           4
        3126         186           4
        3127         187           4
        3128         188           4
        3129         189           4
        3130         190           4
        3131         191           4
        3132         192           4
        3133         193           4
        3134         194           4
        3135         195           4
        3136         196           4
        3137         197           4
        3138         198           4
        3139         199           4
        3140         200           4
        3141         201           4
        3142         202           4
        3143         203           4
        3144         204           4
        3145         205           4
        3146         206           4
        3147         207           4
        3148         208           4
        3149         209           4
        3150         105           2
        3150         210           4
        3151         106           1
        3151         211           3
        3152         212           3
        3153         213           3
        3154         214           3
        3155         215           3
        3156         216           3
        3157         217           3
        3158         218           3
        3159         219           3
        3160         220           3
        3161         221           3
        3162         222           3
        3163         223           3
        3164         224           3
        3165         225           3
        3166         226           3
        3167         227           3
        3168         228           3
        3169         229           3
        3170         230           3
        3171         231           3
        3172         232           3
        3173         233           3
        3174         234           3
        3175         235           3
        3176         236           3
        3177         237           3
        3178         238           3
        3179         239           3
        3180         106           2
        3180         240           3
        3181         107           1
        3210         107           2
        3211         108           1
        3240         108           2
        3241         109           1
        3270         109           2
        3271         110           1
        3300         110           2
        3301         111           1
        3330         111           2
        3331         112           1
        3360         112           2
        3361         113           1
        3390         113           2
        3391         114           1
        3420         114           2
        3421         115           1
        3450         115           2
        3451         116           1
        3480         116           2
        3481         117           1
        3510         117           2
        3511         118           1
        3540         118           2
        3541         119           1
        3570         119           2
        3571         120           1
        3571         211           4
        3572         212           4
        3573         213           4
        3574         214           4
        3575         215           4
        3576         216           4
        3577         217           4
        3578         218           4
        3579         219           4
        3580         220           4
        3581         221           4
        3582         222           4
        3583         223           4
        3584         224           4
        3585         225           4
        3586         226           4
        3587         227           4
        3588         228           4
        3589         229           4
        3590         230           4
        3591         231           4
        3592         232           4
        3593         233           4
        3594         234           4
        3595         235           4
        3596         236           4
        3597         237           4
        3598         238           4
        3599         239           4
        3600         120           2
        3600         240           4
        3601         121           1
        3601         241           3
        3602         242           3
        3603         243           3
        3604         244           3
        3605         245           3
        3606         246           3
        3607         247           3
        3608         248           3
        3609         249           3
        3610         250           3
        3611         251           3
        3612         252           3
        3613         253           3
        3614         254           3
        3615         255           3
        3616         256           3
        3617         257           3
        3618         258           3
        3619         259           3
        3620         260           3
        3621         261           3
        3622         262           3
        3623         263           3
        3624         264           3
        3625         265           3
        3626         266           3
        3627         267           3
        3628         268           3
        3629         269           3
        3630         121           2
        3630         270           3
        3631         122           1
        3660         122           2
        3661         123           1
        3690         123           2
        3691         124           1
        3720         124           2
        3721         125           1
        3750         125           2
        3751         126           1
        3780         126           2
        3781         127           1
        3810         127           2
        3811         128           1
        3840         128           2
        3841         129           1
        3870         129           2
        3871         130           1
        3900         130           2
        3901         131           1
        3930         131           2
        3931         132           1
        3960         132           2
        3961         133           1
        3990         133           2
        3991         134           1
        4020         134           2
        4021         135           1
        4021         241           4
        4022         242           4
        4023         243           4
        4024         244           4
        4025         245           4
        4026         246           4
        4027         247           4
        4028         248           4
        4029         249           4
        4030         250           4
        4031         251           4
        4032         252           4
        4033         253           4
        4034         254           4
        4035         255           4
        4036         256           4
        4037         257           4
        4038         258           4
        4039         259           4
        4040         260           4
        4041         261           4
        4042         262           4
        4043         263           4
        4044         264           4
        4045         265           4
        4046         266           4
        4047         267           4
        4048         268           4
        4049         269           4
        4050         135           2
        4050         270           4
        4051         136           1
        4051         271           3
        4052         272           3
        4053         273           3
        4054         274           3
        4055         275           3
        4056         276           3
        4057         277           3
        4058         278           3
        4059         279           3
        4060         280           3
        4061         281           3
        4062         282           3
        4063         283           3
        4064         284           3
        4065         285           3
        4066         286           3
        4067         287           3
        4068         288           3
        4069         289           3
        4070         290           3
        4071         291           3
        4072         292           3
        4073         293           3
        4074         294           3
        4075         295           3
        4076         296           3
        4077         297           3
        4078         298           3
        4079         299           3
        4080         136           2
        4080         300           3
        4081         137           1
        4110         137           2
        4111         138           1
        4140         138           2
        4141         139           1
        4170         139           2
        4171         140           1
        4200         140           2
        4201         141           1
        4230         141           2
        4231         142           1
        4260         142           2
        4261         143           1
        4290         143           2
        4291         144           1
        4320         144           2
        4321         145           1
        4350         145           2
        4351         146           1
        4380         146           2
        4381         147           1
        4410         147           2
        4411         148           1
        4440         148           2
        4441         149           1
        4470         149           2
        4471         150           1
        4471         271           4
        4472         272           4
        4473         273           4
        4474         274           4
        4475         275           4
        4476         276           4
        4477         277           4
        4478         278           4
        4479         279           4
        4480         280           4
        4481         281           4
        4482         282           4
        4483         283           4
        4484         284           4
        4485         285           4
        4486         286           4
        4487         287           4
        4488         288           4
        4489         289           4
        4490         290           4
        4491         291           4
        4492         292           4
        4493         293           4
        4494         294           4
        4495         295           4
        4496         296           4
        4497         297           4
        4498         298           4
        4499         299           4
        4500         150           2
        4500         300           4
        4501         151           1
        4501         301           3
        4502         302           3
        4503         303           3
        4504         304           3
        4505         305           3
        4506         306           3
        4507         307           3
        4508         308           3
        4509         309           3
        4510         310           3
        4511         311           3
        4512         312           3
        4513         313           3
        4514         314           3
        4515         315           3
        4516         316           3
        4517         317           3
        4518         318           3
        4519         319           3
        4520         320           3
        4521         321           3
        4522         322           3
        4523         323           3
        4524         324           3
        4525         325           3
        4526         326           3
        4527         327           3
        4528         328           3
        4529         329           3
        4530         151           2
        4530         330           3
        4531         152           1
        4560         152           2
        4561         153           1
        4590         153           2
        4591         154           1
        4620         154           2
        4621         155           1
        4650         155           2
        4651         156           1
        4680         156           2
        4681         157           1
        4710         157           2
        4711         158           1
        4740         158           2
        4741         159           1
        4770         159           2
        4771         160           1
        4800         160           2
        4801         161           1
        4830         161           2
        4831         162           1
        4860         162           2
        4861         163           1
        4890         163           2
        4891         164           1
        4920         164           2
        4921         165           1
        4921         301           4
        4922         302           4
        4923         303           4
        4924         304           4
        4925         305           4
        4926         306           4
        4927         307           4
        4928         308           4
        4929         309           4
        4930         310           4
        4931         311           4
        4932         312           4
        4933         313           4
        4934         314           4
        4935         315           4
        4936         316           4
        4937         317           4
        4938         318           4
        4939         319           4
        4940         320           4
        4941         321           4
        4942         322           4
        4943         323           4
        4944         324           4
        4945         325           4
        4946         326           4
        4947         327           4
        4948         328           4
        4949         329           4
        4950         165           2
        4950         330           4
        4951         166           1
        4951         331           3
        4952         332           3
        4953         333           3
        4954         334           3
        4955         335           3
        4956         336           3
        4957         337           3
        4958         338           3
        4959         339           3
        4960         340           3
        4961         341           3
        4962         342           3
        4963         343           3
        4964         344           3
        4965         345           3
        4966         346           3
        4967         347           3
        4968         348           3
        4969         349           3
        4970         350           3
        4971         351           3
        4972         352           3
        4973         353           3
        4974         354           3
        4975         355           3
        4976         356           3
        4977         357           3
        4978         358           3
        4979         359           3
        4980         166           2
        4980         360           3
        4981         167           1
        5010         167           2
        5011         168           1
        5040         168           2
        5041         169           1
        5070         169           2
        5071         170           1
        5100         170           2
        5101         171           1
        5130         171           2
        5131         172           1
        5160         172           2
        5161         173           1
        5190         173           2
        5191         174           1
        5220         174           2
        5221         175           1
        5250         175           2
        5251         176           1
        5280         176           2
        5281         177           1
        5310         177           2
        5311         178           1
        5340         178           2
        5341         179           1
        5370         179           2
        5371         180           1
        5371         331           4
        5372         332           4
        5373         333           4
        5374         334           4
        5375         335           4
        5376         336           4
        5377         337           4
        5378         338           4
        5379         339           4
        5380         340           4
        5381         341           4
        5382         342           4
        5383         343           4
        5384         344           4
        5385         345           4
        5386         346           4
        5387         347           4
        5388         348           4
        5389         349           4
        5390         350           4
        5391         351           4
        5392         352           4
        5393         353           4
        5394         354           4
        5395         355           4
        5396         356           4
        5397         357           4
        5398         358           4
        5399         359           4
        5400         180           2
        5400         360           4
        5401         181           1
        5401         361           3
        5402         362           3
        5403         363           3
        5404         364           3
        5405         365           3
        5406         366           3
        5407         367           3
        5408         368           3
        5409         369           3
        5410         370           3
        5411         371           3
        5412         372           3
        5413         373           3
        5414         374           3
        5415         375           3
        5416         376           3
        5417         377           3
        5418         378           3
        5419         379           3
        5420         380           3
        5421         381           3
        5422         382           3
        5423         383           3
        5424         384           3
        5425         385           3
        5426         386           3
        5427         387           3
        5428         388           3
        5429         389           3
        5430         181           2
        5430         390           3
        5431         182           1
        5460         182           2
        5461         183           1
        5490         183           2
        5491         184           1
        5520         184           2
        5521         185           1
        5550         185           2
        5551         186           1
        5580         186           2
        5581         187           1
        5610         187           2
        5611         188           1
        5640         188           2
        5641         189           1
        5670         189           2
        5671         190           1
        5700         190           2
        5701         191           1
        5730         191           2
        5731         192           1
        5760         192           2
        5761         193           1
        5790         193           2
        5791         194           1
        5820         194           2
        5821         195           1
        5821         361           4
        5822         362           4
        5823         363           4
        5824         364           4
        5825         365           4
        5826         366           4
        5827         367           4
        5828         368           4
        5829         369           4
        5830         370           4
        5831         371           4
        5832         372           4
        5833         373           4
        5834         374           4
        5835         375           4
        5836         376           4
        5837         377           4
        5838         378           4
        5839         379           4
        5840         380           4
        5841         381           4
        5842         382           4
        5843         383           4
        5844         384           4
        5845         385           4
        5846         386           4
        5847         387           4
        5848         388           4
        5849         389           4
        5850         195           2
        5850         390           4
        5851         196           1
        5851         391           3
        5852         392           3
        5853         393           3
        5854         394           3
        5855         395           3
        5856         396           3
        5857         397           3
        5858         398           3
        5859         399           3
        5860         400           3
        5861         401           3
        5862         402           3
        5863         403           3
        5864         404           3
        5865         405           3
        5866         406           3
        5867         407           3
        5868         408           3
        5869         409           3
        5870         410           3
        5871         411           3
        5872         412           3
        5873         413           3
        5874         414           3
        5875         415           3
        5876         416           3
        5877         417           3
        5878         418           3
        5879         419           3
        5880         196           2
        5880         420           3
        5881         197           1
        5910         197           2
        5911         198           1
        5940         198           2
        5941         199           1
        5970         199           2
        5971         200           1
        6000         200           2
        6001         201           1
        6030         201           2
        6031         202           1
        6060         202           2
        6061         203           1
        6090         203           2
        6091         204           1
        6120         204           2
        6121         205           1
        6150         205           2
        6151         206           1
        6180         206           2
        6181         207           1
        6210         207           2
        6211         208           1
        6240         208           2
        6241         209           1
        6270         209           2
        6271         210           1
        6271         391           4
        6272         392           4
        6273         393           4
        6274         394           4
        6275         395           4
        6276         396           4
        6277         397           4
        6278         398           4
        6279         399           4
        6280         400           4
        6281         401           4
        6282         402           4
        6283         403           4
        6284         404           4
        6285         405           4
        6286         406           4
        6287         407           4
        6288         408           4
        6289         409           4
        6290         410           4
        6291         411           4
        6292         412           4
        6293         413           4
        6294         414           4
        6295         415           4
        6296         416           4
        6297         417           4
        6298         418           4
        6299         419           4
        6300         210           2
        6300         420           4
        6301         211           1
        6301         421           3
        6302         422           3
        6303         423           3
        6304         424           3
        6305         425           3
        6306         426           3
        6307         427           3
        6308         428           3
        6309         429           3
        6310         430           3
        6311         431           3
        6312         432           3
        6313         433           3
        6314         434           3
        6315         435           3
        6316         436           3
        6317         437           3
        6318         438           3
        6319         439           3
        6320         440           3
        6321         441           3
        6322         442           3
        6323         443           3
        6324         444           3
        6325         445           3
        6326         446           3
        6327         447           3
        6328         448           3
        6329         449           3
        6330         211           2
        6330         450           3
        6331         212           1
        6360         212           2
        6361         213           1
        6390         213           2
        6391         214           1
        6420         214           2
        6421         215           1
        6450         215           2
        6451         216           1
        6480         216           2
        6481         217           1
        6510         217           2
        6511         218           1
        6540         218           2
        6541         219           1
        6570         219           2
        6571         220           1
        6600         220           2
        6601         221           1
        6630         221           2
        6631         222           1
        6660         222           2
        6661         223           1
        6690         223           2
        6691         224           1
        6720         224           2
        6721         225           1
        6721         421           4
        6722         422           4
        6723         423           4
        6724         424           4
        6725         425           4
        6726         426           4
        6727         427           4
        6728         428           4
        6729         429           4
        6730         430           4
        6731         431           4
        6732         432           4
        6733         433           4
        6734         434           4
        6735         435           4
        6736         436           4
        6737         437           4
        6738         438           4
        6739         439           4
        6740         440           4
        6741         441           4
        6742         442           4
        6743         443           4
        6744         444           4
        6745         445           4
        6746         446           4
        6747         447           4
        6748         448           4
        6749         449           4
        6750         225           2
        6750         450           4
