         450
         1        239        237        493        495
        31        237        235        491        493
        61        235        233        489        491
        91        233        231        487        489
       121        231        229        485        487
       151        229        227        483        485
       181        227        225        481        483
       211        225        226        482        481
       241        226        228        484        482
       271        228        230        486        484
       301        230        232        488        486
       331        232        234        490        488
       361        234        236        492        490
       391        236        238        494        492
       421        238        240        496        494
       451        223        221        477        479
       481        221        219        475        477
       511        219        217        473        475
       541        217        215        471        473
       571        215        213        469        471
       601        213        211        467        469
       631        211        209        465        467
       661        209        210        466        465
       691        210        212        468        466
       721        212        214        470        468
       751        214        216        472        470
       781        216        218        474        472
       811        218        220        476        474
       841        220        222        478        476
       871        222        224        480        478
       901        207        205        461        463
       931        205        203        459        461
       961        203        201        457        459
       991        201        199        455        457
      1021        199        197        453        455
      1051        197        195        451        453
      1081        195        193        449        451
      1111        193        194        450        449
      1141        194        196        452        450
      1171        196        198        454        452
      1201        198        200        456        454
      1231        200        202        458        456
      1261        202        204        460        458
      1291        204        206        462        460
      1321        206        208        464        462
      1351        191        189        445        447
      1381        189        187        443        445
      1411        187        185        441        443
      1441        185        183        439        441
      1471        183        181        437        439
      1501        181        179        435        437
      1531        179        177        433        435
      1561        177        178        434        433
      1591        178        180        436        434
      1621        180        182        438        436
      1651        182        184        440        438
      1681        184        186        442        440
      1711        186        188        444        442
      1741        188        190        446        444
      1771        190        192        448        446
      1801        175        173        429        431
      1831        173        171        427        429
      1861        171        169        425        427
      1891        169        167        423        425
      1921        167        165        421        423
      1951        165        163        419        421
      1981        163        161        417        419
      2011        161        162        418        417
      2041        162        164        420        418
      2071        164        166        422        420
      2101        166        168        424        422
      2131        168        170        426        424
      2161        170        172        428        426
      2191        172        174        430        428
      2221        174        176        432        430
      2251        159        157        413        415
      2281        157        155        411        413
      2311        155        153        409        411
      2341        153        151        407        409
      2371        151        149        405        407
      2401        149        147        403        405
      2431        147        145        401        403
      2461        145        146        402        401
      2491        146        148        404        402
      2521        148        150        406        404
      2551        150        152        408        406
      2581        152        154        410        408
      2611        154        156        412        410
      2641        156        158        414        412
      2671        158        160        416        414
      2701        143        141        397        399
      2731        141        139        395        397
      2761        139        137        393        395
      2791        137        135        391        393
      2821        135        133        389        391
      2851        133        131        387        389
      2881        131        129        385        387
      2911        129        130        386        385
      2941        130        132        388        386
      2971        132        134        390        388
      3001        134        136        392        390
      3031        136        138        394        392
      3061        138        140        396        394
      3091        140        142        398        396
      3121        142        144        400        398
      3151        127        125        381        383
      3181        125        123        379        381
      3211        123        121        377        379
      3241        121        119        375        377
      3271        119        117        373        375
      3301        117        115        371        373
      3331        115        113        369        371
      3361        113        114        370        369
      3391        114        116        372        370
      3421        116        118        374        372
      3451        118        120        376        374
      3481        120        122        378        376
      3511        122        124        380        378
      3541        124        126        382        380
      3571        126        128        384        382
      3601        111        109        365        367
      3631        109        107        363        365
      3661        107        105        361        363
      3691        105        103        359        361
      3721        103        101        357        359
      3751        101         99        355        357
      3781         99         97        353        355
      3811         97         98        354        353
      3841         98        100        356        354
      3871        100        102        358        356
      3901        102        104        360        358
      3931        104        106        362        360
      3961        106        108        364        362
      3991        108        110        366        364
      4021        110        112        368        366
      4051         95         93        349        351
      4081         93         91        347        349
      4111         91         89        345        347
      4141         89         87        343        345
      4171         87         85        341        343
      4201         85         83        339        341
      4231         83         81        337        339
      4261         81         82        338        337
      4291         82         84        340        338
      4321         84         86        342        340
      4351         86         88        344        342
      4381         88         90        346        344
      4411         90         92        348        346
      4441         92         94        350        348
      4471         94         96        352        350
      4501         79         77        333        335
      4531         77         75        331        333
      4561         75         73        329        331
      4591         73         71        327        329
      4621         71         69        325        327
      4651         69         67        323        325
      4681         67         65        321        323
      4711         65         66        322        321
      4741         66         68        324        322
      4771         68         70        326        324
      4801         70         72        328        326
      4831         72         74        330        328
      4861         74         76        332        330
      4891         76         78        334        332
      4921         78         80        336        334
      4951         63         61        317        319
      4981         61         59        315        317
      5011         59         57        313        315
      5041         57         55        311        313
      5071         55         53        309        311
      5101         53         51        307        309
      5131         51         49        305        307
      5161         49         50        306        305
      5191         50         52        308        306
      5221         52         54        310        308
      5251         54         56        312        310
      5281         56         58        314        312
      5311         58         60        316        314
      5341         60         62        318        316
      5371         62         64        320        318
      5401         47         45        301        303
      5431         45         43        299        301
      5461         43         41        297        299
      5491         41         39        295        297
      5521         39         37        293        295
      5551         37         35        291        293
      5581         35         33        289        291
      5611         33         34        290        289
      5641         34         36        292        290
      5671         36         38        294        292
      5701         38         40        296        294
      5731         40         42        298        296
      5761         42         44        300        298
      5791         44         46        302        300
      5821         46         48        304        302
      5851         31         29        285        287
      5881         29         27        283        285
      5911         27         25        281        283
      5941         25         23        279        281
      5971         23         21        277        279
      6001         21         19        275        277
      6031         19         17        273        275
      6061         17         18        274        273
      6091         18         20        276        274
      6121         20         22        278        276
      6151         22         24        280        278
      6181         24         26        282        280
      6211         26         28        284        282
      6241         28         30        286        284
      6271         30         32        288        286
      6301         15         13        269        271
      6331         13         11        267        269
      6361         11          9        265        267
      6391          9          7        263        265
      6421          7          5        261        263
      6451          5          3        259        261
      6481          3          1        257        259
      6511          1          2        258        257
      6541          2          4        260        258
      6571          4          6        262        260
      6601          6          8        264        262
      6631          8         10        266        264
      6661         10         12        268        266
      6691         12         14        270        268
      6721         14         16        272        270
