  MATRICE ROTATION 
  6.123233995736766E-017  0.000000000000000E+000   1.00000000000000     
  0.000000000000000E+000   1.00000000000000       0.000000000000000E+000
  -1.00000000000000       0.000000000000000E+000  6.123233995736766E-017
 
  MATRICE ROTATION 
   1.00000000000000       0.000000000000000E+000  0.000000000000000E+000
  0.000000000000000E+000  6.123233995736766E-017  -1.00000000000000     
  0.000000000000000E+000   1.00000000000000       6.123233995736766E-017
 
  MATRICE ROTATION 
   1.00000000000000       0.000000000000000E+000  0.000000000000000E+000
  0.000000000000000E+000   1.00000000000000       0.000000000000000E+000
  0.000000000000000E+000  0.000000000000000E+000   1.00000000000000     
 
  MATRICE ROTATION 
  0.500000000000000      -0.866025403784439       0.000000000000000E+000
  0.866025403784439       0.500000000000000       0.000000000000000E+000
  0.000000000000000E+000  0.000000000000000E+000   1.00000000000000     
 
  MATRICE ROTATION COMPLETE 
 -0.866025403784439      -5.302876193624534E-017  0.500000000000000     
  0.500000000000000       3.061616997868384E-017  0.866025403784439     
 -6.123233995736766E-017   1.00000000000000       3.749399456654644E-033
 
 
  -333318.431076609       -166544.936899490        6360094.54391189     
   3468709.50081786        5341344.22996019       -166544.936899490     
 
  -333323.327870556       -162711.260873992        6360187.98030653     
   3468760.45976314        5341422.69985462       -162711.260873992     
 
  -333332.610448249       -155443.976210673        6360365.10244030     
   3468857.05977812        5341571.45083319       -155443.976210673     
 
  -333341.893025941       -148176.691547353        6360542.22457406     
   3468953.65979309        5341720.20181175       -148176.691547353     
 
  -333346.789819889       -144343.015521855        6360635.66096871     
   3469004.61873837        5341798.67170618       -144343.015521855     
 
  -333350.987179927       -140509.038297033        6360715.75136932     
   3469048.29895910        5341865.93334769       -140509.038297033     
 
  -333358.943879978       -133241.182667048        6360867.57425058     
   3469131.10110410        5341993.43746971       -133241.182667048     
 
  -333366.900580030       -125973.327037062        6361019.39713185     
   3469213.90324911        5342120.94159174       -125973.327037062     
 
  -333371.097940067       -122139.349812240        6361099.48753246     
   3469257.58346984        5342188.20323325       -122139.349812240     
 
  -333374.595816312       -118305.117720703        6361166.23098720     
   3469293.98444689        5342244.25582247       -118305.117720703     
 
  -333381.226544161       -111036.778954177        6361292.75281162     
   3469362.98773787        5342350.51157263       -111036.778954177     
 
  -333387.857272010       -103768.440187650        6361419.27463605     
   3469431.99102885        5342456.76732279       -103768.440187650     
 
  -333391.355148255       -99934.2080961127        6361486.01809079     
   3469468.39200590        5342512.81991201       -99934.2080961127     
 
  -333394.153499136       -96099.7674733423        6361539.41380645     
   3469497.51330669        5342557.66278279       -96099.7674733423     
 
  -333399.458175980       -88831.0334058497        6361640.63307040     
   3469552.71692357        5342642.66889829       -88831.0334058497     
 
  -333404.762852824       -81562.2993383572        6361741.85233435     
   3469607.92054045        5342727.67501380       -81562.2993383571     
 
  -333407.561203705       -77727.8587155867        6361795.24805001     
   3469637.04184123        5342772.51788458       -77727.8587155867     
 
  -333409.659995966       -73893.2558994175        6361835.29539202     
   3469658.88311965        5342806.15050398       -73893.2558994175     
 
  -333413.638558762       -66624.2143709939        6361911.21089256     
   3469700.28640637        5342869.90597459       -66624.2143709939     
 
  -333417.617121559       -59355.1728425703        6361987.12639310     
   3469741.68969309        5342933.66144520       -59355.1728425703     
 
  -333419.715913820       -55520.5700264011        6362027.17373510     
   3469763.53097151        5342967.29406460       -55520.5700264011     
 
  -333421.115122518       -51685.8513564972        6362053.87222752     
   3469778.09196800        5342989.71603293       -51685.8513564972     
 
  -333423.767523984       -44416.5902106455        6362104.48306245     
   3469805.69443251        5343032.22010095       -44416.5902106455     
 
  -333426.419925450       -37147.3290647939        6362155.09389737     
   3469833.29689702        5343074.72416897       -37147.3290647938     
 
  -333427.819134147       -33312.6103948900        6362181.79238979     
   3469847.85789351        5343097.14613729       -33312.6103948900     
 
  -333428.518742654       -29477.8222122226        6362195.14171532     
   3469855.13843501        5343108.35718808       -29477.8222122225     
 
  -333429.844951267       -22208.4292949231        6362220.44728315     
   3469868.93974928        5343129.60934837       -22208.4292949231     
 
  -333431.171159881       -14939.0363776237        6362245.75285098     
   3469882.74106355        5343150.86150866       -14939.0363776236     
 
  -333431.870768387       -11104.2481949563        6362259.10217651     
   3469890.02160505        5343162.07255944       -11104.2481949562     
 
  -333431.870768387       -7269.43684128054        6362259.10217651     
   3469890.02160505        5343162.07255944       -7269.43684128052     
 
  -333431.870768387       0.000000000000000E+000   6362259.10217651     
   3469890.02160505        5343162.07255944       2.041681366351095E-011
 
  -333431.870768387        7269.43684128054        6362259.10217651     
   3469890.02160505        5343162.07255944        7269.43684128056     
 
  -333431.870768387        11104.2481949563        6362259.10217651     
   3469890.02160505        5343162.07255944        11104.2481949563     
 
  -333431.171159881        14939.0363776237        6362245.75285098     
   3469882.74106355        5343150.86150866        14939.0363776237     
 
  -333429.844951267        22208.4292949231        6362220.44728315     
   3469868.93974928        5343129.60934837        22208.4292949231     
 
  -333428.518742654        29477.8222122226        6362195.14171532     
   3469855.13843501        5343108.35718808        29477.8222122226     
 
  -333427.819134147        33312.6103948900        6362181.79238979     
   3469847.85789351        5343097.14613729        33312.6103948900     
 
  -333426.419925450        37147.3290647939        6362155.09389737     
   3469833.29689702        5343074.72416897        37147.3290647939     
 
  -333423.767523984        44416.5902106455        6362104.48306245     
   3469805.69443251        5343032.22010095        44416.5902106455     
 
  -333421.115122518        51685.8513564972        6362053.87222752     
   3469778.09196800        5342989.71603293        51685.8513564972     
 
  -333419.715913820        55520.5700264010        6362027.17373510     
   3469763.53097151        5342967.29406460        55520.5700264011     
 
  -333417.617121559        59355.1728425703        6361987.12639310     
   3469741.68969309        5342933.66144520        59355.1728425703     
 
  -333413.638558762        66624.2143709939        6361911.21089256     
   3469700.28640637        5342869.90597459        66624.2143709939     
 
  -333409.659995966        73893.2558994174        6361835.29539202     
   3469658.88311965        5342806.15050398        73893.2558994175     
 
  -333407.561203705        77727.8587155867        6361795.24805001     
   3469637.04184123        5342772.51788458        77727.8587155867     
 
  -333404.762852824        81562.2993383571        6361741.85233435     
   3469607.92054045        5342727.67501380        81562.2993383572     
 
  -333399.458175980        88831.0334058497        6361640.63307040     
   3469552.71692357        5342642.66889829        88831.0334058497     
 
  -333394.153499136        96099.7674733423        6361539.41380645     
   3469497.51330669        5342557.66278279        96099.7674733423     
 
  -333391.355148255        99934.2080961127        6361486.01809079     
   3469468.39200590        5342512.81991201        99934.2080961127     
 
  -333387.857272010        103768.440187650        6361419.27463605     
   3469431.99102885        5342456.76732279        103768.440187650     
 
  -333381.226544161        111036.778954177        6361292.75281162     
   3469362.98773787        5342350.51157263        111036.778954177     
 
  -333374.595816312        118305.117720703        6361166.23098720     
   3469293.98444689        5342244.25582247        118305.117720703     
 
  -333371.097940067        122139.349812240        6361099.48753246     
   3469257.58346984        5342188.20323325        122139.349812240     
 
  -333366.900580030        125973.327037062        6361019.39713185     
   3469213.90324911        5342120.94159174        125973.327037062     
 
  -333358.943879978        133241.182667048        6360867.57425058     
   3469131.10110410        5341993.43746971        133241.182667048     
 
  -333350.987179927        140509.038297033        6360715.75136932     
   3469048.29895910        5341865.93334769        140509.038297033     
 
  -333346.789819889        144343.015521855        6360635.66096871     
   3469004.61873837        5341798.67170618        144343.015521855     
 
  -333341.893025941        148176.691547353        6360542.22457406     
   3468953.65979309        5341720.20181175        148176.691547353     
 
  -333332.610448249        155443.976210673        6360365.10244030     
   3468857.05977812        5341571.45083319        155443.976210673     
 
  -333323.327870556        162711.260873992        6360187.98030653     
   3468760.45976314        5341422.69985462        162711.260873992     
 
  -333318.431076609        166544.936899490        6360094.54391189     
   3468709.50081786        5341344.22996019        166544.936899490     
