          61
   57.0000000000000       -1.49794523937646     
   57.0000000000000       -1.46345791630672     
   57.0000000000000       -1.39808212234479     
   57.0000000000000       -1.33270632838286     
   57.0000000000000       -1.29821900531311     
   57.0000000000000       -1.26373169720113     
   57.0000000000000       -1.19835593159394     
   57.0000000000000       -1.13298016598674     
   57.0000000000000       -1.09849285787476     
   57.0000000000000       -1.06400556242057     
   57.0000000000000      -0.998629820808163     
   57.0000000000000      -0.933254079195758     
   57.0000000000000      -0.898766783741566     
   57.0000000000000      -0.864279498644584     
   57.0000000000000      -0.798903776665860     
   57.0000000000000      -0.733528054687136     
   57.0000000000000      -0.699040769590154     
   57.0000000000000      -0.664553492549299     
   57.0000000000000      -0.599177785842199     
   57.0000000000000      -0.533802079135100     
   57.0000000000000      -0.499314802094245     
   57.0000000000000      -0.464827530808045     
   57.0000000000000      -0.399451835009776     
   57.0000000000000      -0.334076139211508     
   57.0000000000000      -0.299588867925307     
   57.0000000000000      -0.265101600092011     
   57.0000000000000      -0.199725910839252     
   57.0000000000000      -0.134350221586493     
   57.0000000000000      -9.986295375319688E-002
   57.0000000000000      -6.537568707088702E-002
   57.0000000000000       1.836130954087894E-016
   57.0000000000000       6.537568707088738E-002
   57.0000000000000       9.986295375319724E-002
   57.0000000000000       0.134350221586494     
   57.0000000000000       0.199725910839253     
   57.0000000000000       0.265101600092011     
   57.0000000000000       0.299588867925308     
   57.0000000000000       0.334076139211508     
   57.0000000000000       0.399451835009776     
   57.0000000000000       0.464827530808045     
   57.0000000000000       0.499314802094245     
   57.0000000000000       0.533802079135100     
   57.0000000000000       0.599177785842199     
   57.0000000000000       0.664553492549299     
   57.0000000000000       0.699040769590154     
   57.0000000000000       0.733528054687136     
   57.0000000000000       0.798903776665860     
   57.0000000000000       0.864279498644584     
   57.0000000000000       0.898766783741566     
   57.0000000000000       0.933254079195758     
   57.0000000000000       0.998629820808163     
   57.0000000000000        1.06400556242057     
   57.0000000000000        1.09849285787476     
   57.0000000000000        1.13298016598674     
   57.0000000000000        1.19835593159394     
   57.0000000000000        1.26373169720113     
   57.0000000000000        1.29821900531311     
   57.0000000000000        1.33270632838286     
   57.0000000000000        1.39808212234479     
   57.0000000000000        1.46345791630672     
   57.0000000000000        1.49794523937646     
