          61
   63.0000000000000       -1.49794523937646     
   63.0000000000000       -1.46345791630672     
   63.0000000000000       -1.39808212234479     
   63.0000000000000       -1.33270632838286     
   63.0000000000000       -1.29821900531311     
   63.0000000000000       -1.26373169720113     
   63.0000000000000       -1.19835593159394     
   63.0000000000000       -1.13298016598674     
   63.0000000000000       -1.09849285787476     
   63.0000000000000       -1.06400556242057     
   63.0000000000000      -0.998629820808163     
   63.0000000000000      -0.933254079195758     
   63.0000000000000      -0.898766783741566     
   63.0000000000000      -0.864279498644584     
   63.0000000000000      -0.798903776665860     
   63.0000000000000      -0.733528054687136     
   63.0000000000000      -0.699040769590154     
   63.0000000000000      -0.664553492549299     
   63.0000000000000      -0.599177785842200     
   63.0000000000000      -0.533802079135100     
   63.0000000000000      -0.499314802094246     
   63.0000000000000      -0.464827530808045     
   63.0000000000000      -0.399451835009777     
   63.0000000000000      -0.334076139211508     
   63.0000000000000      -0.299588867925308     
   63.0000000000000      -0.265101600092011     
   63.0000000000000      -0.199725910839253     
   63.0000000000000      -0.134350221586494     
   63.0000000000000      -9.986295375319724E-002
   63.0000000000000      -6.537568707088738E-002
   63.0000000000000      -1.836130954087890E-016
   63.0000000000000       6.537568707088702E-002
   63.0000000000000       9.986295375319688E-002
   63.0000000000000       0.134350221586493     
   63.0000000000000       0.199725910839252     
   63.0000000000000       0.265101600092011     
   63.0000000000000       0.299588867925307     
   63.0000000000000       0.334076139211508     
   63.0000000000000       0.399451835009776     
   63.0000000000000       0.464827530808044     
   63.0000000000000       0.499314802094245     
   63.0000000000000       0.533802079135100     
   63.0000000000000       0.599177785842199     
   63.0000000000000       0.664553492549298     
   63.0000000000000       0.699040769590153     
   63.0000000000000       0.733528054687136     
   63.0000000000000       0.798903776665860     
   63.0000000000000       0.864279498644584     
   63.0000000000000       0.898766783741566     
   63.0000000000000       0.933254079195758     
   63.0000000000000       0.998629820808163     
   63.0000000000000        1.06400556242057     
   63.0000000000000        1.09849285787476     
   63.0000000000000        1.13298016598674     
   63.0000000000000        1.19835593159394     
   63.0000000000000        1.26373169720113     
   63.0000000000000        1.29821900531311     
   63.0000000000000        1.33270632838286     
   63.0000000000000        1.39808212234479     
   63.0000000000000        1.46345791630672     
   63.0000000000000        1.49794523937646     
