         121
   57.0000000000000       -1.49794523937646     
   57.0345345914915       -1.49799226351125     
   57.0999999939570       -1.49807991170248     
   57.1654654016022       -1.49816560503472     
   57.2000000000000       -1.49821002269681     
   57.2345345917289       -1.49825389629939     
   57.2999999943725       -1.49833557193378     
   57.3654654018397       -1.49841529237586     
   57.4000000000000       -1.49845655906134     
   57.4345345919665       -1.49849728159928     
   57.4999999947883       -1.49857298368568     
   57.5654654020772       -1.49864673027025     
   57.6000000000000       -1.49868484547839     
   57.6345345922042       -1.49872241645750     
   57.6999999952043       -1.49879214407724     
   57.7654654023150       -1.49885991590945     
   57.8000000000000       -1.49889487917778     
   57.8345345924421       -1.49892929814209     
   57.8999999956205       -1.49899305044904     
   57.9654654025528       -1.49905484670651     
   58.0000000000000       -1.49908665761082     
   58.0345345926800       -1.49911792414263     
   58.0999999960369       -1.49917570036312     
   58.1654654027908       -1.49923152029602     
   58.2000000000000       -1.49926017845033     
   58.2345345929181       -1.49928829217018     
   58.2999999964536       -1.49934009160309     
   58.3654654030288       -1.49938993453410     
   58.4000000000000       -1.49941543959069     
   58.4345345931563       -1.49944040015739     
   58.4999999968704       -1.49948622217413     
   58.5654654032670       -1.49953008749844     
   58.6000000000000       -1.49955243914787     
   58.6345345933946       -1.49957424625849     
   58.6999999972874       -1.49961409030299     
   58.7654654035053       -1.49965197748835     
   58.8000000000000       -1.49967117545943     
   58.8345345936329       -1.49968982884931     
   58.8999999977045       -1.49972369443803     
   58.9654654037436       -1.49975560302473     
   59.0000000000000       -1.49977164708454     
   59.0345345938713       -1.49978714652728     
   59.0999999981217       -1.49981503324926     
   59.1654654039820       -1.49984096285013     
   59.2000000000000       -1.49985385280403     
   59.2345345941098       -1.49986619811150     
   59.2999999985390       -1.49988810562831     
   59.3654654042205       -1.49990805592874     
   59.4000000000000       -1.49991779162035     
   59.4345345943483       -1.49992698264272     
   59.4999999989564       -1.49994291068847     
   59.5654654044590       -1.49995688144641     
   59.6000000000000       -1.49996346275764     
   59.6345345945868       -1.49996949938332     
   59.6999999993738       -1.49997944776472     
   59.7654654046975       -1.49998743881066     
   59.8000000000000       -1.49999086566170     
   59.8345345948253       -1.49999374781740     
   59.8999999997913       -1.49999771641368     
   59.9654654049361       -1.49999972765070     
   60.0000000000000       -1.50000000000000     
   60.0345345950639       -1.49999972765070     
   60.1000000002087       -1.49999771641368     
   60.1654654051746       -1.49999374781740     
   60.2000000000000       -1.49999086566170     
   60.2345345953024       -1.49998743881066     
   60.3000000006262       -1.49997944776472     
   60.3654654054132       -1.49996949938332     
   60.4000000000000       -1.49996346275764     
   60.4345345955410       -1.49995688144641     
   60.5000000010436       -1.49994291068847     
   60.5654654056517       -1.49992698264272     
   60.6000000000000       -1.49991779162035     
   60.6345345957795       -1.49990805592874     
   60.7000000014610       -1.49988810562831     
   60.7654654058902       -1.49986619811150     
   60.8000000000000       -1.49985385280403     
   60.8345345960179       -1.49984096285013     
   60.9000000018783       -1.49981503324926     
   60.9654654061287       -1.49978714652728     
   61.0000000000000       -1.49977164708454     
   61.0345345962563       -1.49975560302473     
   61.1000000022955       -1.49972369443803     
   61.1654654063671       -1.49968982884931     
   61.2000000000000       -1.49967117545943     
   61.2345345964947       -1.49965197748835     
   61.3000000027126       -1.49961409030299     
   61.3654654066054       -1.49957424625849     
   61.4000000000000       -1.49955243914787     
   61.4345345967330       -1.49953008749844     
   61.5000000031296       -1.49948622217413     
   61.5654654068437       -1.49944040015739     
   61.6000000000000       -1.49941543959069     
   61.6345345969711       -1.49938993453410     
   61.7000000035464       -1.49934009160309     
   61.7654654070819       -1.49928829217018     
   61.8000000000000       -1.49926017845033     
   61.8345345972092       -1.49923152029602     
   61.9000000039630       -1.49917570036312     
   61.9654654073199       -1.49911792414263     
   62.0000000000000       -1.49908665761082     
   62.0345345974472       -1.49905484670651     
   62.1000000043795       -1.49899305044904     
   62.1654654075579       -1.49892929814209     
   62.2000000000000       -1.49889487917778     
   62.2345345976850       -1.49885991590945     
   62.3000000047957       -1.49879214407724     
   62.3654654077958       -1.49872241645750     
   62.4000000000000       -1.49868484547839     
   62.4345345979227       -1.49864673027025     
   62.5000000052117       -1.49857298368568     
   62.5654654080335       -1.49849728159928     
   62.6000000000000       -1.49845655906134     
   62.6345345981603       -1.49841529237586     
   62.7000000056275       -1.49833557193378     
   62.7654654082711       -1.49825389629939     
   62.8000000000000       -1.49821002269681     
   62.8345345983977       -1.49816560503472     
   62.9000000060429       -1.49807991170248     
   62.9654654085085       -1.49799226351125     
   63.0000000000000       -1.49794523937646     
