       576
1 1 144 4374 2739
2 144 143 4375 4374
3 143 142 4376 4375
4 142 141 4377 4376
5 141 140 4378 4377
6 140 139 4379 4378
7 139 138 4380 4379
8 138 137 4381 4380
9 137 136 4382 4381
10 136 135 4383 4382
11 135 134 4384 4383
12 134 133 4385 4384
13 133 132 4386 4385
14 132 131 4387 4386
15 131 130 4388 4387
16 130 129 4389 4388
17 129 128 4390 4389
18 128 127 4391 4390
19 127 126 4392 4391
20 126 125 4393 4392
21 125 124 4394 4393
22 124 123 4395 4394
23 123 122 4396 4395
24 122 121 4397 4396
25 121 120 4398 4397
26 120 119 4399 4398
27 119 118 4400 4399
28 118 117 4401 4400
29 117 116 4402 4401
30 116 115 4403 4402
31 115 114 4404 4403
32 114 113 4405 4404
33 113 112 4406 4405
34 112 111 4407 4406
35 111 110 4408 4407
36 110 74 3834 4408
1297 2739 4374 4409 2740
1298 4374 4375 4410 4409
1299 4375 4376 4411 4410
1300 4376 4377 4412 4411
1301 4377 4378 4413 4412
1302 4378 4379 4414 4413
1303 4379 4380 4415 4414
1304 4380 4381 4416 4415
1305 4381 4382 4417 4416
1306 4382 4383 4418 4417
1307 4383 4384 4419 4418
1308 4384 4385 4420 4419
1309 4385 4386 4421 4420
1310 4386 4387 4422 4421
1311 4387 4388 4423 4422
1312 4388 4389 4424 4423
1313 4389 4390 4425 4424
1314 4390 4391 4426 4425
1315 4391 4392 4427 4426
1316 4392 4393 4428 4427
1317 4393 4394 4429 4428
1318 4394 4395 4430 4429
1319 4395 4396 4431 4430
1320 4396 4397 4432 4431
1321 4397 4398 4433 4432
1322 4398 4399 4434 4433
1323 4399 4400 4435 4434
1324 4400 4401 4436 4435
1325 4401 4402 4437 4436
1326 4402 4403 4438 4437
1327 4403 4404 4439 4438
1328 4404 4405 4440 4439
1329 4405 4406 4441 4440
1330 4406 4407 4442 4441
1331 4407 4408 4443 4442
1332 4408 3834 3835 4443
2593 2740 4409 4444 2741
2594 4409 4410 4445 4444
2595 4410 4411 4446 4445
2596 4411 4412 4447 4446
2597 4412 4413 4448 4447
2598 4413 4414 4449 4448
2599 4414 4415 4450 4449
2600 4415 4416 4451 4450
2601 4416 4417 4452 4451
2602 4417 4418 4453 4452
2603 4418 4419 4454 4453
2604 4419 4420 4455 4454
2605 4420 4421 4456 4455
2606 4421 4422 4457 4456
2607 4422 4423 4458 4457
2608 4423 4424 4459 4458
2609 4424 4425 4460 4459
2610 4425 4426 4461 4460
2611 4426 4427 4462 4461
2612 4427 4428 4463 4462
2613 4428 4429 4464 4463
2614 4429 4430 4465 4464
2615 4430 4431 4466 4465
2616 4431 4432 4467 4466
2617 4432 4433 4468 4467
2618 4433 4434 4469 4468
2619 4434 4435 4470 4469
2620 4435 4436 4471 4470
2621 4436 4437 4472 4471
2622 4437 4438 4473 4472
2623 4438 4439 4474 4473
2624 4439 4440 4475 4474
2625 4440 4441 4476 4475
2626 4441 4442 4477 4476
2627 4442 4443 4478 4477
2628 4443 3835 3836 4478
3889 2741 4444 4479 2742
3890 4444 4445 4480 4479
3891 4445 4446 4481 4480
3892 4446 4447 4482 4481
3893 4447 4448 4483 4482
3894 4448 4449 4484 4483
3895 4449 4450 4485 4484
3896 4450 4451 4486 4485
3897 4451 4452 4487 4486
3898 4452 4453 4488 4487
3899 4453 4454 4489 4488
3900 4454 4455 4490 4489
3901 4455 4456 4491 4490
3902 4456 4457 4492 4491
3903 4457 4458 4493 4492
3904 4458 4459 4494 4493
3905 4459 4460 4495 4494
3906 4460 4461 4496 4495
3907 4461 4462 4497 4496
3908 4462 4463 4498 4497
3909 4463 4464 4499 4498
3910 4464 4465 4500 4499
3911 4465 4466 4501 4500
3912 4466 4467 4502 4501
3913 4467 4468 4503 4502
3914 4468 4469 4504 4503
3915 4469 4470 4505 4504
3916 4470 4471 4506 4505
3917 4471 4472 4507 4506
3918 4472 4473 4508 4507
3919 4473 4474 4509 4508
3920 4474 4475 4510 4509
3921 4475 4476 4511 4510
3922 4476 4477 4512 4511
3923 4477 4478 4513 4512
3924 4478 3836 3837 4513
5185 2742 4479 4514 2743
5186 4479 4480 4515 4514
5187 4480 4481 4516 4515
5188 4481 4482 4517 4516
5189 4482 4483 4518 4517
5190 4483 4484 4519 4518
5191 4484 4485 4520 4519
5192 4485 4486 4521 4520
5193 4486 4487 4522 4521
5194 4487 4488 4523 4522
5195 4488 4489 4524 4523
5196 4489 4490 4525 4524
5197 4490 4491 4526 4525
5198 4491 4492 4527 4526
5199 4492 4493 4528 4527
5200 4493 4494 4529 4528
5201 4494 4495 4530 4529
5202 4495 4496 4531 4530
5203 4496 4497 4532 4531
5204 4497 4498 4533 4532
5205 4498 4499 4534 4533
5206 4499 4500 4535 4534
5207 4500 4501 4536 4535
5208 4501 4502 4537 4536
5209 4502 4503 4538 4537
5210 4503 4504 4539 4538
5211 4504 4505 4540 4539
5212 4505 4506 4541 4540
5213 4506 4507 4542 4541
5214 4507 4508 4543 4542
5215 4508 4509 4544 4543
5216 4509 4510 4545 4544
5217 4510 4511 4546 4545
5218 4511 4512 4547 4546
5219 4512 4513 4548 4547
5220 4513 3837 3838 4548
6481 2743 4514 4549 2744
6482 4514 4515 4550 4549
6483 4515 4516 4551 4550
6484 4516 4517 4552 4551
6485 4517 4518 4553 4552
6486 4518 4519 4554 4553
6487 4519 4520 4555 4554
6488 4520 4521 4556 4555
6489 4521 4522 4557 4556
6490 4522 4523 4558 4557
6491 4523 4524 4559 4558
6492 4524 4525 4560 4559
6493 4525 4526 4561 4560
6494 4526 4527 4562 4561
6495 4527 4528 4563 4562
6496 4528 4529 4564 4563
6497 4529 4530 4565 4564
6498 4530 4531 4566 4565
6499 4531 4532 4567 4566
6500 4532 4533 4568 4567
6501 4533 4534 4569 4568
6502 4534 4535 4570 4569
6503 4535 4536 4571 4570
6504 4536 4537 4572 4571
6505 4537 4538 4573 4572
6506 4538 4539 4574 4573
6507 4539 4540 4575 4574
6508 4540 4541 4576 4575
6509 4541 4542 4577 4576
6510 4542 4543 4578 4577
6511 4543 4544 4579 4578
6512 4544 4545 4580 4579
6513 4545 4546 4581 4580
6514 4546 4547 4582 4581
6515 4547 4548 4583 4582
6516 4548 3838 3839 4583
7777 2744 4549 4584 2745
7778 4549 4550 4585 4584
7779 4550 4551 4586 4585
7780 4551 4552 4587 4586
7781 4552 4553 4588 4587
7782 4553 4554 4589 4588
7783 4554 4555 4590 4589
7784 4555 4556 4591 4590
7785 4556 4557 4592 4591
7786 4557 4558 4593 4592
7787 4558 4559 4594 4593
7788 4559 4560 4595 4594
7789 4560 4561 4596 4595
7790 4561 4562 4597 4596
7791 4562 4563 4598 4597
7792 4563 4564 4599 4598
7793 4564 4565 4600 4599
7794 4565 4566 4601 4600
7795 4566 4567 4602 4601
7796 4567 4568 4603 4602
7797 4568 4569 4604 4603
7798 4569 4570 4605 4604
7799 4570 4571 4606 4605
7800 4571 4572 4607 4606
7801 4572 4573 4608 4607
7802 4573 4574 4609 4608
7803 4574 4575 4610 4609
7804 4575 4576 4611 4610
7805 4576 4577 4612 4611
7806 4577 4578 4613 4612
7807 4578 4579 4614 4613
7808 4579 4580 4615 4614
7809 4580 4581 4616 4615
7810 4581 4582 4617 4616
7811 4582 4583 4618 4617
7812 4583 3839 3840 4618
9073 2745 4584 4619 2746
9074 4584 4585 4620 4619
9075 4585 4586 4621 4620
9076 4586 4587 4622 4621
9077 4587 4588 4623 4622
9078 4588 4589 4624 4623
9079 4589 4590 4625 4624
9080 4590 4591 4626 4625
9081 4591 4592 4627 4626
9082 4592 4593 4628 4627
9083 4593 4594 4629 4628
9084 4594 4595 4630 4629
9085 4595 4596 4631 4630
9086 4596 4597 4632 4631
9087 4597 4598 4633 4632
9088 4598 4599 4634 4633
9089 4599 4600 4635 4634
9090 4600 4601 4636 4635
9091 4601 4602 4637 4636
9092 4602 4603 4638 4637
9093 4603 4604 4639 4638
9094 4604 4605 4640 4639
9095 4605 4606 4641 4640
9096 4606 4607 4642 4641
9097 4607 4608 4643 4642
9098 4608 4609 4644 4643
9099 4609 4610 4645 4644
9100 4610 4611 4646 4645
9101 4611 4612 4647 4646
9102 4612 4613 4648 4647
9103 4613 4614 4649 4648
9104 4614 4615 4650 4649
9105 4615 4616 4651 4650
9106 4616 4617 4652 4651
9107 4617 4618 4653 4652
9108 4618 3840 3841 4653
10369 2746 4619 4654 2747
10370 4619 4620 4655 4654
10371 4620 4621 4656 4655
10372 4621 4622 4657 4656
10373 4622 4623 4658 4657
10374 4623 4624 4659 4658
10375 4624 4625 4660 4659
10376 4625 4626 4661 4660
10377 4626 4627 4662 4661
10378 4627 4628 4663 4662
10379 4628 4629 4664 4663
10380 4629 4630 4665 4664
10381 4630 4631 4666 4665
10382 4631 4632 4667 4666
10383 4632 4633 4668 4667
10384 4633 4634 4669 4668
10385 4634 4635 4670 4669
10386 4635 4636 4671 4670
10387 4636 4637 4672 4671
10388 4637 4638 4673 4672
10389 4638 4639 4674 4673
10390 4639 4640 4675 4674
10391 4640 4641 4676 4675
10392 4641 4642 4677 4676
10393 4642 4643 4678 4677
10394 4643 4644 4679 4678
10395 4644 4645 4680 4679
10396 4645 4646 4681 4680
10397 4646 4647 4682 4681
10398 4647 4648 4683 4682
10399 4648 4649 4684 4683
10400 4649 4650 4685 4684
10401 4650 4651 4686 4685
10402 4651 4652 4687 4686
10403 4652 4653 4688 4687
10404 4653 3841 3842 4688
11665 2747 4654 4689 2748
11666 4654 4655 4690 4689
11667 4655 4656 4691 4690
11668 4656 4657 4692 4691
11669 4657 4658 4693 4692
11670 4658 4659 4694 4693
11671 4659 4660 4695 4694
11672 4660 4661 4696 4695
11673 4661 4662 4697 4696
11674 4662 4663 4698 4697
11675 4663 4664 4699 4698
11676 4664 4665 4700 4699
11677 4665 4666 4701 4700
11678 4666 4667 4702 4701
11679 4667 4668 4703 4702
11680 4668 4669 4704 4703
11681 4669 4670 4705 4704
11682 4670 4671 4706 4705
11683 4671 4672 4707 4706
11684 4672 4673 4708 4707
11685 4673 4674 4709 4708
11686 4674 4675 4710 4709
11687 4675 4676 4711 4710
11688 4676 4677 4712 4711
11689 4677 4678 4713 4712
11690 4678 4679 4714 4713
11691 4679 4680 4715 4714
11692 4680 4681 4716 4715
11693 4681 4682 4717 4716
11694 4682 4683 4718 4717
11695 4683 4684 4719 4718
11696 4684 4685 4720 4719
11697 4685 4686 4721 4720
11698 4686 4687 4722 4721
11699 4687 4688 4723 4722
11700 4688 3842 3843 4723
12961 2748 4689 4724 2749
12962 4689 4690 4725 4724
12963 4690 4691 4726 4725
12964 4691 4692 4727 4726
12965 4692 4693 4728 4727
12966 4693 4694 4729 4728
12967 4694 4695 4730 4729
12968 4695 4696 4731 4730
12969 4696 4697 4732 4731
12970 4697 4698 4733 4732
12971 4698 4699 4734 4733
12972 4699 4700 4735 4734
12973 4700 4701 4736 4735
12974 4701 4702 4737 4736
12975 4702 4703 4738 4737
12976 4703 4704 4739 4738
12977 4704 4705 4740 4739
12978 4705 4706 4741 4740
12979 4706 4707 4742 4741
12980 4707 4708 4743 4742
12981 4708 4709 4744 4743
12982 4709 4710 4745 4744
12983 4710 4711 4746 4745
12984 4711 4712 4747 4746
12985 4712 4713 4748 4747
12986 4713 4714 4749 4748
12987 4714 4715 4750 4749
12988 4715 4716 4751 4750
12989 4716 4717 4752 4751
12990 4717 4718 4753 4752
12991 4718 4719 4754 4753
12992 4719 4720 4755 4754
12993 4720 4721 4756 4755
12994 4721 4722 4757 4756
12995 4722 4723 4758 4757
12996 4723 3843 3844 4758
14257 2749 4724 4759 2750
14258 4724 4725 4760 4759
14259 4725 4726 4761 4760
14260 4726 4727 4762 4761
14261 4727 4728 4763 4762
14262 4728 4729 4764 4763
14263 4729 4730 4765 4764
14264 4730 4731 4766 4765
14265 4731 4732 4767 4766
14266 4732 4733 4768 4767
14267 4733 4734 4769 4768
14268 4734 4735 4770 4769
14269 4735 4736 4771 4770
14270 4736 4737 4772 4771
14271 4737 4738 4773 4772
14272 4738 4739 4774 4773
14273 4739 4740 4775 4774
14274 4740 4741 4776 4775
14275 4741 4742 4777 4776
14276 4742 4743 4778 4777
14277 4743 4744 4779 4778
14278 4744 4745 4780 4779
14279 4745 4746 4781 4780
14280 4746 4747 4782 4781
14281 4747 4748 4783 4782
14282 4748 4749 4784 4783
14283 4749 4750 4785 4784
14284 4750 4751 4786 4785
14285 4751 4752 4787 4786
14286 4752 4753 4788 4787
14287 4753 4754 4789 4788
14288 4754 4755 4790 4789
14289 4755 4756 4791 4790
14290 4756 4757 4792 4791
14291 4757 4758 4793 4792
14292 4758 3844 3845 4793
15553 2750 4759 4794 2751
15554 4759 4760 4795 4794
15555 4760 4761 4796 4795
15556 4761 4762 4797 4796
15557 4762 4763 4798 4797
15558 4763 4764 4799 4798
15559 4764 4765 4800 4799
15560 4765 4766 4801 4800
15561 4766 4767 4802 4801
15562 4767 4768 4803 4802
15563 4768 4769 4804 4803
15564 4769 4770 4805 4804
15565 4770 4771 4806 4805
15566 4771 4772 4807 4806
15567 4772 4773 4808 4807
15568 4773 4774 4809 4808
15569 4774 4775 4810 4809
15570 4775 4776 4811 4810
15571 4776 4777 4812 4811
15572 4777 4778 4813 4812
15573 4778 4779 4814 4813
15574 4779 4780 4815 4814
15575 4780 4781 4816 4815
15576 4781 4782 4817 4816
15577 4782 4783 4818 4817
15578 4783 4784 4819 4818
15579 4784 4785 4820 4819
15580 4785 4786 4821 4820
15581 4786 4787 4822 4821
15582 4787 4788 4823 4822
15583 4788 4789 4824 4823
15584 4789 4790 4825 4824
15585 4790 4791 4826 4825
15586 4791 4792 4827 4826
15587 4792 4793 4828 4827
15588 4793 3845 3846 4828
16849 2751 4794 4829 2752
16850 4794 4795 4830 4829
16851 4795 4796 4831 4830
16852 4796 4797 4832 4831
16853 4797 4798 4833 4832
16854 4798 4799 4834 4833
16855 4799 4800 4835 4834
16856 4800 4801 4836 4835
16857 4801 4802 4837 4836
16858 4802 4803 4838 4837
16859 4803 4804 4839 4838
16860 4804 4805 4840 4839
16861 4805 4806 4841 4840
16862 4806 4807 4842 4841
16863 4807 4808 4843 4842
16864 4808 4809 4844 4843
16865 4809 4810 4845 4844
16866 4810 4811 4846 4845
16867 4811 4812 4847 4846
16868 4812 4813 4848 4847
16869 4813 4814 4849 4848
16870 4814 4815 4850 4849
16871 4815 4816 4851 4850
16872 4816 4817 4852 4851
16873 4817 4818 4853 4852
16874 4818 4819 4854 4853
16875 4819 4820 4855 4854
16876 4820 4821 4856 4855
16877 4821 4822 4857 4856
16878 4822 4823 4858 4857
16879 4823 4824 4859 4858
16880 4824 4825 4860 4859
16881 4825 4826 4861 4860
16882 4826 4827 4862 4861
16883 4827 4828 4863 4862
16884 4828 3846 3847 4863
18145 2752 4829 4864 2753
18146 4829 4830 4865 4864
18147 4830 4831 4866 4865
18148 4831 4832 4867 4866
18149 4832 4833 4868 4867
18150 4833 4834 4869 4868
18151 4834 4835 4870 4869
18152 4835 4836 4871 4870
18153 4836 4837 4872 4871
18154 4837 4838 4873 4872
18155 4838 4839 4874 4873
18156 4839 4840 4875 4874
18157 4840 4841 4876 4875
18158 4841 4842 4877 4876
18159 4842 4843 4878 4877
18160 4843 4844 4879 4878
18161 4844 4845 4880 4879
18162 4845 4846 4881 4880
18163 4846 4847 4882 4881
18164 4847 4848 4883 4882
18165 4848 4849 4884 4883
18166 4849 4850 4885 4884
18167 4850 4851 4886 4885
18168 4851 4852 4887 4886
18169 4852 4853 4888 4887
18170 4853 4854 4889 4888
18171 4854 4855 4890 4889
18172 4855 4856 4891 4890
18173 4856 4857 4892 4891
18174 4857 4858 4893 4892
18175 4858 4859 4894 4893
18176 4859 4860 4895 4894
18177 4860 4861 4896 4895
18178 4861 4862 4897 4896
18179 4862 4863 4898 4897
18180 4863 3847 3848 4898
19441 2753 4864 1442 1370
19442 4864 4865 1441 1442
19443 4865 4866 1440 1441
19444 4866 4867 1439 1440
19445 4867 4868 1438 1439
19446 4868 4869 1437 1438
19447 4869 4870 1436 1437
19448 4870 4871 1435 1436
19449 4871 4872 1434 1435
19450 4872 4873 1433 1434
19451 4873 4874 1432 1433
19452 4874 4875 1431 1432
19453 4875 4876 1430 1431
19454 4876 4877 1429 1430
19455 4877 4878 1428 1429
19456 4878 4879 1427 1428
19457 4879 4880 1426 1427
19458 4880 4881 1425 1426
19459 4881 4882 1424 1425
19460 4882 4883 1423 1424
19461 4883 4884 1422 1423
19462 4884 4885 1421 1422
19463 4885 4886 1420 1421
19464 4886 4887 1419 1420
19465 4887 4888 1418 1419
19466 4888 4889 1417 1418
19467 4889 4890 1416 1417
19468 4890 4891 1415 1416
19469 4891 4892 1414 1415
19470 4892 4893 1413 1414
19471 4893 4894 1412 1413
19472 4894 4895 1411 1412
19473 4895 4896 1410 1411
19474 4896 4897 1409 1410
19475 4897 4898 1408 1409
19476 4898 3848 1407 1408
