       576
36 74 109 3849 3834
72 109 108 3850 3849
108 108 107 3851 3850
144 107 106 3852 3851
180 106 105 3853 3852
216 105 104 3854 3853
252 104 103 3855 3854
288 103 102 3856 3855
324 102 101 3857 3856
360 101 100 3858 3857
396 100 99 3859 3858
432 99 98 3860 3859
468 98 97 3861 3860
504 97 96 3862 3861
540 96 95 3863 3862
576 95 94 3864 3863
612 94 93 3865 3864
648 93 92 3866 3865
684 92 91 3867 3866
720 91 90 3868 3867
756 90 89 3869 3868
792 89 88 3870 3869
828 88 87 3871 3870
864 87 86 3872 3871
900 86 85 3873 3872
936 85 84 3874 3873
972 84 83 3875 3874
1008 83 82 3876 3875
1044 82 81 3877 3876
1080 81 80 3878 3877
1116 80 79 3879 3878
1152 79 78 3880 3879
1188 78 77 3881 3880
1224 77 76 3882 3881
1260 76 75 3883 3882
1296 75 38 3294 3883
1332 3834 3849 3884 3835
1368 3849 3850 3885 3884
1404 3850 3851 3886 3885
1440 3851 3852 3887 3886
1476 3852 3853 3888 3887
1512 3853 3854 3889 3888
1548 3854 3855 3890 3889
1584 3855 3856 3891 3890
1620 3856 3857 3892 3891
1656 3857 3858 3893 3892
1692 3858 3859 3894 3893
1728 3859 3860 3895 3894
1764 3860 3861 3896 3895
1800 3861 3862 3897 3896
1836 3862 3863 3898 3897
1872 3863 3864 3899 3898
1908 3864 3865 3900 3899
1944 3865 3866 3901 3900
1980 3866 3867 3902 3901
2016 3867 3868 3903 3902
2052 3868 3869 3904 3903
2088 3869 3870 3905 3904
2124 3870 3871 3906 3905
2160 3871 3872 3907 3906
2196 3872 3873 3908 3907
2232 3873 3874 3909 3908
2268 3874 3875 3910 3909
2304 3875 3876 3911 3910
2340 3876 3877 3912 3911
2376 3877 3878 3913 3912
2412 3878 3879 3914 3913
2448 3879 3880 3915 3914
2484 3880 3881 3916 3915
2520 3881 3882 3917 3916
2556 3882 3883 3918 3917
2592 3883 3294 3295 3918
2628 3835 3884 3919 3836
2664 3884 3885 3920 3919
2700 3885 3886 3921 3920
2736 3886 3887 3922 3921
2772 3887 3888 3923 3922
2808 3888 3889 3924 3923
2844 3889 3890 3925 3924
2880 3890 3891 3926 3925
2916 3891 3892 3927 3926
2952 3892 3893 3928 3927
2988 3893 3894 3929 3928
3024 3894 3895 3930 3929
3060 3895 3896 3931 3930
3096 3896 3897 3932 3931
3132 3897 3898 3933 3932
3168 3898 3899 3934 3933
3204 3899 3900 3935 3934
3240 3900 3901 3936 3935
3276 3901 3902 3937 3936
3312 3902 3903 3938 3937
3348 3903 3904 3939 3938
3384 3904 3905 3940 3939
3420 3905 3906 3941 3940
3456 3906 3907 3942 3941
3492 3907 3908 3943 3942
3528 3908 3909 3944 3943
3564 3909 3910 3945 3944
3600 3910 3911 3946 3945
3636 3911 3912 3947 3946
3672 3912 3913 3948 3947
3708 3913 3914 3949 3948
3744 3914 3915 3950 3949
3780 3915 3916 3951 3950
3816 3916 3917 3952 3951
3852 3917 3918 3953 3952
3888 3918 3295 3296 3953
3924 3836 3919 3954 3837
3960 3919 3920 3955 3954
3996 3920 3921 3956 3955
4032 3921 3922 3957 3956
4068 3922 3923 3958 3957
4104 3923 3924 3959 3958
4140 3924 3925 3960 3959
4176 3925 3926 3961 3960
4212 3926 3927 3962 3961
4248 3927 3928 3963 3962
4284 3928 3929 3964 3963
4320 3929 3930 3965 3964
4356 3930 3931 3966 3965
4392 3931 3932 3967 3966
4428 3932 3933 3968 3967
4464 3933 3934 3969 3968
4500 3934 3935 3970 3969
4536 3935 3936 3971 3970
4572 3936 3937 3972 3971
4608 3937 3938 3973 3972
4644 3938 3939 3974 3973
4680 3939 3940 3975 3974
4716 3940 3941 3976 3975
4752 3941 3942 3977 3976
4788 3942 3943 3978 3977
4824 3943 3944 3979 3978
4860 3944 3945 3980 3979
4896 3945 3946 3981 3980
4932 3946 3947 3982 3981
4968 3947 3948 3983 3982
5004 3948 3949 3984 3983
5040 3949 3950 3985 3984
5076 3950 3951 3986 3985
5112 3951 3952 3987 3986
5148 3952 3953 3988 3987
5184 3953 3296 3297 3988
5220 3837 3954 3989 3838
5256 3954 3955 3990 3989
5292 3955 3956 3991 3990
5328 3956 3957 3992 3991
5364 3957 3958 3993 3992
5400 3958 3959 3994 3993
5436 3959 3960 3995 3994
5472 3960 3961 3996 3995
5508 3961 3962 3997 3996
5544 3962 3963 3998 3997
5580 3963 3964 3999 3998
5616 3964 3965 4000 3999
5652 3965 3966 4001 4000
5688 3966 3967 4002 4001
5724 3967 3968 4003 4002
5760 3968 3969 4004 4003
5796 3969 3970 4005 4004
5832 3970 3971 4006 4005
5868 3971 3972 4007 4006
5904 3972 3973 4008 4007
5940 3973 3974 4009 4008
5976 3974 3975 4010 4009
6012 3975 3976 4011 4010
6048 3976 3977 4012 4011
6084 3977 3978 4013 4012
6120 3978 3979 4014 4013
6156 3979 3980 4015 4014
6192 3980 3981 4016 4015
6228 3981 3982 4017 4016
6264 3982 3983 4018 4017
6300 3983 3984 4019 4018
6336 3984 3985 4020 4019
6372 3985 3986 4021 4020
6408 3986 3987 4022 4021
6444 3987 3988 4023 4022
6480 3988 3297 3298 4023
6516 3838 3989 4024 3839
6552 3989 3990 4025 4024
6588 3990 3991 4026 4025
6624 3991 3992 4027 4026
6660 3992 3993 4028 4027
6696 3993 3994 4029 4028
6732 3994 3995 4030 4029
6768 3995 3996 4031 4030
6804 3996 3997 4032 4031
6840 3997 3998 4033 4032
6876 3998 3999 4034 4033
6912 3999 4000 4035 4034
6948 4000 4001 4036 4035
6984 4001 4002 4037 4036
7020 4002 4003 4038 4037
7056 4003 4004 4039 4038
7092 4004 4005 4040 4039
7128 4005 4006 4041 4040
7164 4006 4007 4042 4041
7200 4007 4008 4043 4042
7236 4008 4009 4044 4043
7272 4009 4010 4045 4044
7308 4010 4011 4046 4045
7344 4011 4012 4047 4046
7380 4012 4013 4048 4047
7416 4013 4014 4049 4048
7452 4014 4015 4050 4049
7488 4015 4016 4051 4050
7524 4016 4017 4052 4051
7560 4017 4018 4053 4052
7596 4018 4019 4054 4053
7632 4019 4020 4055 4054
7668 4020 4021 4056 4055
7704 4021 4022 4057 4056
7740 4022 4023 4058 4057
7776 4023 3298 3299 4058
7812 3839 4024 4059 3840
7848 4024 4025 4060 4059
7884 4025 4026 4061 4060
7920 4026 4027 4062 4061
7956 4027 4028 4063 4062
7992 4028 4029 4064 4063
8028 4029 4030 4065 4064
8064 4030 4031 4066 4065
8100 4031 4032 4067 4066
8136 4032 4033 4068 4067
8172 4033 4034 4069 4068
8208 4034 4035 4070 4069
8244 4035 4036 4071 4070
8280 4036 4037 4072 4071
8316 4037 4038 4073 4072
8352 4038 4039 4074 4073
8388 4039 4040 4075 4074
8424 4040 4041 4076 4075
8460 4041 4042 4077 4076
8496 4042 4043 4078 4077
8532 4043 4044 4079 4078
8568 4044 4045 4080 4079
8604 4045 4046 4081 4080
8640 4046 4047 4082 4081
8676 4047 4048 4083 4082
8712 4048 4049 4084 4083
8748 4049 4050 4085 4084
8784 4050 4051 4086 4085
8820 4051 4052 4087 4086
8856 4052 4053 4088 4087
8892 4053 4054 4089 4088
8928 4054 4055 4090 4089
8964 4055 4056 4091 4090
9000 4056 4057 4092 4091
9036 4057 4058 4093 4092
9072 4058 3299 3300 4093
9108 3840 4059 4094 3841
9144 4059 4060 4095 4094
9180 4060 4061 4096 4095
9216 4061 4062 4097 4096
9252 4062 4063 4098 4097
9288 4063 4064 4099 4098
9324 4064 4065 4100 4099
9360 4065 4066 4101 4100
9396 4066 4067 4102 4101
9432 4067 4068 4103 4102
9468 4068 4069 4104 4103
9504 4069 4070 4105 4104
9540 4070 4071 4106 4105
9576 4071 4072 4107 4106
9612 4072 4073 4108 4107
9648 4073 4074 4109 4108
9684 4074 4075 4110 4109
9720 4075 4076 4111 4110
9756 4076 4077 4112 4111
9792 4077 4078 4113 4112
9828 4078 4079 4114 4113
9864 4079 4080 4115 4114
9900 4080 4081 4116 4115
9936 4081 4082 4117 4116
9972 4082 4083 4118 4117
10008 4083 4084 4119 4118
10044 4084 4085 4120 4119
10080 4085 4086 4121 4120
10116 4086 4087 4122 4121
10152 4087 4088 4123 4122
10188 4088 4089 4124 4123
10224 4089 4090 4125 4124
10260 4090 4091 4126 4125
10296 4091 4092 4127 4126
10332 4092 4093 4128 4127
10368 4093 3300 3301 4128
10404 3841 4094 4129 3842
10440 4094 4095 4130 4129
10476 4095 4096 4131 4130
10512 4096 4097 4132 4131
10548 4097 4098 4133 4132
10584 4098 4099 4134 4133
10620 4099 4100 4135 4134
10656 4100 4101 4136 4135
10692 4101 4102 4137 4136
10728 4102 4103 4138 4137
10764 4103 4104 4139 4138
10800 4104 4105 4140 4139
10836 4105 4106 4141 4140
10872 4106 4107 4142 4141
10908 4107 4108 4143 4142
10944 4108 4109 4144 4143
10980 4109 4110 4145 4144
11016 4110 4111 4146 4145
11052 4111 4112 4147 4146
11088 4112 4113 4148 4147
11124 4113 4114 4149 4148
11160 4114 4115 4150 4149
11196 4115 4116 4151 4150
11232 4116 4117 4152 4151
11268 4117 4118 4153 4152
11304 4118 4119 4154 4153
11340 4119 4120 4155 4154
11376 4120 4121 4156 4155
11412 4121 4122 4157 4156
11448 4122 4123 4158 4157
11484 4123 4124 4159 4158
11520 4124 4125 4160 4159
11556 4125 4126 4161 4160
11592 4126 4127 4162 4161
11628 4127 4128 4163 4162
11664 4128 3301 3302 4163
11700 3842 4129 4164 3843
11736 4129 4130 4165 4164
11772 4130 4131 4166 4165
11808 4131 4132 4167 4166
11844 4132 4133 4168 4167
11880 4133 4134 4169 4168
11916 4134 4135 4170 4169
11952 4135 4136 4171 4170
11988 4136 4137 4172 4171
12024 4137 4138 4173 4172
12060 4138 4139 4174 4173
12096 4139 4140 4175 4174
12132 4140 4141 4176 4175
12168 4141 4142 4177 4176
12204 4142 4143 4178 4177
12240 4143 4144 4179 4178
12276 4144 4145 4180 4179
12312 4145 4146 4181 4180
12348 4146 4147 4182 4181
12384 4147 4148 4183 4182
12420 4148 4149 4184 4183
12456 4149 4150 4185 4184
12492 4150 4151 4186 4185
12528 4151 4152 4187 4186
12564 4152 4153 4188 4187
12600 4153 4154 4189 4188
12636 4154 4155 4190 4189
12672 4155 4156 4191 4190
12708 4156 4157 4192 4191
12744 4157 4158 4193 4192
12780 4158 4159 4194 4193
12816 4159 4160 4195 4194
12852 4160 4161 4196 4195
12888 4161 4162 4197 4196
12924 4162 4163 4198 4197
12960 4163 3302 3303 4198
12996 3843 4164 4199 3844
13032 4164 4165 4200 4199
13068 4165 4166 4201 4200
13104 4166 4167 4202 4201
13140 4167 4168 4203 4202
13176 4168 4169 4204 4203
13212 4169 4170 4205 4204
13248 4170 4171 4206 4205
13284 4171 4172 4207 4206
13320 4172 4173 4208 4207
13356 4173 4174 4209 4208
13392 4174 4175 4210 4209
13428 4175 4176 4211 4210
13464 4176 4177 4212 4211
13500 4177 4178 4213 4212
13536 4178 4179 4214 4213
13572 4179 4180 4215 4214
13608 4180 4181 4216 4215
13644 4181 4182 4217 4216
13680 4182 4183 4218 4217
13716 4183 4184 4219 4218
13752 4184 4185 4220 4219
13788 4185 4186 4221 4220
13824 4186 4187 4222 4221
13860 4187 4188 4223 4222
13896 4188 4189 4224 4223
13932 4189 4190 4225 4224
13968 4190 4191 4226 4225
14004 4191 4192 4227 4226
14040 4192 4193 4228 4227
14076 4193 4194 4229 4228
14112 4194 4195 4230 4229
14148 4195 4196 4231 4230
14184 4196 4197 4232 4231
14220 4197 4198 4233 4232
14256 4198 3303 3304 4233
14292 3844 4199 4234 3845
14328 4199 4200 4235 4234
14364 4200 4201 4236 4235
14400 4201 4202 4237 4236
14436 4202 4203 4238 4237
14472 4203 4204 4239 4238
14508 4204 4205 4240 4239
14544 4205 4206 4241 4240
14580 4206 4207 4242 4241
14616 4207 4208 4243 4242
14652 4208 4209 4244 4243
14688 4209 4210 4245 4244
14724 4210 4211 4246 4245
14760 4211 4212 4247 4246
14796 4212 4213 4248 4247
14832 4213 4214 4249 4248
14868 4214 4215 4250 4249
14904 4215 4216 4251 4250
14940 4216 4217 4252 4251
14976 4217 4218 4253 4252
15012 4218 4219 4254 4253
15048 4219 4220 4255 4254
15084 4220 4221 4256 4255
15120 4221 4222 4257 4256
15156 4222 4223 4258 4257
15192 4223 4224 4259 4258
15228 4224 4225 4260 4259
15264 4225 4226 4261 4260
15300 4226 4227 4262 4261
15336 4227 4228 4263 4262
15372 4228 4229 4264 4263
15408 4229 4230 4265 4264
15444 4230 4231 4266 4265
15480 4231 4232 4267 4266
15516 4232 4233 4268 4267
15552 4233 3304 3305 4268
15588 3845 4234 4269 3846
15624 4234 4235 4270 4269
15660 4235 4236 4271 4270
15696 4236 4237 4272 4271
15732 4237 4238 4273 4272
15768 4238 4239 4274 4273
15804 4239 4240 4275 4274
15840 4240 4241 4276 4275
15876 4241 4242 4277 4276
15912 4242 4243 4278 4277
15948 4243 4244 4279 4278
15984 4244 4245 4280 4279
16020 4245 4246 4281 4280
16056 4246 4247 4282 4281
16092 4247 4248 4283 4282
16128 4248 4249 4284 4283
16164 4249 4250 4285 4284
16200 4250 4251 4286 4285
16236 4251 4252 4287 4286
16272 4252 4253 4288 4287
16308 4253 4254 4289 4288
16344 4254 4255 4290 4289
16380 4255 4256 4291 4290
16416 4256 4257 4292 4291
16452 4257 4258 4293 4292
16488 4258 4259 4294 4293
16524 4259 4260 4295 4294
16560 4260 4261 4296 4295
16596 4261 4262 4297 4296
16632 4262 4263 4298 4297
16668 4263 4264 4299 4298
16704 4264 4265 4300 4299
16740 4265 4266 4301 4300
16776 4266 4267 4302 4301
16812 4267 4268 4303 4302
16848 4268 3305 3306 4303
16884 3846 4269 4304 3847
16920 4269 4270 4305 4304
16956 4270 4271 4306 4305
16992 4271 4272 4307 4306
17028 4272 4273 4308 4307
17064 4273 4274 4309 4308
17100 4274 4275 4310 4309
17136 4275 4276 4311 4310
17172 4276 4277 4312 4311
17208 4277 4278 4313 4312
17244 4278 4279 4314 4313
17280 4279 4280 4315 4314
17316 4280 4281 4316 4315
17352 4281 4282 4317 4316
17388 4282 4283 4318 4317
17424 4283 4284 4319 4318
17460 4284 4285 4320 4319
17496 4285 4286 4321 4320
17532 4286 4287 4322 4321
17568 4287 4288 4323 4322
17604 4288 4289 4324 4323
17640 4289 4290 4325 4324
17676 4290 4291 4326 4325
17712 4291 4292 4327 4326
17748 4292 4293 4328 4327
17784 4293 4294 4329 4328
17820 4294 4295 4330 4329
17856 4295 4296 4331 4330
17892 4296 4297 4332 4331
17928 4297 4298 4333 4332
17964 4298 4299 4334 4333
18000 4299 4300 4335 4334
18036 4300 4301 4336 4335
18072 4301 4302 4337 4336
18108 4302 4303 4338 4337
18144 4303 3306 3307 4338
18180 3847 4304 4339 3848
18216 4304 4305 4340 4339
18252 4305 4306 4341 4340
18288 4306 4307 4342 4341
18324 4307 4308 4343 4342
18360 4308 4309 4344 4343
18396 4309 4310 4345 4344
18432 4310 4311 4346 4345
18468 4311 4312 4347 4346
18504 4312 4313 4348 4347
18540 4313 4314 4349 4348
18576 4314 4315 4350 4349
18612 4315 4316 4351 4350
18648 4316 4317 4352 4351
18684 4317 4318 4353 4352
18720 4318 4319 4354 4353
18756 4319 4320 4355 4354
18792 4320 4321 4356 4355
18828 4321 4322 4357 4356
18864 4322 4323 4358 4357
18900 4323 4324 4359 4358
18936 4324 4325 4360 4359
18972 4325 4326 4361 4360
19008 4326 4327 4362 4361
19044 4327 4328 4363 4362
19080 4328 4329 4364 4363
19116 4329 4330 4365 4364
19152 4330 4331 4366 4365
19188 4331 4332 4367 4366
19224 4332 4333 4368 4367
19260 4333 4334 4369 4368
19296 4334 4335 4370 4369
19332 4335 4336 4371 4370
19368 4336 4337 4372 4371
19404 4337 4338 4373 4372
19440 4338 3307 3308 4373
19476 3848 4339 1478 1407
19512 4339 4340 1477 1478
19548 4340 4341 1476 1477
19584 4341 4342 1475 1476
19620 4342 4343 1474 1475
19656 4343 4344 1473 1474
19692 4344 4345 1472 1473
19728 4345 4346 1471 1472
19764 4346 4347 1470 1471
19800 4347 4348 1469 1470
19836 4348 4349 1468 1469
19872 4349 4350 1467 1468
19908 4350 4351 1466 1467
19944 4351 4352 1465 1466
19980 4352 4353 1464 1465
20016 4353 4354 1463 1464
20052 4354 4355 1462 1463
20088 4355 4356 1461 1462
20124 4356 4357 1460 1461
20160 4357 4358 1459 1460
20196 4358 4359 1458 1459
20232 4359 4360 1457 1458
20268 4360 4361 1456 1457
20304 4361 4362 1455 1456
20340 4362 4363 1454 1455
20376 4363 4364 1453 1454
20412 4364 4365 1452 1453
20448 4365 4366 1451 1452
20484 4366 4367 1450 1451
20520 4367 4368 1449 1450
20556 4368 4369 1448 1449
20592 4369 4370 1447 1448
20628 4370 4371 1446 1447
20664 4371 4372 1445 1446
20700 4372 4373 1444 1445
20736 4373 3308 1443 1444
