       576
1261 39 2 2754 3343
1262 40 39 3343 3342
1263 41 40 3342 3341
1264 42 41 3341 3340
1265 43 42 3340 3339
1266 44 43 3339 3338
1267 45 44 3338 3337
1268 46 45 3337 3336
1269 47 46 3336 3335
1270 48 47 3335 3334
1271 49 48 3334 3333
1272 50 49 3333 3332
1273 51 50 3332 3331
1274 52 51 3331 3330
1275 53 52 3330 3329
1276 54 53 3329 3328
1277 55 54 3328 3327
1278 56 55 3327 3326
1279 57 56 3326 3325
1280 58 57 3325 3324
1281 59 58 3324 3323
1282 60 59 3323 3322
1283 61 60 3322 3321
1284 62 61 3321 3320
1285 63 62 3320 3319
1286 64 63 3319 3318
1287 65 64 3318 3317
1288 66 65 3317 3316
1289 67 66 3316 3315
1290 68 67 3315 3314
1291 69 68 3314 3313
1292 70 69 3313 3312
1293 71 70 3312 3311
1294 72 71 3311 3310
1295 73 72 3310 3309
1296 38 73 3309 3294
2557 3343 2754 2755 3378
2558 3342 3343 3378 3377
2559 3341 3342 3377 3376
2560 3340 3341 3376 3375
2561 3339 3340 3375 3374
2562 3338 3339 3374 3373
2563 3337 3338 3373 3372
2564 3336 3337 3372 3371
2565 3335 3336 3371 3370
2566 3334 3335 3370 3369
2567 3333 3334 3369 3368
2568 3332 3333 3368 3367
2569 3331 3332 3367 3366
2570 3330 3331 3366 3365
2571 3329 3330 3365 3364
2572 3328 3329 3364 3363
2573 3327 3328 3363 3362
2574 3326 3327 3362 3361
2575 3325 3326 3361 3360
2576 3324 3325 3360 3359
2577 3323 3324 3359 3358
2578 3322 3323 3358 3357
2579 3321 3322 3357 3356
2580 3320 3321 3356 3355
2581 3319 3320 3355 3354
2582 3318 3319 3354 3353
2583 3317 3318 3353 3352
2584 3316 3317 3352 3351
2585 3315 3316 3351 3350
2586 3314 3315 3350 3349
2587 3313 3314 3349 3348
2588 3312 3313 3348 3347
2589 3311 3312 3347 3346
2590 3310 3311 3346 3345
2591 3309 3310 3345 3344
2592 3294 3309 3344 3295
3853 3378 2755 2756 3413
3854 3377 3378 3413 3412
3855 3376 3377 3412 3411
3856 3375 3376 3411 3410
3857 3374 3375 3410 3409
3858 3373 3374 3409 3408
3859 3372 3373 3408 3407
3860 3371 3372 3407 3406
3861 3370 3371 3406 3405
3862 3369 3370 3405 3404
3863 3368 3369 3404 3403
3864 3367 3368 3403 3402
3865 3366 3367 3402 3401
3866 3365 3366 3401 3400
3867 3364 3365 3400 3399
3868 3363 3364 3399 3398
3869 3362 3363 3398 3397
3870 3361 3362 3397 3396
3871 3360 3361 3396 3395
3872 3359 3360 3395 3394
3873 3358 3359 3394 3393
3874 3357 3358 3393 3392
3875 3356 3357 3392 3391
3876 3355 3356 3391 3390
3877 3354 3355 3390 3389
3878 3353 3354 3389 3388
3879 3352 3353 3388 3387
3880 3351 3352 3387 3386
3881 3350 3351 3386 3385
3882 3349 3350 3385 3384
3883 3348 3349 3384 3383
3884 3347 3348 3383 3382
3885 3346 3347 3382 3381
3886 3345 3346 3381 3380
3887 3344 3345 3380 3379
3888 3295 3344 3379 3296
5149 3413 2756 2757 3448
5150 3412 3413 3448 3447
5151 3411 3412 3447 3446
5152 3410 3411 3446 3445
5153 3409 3410 3445 3444
5154 3408 3409 3444 3443
5155 3407 3408 3443 3442
5156 3406 3407 3442 3441
5157 3405 3406 3441 3440
5158 3404 3405 3440 3439
5159 3403 3404 3439 3438
5160 3402 3403 3438 3437
5161 3401 3402 3437 3436
5162 3400 3401 3436 3435
5163 3399 3400 3435 3434
5164 3398 3399 3434 3433
5165 3397 3398 3433 3432
5166 3396 3397 3432 3431
5167 3395 3396 3431 3430
5168 3394 3395 3430 3429
5169 3393 3394 3429 3428
5170 3392 3393 3428 3427
5171 3391 3392 3427 3426
5172 3390 3391 3426 3425
5173 3389 3390 3425 3424
5174 3388 3389 3424 3423
5175 3387 3388 3423 3422
5176 3386 3387 3422 3421
5177 3385 3386 3421 3420
5178 3384 3385 3420 3419
5179 3383 3384 3419 3418
5180 3382 3383 3418 3417
5181 3381 3382 3417 3416
5182 3380 3381 3416 3415
5183 3379 3380 3415 3414
5184 3296 3379 3414 3297
6445 3448 2757 2758 3483
6446 3447 3448 3483 3482
6447 3446 3447 3482 3481
6448 3445 3446 3481 3480
6449 3444 3445 3480 3479
6450 3443 3444 3479 3478
6451 3442 3443 3478 3477
6452 3441 3442 3477 3476
6453 3440 3441 3476 3475
6454 3439 3440 3475 3474
6455 3438 3439 3474 3473
6456 3437 3438 3473 3472
6457 3436 3437 3472 3471
6458 3435 3436 3471 3470
6459 3434 3435 3470 3469
6460 3433 3434 3469 3468
6461 3432 3433 3468 3467
6462 3431 3432 3467 3466
6463 3430 3431 3466 3465
6464 3429 3430 3465 3464
6465 3428 3429 3464 3463
6466 3427 3428 3463 3462
6467 3426 3427 3462 3461
6468 3425 3426 3461 3460
6469 3424 3425 3460 3459
6470 3423 3424 3459 3458
6471 3422 3423 3458 3457
6472 3421 3422 3457 3456
6473 3420 3421 3456 3455
6474 3419 3420 3455 3454
6475 3418 3419 3454 3453
6476 3417 3418 3453 3452
6477 3416 3417 3452 3451
6478 3415 3416 3451 3450
6479 3414 3415 3450 3449
6480 3297 3414 3449 3298
7741 3483 2758 2759 3518
7742 3482 3483 3518 3517
7743 3481 3482 3517 3516
7744 3480 3481 3516 3515
7745 3479 3480 3515 3514
7746 3478 3479 3514 3513
7747 3477 3478 3513 3512
7748 3476 3477 3512 3511
7749 3475 3476 3511 3510
7750 3474 3475 3510 3509
7751 3473 3474 3509 3508
7752 3472 3473 3508 3507
7753 3471 3472 3507 3506
7754 3470 3471 3506 3505
7755 3469 3470 3505 3504
7756 3468 3469 3504 3503
7757 3467 3468 3503 3502
7758 3466 3467 3502 3501
7759 3465 3466 3501 3500
7760 3464 3465 3500 3499
7761 3463 3464 3499 3498
7762 3462 3463 3498 3497
7763 3461 3462 3497 3496
7764 3460 3461 3496 3495
7765 3459 3460 3495 3494
7766 3458 3459 3494 3493
7767 3457 3458 3493 3492
7768 3456 3457 3492 3491
7769 3455 3456 3491 3490
7770 3454 3455 3490 3489
7771 3453 3454 3489 3488
7772 3452 3453 3488 3487
7773 3451 3452 3487 3486
7774 3450 3451 3486 3485
7775 3449 3450 3485 3484
7776 3298 3449 3484 3299
9037 3518 2759 2760 3553
9038 3517 3518 3553 3552
9039 3516 3517 3552 3551
9040 3515 3516 3551 3550
9041 3514 3515 3550 3549
9042 3513 3514 3549 3548
9043 3512 3513 3548 3547
9044 3511 3512 3547 3546
9045 3510 3511 3546 3545
9046 3509 3510 3545 3544
9047 3508 3509 3544 3543
9048 3507 3508 3543 3542
9049 3506 3507 3542 3541
9050 3505 3506 3541 3540
9051 3504 3505 3540 3539
9052 3503 3504 3539 3538
9053 3502 3503 3538 3537
9054 3501 3502 3537 3536
9055 3500 3501 3536 3535
9056 3499 3500 3535 3534
9057 3498 3499 3534 3533
9058 3497 3498 3533 3532
9059 3496 3497 3532 3531
9060 3495 3496 3531 3530
9061 3494 3495 3530 3529
9062 3493 3494 3529 3528
9063 3492 3493 3528 3527
9064 3491 3492 3527 3526
9065 3490 3491 3526 3525
9066 3489 3490 3525 3524
9067 3488 3489 3524 3523
9068 3487 3488 3523 3522
9069 3486 3487 3522 3521
9070 3485 3486 3521 3520
9071 3484 3485 3520 3519
9072 3299 3484 3519 3300
10333 3553 2760 2761 3588
10334 3552 3553 3588 3587
10335 3551 3552 3587 3586
10336 3550 3551 3586 3585
10337 3549 3550 3585 3584
10338 3548 3549 3584 3583
10339 3547 3548 3583 3582
10340 3546 3547 3582 3581
10341 3545 3546 3581 3580
10342 3544 3545 3580 3579
10343 3543 3544 3579 3578
10344 3542 3543 3578 3577
10345 3541 3542 3577 3576
10346 3540 3541 3576 3575
10347 3539 3540 3575 3574
10348 3538 3539 3574 3573
10349 3537 3538 3573 3572
10350 3536 3537 3572 3571
10351 3535 3536 3571 3570
10352 3534 3535 3570 3569
10353 3533 3534 3569 3568
10354 3532 3533 3568 3567
10355 3531 3532 3567 3566
10356 3530 3531 3566 3565
10357 3529 3530 3565 3564
10358 3528 3529 3564 3563
10359 3527 3528 3563 3562
10360 3526 3527 3562 3561
10361 3525 3526 3561 3560
10362 3524 3525 3560 3559
10363 3523 3524 3559 3558
10364 3522 3523 3558 3557
10365 3521 3522 3557 3556
10366 3520 3521 3556 3555
10367 3519 3520 3555 3554
10368 3300 3519 3554 3301
11629 3588 2761 2762 3623
11630 3587 3588 3623 3622
11631 3586 3587 3622 3621
11632 3585 3586 3621 3620
11633 3584 3585 3620 3619
11634 3583 3584 3619 3618
11635 3582 3583 3618 3617
11636 3581 3582 3617 3616
11637 3580 3581 3616 3615
11638 3579 3580 3615 3614
11639 3578 3579 3614 3613
11640 3577 3578 3613 3612
11641 3576 3577 3612 3611
11642 3575 3576 3611 3610
11643 3574 3575 3610 3609
11644 3573 3574 3609 3608
11645 3572 3573 3608 3607
11646 3571 3572 3607 3606
11647 3570 3571 3606 3605
11648 3569 3570 3605 3604
11649 3568 3569 3604 3603
11650 3567 3568 3603 3602
11651 3566 3567 3602 3601
11652 3565 3566 3601 3600
11653 3564 3565 3600 3599
11654 3563 3564 3599 3598
11655 3562 3563 3598 3597
11656 3561 3562 3597 3596
11657 3560 3561 3596 3595
11658 3559 3560 3595 3594
11659 3558 3559 3594 3593
11660 3557 3558 3593 3592
11661 3556 3557 3592 3591
11662 3555 3556 3591 3590
11663 3554 3555 3590 3589
11664 3301 3554 3589 3302
12925 3623 2762 2763 3658
12926 3622 3623 3658 3657
12927 3621 3622 3657 3656
12928 3620 3621 3656 3655
12929 3619 3620 3655 3654
12930 3618 3619 3654 3653
12931 3617 3618 3653 3652
12932 3616 3617 3652 3651
12933 3615 3616 3651 3650
12934 3614 3615 3650 3649
12935 3613 3614 3649 3648
12936 3612 3613 3648 3647
12937 3611 3612 3647 3646
12938 3610 3611 3646 3645
12939 3609 3610 3645 3644
12940 3608 3609 3644 3643
12941 3607 3608 3643 3642
12942 3606 3607 3642 3641
12943 3605 3606 3641 3640
12944 3604 3605 3640 3639
12945 3603 3604 3639 3638
12946 3602 3603 3638 3637
12947 3601 3602 3637 3636
12948 3600 3601 3636 3635
12949 3599 3600 3635 3634
12950 3598 3599 3634 3633
12951 3597 3598 3633 3632
12952 3596 3597 3632 3631
12953 3595 3596 3631 3630
12954 3594 3595 3630 3629
12955 3593 3594 3629 3628
12956 3592 3593 3628 3627
12957 3591 3592 3627 3626
12958 3590 3591 3626 3625
12959 3589 3590 3625 3624
12960 3302 3589 3624 3303
14221 3658 2763 2764 3693
14222 3657 3658 3693 3692
14223 3656 3657 3692 3691
14224 3655 3656 3691 3690
14225 3654 3655 3690 3689
14226 3653 3654 3689 3688
14227 3652 3653 3688 3687
14228 3651 3652 3687 3686
14229 3650 3651 3686 3685
14230 3649 3650 3685 3684
14231 3648 3649 3684 3683
14232 3647 3648 3683 3682
14233 3646 3647 3682 3681
14234 3645 3646 3681 3680
14235 3644 3645 3680 3679
14236 3643 3644 3679 3678
14237 3642 3643 3678 3677
14238 3641 3642 3677 3676
14239 3640 3641 3676 3675
14240 3639 3640 3675 3674
14241 3638 3639 3674 3673
14242 3637 3638 3673 3672
14243 3636 3637 3672 3671
14244 3635 3636 3671 3670
14245 3634 3635 3670 3669
14246 3633 3634 3669 3668
14247 3632 3633 3668 3667
14248 3631 3632 3667 3666
14249 3630 3631 3666 3665
14250 3629 3630 3665 3664
14251 3628 3629 3664 3663
14252 3627 3628 3663 3662
14253 3626 3627 3662 3661
14254 3625 3626 3661 3660
14255 3624 3625 3660 3659
14256 3303 3624 3659 3304
15517 3693 2764 2765 3728
15518 3692 3693 3728 3727
15519 3691 3692 3727 3726
15520 3690 3691 3726 3725
15521 3689 3690 3725 3724
15522 3688 3689 3724 3723
15523 3687 3688 3723 3722
15524 3686 3687 3722 3721
15525 3685 3686 3721 3720
15526 3684 3685 3720 3719
15527 3683 3684 3719 3718
15528 3682 3683 3718 3717
15529 3681 3682 3717 3716
15530 3680 3681 3716 3715
15531 3679 3680 3715 3714
15532 3678 3679 3714 3713
15533 3677 3678 3713 3712
15534 3676 3677 3712 3711
15535 3675 3676 3711 3710
15536 3674 3675 3710 3709
15537 3673 3674 3709 3708
15538 3672 3673 3708 3707
15539 3671 3672 3707 3706
15540 3670 3671 3706 3705
15541 3669 3670 3705 3704
15542 3668 3669 3704 3703
15543 3667 3668 3703 3702
15544 3666 3667 3702 3701
15545 3665 3666 3701 3700
15546 3664 3665 3700 3699
15547 3663 3664 3699 3698
15548 3662 3663 3698 3697
15549 3661 3662 3697 3696
15550 3660 3661 3696 3695
15551 3659 3660 3695 3694
15552 3304 3659 3694 3305
16813 3728 2765 2766 3763
16814 3727 3728 3763 3762
16815 3726 3727 3762 3761
16816 3725 3726 3761 3760
16817 3724 3725 3760 3759
16818 3723 3724 3759 3758
16819 3722 3723 3758 3757
16820 3721 3722 3757 3756
16821 3720 3721 3756 3755
16822 3719 3720 3755 3754
16823 3718 3719 3754 3753
16824 3717 3718 3753 3752
16825 3716 3717 3752 3751
16826 3715 3716 3751 3750
16827 3714 3715 3750 3749
16828 3713 3714 3749 3748
16829 3712 3713 3748 3747
16830 3711 3712 3747 3746
16831 3710 3711 3746 3745
16832 3709 3710 3745 3744
16833 3708 3709 3744 3743
16834 3707 3708 3743 3742
16835 3706 3707 3742 3741
16836 3705 3706 3741 3740
16837 3704 3705 3740 3739
16838 3703 3704 3739 3738
16839 3702 3703 3738 3737
16840 3701 3702 3737 3736
16841 3700 3701 3736 3735
16842 3699 3700 3735 3734
16843 3698 3699 3734 3733
16844 3697 3698 3733 3732
16845 3696 3697 3732 3731
16846 3695 3696 3731 3730
16847 3694 3695 3730 3729
16848 3305 3694 3729 3306
18109 3763 2766 2767 3798
18110 3762 3763 3798 3797
18111 3761 3762 3797 3796
18112 3760 3761 3796 3795
18113 3759 3760 3795 3794
18114 3758 3759 3794 3793
18115 3757 3758 3793 3792
18116 3756 3757 3792 3791
18117 3755 3756 3791 3790
18118 3754 3755 3790 3789
18119 3753 3754 3789 3788
18120 3752 3753 3788 3787
18121 3751 3752 3787 3786
18122 3750 3751 3786 3785
18123 3749 3750 3785 3784
18124 3748 3749 3784 3783
18125 3747 3748 3783 3782
18126 3746 3747 3782 3781
18127 3745 3746 3781 3780
18128 3744 3745 3780 3779
18129 3743 3744 3779 3778
18130 3742 3743 3778 3777
18131 3741 3742 3777 3776
18132 3740 3741 3776 3775
18133 3739 3740 3775 3774
18134 3738 3739 3774 3773
18135 3737 3738 3773 3772
18136 3736 3737 3772 3771
18137 3735 3736 3771 3770
18138 3734 3735 3770 3769
18139 3733 3734 3769 3768
18140 3732 3733 3768 3767
18141 3731 3732 3767 3766
18142 3730 3731 3766 3765
18143 3729 3730 3765 3764
18144 3306 3729 3764 3307
19405 3798 2767 2768 3833
19406 3797 3798 3833 3832
19407 3796 3797 3832 3831
19408 3795 3796 3831 3830
19409 3794 3795 3830 3829
19410 3793 3794 3829 3828
19411 3792 3793 3828 3827
19412 3791 3792 3827 3826
19413 3790 3791 3826 3825
19414 3789 3790 3825 3824
19415 3788 3789 3824 3823
19416 3787 3788 3823 3822
19417 3786 3787 3822 3821
19418 3785 3786 3821 3820
19419 3784 3785 3820 3819
19420 3783 3784 3819 3818
19421 3782 3783 3818 3817
19422 3781 3782 3817 3816
19423 3780 3781 3816 3815
19424 3779 3780 3815 3814
19425 3778 3779 3814 3813
19426 3777 3778 3813 3812
19427 3776 3777 3812 3811
19428 3775 3776 3811 3810
19429 3774 3775 3810 3809
19430 3773 3774 3809 3808
19431 3772 3773 3808 3807
19432 3771 3772 3807 3806
19433 3770 3771 3806 3805
19434 3769 3770 3805 3804
19435 3768 3769 3804 3803
19436 3767 3768 3803 3802
19437 3766 3767 3802 3801
19438 3765 3766 3801 3800
19439 3764 3765 3800 3799
19440 3307 3764 3799 3308
20701 3833 2768 1371 1479
20702 3832 3833 1479 1480
20703 3831 3832 1480 1481
20704 3830 3831 1481 1482
20705 3829 3830 1482 1483
20706 3828 3829 1483 1484
20707 3827 3828 1484 1485
20708 3826 3827 1485 1486
20709 3825 3826 1486 1487
20710 3824 3825 1487 1488
20711 3823 3824 1488 1489
20712 3822 3823 1489 1490
20713 3821 3822 1490 1491
20714 3820 3821 1491 1492
20715 3819 3820 1492 1493
20716 3818 3819 1493 1494
20717 3817 3818 1494 1495
20718 3816 3817 1495 1496
20719 3815 3816 1496 1497
20720 3814 3815 1497 1498
20721 3813 3814 1498 1499
20722 3812 3813 1499 1500
20723 3811 3812 1500 1501
20724 3810 3811 1501 1502
20725 3809 3810 1502 1503
20726 3808 3809 1503 1504
20727 3807 3808 1504 1505
20728 3806 3807 1505 1506
20729 3805 3806 1506 1507
20730 3804 3805 1507 1508
20731 3803 3804 1508 1509
20732 3802 3803 1509 1510
20733 3801 3802 1510 1511
20734 3800 3801 1511 1512
20735 3799 3800 1512 1513
20736 3308 3799 1513 1443
