       576
1 3 1 2739 2803
37 4 3 2803 2802
73 5 4 2802 2801
109 6 5 2801 2800
145 7 6 2800 2799
181 8 7 2799 2798
217 9 8 2798 2797
253 10 9 2797 2796
289 11 10 2796 2795
325 12 11 2795 2794
361 13 12 2794 2793
397 14 13 2793 2792
433 15 14 2792 2791
469 16 15 2791 2790
505 17 16 2790 2789
541 18 17 2789 2788
577 19 18 2788 2787
613 20 19 2787 2786
649 21 20 2786 2785
685 22 21 2785 2784
721 23 22 2784 2783
757 24 23 2783 2782
793 25 24 2782 2781
829 26 25 2781 2780
865 27 26 2780 2779
901 28 27 2779 2778
937 29 28 2778 2777
973 30 29 2777 2776
1009 31 30 2776 2775
1045 32 31 2775 2774
1081 33 32 2774 2773
1117 34 33 2773 2772
1153 35 34 2772 2771
1189 36 35 2771 2770
1225 37 36 2770 2769
1261 2 37 2769 2754
1297 2803 2739 2740 2838
1333 2802 2803 2838 2837
1369 2801 2802 2837 2836
1405 2800 2801 2836 2835
1441 2799 2800 2835 2834
1477 2798 2799 2834 2833
1513 2797 2798 2833 2832
1549 2796 2797 2832 2831
1585 2795 2796 2831 2830
1621 2794 2795 2830 2829
1657 2793 2794 2829 2828
1693 2792 2793 2828 2827
1729 2791 2792 2827 2826
1765 2790 2791 2826 2825
1801 2789 2790 2825 2824
1837 2788 2789 2824 2823
1873 2787 2788 2823 2822
1909 2786 2787 2822 2821
1945 2785 2786 2821 2820
1981 2784 2785 2820 2819
2017 2783 2784 2819 2818
2053 2782 2783 2818 2817
2089 2781 2782 2817 2816
2125 2780 2781 2816 2815
2161 2779 2780 2815 2814
2197 2778 2779 2814 2813
2233 2777 2778 2813 2812
2269 2776 2777 2812 2811
2305 2775 2776 2811 2810
2341 2774 2775 2810 2809
2377 2773 2774 2809 2808
2413 2772 2773 2808 2807
2449 2771 2772 2807 2806
2485 2770 2771 2806 2805
2521 2769 2770 2805 2804
2557 2754 2769 2804 2755
2593 2838 2740 2741 2873
2629 2837 2838 2873 2872
2665 2836 2837 2872 2871
2701 2835 2836 2871 2870
2737 2834 2835 2870 2869
2773 2833 2834 2869 2868
2809 2832 2833 2868 2867
2845 2831 2832 2867 2866
2881 2830 2831 2866 2865
2917 2829 2830 2865 2864
2953 2828 2829 2864 2863
2989 2827 2828 2863 2862
3025 2826 2827 2862 2861
3061 2825 2826 2861 2860
3097 2824 2825 2860 2859
3133 2823 2824 2859 2858
3169 2822 2823 2858 2857
3205 2821 2822 2857 2856
3241 2820 2821 2856 2855
3277 2819 2820 2855 2854
3313 2818 2819 2854 2853
3349 2817 2818 2853 2852
3385 2816 2817 2852 2851
3421 2815 2816 2851 2850
3457 2814 2815 2850 2849
3493 2813 2814 2849 2848
3529 2812 2813 2848 2847
3565 2811 2812 2847 2846
3601 2810 2811 2846 2845
3637 2809 2810 2845 2844
3673 2808 2809 2844 2843
3709 2807 2808 2843 2842
3745 2806 2807 2842 2841
3781 2805 2806 2841 2840
3817 2804 2805 2840 2839
3853 2755 2804 2839 2756
3889 2873 2741 2742 2908
3925 2872 2873 2908 2907
3961 2871 2872 2907 2906
3997 2870 2871 2906 2905
4033 2869 2870 2905 2904
4069 2868 2869 2904 2903
4105 2867 2868 2903 2902
4141 2866 2867 2902 2901
4177 2865 2866 2901 2900
4213 2864 2865 2900 2899
4249 2863 2864 2899 2898
4285 2862 2863 2898 2897
4321 2861 2862 2897 2896
4357 2860 2861 2896 2895
4393 2859 2860 2895 2894
4429 2858 2859 2894 2893
4465 2857 2858 2893 2892
4501 2856 2857 2892 2891
4537 2855 2856 2891 2890
4573 2854 2855 2890 2889
4609 2853 2854 2889 2888
4645 2852 2853 2888 2887
4681 2851 2852 2887 2886
4717 2850 2851 2886 2885
4753 2849 2850 2885 2884
4789 2848 2849 2884 2883
4825 2847 2848 2883 2882
4861 2846 2847 2882 2881
4897 2845 2846 2881 2880
4933 2844 2845 2880 2879
4969 2843 2844 2879 2878
5005 2842 2843 2878 2877
5041 2841 2842 2877 2876
5077 2840 2841 2876 2875
5113 2839 2840 2875 2874
5149 2756 2839 2874 2757
5185 2908 2742 2743 2943
5221 2907 2908 2943 2942
5257 2906 2907 2942 2941
5293 2905 2906 2941 2940
5329 2904 2905 2940 2939
5365 2903 2904 2939 2938
5401 2902 2903 2938 2937
5437 2901 2902 2937 2936
5473 2900 2901 2936 2935
5509 2899 2900 2935 2934
5545 2898 2899 2934 2933
5581 2897 2898 2933 2932
5617 2896 2897 2932 2931
5653 2895 2896 2931 2930
5689 2894 2895 2930 2929
5725 2893 2894 2929 2928
5761 2892 2893 2928 2927
5797 2891 2892 2927 2926
5833 2890 2891 2926 2925
5869 2889 2890 2925 2924
5905 2888 2889 2924 2923
5941 2887 2888 2923 2922
5977 2886 2887 2922 2921
6013 2885 2886 2921 2920
6049 2884 2885 2920 2919
6085 2883 2884 2919 2918
6121 2882 2883 2918 2917
6157 2881 2882 2917 2916
6193 2880 2881 2916 2915
6229 2879 2880 2915 2914
6265 2878 2879 2914 2913
6301 2877 2878 2913 2912
6337 2876 2877 2912 2911
6373 2875 2876 2911 2910
6409 2874 2875 2910 2909
6445 2757 2874 2909 2758
6481 2943 2743 2744 2978
6517 2942 2943 2978 2977
6553 2941 2942 2977 2976
6589 2940 2941 2976 2975
6625 2939 2940 2975 2974
6661 2938 2939 2974 2973
6697 2937 2938 2973 2972
6733 2936 2937 2972 2971
6769 2935 2936 2971 2970
6805 2934 2935 2970 2969
6841 2933 2934 2969 2968
6877 2932 2933 2968 2967
6913 2931 2932 2967 2966
6949 2930 2931 2966 2965
6985 2929 2930 2965 2964
7021 2928 2929 2964 2963
7057 2927 2928 2963 2962
7093 2926 2927 2962 2961
7129 2925 2926 2961 2960
7165 2924 2925 2960 2959
7201 2923 2924 2959 2958
7237 2922 2923 2958 2957
7273 2921 2922 2957 2956
7309 2920 2921 2956 2955
7345 2919 2920 2955 2954
7381 2918 2919 2954 2953
7417 2917 2918 2953 2952
7453 2916 2917 2952 2951
7489 2915 2916 2951 2950
7525 2914 2915 2950 2949
7561 2913 2914 2949 2948
7597 2912 2913 2948 2947
7633 2911 2912 2947 2946
7669 2910 2911 2946 2945
7705 2909 2910 2945 2944
7741 2758 2909 2944 2759
7777 2978 2744 2745 3013
7813 2977 2978 3013 3012
7849 2976 2977 3012 3011
7885 2975 2976 3011 3010
7921 2974 2975 3010 3009
7957 2973 2974 3009 3008
7993 2972 2973 3008 3007
8029 2971 2972 3007 3006
8065 2970 2971 3006 3005
8101 2969 2970 3005 3004
8137 2968 2969 3004 3003
8173 2967 2968 3003 3002
8209 2966 2967 3002 3001
8245 2965 2966 3001 3000
8281 2964 2965 3000 2999
8317 2963 2964 2999 2998
8353 2962 2963 2998 2997
8389 2961 2962 2997 2996
8425 2960 2961 2996 2995
8461 2959 2960 2995 2994
8497 2958 2959 2994 2993
8533 2957 2958 2993 2992
8569 2956 2957 2992 2991
8605 2955 2956 2991 2990
8641 2954 2955 2990 2989
8677 2953 2954 2989 2988
8713 2952 2953 2988 2987
8749 2951 2952 2987 2986
8785 2950 2951 2986 2985
8821 2949 2950 2985 2984
8857 2948 2949 2984 2983
8893 2947 2948 2983 2982
8929 2946 2947 2982 2981
8965 2945 2946 2981 2980
9001 2944 2945 2980 2979
9037 2759 2944 2979 2760
9073 3013 2745 2746 3048
9109 3012 3013 3048 3047
9145 3011 3012 3047 3046
9181 3010 3011 3046 3045
9217 3009 3010 3045 3044
9253 3008 3009 3044 3043
9289 3007 3008 3043 3042
9325 3006 3007 3042 3041
9361 3005 3006 3041 3040
9397 3004 3005 3040 3039
9433 3003 3004 3039 3038
9469 3002 3003 3038 3037
9505 3001 3002 3037 3036
9541 3000 3001 3036 3035
9577 2999 3000 3035 3034
9613 2998 2999 3034 3033
9649 2997 2998 3033 3032
9685 2996 2997 3032 3031
9721 2995 2996 3031 3030
9757 2994 2995 3030 3029
9793 2993 2994 3029 3028
9829 2992 2993 3028 3027
9865 2991 2992 3027 3026
9901 2990 2991 3026 3025
9937 2989 2990 3025 3024
9973 2988 2989 3024 3023
10009 2987 2988 3023 3022
10045 2986 2987 3022 3021
10081 2985 2986 3021 3020
10117 2984 2985 3020 3019
10153 2983 2984 3019 3018
10189 2982 2983 3018 3017
10225 2981 2982 3017 3016
10261 2980 2981 3016 3015
10297 2979 2980 3015 3014
10333 2760 2979 3014 2761
10369 3048 2746 2747 3083
10405 3047 3048 3083 3082
10441 3046 3047 3082 3081
10477 3045 3046 3081 3080
10513 3044 3045 3080 3079
10549 3043 3044 3079 3078
10585 3042 3043 3078 3077
10621 3041 3042 3077 3076
10657 3040 3041 3076 3075
10693 3039 3040 3075 3074
10729 3038 3039 3074 3073
10765 3037 3038 3073 3072
10801 3036 3037 3072 3071
10837 3035 3036 3071 3070
10873 3034 3035 3070 3069
10909 3033 3034 3069 3068
10945 3032 3033 3068 3067
10981 3031 3032 3067 3066
11017 3030 3031 3066 3065
11053 3029 3030 3065 3064
11089 3028 3029 3064 3063
11125 3027 3028 3063 3062
11161 3026 3027 3062 3061
11197 3025 3026 3061 3060
11233 3024 3025 3060 3059
11269 3023 3024 3059 3058
11305 3022 3023 3058 3057
11341 3021 3022 3057 3056
11377 3020 3021 3056 3055
11413 3019 3020 3055 3054
11449 3018 3019 3054 3053
11485 3017 3018 3053 3052
11521 3016 3017 3052 3051
11557 3015 3016 3051 3050
11593 3014 3015 3050 3049
11629 2761 3014 3049 2762
11665 3083 2747 2748 3118
11701 3082 3083 3118 3117
11737 3081 3082 3117 3116
11773 3080 3081 3116 3115
11809 3079 3080 3115 3114
11845 3078 3079 3114 3113
11881 3077 3078 3113 3112
11917 3076 3077 3112 3111
11953 3075 3076 3111 3110
11989 3074 3075 3110 3109
12025 3073 3074 3109 3108
12061 3072 3073 3108 3107
12097 3071 3072 3107 3106
12133 3070 3071 3106 3105
12169 3069 3070 3105 3104
12205 3068 3069 3104 3103
12241 3067 3068 3103 3102
12277 3066 3067 3102 3101
12313 3065 3066 3101 3100
12349 3064 3065 3100 3099
12385 3063 3064 3099 3098
12421 3062 3063 3098 3097
12457 3061 3062 3097 3096
12493 3060 3061 3096 3095
12529 3059 3060 3095 3094
12565 3058 3059 3094 3093
12601 3057 3058 3093 3092
12637 3056 3057 3092 3091
12673 3055 3056 3091 3090
12709 3054 3055 3090 3089
12745 3053 3054 3089 3088
12781 3052 3053 3088 3087
12817 3051 3052 3087 3086
12853 3050 3051 3086 3085
12889 3049 3050 3085 3084
12925 2762 3049 3084 2763
12961 3118 2748 2749 3153
12997 3117 3118 3153 3152
13033 3116 3117 3152 3151
13069 3115 3116 3151 3150
13105 3114 3115 3150 3149
13141 3113 3114 3149 3148
13177 3112 3113 3148 3147
13213 3111 3112 3147 3146
13249 3110 3111 3146 3145
13285 3109 3110 3145 3144
13321 3108 3109 3144 3143
13357 3107 3108 3143 3142
13393 3106 3107 3142 3141
13429 3105 3106 3141 3140
13465 3104 3105 3140 3139
13501 3103 3104 3139 3138
13537 3102 3103 3138 3137
13573 3101 3102 3137 3136
13609 3100 3101 3136 3135
13645 3099 3100 3135 3134
13681 3098 3099 3134 3133
13717 3097 3098 3133 3132
13753 3096 3097 3132 3131
13789 3095 3096 3131 3130
13825 3094 3095 3130 3129
13861 3093 3094 3129 3128
13897 3092 3093 3128 3127
13933 3091 3092 3127 3126
13969 3090 3091 3126 3125
14005 3089 3090 3125 3124
14041 3088 3089 3124 3123
14077 3087 3088 3123 3122
14113 3086 3087 3122 3121
14149 3085 3086 3121 3120
14185 3084 3085 3120 3119
14221 2763 3084 3119 2764
14257 3153 2749 2750 3188
14293 3152 3153 3188 3187
14329 3151 3152 3187 3186
14365 3150 3151 3186 3185
14401 3149 3150 3185 3184
14437 3148 3149 3184 3183
14473 3147 3148 3183 3182
14509 3146 3147 3182 3181
14545 3145 3146 3181 3180
14581 3144 3145 3180 3179
14617 3143 3144 3179 3178
14653 3142 3143 3178 3177
14689 3141 3142 3177 3176
14725 3140 3141 3176 3175
14761 3139 3140 3175 3174
14797 3138 3139 3174 3173
14833 3137 3138 3173 3172
14869 3136 3137 3172 3171
14905 3135 3136 3171 3170
14941 3134 3135 3170 3169
14977 3133 3134 3169 3168
15013 3132 3133 3168 3167
15049 3131 3132 3167 3166
15085 3130 3131 3166 3165
15121 3129 3130 3165 3164
15157 3128 3129 3164 3163
15193 3127 3128 3163 3162
15229 3126 3127 3162 3161
15265 3125 3126 3161 3160
15301 3124 3125 3160 3159
15337 3123 3124 3159 3158
15373 3122 3123 3158 3157
15409 3121 3122 3157 3156
15445 3120 3121 3156 3155
15481 3119 3120 3155 3154
15517 2764 3119 3154 2765
15553 3188 2750 2751 3223
15589 3187 3188 3223 3222
15625 3186 3187 3222 3221
15661 3185 3186 3221 3220
15697 3184 3185 3220 3219
15733 3183 3184 3219 3218
15769 3182 3183 3218 3217
15805 3181 3182 3217 3216
15841 3180 3181 3216 3215
15877 3179 3180 3215 3214
15913 3178 3179 3214 3213
15949 3177 3178 3213 3212
15985 3176 3177 3212 3211
16021 3175 3176 3211 3210
16057 3174 3175 3210 3209
16093 3173 3174 3209 3208
16129 3172 3173 3208 3207
16165 3171 3172 3207 3206
16201 3170 3171 3206 3205
16237 3169 3170 3205 3204
16273 3168 3169 3204 3203
16309 3167 3168 3203 3202
16345 3166 3167 3202 3201
16381 3165 3166 3201 3200
16417 3164 3165 3200 3199
16453 3163 3164 3199 3198
16489 3162 3163 3198 3197
16525 3161 3162 3197 3196
16561 3160 3161 3196 3195
16597 3159 3160 3195 3194
16633 3158 3159 3194 3193
16669 3157 3158 3193 3192
16705 3156 3157 3192 3191
16741 3155 3156 3191 3190
16777 3154 3155 3190 3189
16813 2765 3154 3189 2766
16849 3223 2751 2752 3258
16885 3222 3223 3258 3257
16921 3221 3222 3257 3256
16957 3220 3221 3256 3255
16993 3219 3220 3255 3254
17029 3218 3219 3254 3253
17065 3217 3218 3253 3252
17101 3216 3217 3252 3251
17137 3215 3216 3251 3250
17173 3214 3215 3250 3249
17209 3213 3214 3249 3248
17245 3212 3213 3248 3247
17281 3211 3212 3247 3246
17317 3210 3211 3246 3245
17353 3209 3210 3245 3244
17389 3208 3209 3244 3243
17425 3207 3208 3243 3242
17461 3206 3207 3242 3241
17497 3205 3206 3241 3240
17533 3204 3205 3240 3239
17569 3203 3204 3239 3238
17605 3202 3203 3238 3237
17641 3201 3202 3237 3236
17677 3200 3201 3236 3235
17713 3199 3200 3235 3234
17749 3198 3199 3234 3233
17785 3197 3198 3233 3232
17821 3196 3197 3232 3231
17857 3195 3196 3231 3230
17893 3194 3195 3230 3229
17929 3193 3194 3229 3228
17965 3192 3193 3228 3227
18001 3191 3192 3227 3226
18037 3190 3191 3226 3225
18073 3189 3190 3225 3224
18109 2766 3189 3224 2767
18145 3258 2752 2753 3293
18181 3257 3258 3293 3292
18217 3256 3257 3292 3291
18253 3255 3256 3291 3290
18289 3254 3255 3290 3289
18325 3253 3254 3289 3288
18361 3252 3253 3288 3287
18397 3251 3252 3287 3286
18433 3250 3251 3286 3285
18469 3249 3250 3285 3284
18505 3248 3249 3284 3283
18541 3247 3248 3283 3282
18577 3246 3247 3282 3281
18613 3245 3246 3281 3280
18649 3244 3245 3280 3279
18685 3243 3244 3279 3278
18721 3242 3243 3278 3277
18757 3241 3242 3277 3276
18793 3240 3241 3276 3275
18829 3239 3240 3275 3274
18865 3238 3239 3274 3273
18901 3237 3238 3273 3272
18937 3236 3237 3272 3271
18973 3235 3236 3271 3270
19009 3234 3235 3270 3269
19045 3233 3234 3269 3268
19081 3232 3233 3268 3267
19117 3231 3232 3267 3266
19153 3230 3231 3266 3265
19189 3229 3230 3265 3264
19225 3228 3229 3264 3263
19261 3227 3228 3263 3262
19297 3226 3227 3262 3261
19333 3225 3226 3261 3260
19369 3224 3225 3260 3259
19405 2767 3224 3259 2768
19441 3293 2753 1370 1372
19477 3292 3293 1372 1373
19513 3291 3292 1373 1374
19549 3290 3291 1374 1375
19585 3289 3290 1375 1376
19621 3288 3289 1376 1377
19657 3287 3288 1377 1378
19693 3286 3287 1378 1379
19729 3285 3286 1379 1380
19765 3284 3285 1380 1381
19801 3283 3284 1381 1382
19837 3282 3283 1382 1383
19873 3281 3282 1383 1384
19909 3280 3281 1384 1385
19945 3279 3280 1385 1386
19981 3278 3279 1386 1387
20017 3277 3278 1387 1388
20053 3276 3277 1388 1389
20089 3275 3276 1389 1390
20125 3274 3275 1390 1391
20161 3273 3274 1391 1392
20197 3272 3273 1392 1393
20233 3271 3272 1393 1394
20269 3270 3271 1394 1395
20305 3269 3270 1395 1396
20341 3268 3269 1396 1397
20377 3267 3268 1397 1398
20413 3266 3267 1398 1399
20449 3265 3266 1399 1400
20485 3264 3265 1400 1401
20521 3263 3264 1401 1402
20557 3262 3263 1402 1403
20593 3261 3262 1403 1404
20629 3260 3261 1404 1405
20665 3259 3260 1405 1406
20701 2768 3259 1406 1371
