      1296
1 1 3 145 144
2 144 145 180 143
3 143 180 215 142
4 142 215 250 141
5 141 250 285 140
6 140 285 320 139
7 139 320 355 138
8 138 355 390 137
9 137 390 425 136
10 136 425 460 135
11 135 460 495 134
12 134 495 530 133
13 133 530 565 132
14 132 565 600 131
15 131 600 635 130
16 130 635 670 129
17 129 670 705 128
18 128 705 740 127
19 127 740 775 126
20 126 775 810 125
21 125 810 845 124
22 124 845 880 123
23 123 880 915 122
24 122 915 950 121
25 121 950 985 120
26 120 985 1020 119
27 119 1020 1055 118
28 118 1055 1090 117
29 117 1090 1125 116
30 116 1125 1160 115
31 115 1160 1195 114
32 114 1195 1230 113
33 113 1230 1265 112
34 112 1265 1300 111
35 111 1300 1335 110
36 110 1335 109 74
37 3 4 146 145
38 145 146 181 180
39 180 181 216 215
40 215 216 251 250
41 250 251 286 285
42 285 286 321 320
43 320 321 356 355
44 355 356 391 390
45 390 391 426 425
46 425 426 461 460
47 460 461 496 495
48 495 496 531 530
49 530 531 566 565
50 565 566 601 600
51 600 601 636 635
52 635 636 671 670
53 670 671 706 705
54 705 706 741 740
55 740 741 776 775
56 775 776 811 810
57 810 811 846 845
58 845 846 881 880
59 880 881 916 915
60 915 916 951 950
61 950 951 986 985
62 985 986 1021 1020
63 1020 1021 1056 1055
64 1055 1056 1091 1090
65 1090 1091 1126 1125
66 1125 1126 1161 1160
67 1160 1161 1196 1195
68 1195 1196 1231 1230
69 1230 1231 1266 1265
70 1265 1266 1301 1300
71 1300 1301 1336 1335
72 1335 1336 108 109
73 4 5 147 146
74 146 147 182 181
75 181 182 217 216
76 216 217 252 251
77 251 252 287 286
78 286 287 322 321
79 321 322 357 356
80 356 357 392 391
81 391 392 427 426
82 426 427 462 461
83 461 462 497 496
84 496 497 532 531
85 531 532 567 566
86 566 567 602 601
87 601 602 637 636
88 636 637 672 671
89 671 672 707 706
90 706 707 742 741
91 741 742 777 776
92 776 777 812 811
93 811 812 847 846
94 846 847 882 881
95 881 882 917 916
96 916 917 952 951
97 951 952 987 986
98 986 987 1022 1021
99 1021 1022 1057 1056
100 1056 1057 1092 1091
101 1091 1092 1127 1126
102 1126 1127 1162 1161
103 1161 1162 1197 1196
104 1196 1197 1232 1231
105 1231 1232 1267 1266
106 1266 1267 1302 1301
107 1301 1302 1337 1336
108 1336 1337 107 108
109 5 6 148 147
110 147 148 183 182
111 182 183 218 217
112 217 218 253 252
113 252 253 288 287
114 287 288 323 322
115 322 323 358 357
116 357 358 393 392
117 392 393 428 427
118 427 428 463 462
119 462 463 498 497
120 497 498 533 532
121 532 533 568 567
122 567 568 603 602
123 602 603 638 637
124 637 638 673 672
125 672 673 708 707
126 707 708 743 742
127 742 743 778 777
128 777 778 813 812
129 812 813 848 847
130 847 848 883 882
131 882 883 918 917
132 917 918 953 952
133 952 953 988 987
134 987 988 1023 1022
135 1022 1023 1058 1057
136 1057 1058 1093 1092
137 1092 1093 1128 1127
138 1127 1128 1163 1162
139 1162 1163 1198 1197
140 1197 1198 1233 1232
141 1232 1233 1268 1267
142 1267 1268 1303 1302
143 1302 1303 1338 1337
144 1337 1338 106 107
145 6 7 149 148
146 148 149 184 183
147 183 184 219 218
148 218 219 254 253
149 253 254 289 288
150 288 289 324 323
151 323 324 359 358
152 358 359 394 393
153 393 394 429 428
154 428 429 464 463
155 463 464 499 498
156 498 499 534 533
157 533 534 569 568
158 568 569 604 603
159 603 604 639 638
160 638 639 674 673
161 673 674 709 708
162 708 709 744 743
163 743 744 779 778
164 778 779 814 813
165 813 814 849 848
166 848 849 884 883
167 883 884 919 918
168 918 919 954 953
169 953 954 989 988
170 988 989 1024 1023
171 1023 1024 1059 1058
172 1058 1059 1094 1093
173 1093 1094 1129 1128
174 1128 1129 1164 1163
175 1163 1164 1199 1198
176 1198 1199 1234 1233
177 1233 1234 1269 1268
178 1268 1269 1304 1303
179 1303 1304 1339 1338
180 1338 1339 105 106
181 7 8 150 149
182 149 150 185 184
183 184 185 220 219
184 219 220 255 254
185 254 255 290 289
186 289 290 325 324
187 324 325 360 359
188 359 360 395 394
189 394 395 430 429
190 429 430 465 464
191 464 465 500 499
192 499 500 535 534
193 534 535 570 569
194 569 570 605 604
195 604 605 640 639
196 639 640 675 674
197 674 675 710 709
198 709 710 745 744
199 744 745 780 779
200 779 780 815 814
201 814 815 850 849
202 849 850 885 884
203 884 885 920 919
204 919 920 955 954
205 954 955 990 989
206 989 990 1025 1024
207 1024 1025 1060 1059
208 1059 1060 1095 1094
209 1094 1095 1130 1129
210 1129 1130 1165 1164
211 1164 1165 1200 1199
212 1199 1200 1235 1234
213 1234 1235 1270 1269
214 1269 1270 1305 1304
215 1304 1305 1340 1339
216 1339 1340 104 105
217 8 9 151 150
218 150 151 186 185
219 185 186 221 220
220 220 221 256 255
221 255 256 291 290
222 290 291 326 325
223 325 326 361 360
224 360 361 396 395
225 395 396 431 430
226 430 431 466 465
227 465 466 501 500
228 500 501 536 535
229 535 536 571 570
230 570 571 606 605
231 605 606 641 640
232 640 641 676 675
233 675 676 711 710
234 710 711 746 745
235 745 746 781 780
236 780 781 816 815
237 815 816 851 850
238 850 851 886 885
239 885 886 921 920
240 920 921 956 955
241 955 956 991 990
242 990 991 1026 1025
243 1025 1026 1061 1060
244 1060 1061 1096 1095
245 1095 1096 1131 1130
246 1130 1131 1166 1165
247 1165 1166 1201 1200
248 1200 1201 1236 1235
249 1235 1236 1271 1270
250 1270 1271 1306 1305
251 1305 1306 1341 1340
252 1340 1341 103 104
253 9 10 152 151
254 151 152 187 186
255 186 187 222 221
256 221 222 257 256
257 256 257 292 291
258 291 292 327 326
259 326 327 362 361
260 361 362 397 396
261 396 397 432 431
262 431 432 467 466
263 466 467 502 501
264 501 502 537 536
265 536 537 572 571
266 571 572 607 606
267 606 607 642 641
268 641 642 677 676
269 676 677 712 711
270 711 712 747 746
271 746 747 782 781
272 781 782 817 816
273 816 817 852 851
274 851 852 887 886
275 886 887 922 921
276 921 922 957 956
277 956 957 992 991
278 991 992 1027 1026
279 1026 1027 1062 1061
280 1061 1062 1097 1096
281 1096 1097 1132 1131
282 1131 1132 1167 1166
283 1166 1167 1202 1201
284 1201 1202 1237 1236
285 1236 1237 1272 1271
286 1271 1272 1307 1306
287 1306 1307 1342 1341
288 1341 1342 102 103
289 10 11 153 152
290 152 153 188 187
291 187 188 223 222
292 222 223 258 257
293 257 258 293 292
294 292 293 328 327
295 327 328 363 362
296 362 363 398 397
297 397 398 433 432
298 432 433 468 467
299 467 468 503 502
300 502 503 538 537
301 537 538 573 572
302 572 573 608 607
303 607 608 643 642
304 642 643 678 677
305 677 678 713 712
306 712 713 748 747
307 747 748 783 782
308 782 783 818 817
309 817 818 853 852
310 852 853 888 887
311 887 888 923 922
312 922 923 958 957
313 957 958 993 992
314 992 993 1028 1027
315 1027 1028 1063 1062
316 1062 1063 1098 1097
317 1097 1098 1133 1132
318 1132 1133 1168 1167
319 1167 1168 1203 1202
320 1202 1203 1238 1237
321 1237 1238 1273 1272
322 1272 1273 1308 1307
323 1307 1308 1343 1342
324 1342 1343 101 102
325 11 12 154 153
326 153 154 189 188
327 188 189 224 223
328 223 224 259 258
329 258 259 294 293
330 293 294 329 328
331 328 329 364 363
332 363 364 399 398
333 398 399 434 433
334 433 434 469 468
335 468 469 504 503
336 503 504 539 538
337 538 539 574 573
338 573 574 609 608
339 608 609 644 643
340 643 644 679 678
341 678 679 714 713
342 713 714 749 748
343 748 749 784 783
344 783 784 819 818
345 818 819 854 853
346 853 854 889 888
347 888 889 924 923
348 923 924 959 958
349 958 959 994 993
350 993 994 1029 1028
351 1028 1029 1064 1063
352 1063 1064 1099 1098
353 1098 1099 1134 1133
354 1133 1134 1169 1168
355 1168 1169 1204 1203
356 1203 1204 1239 1238
357 1238 1239 1274 1273
358 1273 1274 1309 1308
359 1308 1309 1344 1343
360 1343 1344 100 101
361 12 13 155 154
362 154 155 190 189
363 189 190 225 224
364 224 225 260 259
365 259 260 295 294
366 294 295 330 329
367 329 330 365 364
368 364 365 400 399
369 399 400 435 434
370 434 435 470 469
371 469 470 505 504
372 504 505 540 539
373 539 540 575 574
374 574 575 610 609
375 609 610 645 644
376 644 645 680 679
377 679 680 715 714
378 714 715 750 749
379 749 750 785 784
380 784 785 820 819
381 819 820 855 854
382 854 855 890 889
383 889 890 925 924
384 924 925 960 959
385 959 960 995 994
386 994 995 1030 1029
387 1029 1030 1065 1064
388 1064 1065 1100 1099
389 1099 1100 1135 1134
390 1134 1135 1170 1169
391 1169 1170 1205 1204
392 1204 1205 1240 1239
393 1239 1240 1275 1274
394 1274 1275 1310 1309
395 1309 1310 1345 1344
396 1344 1345 99 100
397 13 14 156 155
398 155 156 191 190
399 190 191 226 225
400 225 226 261 260
401 260 261 296 295
402 295 296 331 330
403 330 331 366 365
404 365 366 401 400
405 400 401 436 435
406 435 436 471 470
407 470 471 506 505
408 505 506 541 540
409 540 541 576 575
410 575 576 611 610
411 610 611 646 645
412 645 646 681 680
413 680 681 716 715
414 715 716 751 750
415 750 751 786 785
416 785 786 821 820
417 820 821 856 855
418 855 856 891 890
419 890 891 926 925
420 925 926 961 960
421 960 961 996 995
422 995 996 1031 1030
423 1030 1031 1066 1065
424 1065 1066 1101 1100
425 1100 1101 1136 1135
426 1135 1136 1171 1170
427 1170 1171 1206 1205
428 1205 1206 1241 1240
429 1240 1241 1276 1275
430 1275 1276 1311 1310
431 1310 1311 1346 1345
432 1345 1346 98 99
433 14 15 157 156
434 156 157 192 191
435 191 192 227 226
436 226 227 262 261
437 261 262 297 296
438 296 297 332 331
439 331 332 367 366
440 366 367 402 401
441 401 402 437 436
442 436 437 472 471
443 471 472 507 506
444 506 507 542 541
445 541 542 577 576
446 576 577 612 611
447 611 612 647 646
448 646 647 682 681
449 681 682 717 716
450 716 717 752 751
451 751 752 787 786
452 786 787 822 821
453 821 822 857 856
454 856 857 892 891
455 891 892 927 926
456 926 927 962 961
457 961 962 997 996
458 996 997 1032 1031
459 1031 1032 1067 1066
460 1066 1067 1102 1101
461 1101 1102 1137 1136
462 1136 1137 1172 1171
463 1171 1172 1207 1206
464 1206 1207 1242 1241
465 1241 1242 1277 1276
466 1276 1277 1312 1311
467 1311 1312 1347 1346
468 1346 1347 97 98
469 15 16 158 157
470 157 158 193 192
471 192 193 228 227
472 227 228 263 262
473 262 263 298 297
474 297 298 333 332
475 332 333 368 367
476 367 368 403 402
477 402 403 438 437
478 437 438 473 472
479 472 473 508 507
480 507 508 543 542
481 542 543 578 577
482 577 578 613 612
483 612 613 648 647
484 647 648 683 682
485 682 683 718 717
486 717 718 753 752
487 752 753 788 787
488 787 788 823 822
489 822 823 858 857
490 857 858 893 892
491 892 893 928 927
492 927 928 963 962
493 962 963 998 997
494 997 998 1033 1032
495 1032 1033 1068 1067
496 1067 1068 1103 1102
497 1102 1103 1138 1137
498 1137 1138 1173 1172
499 1172 1173 1208 1207
500 1207 1208 1243 1242
501 1242 1243 1278 1277
502 1277 1278 1313 1312
503 1312 1313 1348 1347
504 1347 1348 96 97
505 16 17 159 158
506 158 159 194 193
507 193 194 229 228
508 228 229 264 263
509 263 264 299 298
510 298 299 334 333
511 333 334 369 368
512 368 369 404 403
513 403 404 439 438
514 438 439 474 473
515 473 474 509 508
516 508 509 544 543
517 543 544 579 578
518 578 579 614 613
519 613 614 649 648
520 648 649 684 683
521 683 684 719 718
522 718 719 754 753
523 753 754 789 788
524 788 789 824 823
525 823 824 859 858
526 858 859 894 893
527 893 894 929 928
528 928 929 964 963
529 963 964 999 998
530 998 999 1034 1033
531 1033 1034 1069 1068
532 1068 1069 1104 1103
533 1103 1104 1139 1138
534 1138 1139 1174 1173
535 1173 1174 1209 1208
536 1208 1209 1244 1243
537 1243 1244 1279 1278
538 1278 1279 1314 1313
539 1313 1314 1349 1348
540 1348 1349 95 96
541 17 18 160 159
542 159 160 195 194
543 194 195 230 229
544 229 230 265 264
545 264 265 300 299
546 299 300 335 334
547 334 335 370 369
548 369 370 405 404
549 404 405 440 439
550 439 440 475 474
551 474 475 510 509
552 509 510 545 544
553 544 545 580 579
554 579 580 615 614
555 614 615 650 649
556 649 650 685 684
557 684 685 720 719
558 719 720 755 754
559 754 755 790 789
560 789 790 825 824
561 824 825 860 859
562 859 860 895 894
563 894 895 930 929
564 929 930 965 964
565 964 965 1000 999
566 999 1000 1035 1034
567 1034 1035 1070 1069
568 1069 1070 1105 1104
569 1104 1105 1140 1139
570 1139 1140 1175 1174
571 1174 1175 1210 1209
572 1209 1210 1245 1244
573 1244 1245 1280 1279
574 1279 1280 1315 1314
575 1314 1315 1350 1349
576 1349 1350 94 95
577 18 19 161 160
578 160 161 196 195
579 195 196 231 230
580 230 231 266 265
581 265 266 301 300
582 300 301 336 335
583 335 336 371 370
584 370 371 406 405
585 405 406 441 440
586 440 441 476 475
587 475 476 511 510
588 510 511 546 545
589 545 546 581 580
590 580 581 616 615
591 615 616 651 650
592 650 651 686 685
593 685 686 721 720
594 720 721 756 755
595 755 756 791 790
596 790 791 826 825
597 825 826 861 860
598 860 861 896 895
599 895 896 931 930
600 930 931 966 965
601 965 966 1001 1000
602 1000 1001 1036 1035
603 1035 1036 1071 1070
604 1070 1071 1106 1105
605 1105 1106 1141 1140
606 1140 1141 1176 1175
607 1175 1176 1211 1210
608 1210 1211 1246 1245
609 1245 1246 1281 1280
610 1280 1281 1316 1315
611 1315 1316 1351 1350
612 1350 1351 93 94
613 19 20 162 161
614 161 162 197 196
615 196 197 232 231
616 231 232 267 266
617 266 267 302 301
618 301 302 337 336
619 336 337 372 371
620 371 372 407 406
621 406 407 442 441
622 441 442 477 476
623 476 477 512 511
624 511 512 547 546
625 546 547 582 581
626 581 582 617 616
627 616 617 652 651
628 651 652 687 686
629 686 687 722 721
630 721 722 757 756
631 756 757 792 791
632 791 792 827 826
633 826 827 862 861
634 861 862 897 896
635 896 897 932 931
636 931 932 967 966
637 966 967 1002 1001
638 1001 1002 1037 1036
639 1036 1037 1072 1071
640 1071 1072 1107 1106
641 1106 1107 1142 1141
642 1141 1142 1177 1176
643 1176 1177 1212 1211
644 1211 1212 1247 1246
645 1246 1247 1282 1281
646 1281 1282 1317 1316
647 1316 1317 1352 1351
648 1351 1352 92 93
649 20 21 163 162
650 162 163 198 197
651 197 198 233 232
652 232 233 268 267
653 267 268 303 302
654 302 303 338 337
655 337 338 373 372
656 372 373 408 407
657 407 408 443 442
658 442 443 478 477
659 477 478 513 512
660 512 513 548 547
661 547 548 583 582
662 582 583 618 617
663 617 618 653 652
664 652 653 688 687
665 687 688 723 722
666 722 723 758 757
667 757 758 793 792
668 792 793 828 827
669 827 828 863 862
670 862 863 898 897
671 897 898 933 932
672 932 933 968 967
673 967 968 1003 1002
674 1002 1003 1038 1037
675 1037 1038 1073 1072
676 1072 1073 1108 1107
677 1107 1108 1143 1142
678 1142 1143 1178 1177
679 1177 1178 1213 1212
680 1212 1213 1248 1247
681 1247 1248 1283 1282
682 1282 1283 1318 1317
683 1317 1318 1353 1352
684 1352 1353 91 92
685 21 22 164 163
686 163 164 199 198
687 198 199 234 233
688 233 234 269 268
689 268 269 304 303
690 303 304 339 338
691 338 339 374 373
692 373 374 409 408
693 408 409 444 443
694 443 444 479 478
695 478 479 514 513
696 513 514 549 548
697 548 549 584 583
698 583 584 619 618
699 618 619 654 653
700 653 654 689 688
701 688 689 724 723
702 723 724 759 758
703 758 759 794 793
704 793 794 829 828
705 828 829 864 863
706 863 864 899 898
707 898 899 934 933
708 933 934 969 968
709 968 969 1004 1003
710 1003 1004 1039 1038
711 1038 1039 1074 1073
712 1073 1074 1109 1108
713 1108 1109 1144 1143
714 1143 1144 1179 1178
715 1178 1179 1214 1213
716 1213 1214 1249 1248
717 1248 1249 1284 1283
718 1283 1284 1319 1318
719 1318 1319 1354 1353
720 1353 1354 90 91
721 22 23 165 164
722 164 165 200 199
723 199 200 235 234
724 234 235 270 269
725 269 270 305 304
726 304 305 340 339
727 339 340 375 374
728 374 375 410 409
729 409 410 445 444
730 444 445 480 479
731 479 480 515 514
732 514 515 550 549
733 549 550 585 584
734 584 585 620 619
735 619 620 655 654
736 654 655 690 689
737 689 690 725 724
738 724 725 760 759
739 759 760 795 794
740 794 795 830 829
741 829 830 865 864
742 864 865 900 899
743 899 900 935 934
744 934 935 970 969
745 969 970 1005 1004
746 1004 1005 1040 1039
747 1039 1040 1075 1074
748 1074 1075 1110 1109
749 1109 1110 1145 1144
750 1144 1145 1180 1179
751 1179 1180 1215 1214
752 1214 1215 1250 1249
753 1249 1250 1285 1284
754 1284 1285 1320 1319
755 1319 1320 1355 1354
756 1354 1355 89 90
757 23 24 166 165
758 165 166 201 200
759 200 201 236 235
760 235 236 271 270
761 270 271 306 305
762 305 306 341 340
763 340 341 376 375
764 375 376 411 410
765 410 411 446 445
766 445 446 481 480
767 480 481 516 515
768 515 516 551 550
769 550 551 586 585
770 585 586 621 620
771 620 621 656 655
772 655 656 691 690
773 690 691 726 725
774 725 726 761 760
775 760 761 796 795
776 795 796 831 830
777 830 831 866 865
778 865 866 901 900
779 900 901 936 935
780 935 936 971 970
781 970 971 1006 1005
782 1005 1006 1041 1040
783 1040 1041 1076 1075
784 1075 1076 1111 1110
785 1110 1111 1146 1145
786 1145 1146 1181 1180
787 1180 1181 1216 1215
788 1215 1216 1251 1250
789 1250 1251 1286 1285
790 1285 1286 1321 1320
791 1320 1321 1356 1355
792 1355 1356 88 89
793 24 25 167 166
794 166 167 202 201
795 201 202 237 236
796 236 237 272 271
797 271 272 307 306
798 306 307 342 341
799 341 342 377 376
800 376 377 412 411
801 411 412 447 446
802 446 447 482 481
803 481 482 517 516
804 516 517 552 551
805 551 552 587 586
806 586 587 622 621
807 621 622 657 656
808 656 657 692 691
809 691 692 727 726
810 726 727 762 761
811 761 762 797 796
812 796 797 832 831
813 831 832 867 866
814 866 867 902 901
815 901 902 937 936
816 936 937 972 971
817 971 972 1007 1006
818 1006 1007 1042 1041
819 1041 1042 1077 1076
820 1076 1077 1112 1111
821 1111 1112 1147 1146
822 1146 1147 1182 1181
823 1181 1182 1217 1216
824 1216 1217 1252 1251
825 1251 1252 1287 1286
826 1286 1287 1322 1321
827 1321 1322 1357 1356
828 1356 1357 87 88
829 25 26 168 167
830 167 168 203 202
831 202 203 238 237
832 237 238 273 272
833 272 273 308 307
834 307 308 343 342
835 342 343 378 377
836 377 378 413 412
837 412 413 448 447
838 447 448 483 482
839 482 483 518 517
840 517 518 553 552
841 552 553 588 587
842 587 588 623 622
843 622 623 658 657
844 657 658 693 692
845 692 693 728 727
846 727 728 763 762
847 762 763 798 797
848 797 798 833 832
849 832 833 868 867
850 867 868 903 902
851 902 903 938 937
852 937 938 973 972
853 972 973 1008 1007
854 1007 1008 1043 1042
855 1042 1043 1078 1077
856 1077 1078 1113 1112
857 1112 1113 1148 1147
858 1147 1148 1183 1182
859 1182 1183 1218 1217
860 1217 1218 1253 1252
861 1252 1253 1288 1287
862 1287 1288 1323 1322
863 1322 1323 1358 1357
864 1357 1358 86 87
865 26 27 169 168
866 168 169 204 203
867 203 204 239 238
868 238 239 274 273
869 273 274 309 308
870 308 309 344 343
871 343 344 379 378
872 378 379 414 413
873 413 414 449 448
874 448 449 484 483
875 483 484 519 518
876 518 519 554 553
877 553 554 589 588
878 588 589 624 623
879 623 624 659 658
880 658 659 694 693
881 693 694 729 728
882 728 729 764 763
883 763 764 799 798
884 798 799 834 833
885 833 834 869 868
886 868 869 904 903
887 903 904 939 938
888 938 939 974 973
889 973 974 1009 1008
890 1008 1009 1044 1043
891 1043 1044 1079 1078
892 1078 1079 1114 1113
893 1113 1114 1149 1148
894 1148 1149 1184 1183
895 1183 1184 1219 1218
896 1218 1219 1254 1253
897 1253 1254 1289 1288
898 1288 1289 1324 1323
899 1323 1324 1359 1358
900 1358 1359 85 86
901 27 28 170 169
902 169 170 205 204
903 204 205 240 239
904 239 240 275 274
905 274 275 310 309
906 309 310 345 344
907 344 345 380 379
908 379 380 415 414
909 414 415 450 449
910 449 450 485 484
911 484 485 520 519
912 519 520 555 554
913 554 555 590 589
914 589 590 625 624
915 624 625 660 659
916 659 660 695 694
917 694 695 730 729
918 729 730 765 764
919 764 765 800 799
920 799 800 835 834
921 834 835 870 869
922 869 870 905 904
923 904 905 940 939
924 939 940 975 974
925 974 975 1010 1009
926 1009 1010 1045 1044
927 1044 1045 1080 1079
928 1079 1080 1115 1114
929 1114 1115 1150 1149
930 1149 1150 1185 1184
931 1184 1185 1220 1219
932 1219 1220 1255 1254
933 1254 1255 1290 1289
934 1289 1290 1325 1324
935 1324 1325 1360 1359
936 1359 1360 84 85
937 28 29 171 170
938 170 171 206 205
939 205 206 241 240
940 240 241 276 275
941 275 276 311 310
942 310 311 346 345
943 345 346 381 380
944 380 381 416 415
945 415 416 451 450
946 450 451 486 485
947 485 486 521 520
948 520 521 556 555
949 555 556 591 590
950 590 591 626 625
951 625 626 661 660
952 660 661 696 695
953 695 696 731 730
954 730 731 766 765
955 765 766 801 800
956 800 801 836 835
957 835 836 871 870
958 870 871 906 905
959 905 906 941 940
960 940 941 976 975
961 975 976 1011 1010
962 1010 1011 1046 1045
963 1045 1046 1081 1080
964 1080 1081 1116 1115
965 1115 1116 1151 1150
966 1150 1151 1186 1185
967 1185 1186 1221 1220
968 1220 1221 1256 1255
969 1255 1256 1291 1290
970 1290 1291 1326 1325
971 1325 1326 1361 1360
972 1360 1361 83 84
973 29 30 172 171
974 171 172 207 206
975 206 207 242 241
976 241 242 277 276
977 276 277 312 311
978 311 312 347 346
979 346 347 382 381
980 381 382 417 416
981 416 417 452 451
982 451 452 487 486
983 486 487 522 521
984 521 522 557 556
985 556 557 592 591
986 591 592 627 626
987 626 627 662 661
988 661 662 697 696
989 696 697 732 731
990 731 732 767 766
991 766 767 802 801
992 801 802 837 836
993 836 837 872 871
994 871 872 907 906
995 906 907 942 941
996 941 942 977 976
997 976 977 1012 1011
998 1011 1012 1047 1046
999 1046 1047 1082 1081
1000 1081 1082 1117 1116
1001 1116 1117 1152 1151
1002 1151 1152 1187 1186
1003 1186 1187 1222 1221
1004 1221 1222 1257 1256
1005 1256 1257 1292 1291
1006 1291 1292 1327 1326
1007 1326 1327 1362 1361
1008 1361 1362 82 83
1009 30 31 173 172
1010 172 173 208 207
1011 207 208 243 242
1012 242 243 278 277
1013 277 278 313 312
1014 312 313 348 347
1015 347 348 383 382
1016 382 383 418 417
1017 417 418 453 452
1018 452 453 488 487
1019 487 488 523 522
1020 522 523 558 557
1021 557 558 593 592
1022 592 593 628 627
1023 627 628 663 662
1024 662 663 698 697
1025 697 698 733 732
1026 732 733 768 767
1027 767 768 803 802
1028 802 803 838 837
1029 837 838 873 872
1030 872 873 908 907
1031 907 908 943 942
1032 942 943 978 977
1033 977 978 1013 1012
1034 1012 1013 1048 1047
1035 1047 1048 1083 1082
1036 1082 1083 1118 1117
1037 1117 1118 1153 1152
1038 1152 1153 1188 1187
1039 1187 1188 1223 1222
1040 1222 1223 1258 1257
1041 1257 1258 1293 1292
1042 1292 1293 1328 1327
1043 1327 1328 1363 1362
1044 1362 1363 81 82
1045 31 32 174 173
1046 173 174 209 208
1047 208 209 244 243
1048 243 244 279 278
1049 278 279 314 313
1050 313 314 349 348
1051 348 349 384 383
1052 383 384 419 418
1053 418 419 454 453
1054 453 454 489 488
1055 488 489 524 523
1056 523 524 559 558
1057 558 559 594 593
1058 593 594 629 628
1059 628 629 664 663
1060 663 664 699 698
1061 698 699 734 733
1062 733 734 769 768
1063 768 769 804 803
1064 803 804 839 838
1065 838 839 874 873
1066 873 874 909 908
1067 908 909 944 943
1068 943 944 979 978
1069 978 979 1014 1013
1070 1013 1014 1049 1048
1071 1048 1049 1084 1083
1072 1083 1084 1119 1118
1073 1118 1119 1154 1153
1074 1153 1154 1189 1188
1075 1188 1189 1224 1223
1076 1223 1224 1259 1258
1077 1258 1259 1294 1293
1078 1293 1294 1329 1328
1079 1328 1329 1364 1363
1080 1363 1364 80 81
1081 32 33 175 174
1082 174 175 210 209
1083 209 210 245 244
1084 244 245 280 279
1085 279 280 315 314
1086 314 315 350 349
1087 349 350 385 384
1088 384 385 420 419
1089 419 420 455 454
1090 454 455 490 489
1091 489 490 525 524
1092 524 525 560 559
1093 559 560 595 594
1094 594 595 630 629
1095 629 630 665 664
1096 664 665 700 699
1097 699 700 735 734
1098 734 735 770 769
1099 769 770 805 804
1100 804 805 840 839
1101 839 840 875 874
1102 874 875 910 909
1103 909 910 945 944
1104 944 945 980 979
1105 979 980 1015 1014
1106 1014 1015 1050 1049
1107 1049 1050 1085 1084
1108 1084 1085 1120 1119
1109 1119 1120 1155 1154
1110 1154 1155 1190 1189
1111 1189 1190 1225 1224
1112 1224 1225 1260 1259
1113 1259 1260 1295 1294
1114 1294 1295 1330 1329
1115 1329 1330 1365 1364
1116 1364 1365 79 80
1117 33 34 176 175
1118 175 176 211 210
1119 210 211 246 245
1120 245 246 281 280
1121 280 281 316 315
1122 315 316 351 350
1123 350 351 386 385
1124 385 386 421 420
1125 420 421 456 455
1126 455 456 491 490
1127 490 491 526 525
1128 525 526 561 560
1129 560 561 596 595
1130 595 596 631 630
1131 630 631 666 665
1132 665 666 701 700
1133 700 701 736 735
1134 735 736 771 770
1135 770 771 806 805
1136 805 806 841 840
1137 840 841 876 875
1138 875 876 911 910
1139 910 911 946 945
1140 945 946 981 980
1141 980 981 1016 1015
1142 1015 1016 1051 1050
1143 1050 1051 1086 1085
1144 1085 1086 1121 1120
1145 1120 1121 1156 1155
1146 1155 1156 1191 1190
1147 1190 1191 1226 1225
1148 1225 1226 1261 1260
1149 1260 1261 1296 1295
1150 1295 1296 1331 1330
1151 1330 1331 1366 1365
1152 1365 1366 78 79
1153 34 35 177 176
1154 176 177 212 211
1155 211 212 247 246
1156 246 247 282 281
1157 281 282 317 316
1158 316 317 352 351
1159 351 352 387 386
1160 386 387 422 421
1161 421 422 457 456
1162 456 457 492 491
1163 491 492 527 526
1164 526 527 562 561
1165 561 562 597 596
1166 596 597 632 631
1167 631 632 667 666
1168 666 667 702 701
1169 701 702 737 736
1170 736 737 772 771
1171 771 772 807 806
1172 806 807 842 841
1173 841 842 877 876
1174 876 877 912 911
1175 911 912 947 946
1176 946 947 982 981
1177 981 982 1017 1016
1178 1016 1017 1052 1051
1179 1051 1052 1087 1086
1180 1086 1087 1122 1121
1181 1121 1122 1157 1156
1182 1156 1157 1192 1191
1183 1191 1192 1227 1226
1184 1226 1227 1262 1261
1185 1261 1262 1297 1296
1186 1296 1297 1332 1331
1187 1331 1332 1367 1366
1188 1366 1367 77 78
1189 35 36 178 177
1190 177 178 213 212
1191 212 213 248 247
1192 247 248 283 282
1193 282 283 318 317
1194 317 318 353 352
1195 352 353 388 387
1196 387 388 423 422
1197 422 423 458 457
1198 457 458 493 492
1199 492 493 528 527
1200 527 528 563 562
1201 562 563 598 597
1202 597 598 633 632
1203 632 633 668 667
1204 667 668 703 702
1205 702 703 738 737
1206 737 738 773 772
1207 772 773 808 807
1208 807 808 843 842
1209 842 843 878 877
1210 877 878 913 912
1211 912 913 948 947
1212 947 948 983 982
1213 982 983 1018 1017
1214 1017 1018 1053 1052
1215 1052 1053 1088 1087
1216 1087 1088 1123 1122
1217 1122 1123 1158 1157
1218 1157 1158 1193 1192
1219 1192 1193 1228 1227
1220 1227 1228 1263 1262
1221 1262 1263 1298 1297
1222 1297 1298 1333 1332
1223 1332 1333 1368 1367
1224 1367 1368 76 77
1225 36 37 179 178
1226 178 179 214 213
1227 213 214 249 248
1228 248 249 284 283
1229 283 284 319 318
1230 318 319 354 353
1231 353 354 389 388
1232 388 389 424 423
1233 423 424 459 458
1234 458 459 494 493
1235 493 494 529 528
1236 528 529 564 563
1237 563 564 599 598
1238 598 599 634 633
1239 633 634 669 668
1240 668 669 704 703
1241 703 704 739 738
1242 738 739 774 773
1243 773 774 809 808
1244 808 809 844 843
1245 843 844 879 878
1246 878 879 914 913
1247 913 914 949 948
1248 948 949 984 983
1249 983 984 1019 1018
1250 1018 1019 1054 1053
1251 1053 1054 1089 1088
1252 1088 1089 1124 1123
1253 1123 1124 1159 1158
1254 1158 1159 1194 1193
1255 1193 1194 1229 1228
1256 1228 1229 1264 1263
1257 1263 1264 1299 1298
1258 1298 1299 1334 1333
1259 1333 1334 1369 1368
1260 1368 1369 75 76
1261 37 2 39 179
1262 179 39 40 214
1263 214 40 41 249
1264 249 41 42 284
1265 284 42 43 319
1266 319 43 44 354
1267 354 44 45 389
1268 389 45 46 424
1269 424 46 47 459
1270 459 47 48 494
1271 494 48 49 529
1272 529 49 50 564
1273 564 50 51 599
1274 599 51 52 634
1275 634 52 53 669
1276 669 53 54 704
1277 704 54 55 739
1278 739 55 56 774
1279 774 56 57 809
1280 809 57 58 844
1281 844 58 59 879
1282 879 59 60 914
1283 914 60 61 949
1284 949 61 62 984
1285 984 62 63 1019
1286 1019 63 64 1054
1287 1054 64 65 1089
1288 1089 65 66 1124
1289 1124 66 67 1159
1290 1159 67 68 1194
1291 1194 68 69 1229
1292 1229 69 70 1264
1293 1264 70 71 1299
1294 1299 71 72 1334
1295 1334 72 73 1369
1296 1369 73 38 75
