      1296
19441 1372 1370 1442 1548
19442 1548 1442 1441 1583
19443 1583 1441 1440 1618
19444 1618 1440 1439 1653
19445 1653 1439 1438 1688
19446 1688 1438 1437 1723
19447 1723 1437 1436 1758
19448 1758 1436 1435 1793
19449 1793 1435 1434 1828
19450 1828 1434 1433 1863
19451 1863 1433 1432 1898
19452 1898 1432 1431 1933
19453 1933 1431 1430 1968
19454 1968 1430 1429 2003
19455 2003 1429 1428 2038
19456 2038 1428 1427 2073
19457 2073 1427 1426 2108
19458 2108 1426 1425 2143
19459 2143 1425 1424 2178
19460 2178 1424 1423 2213
19461 2213 1423 1422 2248
19462 2248 1422 1421 2283
19463 2283 1421 1420 2318
19464 2318 1420 1419 2353
19465 2353 1419 1418 2388
19466 2388 1418 1417 2423
19467 2423 1417 1416 2458
19468 2458 1416 1415 2493
19469 2493 1415 1414 2528
19470 2528 1414 1413 2563
19471 2563 1413 1412 2598
19472 2598 1412 1411 2633
19473 2633 1411 1410 2668
19474 2668 1410 1409 2703
19475 2703 1409 1408 2738
19476 2738 1408 1407 1478
19477 1373 1372 1548 1547
19478 1547 1548 1583 1582
19479 1582 1583 1618 1617
19480 1617 1618 1653 1652
19481 1652 1653 1688 1687
19482 1687 1688 1723 1722
19483 1722 1723 1758 1757
19484 1757 1758 1793 1792
19485 1792 1793 1828 1827
19486 1827 1828 1863 1862
19487 1862 1863 1898 1897
19488 1897 1898 1933 1932
19489 1932 1933 1968 1967
19490 1967 1968 2003 2002
19491 2002 2003 2038 2037
19492 2037 2038 2073 2072
19493 2072 2073 2108 2107
19494 2107 2108 2143 2142
19495 2142 2143 2178 2177
19496 2177 2178 2213 2212
19497 2212 2213 2248 2247
19498 2247 2248 2283 2282
19499 2282 2283 2318 2317
19500 2317 2318 2353 2352
19501 2352 2353 2388 2387
19502 2387 2388 2423 2422
19503 2422 2423 2458 2457
19504 2457 2458 2493 2492
19505 2492 2493 2528 2527
19506 2527 2528 2563 2562
19507 2562 2563 2598 2597
19508 2597 2598 2633 2632
19509 2632 2633 2668 2667
19510 2667 2668 2703 2702
19511 2702 2703 2738 2737
19512 2737 2738 1478 1477
19513 1374 1373 1547 1546
19514 1546 1547 1582 1581
19515 1581 1582 1617 1616
19516 1616 1617 1652 1651
19517 1651 1652 1687 1686
19518 1686 1687 1722 1721
19519 1721 1722 1757 1756
19520 1756 1757 1792 1791
19521 1791 1792 1827 1826
19522 1826 1827 1862 1861
19523 1861 1862 1897 1896
19524 1896 1897 1932 1931
19525 1931 1932 1967 1966
19526 1966 1967 2002 2001
19527 2001 2002 2037 2036
19528 2036 2037 2072 2071
19529 2071 2072 2107 2106
19530 2106 2107 2142 2141
19531 2141 2142 2177 2176
19532 2176 2177 2212 2211
19533 2211 2212 2247 2246
19534 2246 2247 2282 2281
19535 2281 2282 2317 2316
19536 2316 2317 2352 2351
19537 2351 2352 2387 2386
19538 2386 2387 2422 2421
19539 2421 2422 2457 2456
19540 2456 2457 2492 2491
19541 2491 2492 2527 2526
19542 2526 2527 2562 2561
19543 2561 2562 2597 2596
19544 2596 2597 2632 2631
19545 2631 2632 2667 2666
19546 2666 2667 2702 2701
19547 2701 2702 2737 2736
19548 2736 2737 1477 1476
19549 1375 1374 1546 1545
19550 1545 1546 1581 1580
19551 1580 1581 1616 1615
19552 1615 1616 1651 1650
19553 1650 1651 1686 1685
19554 1685 1686 1721 1720
19555 1720 1721 1756 1755
19556 1755 1756 1791 1790
19557 1790 1791 1826 1825
19558 1825 1826 1861 1860
19559 1860 1861 1896 1895
19560 1895 1896 1931 1930
19561 1930 1931 1966 1965
19562 1965 1966 2001 2000
19563 2000 2001 2036 2035
19564 2035 2036 2071 2070
19565 2070 2071 2106 2105
19566 2105 2106 2141 2140
19567 2140 2141 2176 2175
19568 2175 2176 2211 2210
19569 2210 2211 2246 2245
19570 2245 2246 2281 2280
19571 2280 2281 2316 2315
19572 2315 2316 2351 2350
19573 2350 2351 2386 2385
19574 2385 2386 2421 2420
19575 2420 2421 2456 2455
19576 2455 2456 2491 2490
19577 2490 2491 2526 2525
19578 2525 2526 2561 2560
19579 2560 2561 2596 2595
19580 2595 2596 2631 2630
19581 2630 2631 2666 2665
19582 2665 2666 2701 2700
19583 2700 2701 2736 2735
19584 2735 2736 1476 1475
19585 1376 1375 1545 1544
19586 1544 1545 1580 1579
19587 1579 1580 1615 1614
19588 1614 1615 1650 1649
19589 1649 1650 1685 1684
19590 1684 1685 1720 1719
19591 1719 1720 1755 1754
19592 1754 1755 1790 1789
19593 1789 1790 1825 1824
19594 1824 1825 1860 1859
19595 1859 1860 1895 1894
19596 1894 1895 1930 1929
19597 1929 1930 1965 1964
19598 1964 1965 2000 1999
19599 1999 2000 2035 2034
19600 2034 2035 2070 2069
19601 2069 2070 2105 2104
19602 2104 2105 2140 2139
19603 2139 2140 2175 2174
19604 2174 2175 2210 2209
19605 2209 2210 2245 2244
19606 2244 2245 2280 2279
19607 2279 2280 2315 2314
19608 2314 2315 2350 2349
19609 2349 2350 2385 2384
19610 2384 2385 2420 2419
19611 2419 2420 2455 2454
19612 2454 2455 2490 2489
19613 2489 2490 2525 2524
19614 2524 2525 2560 2559
19615 2559 2560 2595 2594
19616 2594 2595 2630 2629
19617 2629 2630 2665 2664
19618 2664 2665 2700 2699
19619 2699 2700 2735 2734
19620 2734 2735 1475 1474
19621 1377 1376 1544 1543
19622 1543 1544 1579 1578
19623 1578 1579 1614 1613
19624 1613 1614 1649 1648
19625 1648 1649 1684 1683
19626 1683 1684 1719 1718
19627 1718 1719 1754 1753
19628 1753 1754 1789 1788
19629 1788 1789 1824 1823
19630 1823 1824 1859 1858
19631 1858 1859 1894 1893
19632 1893 1894 1929 1928
19633 1928 1929 1964 1963
19634 1963 1964 1999 1998
19635 1998 1999 2034 2033
19636 2033 2034 2069 2068
19637 2068 2069 2104 2103
19638 2103 2104 2139 2138
19639 2138 2139 2174 2173
19640 2173 2174 2209 2208
19641 2208 2209 2244 2243
19642 2243 2244 2279 2278
19643 2278 2279 2314 2313
19644 2313 2314 2349 2348
19645 2348 2349 2384 2383
19646 2383 2384 2419 2418
19647 2418 2419 2454 2453
19648 2453 2454 2489 2488
19649 2488 2489 2524 2523
19650 2523 2524 2559 2558
19651 2558 2559 2594 2593
19652 2593 2594 2629 2628
19653 2628 2629 2664 2663
19654 2663 2664 2699 2698
19655 2698 2699 2734 2733
19656 2733 2734 1474 1473
19657 1378 1377 1543 1542
19658 1542 1543 1578 1577
19659 1577 1578 1613 1612
19660 1612 1613 1648 1647
19661 1647 1648 1683 1682
19662 1682 1683 1718 1717
19663 1717 1718 1753 1752
19664 1752 1753 1788 1787
19665 1787 1788 1823 1822
19666 1822 1823 1858 1857
19667 1857 1858 1893 1892
19668 1892 1893 1928 1927
19669 1927 1928 1963 1962
19670 1962 1963 1998 1997
19671 1997 1998 2033 2032
19672 2032 2033 2068 2067
19673 2067 2068 2103 2102
19674 2102 2103 2138 2137
19675 2137 2138 2173 2172
19676 2172 2173 2208 2207
19677 2207 2208 2243 2242
19678 2242 2243 2278 2277
19679 2277 2278 2313 2312
19680 2312 2313 2348 2347
19681 2347 2348 2383 2382
19682 2382 2383 2418 2417
19683 2417 2418 2453 2452
19684 2452 2453 2488 2487
19685 2487 2488 2523 2522
19686 2522 2523 2558 2557
19687 2557 2558 2593 2592
19688 2592 2593 2628 2627
19689 2627 2628 2663 2662
19690 2662 2663 2698 2697
19691 2697 2698 2733 2732
19692 2732 2733 1473 1472
19693 1379 1378 1542 1541
19694 1541 1542 1577 1576
19695 1576 1577 1612 1611
19696 1611 1612 1647 1646
19697 1646 1647 1682 1681
19698 1681 1682 1717 1716
19699 1716 1717 1752 1751
19700 1751 1752 1787 1786
19701 1786 1787 1822 1821
19702 1821 1822 1857 1856
19703 1856 1857 1892 1891
19704 1891 1892 1927 1926
19705 1926 1927 1962 1961
19706 1961 1962 1997 1996
19707 1996 1997 2032 2031
19708 2031 2032 2067 2066
19709 2066 2067 2102 2101
19710 2101 2102 2137 2136
19711 2136 2137 2172 2171
19712 2171 2172 2207 2206
19713 2206 2207 2242 2241
19714 2241 2242 2277 2276
19715 2276 2277 2312 2311
19716 2311 2312 2347 2346
19717 2346 2347 2382 2381
19718 2381 2382 2417 2416
19719 2416 2417 2452 2451
19720 2451 2452 2487 2486
19721 2486 2487 2522 2521
19722 2521 2522 2557 2556
19723 2556 2557 2592 2591
19724 2591 2592 2627 2626
19725 2626 2627 2662 2661
19726 2661 2662 2697 2696
19727 2696 2697 2732 2731
19728 2731 2732 1472 1471
19729 1380 1379 1541 1540
19730 1540 1541 1576 1575
19731 1575 1576 1611 1610
19732 1610 1611 1646 1645
19733 1645 1646 1681 1680
19734 1680 1681 1716 1715
19735 1715 1716 1751 1750
19736 1750 1751 1786 1785
19737 1785 1786 1821 1820
19738 1820 1821 1856 1855
19739 1855 1856 1891 1890
19740 1890 1891 1926 1925
19741 1925 1926 1961 1960
19742 1960 1961 1996 1995
19743 1995 1996 2031 2030
19744 2030 2031 2066 2065
19745 2065 2066 2101 2100
19746 2100 2101 2136 2135
19747 2135 2136 2171 2170
19748 2170 2171 2206 2205
19749 2205 2206 2241 2240
19750 2240 2241 2276 2275
19751 2275 2276 2311 2310
19752 2310 2311 2346 2345
19753 2345 2346 2381 2380
19754 2380 2381 2416 2415
19755 2415 2416 2451 2450
19756 2450 2451 2486 2485
19757 2485 2486 2521 2520
19758 2520 2521 2556 2555
19759 2555 2556 2591 2590
19760 2590 2591 2626 2625
19761 2625 2626 2661 2660
19762 2660 2661 2696 2695
19763 2695 2696 2731 2730
19764 2730 2731 1471 1470
19765 1381 1380 1540 1539
19766 1539 1540 1575 1574
19767 1574 1575 1610 1609
19768 1609 1610 1645 1644
19769 1644 1645 1680 1679
19770 1679 1680 1715 1714
19771 1714 1715 1750 1749
19772 1749 1750 1785 1784
19773 1784 1785 1820 1819
19774 1819 1820 1855 1854
19775 1854 1855 1890 1889
19776 1889 1890 1925 1924
19777 1924 1925 1960 1959
19778 1959 1960 1995 1994
19779 1994 1995 2030 2029
19780 2029 2030 2065 2064
19781 2064 2065 2100 2099
19782 2099 2100 2135 2134
19783 2134 2135 2170 2169
19784 2169 2170 2205 2204
19785 2204 2205 2240 2239
19786 2239 2240 2275 2274
19787 2274 2275 2310 2309
19788 2309 2310 2345 2344
19789 2344 2345 2380 2379
19790 2379 2380 2415 2414
19791 2414 2415 2450 2449
19792 2449 2450 2485 2484
19793 2484 2485 2520 2519
19794 2519 2520 2555 2554
19795 2554 2555 2590 2589
19796 2589 2590 2625 2624
19797 2624 2625 2660 2659
19798 2659 2660 2695 2694
19799 2694 2695 2730 2729
19800 2729 2730 1470 1469
19801 1382 1381 1539 1538
19802 1538 1539 1574 1573
19803 1573 1574 1609 1608
19804 1608 1609 1644 1643
19805 1643 1644 1679 1678
19806 1678 1679 1714 1713
19807 1713 1714 1749 1748
19808 1748 1749 1784 1783
19809 1783 1784 1819 1818
19810 1818 1819 1854 1853
19811 1853 1854 1889 1888
19812 1888 1889 1924 1923
19813 1923 1924 1959 1958
19814 1958 1959 1994 1993
19815 1993 1994 2029 2028
19816 2028 2029 2064 2063
19817 2063 2064 2099 2098
19818 2098 2099 2134 2133
19819 2133 2134 2169 2168
19820 2168 2169 2204 2203
19821 2203 2204 2239 2238
19822 2238 2239 2274 2273
19823 2273 2274 2309 2308
19824 2308 2309 2344 2343
19825 2343 2344 2379 2378
19826 2378 2379 2414 2413
19827 2413 2414 2449 2448
19828 2448 2449 2484 2483
19829 2483 2484 2519 2518
19830 2518 2519 2554 2553
19831 2553 2554 2589 2588
19832 2588 2589 2624 2623
19833 2623 2624 2659 2658
19834 2658 2659 2694 2693
19835 2693 2694 2729 2728
19836 2728 2729 1469 1468
19837 1383 1382 1538 1537
19838 1537 1538 1573 1572
19839 1572 1573 1608 1607
19840 1607 1608 1643 1642
19841 1642 1643 1678 1677
19842 1677 1678 1713 1712
19843 1712 1713 1748 1747
19844 1747 1748 1783 1782
19845 1782 1783 1818 1817
19846 1817 1818 1853 1852
19847 1852 1853 1888 1887
19848 1887 1888 1923 1922
19849 1922 1923 1958 1957
19850 1957 1958 1993 1992
19851 1992 1993 2028 2027
19852 2027 2028 2063 2062
19853 2062 2063 2098 2097
19854 2097 2098 2133 2132
19855 2132 2133 2168 2167
19856 2167 2168 2203 2202
19857 2202 2203 2238 2237
19858 2237 2238 2273 2272
19859 2272 2273 2308 2307
19860 2307 2308 2343 2342
19861 2342 2343 2378 2377
19862 2377 2378 2413 2412
19863 2412 2413 2448 2447
19864 2447 2448 2483 2482
19865 2482 2483 2518 2517
19866 2517 2518 2553 2552
19867 2552 2553 2588 2587
19868 2587 2588 2623 2622
19869 2622 2623 2658 2657
19870 2657 2658 2693 2692
19871 2692 2693 2728 2727
19872 2727 2728 1468 1467
19873 1384 1383 1537 1536
19874 1536 1537 1572 1571
19875 1571 1572 1607 1606
19876 1606 1607 1642 1641
19877 1641 1642 1677 1676
19878 1676 1677 1712 1711
19879 1711 1712 1747 1746
19880 1746 1747 1782 1781
19881 1781 1782 1817 1816
19882 1816 1817 1852 1851
19883 1851 1852 1887 1886
19884 1886 1887 1922 1921
19885 1921 1922 1957 1956
19886 1956 1957 1992 1991
19887 1991 1992 2027 2026
19888 2026 2027 2062 2061
19889 2061 2062 2097 2096
19890 2096 2097 2132 2131
19891 2131 2132 2167 2166
19892 2166 2167 2202 2201
19893 2201 2202 2237 2236
19894 2236 2237 2272 2271
19895 2271 2272 2307 2306
19896 2306 2307 2342 2341
19897 2341 2342 2377 2376
19898 2376 2377 2412 2411
19899 2411 2412 2447 2446
19900 2446 2447 2482 2481
19901 2481 2482 2517 2516
19902 2516 2517 2552 2551
19903 2551 2552 2587 2586
19904 2586 2587 2622 2621
19905 2621 2622 2657 2656
19906 2656 2657 2692 2691
19907 2691 2692 2727 2726
19908 2726 2727 1467 1466
19909 1385 1384 1536 1535
19910 1535 1536 1571 1570
19911 1570 1571 1606 1605
19912 1605 1606 1641 1640
19913 1640 1641 1676 1675
19914 1675 1676 1711 1710
19915 1710 1711 1746 1745
19916 1745 1746 1781 1780
19917 1780 1781 1816 1815
19918 1815 1816 1851 1850
19919 1850 1851 1886 1885
19920 1885 1886 1921 1920
19921 1920 1921 1956 1955
19922 1955 1956 1991 1990
19923 1990 1991 2026 2025
19924 2025 2026 2061 2060
19925 2060 2061 2096 2095
19926 2095 2096 2131 2130
19927 2130 2131 2166 2165
19928 2165 2166 2201 2200
19929 2200 2201 2236 2235
19930 2235 2236 2271 2270
19931 2270 2271 2306 2305
19932 2305 2306 2341 2340
19933 2340 2341 2376 2375
19934 2375 2376 2411 2410
19935 2410 2411 2446 2445
19936 2445 2446 2481 2480
19937 2480 2481 2516 2515
19938 2515 2516 2551 2550
19939 2550 2551 2586 2585
19940 2585 2586 2621 2620
19941 2620 2621 2656 2655
19942 2655 2656 2691 2690
19943 2690 2691 2726 2725
19944 2725 2726 1466 1465
19945 1386 1385 1535 1534
19946 1534 1535 1570 1569
19947 1569 1570 1605 1604
19948 1604 1605 1640 1639
19949 1639 1640 1675 1674
19950 1674 1675 1710 1709
19951 1709 1710 1745 1744
19952 1744 1745 1780 1779
19953 1779 1780 1815 1814
19954 1814 1815 1850 1849
19955 1849 1850 1885 1884
19956 1884 1885 1920 1919
19957 1919 1920 1955 1954
19958 1954 1955 1990 1989
19959 1989 1990 2025 2024
19960 2024 2025 2060 2059
19961 2059 2060 2095 2094
19962 2094 2095 2130 2129
19963 2129 2130 2165 2164
19964 2164 2165 2200 2199
19965 2199 2200 2235 2234
19966 2234 2235 2270 2269
19967 2269 2270 2305 2304
19968 2304 2305 2340 2339
19969 2339 2340 2375 2374
19970 2374 2375 2410 2409
19971 2409 2410 2445 2444
19972 2444 2445 2480 2479
19973 2479 2480 2515 2514
19974 2514 2515 2550 2549
19975 2549 2550 2585 2584
19976 2584 2585 2620 2619
19977 2619 2620 2655 2654
19978 2654 2655 2690 2689
19979 2689 2690 2725 2724
19980 2724 2725 1465 1464
19981 1387 1386 1534 1533
19982 1533 1534 1569 1568
19983 1568 1569 1604 1603
19984 1603 1604 1639 1638
19985 1638 1639 1674 1673
19986 1673 1674 1709 1708
19987 1708 1709 1744 1743
19988 1743 1744 1779 1778
19989 1778 1779 1814 1813
19990 1813 1814 1849 1848
19991 1848 1849 1884 1883
19992 1883 1884 1919 1918
19993 1918 1919 1954 1953
19994 1953 1954 1989 1988
19995 1988 1989 2024 2023
19996 2023 2024 2059 2058
19997 2058 2059 2094 2093
19998 2093 2094 2129 2128
19999 2128 2129 2164 2163
20000 2163 2164 2199 2198
20001 2198 2199 2234 2233
20002 2233 2234 2269 2268
20003 2268 2269 2304 2303
20004 2303 2304 2339 2338
20005 2338 2339 2374 2373
20006 2373 2374 2409 2408
20007 2408 2409 2444 2443
20008 2443 2444 2479 2478
20009 2478 2479 2514 2513
20010 2513 2514 2549 2548
20011 2548 2549 2584 2583
20012 2583 2584 2619 2618
20013 2618 2619 2654 2653
20014 2653 2654 2689 2688
20015 2688 2689 2724 2723
20016 2723 2724 1464 1463
20017 1388 1387 1533 1532
20018 1532 1533 1568 1567
20019 1567 1568 1603 1602
20020 1602 1603 1638 1637
20021 1637 1638 1673 1672
20022 1672 1673 1708 1707
20023 1707 1708 1743 1742
20024 1742 1743 1778 1777
20025 1777 1778 1813 1812
20026 1812 1813 1848 1847
20027 1847 1848 1883 1882
20028 1882 1883 1918 1917
20029 1917 1918 1953 1952
20030 1952 1953 1988 1987
20031 1987 1988 2023 2022
20032 2022 2023 2058 2057
20033 2057 2058 2093 2092
20034 2092 2093 2128 2127
20035 2127 2128 2163 2162
20036 2162 2163 2198 2197
20037 2197 2198 2233 2232
20038 2232 2233 2268 2267
20039 2267 2268 2303 2302
20040 2302 2303 2338 2337
20041 2337 2338 2373 2372
20042 2372 2373 2408 2407
20043 2407 2408 2443 2442
20044 2442 2443 2478 2477
20045 2477 2478 2513 2512
20046 2512 2513 2548 2547
20047 2547 2548 2583 2582
20048 2582 2583 2618 2617
20049 2617 2618 2653 2652
20050 2652 2653 2688 2687
20051 2687 2688 2723 2722
20052 2722 2723 1463 1462
20053 1389 1388 1532 1531
20054 1531 1532 1567 1566
20055 1566 1567 1602 1601
20056 1601 1602 1637 1636
20057 1636 1637 1672 1671
20058 1671 1672 1707 1706
20059 1706 1707 1742 1741
20060 1741 1742 1777 1776
20061 1776 1777 1812 1811
20062 1811 1812 1847 1846
20063 1846 1847 1882 1881
20064 1881 1882 1917 1916
20065 1916 1917 1952 1951
20066 1951 1952 1987 1986
20067 1986 1987 2022 2021
20068 2021 2022 2057 2056
20069 2056 2057 2092 2091
20070 2091 2092 2127 2126
20071 2126 2127 2162 2161
20072 2161 2162 2197 2196
20073 2196 2197 2232 2231
20074 2231 2232 2267 2266
20075 2266 2267 2302 2301
20076 2301 2302 2337 2336
20077 2336 2337 2372 2371
20078 2371 2372 2407 2406
20079 2406 2407 2442 2441
20080 2441 2442 2477 2476
20081 2476 2477 2512 2511
20082 2511 2512 2547 2546
20083 2546 2547 2582 2581
20084 2581 2582 2617 2616
20085 2616 2617 2652 2651
20086 2651 2652 2687 2686
20087 2686 2687 2722 2721
20088 2721 2722 1462 1461
20089 1390 1389 1531 1530
20090 1530 1531 1566 1565
20091 1565 1566 1601 1600
20092 1600 1601 1636 1635
20093 1635 1636 1671 1670
20094 1670 1671 1706 1705
20095 1705 1706 1741 1740
20096 1740 1741 1776 1775
20097 1775 1776 1811 1810
20098 1810 1811 1846 1845
20099 1845 1846 1881 1880
20100 1880 1881 1916 1915
20101 1915 1916 1951 1950
20102 1950 1951 1986 1985
20103 1985 1986 2021 2020
20104 2020 2021 2056 2055
20105 2055 2056 2091 2090
20106 2090 2091 2126 2125
20107 2125 2126 2161 2160
20108 2160 2161 2196 2195
20109 2195 2196 2231 2230
20110 2230 2231 2266 2265
20111 2265 2266 2301 2300
20112 2300 2301 2336 2335
20113 2335 2336 2371 2370
20114 2370 2371 2406 2405
20115 2405 2406 2441 2440
20116 2440 2441 2476 2475
20117 2475 2476 2511 2510
20118 2510 2511 2546 2545
20119 2545 2546 2581 2580
20120 2580 2581 2616 2615
20121 2615 2616 2651 2650
20122 2650 2651 2686 2685
20123 2685 2686 2721 2720
20124 2720 2721 1461 1460
20125 1391 1390 1530 1529
20126 1529 1530 1565 1564
20127 1564 1565 1600 1599
20128 1599 1600 1635 1634
20129 1634 1635 1670 1669
20130 1669 1670 1705 1704
20131 1704 1705 1740 1739
20132 1739 1740 1775 1774
20133 1774 1775 1810 1809
20134 1809 1810 1845 1844
20135 1844 1845 1880 1879
20136 1879 1880 1915 1914
20137 1914 1915 1950 1949
20138 1949 1950 1985 1984
20139 1984 1985 2020 2019
20140 2019 2020 2055 2054
20141 2054 2055 2090 2089
20142 2089 2090 2125 2124
20143 2124 2125 2160 2159
20144 2159 2160 2195 2194
20145 2194 2195 2230 2229
20146 2229 2230 2265 2264
20147 2264 2265 2300 2299
20148 2299 2300 2335 2334
20149 2334 2335 2370 2369
20150 2369 2370 2405 2404
20151 2404 2405 2440 2439
20152 2439 2440 2475 2474
20153 2474 2475 2510 2509
20154 2509 2510 2545 2544
20155 2544 2545 2580 2579
20156 2579 2580 2615 2614
20157 2614 2615 2650 2649
20158 2649 2650 2685 2684
20159 2684 2685 2720 2719
20160 2719 2720 1460 1459
20161 1392 1391 1529 1528
20162 1528 1529 1564 1563
20163 1563 1564 1599 1598
20164 1598 1599 1634 1633
20165 1633 1634 1669 1668
20166 1668 1669 1704 1703
20167 1703 1704 1739 1738
20168 1738 1739 1774 1773
20169 1773 1774 1809 1808
20170 1808 1809 1844 1843
20171 1843 1844 1879 1878
20172 1878 1879 1914 1913
20173 1913 1914 1949 1948
20174 1948 1949 1984 1983
20175 1983 1984 2019 2018
20176 2018 2019 2054 2053
20177 2053 2054 2089 2088
20178 2088 2089 2124 2123
20179 2123 2124 2159 2158
20180 2158 2159 2194 2193
20181 2193 2194 2229 2228
20182 2228 2229 2264 2263
20183 2263 2264 2299 2298
20184 2298 2299 2334 2333
20185 2333 2334 2369 2368
20186 2368 2369 2404 2403
20187 2403 2404 2439 2438
20188 2438 2439 2474 2473
20189 2473 2474 2509 2508
20190 2508 2509 2544 2543
20191 2543 2544 2579 2578
20192 2578 2579 2614 2613
20193 2613 2614 2649 2648
20194 2648 2649 2684 2683
20195 2683 2684 2719 2718
20196 2718 2719 1459 1458
20197 1393 1392 1528 1527
20198 1527 1528 1563 1562
20199 1562 1563 1598 1597
20200 1597 1598 1633 1632
20201 1632 1633 1668 1667
20202 1667 1668 1703 1702
20203 1702 1703 1738 1737
20204 1737 1738 1773 1772
20205 1772 1773 1808 1807
20206 1807 1808 1843 1842
20207 1842 1843 1878 1877
20208 1877 1878 1913 1912
20209 1912 1913 1948 1947
20210 1947 1948 1983 1982
20211 1982 1983 2018 2017
20212 2017 2018 2053 2052
20213 2052 2053 2088 2087
20214 2087 2088 2123 2122
20215 2122 2123 2158 2157
20216 2157 2158 2193 2192
20217 2192 2193 2228 2227
20218 2227 2228 2263 2262
20219 2262 2263 2298 2297
20220 2297 2298 2333 2332
20221 2332 2333 2368 2367
20222 2367 2368 2403 2402
20223 2402 2403 2438 2437
20224 2437 2438 2473 2472
20225 2472 2473 2508 2507
20226 2507 2508 2543 2542
20227 2542 2543 2578 2577
20228 2577 2578 2613 2612
20229 2612 2613 2648 2647
20230 2647 2648 2683 2682
20231 2682 2683 2718 2717
20232 2717 2718 1458 1457
20233 1394 1393 1527 1526
20234 1526 1527 1562 1561
20235 1561 1562 1597 1596
20236 1596 1597 1632 1631
20237 1631 1632 1667 1666
20238 1666 1667 1702 1701
20239 1701 1702 1737 1736
20240 1736 1737 1772 1771
20241 1771 1772 1807 1806
20242 1806 1807 1842 1841
20243 1841 1842 1877 1876
20244 1876 1877 1912 1911
20245 1911 1912 1947 1946
20246 1946 1947 1982 1981
20247 1981 1982 2017 2016
20248 2016 2017 2052 2051
20249 2051 2052 2087 2086
20250 2086 2087 2122 2121
20251 2121 2122 2157 2156
20252 2156 2157 2192 2191
20253 2191 2192 2227 2226
20254 2226 2227 2262 2261
20255 2261 2262 2297 2296
20256 2296 2297 2332 2331
20257 2331 2332 2367 2366
20258 2366 2367 2402 2401
20259 2401 2402 2437 2436
20260 2436 2437 2472 2471
20261 2471 2472 2507 2506
20262 2506 2507 2542 2541
20263 2541 2542 2577 2576
20264 2576 2577 2612 2611
20265 2611 2612 2647 2646
20266 2646 2647 2682 2681
20267 2681 2682 2717 2716
20268 2716 2717 1457 1456
20269 1395 1394 1526 1525
20270 1525 1526 1561 1560
20271 1560 1561 1596 1595
20272 1595 1596 1631 1630
20273 1630 1631 1666 1665
20274 1665 1666 1701 1700
20275 1700 1701 1736 1735
20276 1735 1736 1771 1770
20277 1770 1771 1806 1805
20278 1805 1806 1841 1840
20279 1840 1841 1876 1875
20280 1875 1876 1911 1910
20281 1910 1911 1946 1945
20282 1945 1946 1981 1980
20283 1980 1981 2016 2015
20284 2015 2016 2051 2050
20285 2050 2051 2086 2085
20286 2085 2086 2121 2120
20287 2120 2121 2156 2155
20288 2155 2156 2191 2190
20289 2190 2191 2226 2225
20290 2225 2226 2261 2260
20291 2260 2261 2296 2295
20292 2295 2296 2331 2330
20293 2330 2331 2366 2365
20294 2365 2366 2401 2400
20295 2400 2401 2436 2435
20296 2435 2436 2471 2470
20297 2470 2471 2506 2505
20298 2505 2506 2541 2540
20299 2540 2541 2576 2575
20300 2575 2576 2611 2610
20301 2610 2611 2646 2645
20302 2645 2646 2681 2680
20303 2680 2681 2716 2715
20304 2715 2716 1456 1455
20305 1396 1395 1525 1524
20306 1524 1525 1560 1559
20307 1559 1560 1595 1594
20308 1594 1595 1630 1629
20309 1629 1630 1665 1664
20310 1664 1665 1700 1699
20311 1699 1700 1735 1734
20312 1734 1735 1770 1769
20313 1769 1770 1805 1804
20314 1804 1805 1840 1839
20315 1839 1840 1875 1874
20316 1874 1875 1910 1909
20317 1909 1910 1945 1944
20318 1944 1945 1980 1979
20319 1979 1980 2015 2014
20320 2014 2015 2050 2049
20321 2049 2050 2085 2084
20322 2084 2085 2120 2119
20323 2119 2120 2155 2154
20324 2154 2155 2190 2189
20325 2189 2190 2225 2224
20326 2224 2225 2260 2259
20327 2259 2260 2295 2294
20328 2294 2295 2330 2329
20329 2329 2330 2365 2364
20330 2364 2365 2400 2399
20331 2399 2400 2435 2434
20332 2434 2435 2470 2469
20333 2469 2470 2505 2504
20334 2504 2505 2540 2539
20335 2539 2540 2575 2574
20336 2574 2575 2610 2609
20337 2609 2610 2645 2644
20338 2644 2645 2680 2679
20339 2679 2680 2715 2714
20340 2714 2715 1455 1454
20341 1397 1396 1524 1523
20342 1523 1524 1559 1558
20343 1558 1559 1594 1593
20344 1593 1594 1629 1628
20345 1628 1629 1664 1663
20346 1663 1664 1699 1698
20347 1698 1699 1734 1733
20348 1733 1734 1769 1768
20349 1768 1769 1804 1803
20350 1803 1804 1839 1838
20351 1838 1839 1874 1873
20352 1873 1874 1909 1908
20353 1908 1909 1944 1943
20354 1943 1944 1979 1978
20355 1978 1979 2014 2013
20356 2013 2014 2049 2048
20357 2048 2049 2084 2083
20358 2083 2084 2119 2118
20359 2118 2119 2154 2153
20360 2153 2154 2189 2188
20361 2188 2189 2224 2223
20362 2223 2224 2259 2258
20363 2258 2259 2294 2293
20364 2293 2294 2329 2328
20365 2328 2329 2364 2363
20366 2363 2364 2399 2398
20367 2398 2399 2434 2433
20368 2433 2434 2469 2468
20369 2468 2469 2504 2503
20370 2503 2504 2539 2538
20371 2538 2539 2574 2573
20372 2573 2574 2609 2608
20373 2608 2609 2644 2643
20374 2643 2644 2679 2678
20375 2678 2679 2714 2713
20376 2713 2714 1454 1453
20377 1398 1397 1523 1522
20378 1522 1523 1558 1557
20379 1557 1558 1593 1592
20380 1592 1593 1628 1627
20381 1627 1628 1663 1662
20382 1662 1663 1698 1697
20383 1697 1698 1733 1732
20384 1732 1733 1768 1767
20385 1767 1768 1803 1802
20386 1802 1803 1838 1837
20387 1837 1838 1873 1872
20388 1872 1873 1908 1907
20389 1907 1908 1943 1942
20390 1942 1943 1978 1977
20391 1977 1978 2013 2012
20392 2012 2013 2048 2047
20393 2047 2048 2083 2082
20394 2082 2083 2118 2117
20395 2117 2118 2153 2152
20396 2152 2153 2188 2187
20397 2187 2188 2223 2222
20398 2222 2223 2258 2257
20399 2257 2258 2293 2292
20400 2292 2293 2328 2327
20401 2327 2328 2363 2362
20402 2362 2363 2398 2397
20403 2397 2398 2433 2432
20404 2432 2433 2468 2467
20405 2467 2468 2503 2502
20406 2502 2503 2538 2537
20407 2537 2538 2573 2572
20408 2572 2573 2608 2607
20409 2607 2608 2643 2642
20410 2642 2643 2678 2677
20411 2677 2678 2713 2712
20412 2712 2713 1453 1452
20413 1399 1398 1522 1521
20414 1521 1522 1557 1556
20415 1556 1557 1592 1591
20416 1591 1592 1627 1626
20417 1626 1627 1662 1661
20418 1661 1662 1697 1696
20419 1696 1697 1732 1731
20420 1731 1732 1767 1766
20421 1766 1767 1802 1801
20422 1801 1802 1837 1836
20423 1836 1837 1872 1871
20424 1871 1872 1907 1906
20425 1906 1907 1942 1941
20426 1941 1942 1977 1976
20427 1976 1977 2012 2011
20428 2011 2012 2047 2046
20429 2046 2047 2082 2081
20430 2081 2082 2117 2116
20431 2116 2117 2152 2151
20432 2151 2152 2187 2186
20433 2186 2187 2222 2221
20434 2221 2222 2257 2256
20435 2256 2257 2292 2291
20436 2291 2292 2327 2326
20437 2326 2327 2362 2361
20438 2361 2362 2397 2396
20439 2396 2397 2432 2431
20440 2431 2432 2467 2466
20441 2466 2467 2502 2501
20442 2501 2502 2537 2536
20443 2536 2537 2572 2571
20444 2571 2572 2607 2606
20445 2606 2607 2642 2641
20446 2641 2642 2677 2676
20447 2676 2677 2712 2711
20448 2711 2712 1452 1451
20449 1400 1399 1521 1520
20450 1520 1521 1556 1555
20451 1555 1556 1591 1590
20452 1590 1591 1626 1625
20453 1625 1626 1661 1660
20454 1660 1661 1696 1695
20455 1695 1696 1731 1730
20456 1730 1731 1766 1765
20457 1765 1766 1801 1800
20458 1800 1801 1836 1835
20459 1835 1836 1871 1870
20460 1870 1871 1906 1905
20461 1905 1906 1941 1940
20462 1940 1941 1976 1975
20463 1975 1976 2011 2010
20464 2010 2011 2046 2045
20465 2045 2046 2081 2080
20466 2080 2081 2116 2115
20467 2115 2116 2151 2150
20468 2150 2151 2186 2185
20469 2185 2186 2221 2220
20470 2220 2221 2256 2255
20471 2255 2256 2291 2290
20472 2290 2291 2326 2325
20473 2325 2326 2361 2360
20474 2360 2361 2396 2395
20475 2395 2396 2431 2430
20476 2430 2431 2466 2465
20477 2465 2466 2501 2500
20478 2500 2501 2536 2535
20479 2535 2536 2571 2570
20480 2570 2571 2606 2605
20481 2605 2606 2641 2640
20482 2640 2641 2676 2675
20483 2675 2676 2711 2710
20484 2710 2711 1451 1450
20485 1401 1400 1520 1519
20486 1519 1520 1555 1554
20487 1554 1555 1590 1589
20488 1589 1590 1625 1624
20489 1624 1625 1660 1659
20490 1659 1660 1695 1694
20491 1694 1695 1730 1729
20492 1729 1730 1765 1764
20493 1764 1765 1800 1799
20494 1799 1800 1835 1834
20495 1834 1835 1870 1869
20496 1869 1870 1905 1904
20497 1904 1905 1940 1939
20498 1939 1940 1975 1974
20499 1974 1975 2010 2009
20500 2009 2010 2045 2044
20501 2044 2045 2080 2079
20502 2079 2080 2115 2114
20503 2114 2115 2150 2149
20504 2149 2150 2185 2184
20505 2184 2185 2220 2219
20506 2219 2220 2255 2254
20507 2254 2255 2290 2289
20508 2289 2290 2325 2324
20509 2324 2325 2360 2359
20510 2359 2360 2395 2394
20511 2394 2395 2430 2429
20512 2429 2430 2465 2464
20513 2464 2465 2500 2499
20514 2499 2500 2535 2534
20515 2534 2535 2570 2569
20516 2569 2570 2605 2604
20517 2604 2605 2640 2639
20518 2639 2640 2675 2674
20519 2674 2675 2710 2709
20520 2709 2710 1450 1449
20521 1402 1401 1519 1518
20522 1518 1519 1554 1553
20523 1553 1554 1589 1588
20524 1588 1589 1624 1623
20525 1623 1624 1659 1658
20526 1658 1659 1694 1693
20527 1693 1694 1729 1728
20528 1728 1729 1764 1763
20529 1763 1764 1799 1798
20530 1798 1799 1834 1833
20531 1833 1834 1869 1868
20532 1868 1869 1904 1903
20533 1903 1904 1939 1938
20534 1938 1939 1974 1973
20535 1973 1974 2009 2008
20536 2008 2009 2044 2043
20537 2043 2044 2079 2078
20538 2078 2079 2114 2113
20539 2113 2114 2149 2148
20540 2148 2149 2184 2183
20541 2183 2184 2219 2218
20542 2218 2219 2254 2253
20543 2253 2254 2289 2288
20544 2288 2289 2324 2323
20545 2323 2324 2359 2358
20546 2358 2359 2394 2393
20547 2393 2394 2429 2428
20548 2428 2429 2464 2463
20549 2463 2464 2499 2498
20550 2498 2499 2534 2533
20551 2533 2534 2569 2568
20552 2568 2569 2604 2603
20553 2603 2604 2639 2638
20554 2638 2639 2674 2673
20555 2673 2674 2709 2708
20556 2708 2709 1449 1448
20557 1403 1402 1518 1517
20558 1517 1518 1553 1552
20559 1552 1553 1588 1587
20560 1587 1588 1623 1622
20561 1622 1623 1658 1657
20562 1657 1658 1693 1692
20563 1692 1693 1728 1727
20564 1727 1728 1763 1762
20565 1762 1763 1798 1797
20566 1797 1798 1833 1832
20567 1832 1833 1868 1867
20568 1867 1868 1903 1902
20569 1902 1903 1938 1937
20570 1937 1938 1973 1972
20571 1972 1973 2008 2007
20572 2007 2008 2043 2042
20573 2042 2043 2078 2077
20574 2077 2078 2113 2112
20575 2112 2113 2148 2147
20576 2147 2148 2183 2182
20577 2182 2183 2218 2217
20578 2217 2218 2253 2252
20579 2252 2253 2288 2287
20580 2287 2288 2323 2322
20581 2322 2323 2358 2357
20582 2357 2358 2393 2392
20583 2392 2393 2428 2427
20584 2427 2428 2463 2462
20585 2462 2463 2498 2497
20586 2497 2498 2533 2532
20587 2532 2533 2568 2567
20588 2567 2568 2603 2602
20589 2602 2603 2638 2637
20590 2637 2638 2673 2672
20591 2672 2673 2708 2707
20592 2707 2708 1448 1447
20593 1404 1403 1517 1516
20594 1516 1517 1552 1551
20595 1551 1552 1587 1586
20596 1586 1587 1622 1621
20597 1621 1622 1657 1656
20598 1656 1657 1692 1691
20599 1691 1692 1727 1726
20600 1726 1727 1762 1761
20601 1761 1762 1797 1796
20602 1796 1797 1832 1831
20603 1831 1832 1867 1866
20604 1866 1867 1902 1901
20605 1901 1902 1937 1936
20606 1936 1937 1972 1971
20607 1971 1972 2007 2006
20608 2006 2007 2042 2041
20609 2041 2042 2077 2076
20610 2076 2077 2112 2111
20611 2111 2112 2147 2146
20612 2146 2147 2182 2181
20613 2181 2182 2217 2216
20614 2216 2217 2252 2251
20615 2251 2252 2287 2286
20616 2286 2287 2322 2321
20617 2321 2322 2357 2356
20618 2356 2357 2392 2391
20619 2391 2392 2427 2426
20620 2426 2427 2462 2461
20621 2461 2462 2497 2496
20622 2496 2497 2532 2531
20623 2531 2532 2567 2566
20624 2566 2567 2602 2601
20625 2601 2602 2637 2636
20626 2636 2637 2672 2671
20627 2671 2672 2707 2706
20628 2706 2707 1447 1446
20629 1405 1404 1516 1515
20630 1515 1516 1551 1550
20631 1550 1551 1586 1585
20632 1585 1586 1621 1620
20633 1620 1621 1656 1655
20634 1655 1656 1691 1690
20635 1690 1691 1726 1725
20636 1725 1726 1761 1760
20637 1760 1761 1796 1795
20638 1795 1796 1831 1830
20639 1830 1831 1866 1865
20640 1865 1866 1901 1900
20641 1900 1901 1936 1935
20642 1935 1936 1971 1970
20643 1970 1971 2006 2005
20644 2005 2006 2041 2040
20645 2040 2041 2076 2075
20646 2075 2076 2111 2110
20647 2110 2111 2146 2145
20648 2145 2146 2181 2180
20649 2180 2181 2216 2215
20650 2215 2216 2251 2250
20651 2250 2251 2286 2285
20652 2285 2286 2321 2320
20653 2320 2321 2356 2355
20654 2355 2356 2391 2390
20655 2390 2391 2426 2425
20656 2425 2426 2461 2460
20657 2460 2461 2496 2495
20658 2495 2496 2531 2530
20659 2530 2531 2566 2565
20660 2565 2566 2601 2600
20661 2600 2601 2636 2635
20662 2635 2636 2671 2670
20663 2670 2671 2706 2705
20664 2705 2706 1446 1445
20665 1406 1405 1515 1514
20666 1514 1515 1550 1549
20667 1549 1550 1585 1584
20668 1584 1585 1620 1619
20669 1619 1620 1655 1654
20670 1654 1655 1690 1689
20671 1689 1690 1725 1724
20672 1724 1725 1760 1759
20673 1759 1760 1795 1794
20674 1794 1795 1830 1829
20675 1829 1830 1865 1864
20676 1864 1865 1900 1899
20677 1899 1900 1935 1934
20678 1934 1935 1970 1969
20679 1969 1970 2005 2004
20680 2004 2005 2040 2039
20681 2039 2040 2075 2074
20682 2074 2075 2110 2109
20683 2109 2110 2145 2144
20684 2144 2145 2180 2179
20685 2179 2180 2215 2214
20686 2214 2215 2250 2249
20687 2249 2250 2285 2284
20688 2284 2285 2320 2319
20689 2319 2320 2355 2354
20690 2354 2355 2390 2389
20691 2389 2390 2425 2424
20692 2424 2425 2460 2459
20693 2459 2460 2495 2494
20694 2494 2495 2530 2529
20695 2529 2530 2565 2564
20696 2564 2565 2600 2599
20697 2599 2600 2635 2634
20698 2634 2635 2670 2669
20699 2669 2670 2705 2704
20700 2704 2705 1445 1444
20701 1371 1406 1514 1479
20702 1479 1514 1549 1480
20703 1480 1549 1584 1481
20704 1481 1584 1619 1482
20705 1482 1619 1654 1483
20706 1483 1654 1689 1484
20707 1484 1689 1724 1485
20708 1485 1724 1759 1486
20709 1486 1759 1794 1487
20710 1487 1794 1829 1488
20711 1488 1829 1864 1489
20712 1489 1864 1899 1490
20713 1490 1899 1934 1491
20714 1491 1934 1969 1492
20715 1492 1969 2004 1493
20716 1493 2004 2039 1494
20717 1494 2039 2074 1495
20718 1495 2074 2109 1496
20719 1496 2109 2144 1497
20720 1497 2144 2179 1498
20721 1498 2179 2214 1499
20722 1499 2214 2249 1500
20723 1500 2249 2284 1501
20724 1501 2284 2319 1502
20725 1502 2319 2354 1503
20726 1503 2354 2389 1504
20727 1504 2389 2424 1505
20728 1505 2424 2459 1506
20729 1506 2459 2494 1507
20730 1507 2494 2529 1508
20731 1508 2529 2564 1509
20732 1509 2564 2599 1510
20733 1510 2599 2634 1511
20734 1511 2634 2669 1512
20735 1512 2669 2704 1513
20736 1513 2704 1444 1443
