 100
  34
   0
   0
   7
  13
  31
  55
  32
  32
   0
   0
  13
   7
   0
  55
  64
  24
  44
  59
 114
  51
   9
  69
  69
  36
   3
  31
   0
 107
 142
 162
  87
  89
  80
  33
  31
 127
 137
  90
  13
  73
  59
 128
 140
 163
 143
 117
 115
  89
  75
  91
 124
  92
  60
  87
  64
  89
 133
 232
 299
 252
 187
 160
 130
  84
  66
  60
  93
 129
  84
  79
 129
 221
 273
 231
 240
 238
 179
 118
  76
  50
  40
 105
 121
 129
 173
 248
 216
 185
 233
 264
 235
 189
 137
 100
  28
  44
 133
 132
 172
 216
 152
 130
 175
 237
 232
 186
 128
  51
   7
  80
  91
 101
 130
 161
 117
  83
 150
 185
 119
 147
 150
 100
  15
   0
  37
  95
 107
  91
  88
  32
  85
 107
 127
 209
 149
 123
  22
   0
  86
 120
  76
  59
  82
  30
  64
  75
 138
 155
 182
 268
  63
   0
  41
  55
  42
  44
 101
  51
  67
 103
 169
  58
 126
 177
   4
   0
  10
  36
  44
  57
 176
 127
  88
  70
 101
  45
  30
  31
  13
  53
  57
  76
  98
  58
 137
 114
  41
  31
  47
  40
  85
 113
  81
  52
