       576
1 6 5 1 2
2 11 6 2 9
3 15 11 9 13
4 19 15 13 17
5 23 19 17 21
6 27 23 21 25
7 31 27 25 29
8 35 31 29 33
9 39 35 33 37
10 43 39 37 41
11 47 43 41 45
12 51 47 45 49
13 55 51 49 53
14 59 55 53 57
15 63 59 57 61
16 67 63 61 65
17 71 67 65 69
18 75 71 69 73
19 79 75 73 77
20 83 79 77 81
21 87 83 81 85
22 91 87 85 89
23 95 91 89 93
24 99 95 93 97
25 103 99 97 101
26 107 103 101 105
27 111 107 105 109
28 115 111 109 113
29 119 115 113 117
30 123 119 117 121
31 127 123 121 125
32 131 127 125 129
33 135 131 129 133
34 139 135 133 137
35 143 139 137 141
36 147 143 141 145
1297 2740 2739 5 6
1298 2743 2740 6 11
1299 2745 2743 11 15
1300 2747 2745 15 19
1301 2749 2747 19 23
1302 2751 2749 23 27
1303 2753 2751 27 31
1304 2755 2753 31 35
1305 2757 2755 35 39
1306 2759 2757 39 43
1307 2761 2759 43 47
1308 2763 2761 47 51
1309 2765 2763 51 55
1310 2767 2765 55 59
1311 2769 2767 59 63
1312 2771 2769 63 67
1313 2773 2771 67 71
1314 2775 2773 71 75
1315 2777 2775 75 79
1316 2779 2777 79 83
1317 2781 2779 83 87
1318 2783 2781 87 91
1319 2785 2783 91 95
1320 2787 2785 95 99
1321 2789 2787 99 103
1322 2791 2789 103 107
1323 2793 2791 107 111
1324 2795 2793 111 115
1325 2797 2795 115 119
1326 2799 2797 119 123
1327 2801 2799 123 127
1328 2803 2801 127 131
1329 2805 2803 131 135
1330 2807 2805 135 139
1331 2809 2807 139 143
1332 2811 2809 143 147
2593 4109 4108 2739 2740
2594 4112 4109 2740 2743
2595 4114 4112 2743 2745
2596 4116 4114 2745 2747
2597 4118 4116 2747 2749
2598 4120 4118 2749 2751
2599 4122 4120 2751 2753
2600 4124 4122 2753 2755
2601 4126 4124 2755 2757
2602 4128 4126 2757 2759
2603 4130 4128 2759 2761
2604 4132 4130 2761 2763
2605 4134 4132 2763 2765
2606 4136 4134 2765 2767
2607 4138 4136 2767 2769
2608 4140 4138 2769 2771
2609 4142 4140 2771 2773
2610 4144 4142 2773 2775
2611 4146 4144 2775 2777
2612 4148 4146 2777 2779
2613 4150 4148 2779 2781
2614 4152 4150 2781 2783
2615 4154 4152 2783 2785
2616 4156 4154 2785 2787
2617 4158 4156 2787 2789
2618 4160 4158 2789 2791
2619 4162 4160 2791 2793
2620 4164 4162 2793 2795
2621 4166 4164 2795 2797
2622 4168 4166 2797 2799
2623 4170 4168 2799 2801
2624 4172 4170 2801 2803
2625 4174 4172 2803 2805
2626 4176 4174 2805 2807
2627 4178 4176 2807 2809
2628 4180 4178 2809 2811
3889 5478 5477 4108 4109
3890 5481 5478 4109 4112
3891 5483 5481 4112 4114
3892 5485 5483 4114 4116
3893 5487 5485 4116 4118
3894 5489 5487 4118 4120
3895 5491 5489 4120 4122
3896 5493 5491 4122 4124
3897 5495 5493 4124 4126
3898 5497 5495 4126 4128
3899 5499 5497 4128 4130
3900 5501 5499 4130 4132
3901 5503 5501 4132 4134
3902 5505 5503 4134 4136
3903 5507 5505 4136 4138
3904 5509 5507 4138 4140
3905 5511 5509 4140 4142
3906 5513 5511 4142 4144
3907 5515 5513 4144 4146
3908 5517 5515 4146 4148
3909 5519 5517 4148 4150
3910 5521 5519 4150 4152
3911 5523 5521 4152 4154
3912 5525 5523 4154 4156
3913 5527 5525 4156 4158
3914 5529 5527 4158 4160
3915 5531 5529 4160 4162
3916 5533 5531 4162 4164
3917 5535 5533 4164 4166
3918 5537 5535 4166 4168
3919 5539 5537 4168 4170
3920 5541 5539 4170 4172
3921 5543 5541 4172 4174
3922 5545 5543 4174 4176
3923 5547 5545 4176 4178
3924 5549 5547 4178 4180
5185 6847 6846 5477 5478
5186 6850 6847 5478 5481
5187 6852 6850 5481 5483
5188 6854 6852 5483 5485
5189 6856 6854 5485 5487
5190 6858 6856 5487 5489
5191 6860 6858 5489 5491
5192 6862 6860 5491 5493
5193 6864 6862 5493 5495
5194 6866 6864 5495 5497
5195 6868 6866 5497 5499
5196 6870 6868 5499 5501
5197 6872 6870 5501 5503
5198 6874 6872 5503 5505
5199 6876 6874 5505 5507
5200 6878 6876 5507 5509
5201 6880 6878 5509 5511
5202 6882 6880 5511 5513
5203 6884 6882 5513 5515
5204 6886 6884 5515 5517
5205 6888 6886 5517 5519
5206 6890 6888 5519 5521
5207 6892 6890 5521 5523
5208 6894 6892 5523 5525
5209 6896 6894 5525 5527
5210 6898 6896 5527 5529
5211 6900 6898 5529 5531
5212 6902 6900 5531 5533
5213 6904 6902 5533 5535
5214 6906 6904 5535 5537
5215 6908 6906 5537 5539
5216 6910 6908 5539 5541
5217 6912 6910 5541 5543
5218 6914 6912 5543 5545
5219 6916 6914 5545 5547
5220 6918 6916 5547 5549
6481 8216 8215 6846 6847
6482 8219 8216 6847 6850
6483 8221 8219 6850 6852
6484 8223 8221 6852 6854
6485 8225 8223 6854 6856
6486 8227 8225 6856 6858
6487 8229 8227 6858 6860
6488 8231 8229 6860 6862
6489 8233 8231 6862 6864
6490 8235 8233 6864 6866
6491 8237 8235 6866 6868
6492 8239 8237 6868 6870
6493 8241 8239 6870 6872
6494 8243 8241 6872 6874
6495 8245 8243 6874 6876
6496 8247 8245 6876 6878
6497 8249 8247 6878 6880
6498 8251 8249 6880 6882
6499 8253 8251 6882 6884
6500 8255 8253 6884 6886
6501 8257 8255 6886 6888
6502 8259 8257 6888 6890
6503 8261 8259 6890 6892
6504 8263 8261 6892 6894
6505 8265 8263 6894 6896
6506 8267 8265 6896 6898
6507 8269 8267 6898 6900
6508 8271 8269 6900 6902
6509 8273 8271 6902 6904
6510 8275 8273 6904 6906
6511 8277 8275 6906 6908
6512 8279 8277 6908 6910
6513 8281 8279 6910 6912
6514 8283 8281 6912 6914
6515 8285 8283 6914 6916
6516 8287 8285 6916 6918
7777 9585 9584 8215 8216
7778 9588 9585 8216 8219
7779 9590 9588 8219 8221
7780 9592 9590 8221 8223
7781 9594 9592 8223 8225
7782 9596 9594 8225 8227
7783 9598 9596 8227 8229
7784 9600 9598 8229 8231
7785 9602 9600 8231 8233
7786 9604 9602 8233 8235
7787 9606 9604 8235 8237
7788 9608 9606 8237 8239
7789 9610 9608 8239 8241
7790 9612 9610 8241 8243
7791 9614 9612 8243 8245
7792 9616 9614 8245 8247
7793 9618 9616 8247 8249
7794 9620 9618 8249 8251
7795 9622 9620 8251 8253
7796 9624 9622 8253 8255
7797 9626 9624 8255 8257
7798 9628 9626 8257 8259
7799 9630 9628 8259 8261
7800 9632 9630 8261 8263
7801 9634 9632 8263 8265
7802 9636 9634 8265 8267
7803 9638 9636 8267 8269
7804 9640 9638 8269 8271
7805 9642 9640 8271 8273
7806 9644 9642 8273 8275
7807 9646 9644 8275 8277
7808 9648 9646 8277 8279
7809 9650 9648 8279 8281
7810 9652 9650 8281 8283
7811 9654 9652 8283 8285
7812 9656 9654 8285 8287
9073 10954 10953 9584 9585
9074 10957 10954 9585 9588
9075 10959 10957 9588 9590
9076 10961 10959 9590 9592
9077 10963 10961 9592 9594
9078 10965 10963 9594 9596
9079 10967 10965 9596 9598
9080 10969 10967 9598 9600
9081 10971 10969 9600 9602
9082 10973 10971 9602 9604
9083 10975 10973 9604 9606
9084 10977 10975 9606 9608
9085 10979 10977 9608 9610
9086 10981 10979 9610 9612
9087 10983 10981 9612 9614
9088 10985 10983 9614 9616
9089 10987 10985 9616 9618
9090 10989 10987 9618 9620
9091 10991 10989 9620 9622
9092 10993 10991 9622 9624
9093 10995 10993 9624 9626
9094 10997 10995 9626 9628
9095 10999 10997 9628 9630
9096 11001 10999 9630 9632
9097 11003 11001 9632 9634
9098 11005 11003 9634 9636
9099 11007 11005 9636 9638
9100 11009 11007 9638 9640
9101 11011 11009 9640 9642
9102 11013 11011 9642 9644
9103 11015 11013 9644 9646
9104 11017 11015 9646 9648
9105 11019 11017 9648 9650
9106 11021 11019 9650 9652
9107 11023 11021 9652 9654
9108 11025 11023 9654 9656
9953 12731 12730 12726 12727
9954 12736 12731 12727 12734
9955 12740 12736 12734 12738
9956 12744 12740 12738 12742
9957 12748 12744 12742 12746
9958 12752 12748 12746 12750
9959 12756 12752 12750 12754
9960 12760 12756 12754 12758
9961 12764 12760 12758 12762
9962 12768 12764 12762 12766
9963 12772 12768 12766 12770
9964 12776 12772 12770 12774
9965 12780 12776 12774 12778
9966 12784 12780 12778 12782
9967 12788 12784 12782 12786
9968 12792 12788 12786 12790
9969 12796 12792 12790 12794
9970 12800 12796 12794 12798
9971 12804 12800 12798 12802
9972 12808 12804 12802 12806
9973 12812 12808 12806 12810
9974 12816 12812 12810 12814
9975 12820 12816 12814 12818
9976 12824 12820 12818 12822
9977 12828 12824 12822 12826
9978 12832 12828 12826 12830
9979 12836 12832 12830 12834
9980 12840 12836 12834 12838
9981 12844 12840 12838 12842
9982 12848 12844 12842 12846
9983 12852 12848 12846 12850
9984 12856 12852 12850 12854
9985 12860 12856 12854 12858
9986 12864 12860 12858 12862
9987 12868 12864 12862 12866
9988 12872 12868 12866 12870
11393 14577 14576 10953 10954
11394 14580 14577 10954 10957
11395 14582 14580 10957 10959
11396 14584 14582 10959 10961
11397 14586 14584 10961 10963
11398 14588 14586 10963 10965
11399 14590 14588 10965 10967
11400 14592 14590 10967 10969
11401 14594 14592 10969 10971
11402 14596 14594 10971 10973
11403 14598 14596 10973 10975
11404 14600 14598 10975 10977
11405 14602 14600 10977 10979
11406 14604 14602 10979 10981
11407 14606 14604 10981 10983
11408 14608 14606 10983 10985
11409 14610 14608 10985 10987
11410 14612 14610 10987 10989
11411 14614 14612 10989 10991
11412 14616 14614 10991 10993
11413 14618 14616 10993 10995
11414 14620 14618 10995 10997
11415 14622 14620 10997 10999
11416 14624 14622 10999 11001
11417 14626 14624 11001 11003
11418 14628 14626 11003 11005
11419 14630 14628 11005 11007
11420 14632 14630 11007 11009
11421 14634 14632 11009 11011
11422 14636 14634 11011 11013
11423 14638 14636 11013 11015
11424 14640 14638 11015 11017
11425 14642 14640 11017 11019
11426 14644 14642 11019 11021
11427 14646 14644 11021 11023
11428 14648 14646 11023 11025
12689 15946 15945 14576 14577
12690 15949 15946 14577 14580
12691 15951 15949 14580 14582
12692 15953 15951 14582 14584
12693 15955 15953 14584 14586
12694 15957 15955 14586 14588
12695 15959 15957 14588 14590
12696 15961 15959 14590 14592
12697 15963 15961 14592 14594
12698 15965 15963 14594 14596
12699 15967 15965 14596 14598
12700 15969 15967 14598 14600
12701 15971 15969 14600 14602
12702 15973 15971 14602 14604
12703 15975 15973 14604 14606
12704 15977 15975 14606 14608
12705 15979 15977 14608 14610
12706 15981 15979 14610 14612
12707 15983 15981 14612 14614
12708 15985 15983 14614 14616
12709 15987 15985 14616 14618
12710 15989 15987 14618 14620
12711 15991 15989 14620 14622
12712 15993 15991 14622 14624
12713 15995 15993 14624 14626
12714 15997 15995 14626 14628
12715 15999 15997 14628 14630
12716 16001 15999 14630 14632
12717 16003 16001 14632 14634
12718 16005 16003 14634 14636
12719 16007 16005 14636 14638
12720 16009 16007 14638 14640
12721 16011 16009 14640 14642
12722 16013 16011 14642 14644
12723 16015 16013 14644 14646
12724 16017 16015 14646 14648
13985 17315 17314 15945 15946
13986 17318 17315 15946 15949
13987 17320 17318 15949 15951
13988 17322 17320 15951 15953
13989 17324 17322 15953 15955
13990 17326 17324 15955 15957
13991 17328 17326 15957 15959
13992 17330 17328 15959 15961
13993 17332 17330 15961 15963
13994 17334 17332 15963 15965
13995 17336 17334 15965 15967
13996 17338 17336 15967 15969
13997 17340 17338 15969 15971
13998 17342 17340 15971 15973
13999 17344 17342 15973 15975
14000 17346 17344 15975 15977
14001 17348 17346 15977 15979
14002 17350 17348 15979 15981
14003 17352 17350 15981 15983
14004 17354 17352 15983 15985
14005 17356 17354 15985 15987
14006 17358 17356 15987 15989
14007 17360 17358 15989 15991
14008 17362 17360 15991 15993
14009 17364 17362 15993 15995
14010 17366 17364 15995 15997
14011 17368 17366 15997 15999
14012 17370 17368 15999 16001
14013 17372 17370 16001 16003
14014 17374 17372 16003 16005
14015 17376 17374 16005 16007
14016 17378 17376 16007 16009
14017 17380 17378 16009 16011
14018 17382 17380 16011 16013
14019 17384 17382 16013 16015
14020 17386 17384 16015 16017
15281 18684 18683 17314 17315
15282 18687 18684 17315 17318
15283 18689 18687 17318 17320
15284 18691 18689 17320 17322
15285 18693 18691 17322 17324
15286 18695 18693 17324 17326
15287 18697 18695 17326 17328
15288 18699 18697 17328 17330
15289 18701 18699 17330 17332
15290 18703 18701 17332 17334
15291 18705 18703 17334 17336
15292 18707 18705 17336 17338
15293 18709 18707 17338 17340
15294 18711 18709 17340 17342
15295 18713 18711 17342 17344
15296 18715 18713 17344 17346
15297 18717 18715 17346 17348
15298 18719 18717 17348 17350
15299 18721 18719 17350 17352
15300 18723 18721 17352 17354
15301 18725 18723 17354 17356
15302 18727 18725 17356 17358
15303 18729 18727 17358 17360
15304 18731 18729 17360 17362
15305 18733 18731 17362 17364
15306 18735 18733 17364 17366
15307 18737 18735 17366 17368
15308 18739 18737 17368 17370
15309 18741 18739 17370 17372
15310 18743 18741 17372 17374
15311 18745 18743 17374 17376
15312 18747 18745 17376 17378
15313 18749 18747 17378 17380
15314 18751 18749 17380 17382
15315 18753 18751 17382 17384
15316 18755 18753 17384 17386
16577 20053 20052 18683 18684
16578 20056 20053 18684 18687
16579 20058 20056 18687 18689
16580 20060 20058 18689 18691
16581 20062 20060 18691 18693
16582 20064 20062 18693 18695
16583 20066 20064 18695 18697
16584 20068 20066 18697 18699
16585 20070 20068 18699 18701
16586 20072 20070 18701 18703
16587 20074 20072 18703 18705
16588 20076 20074 18705 18707
16589 20078 20076 18707 18709
16590 20080 20078 18709 18711
16591 20082 20080 18711 18713
16592 20084 20082 18713 18715
16593 20086 20084 18715 18717
16594 20088 20086 18717 18719
16595 20090 20088 18719 18721
16596 20092 20090 18721 18723
16597 20094 20092 18723 18725
16598 20096 20094 18725 18727
16599 20098 20096 18727 18729
16600 20100 20098 18729 18731
16601 20102 20100 18731 18733
16602 20104 20102 18733 18735
16603 20106 20104 18735 18737
16604 20108 20106 18737 18739
16605 20110 20108 18739 18741
16606 20112 20110 18741 18743
16607 20114 20112 18743 18745
16608 20116 20114 18745 18747
16609 20118 20116 18747 18749
16610 20120 20118 18749 18751
16611 20122 20120 18751 18753
16612 20124 20122 18753 18755
17873 12727 12726 20052 20053
17874 12734 12727 20053 20056
17875 12738 12734 20056 20058
17876 12742 12738 20058 20060
17877 12746 12742 20060 20062
17878 12750 12746 20062 20064
17879 12754 12750 20064 20066
17880 12758 12754 20066 20068
17881 12762 12758 20068 20070
17882 12766 12762 20070 20072
17883 12770 12766 20072 20074
17884 12774 12770 20074 20076
17885 12778 12774 20076 20078
17886 12782 12778 20078 20080
17887 12786 12782 20080 20082
17888 12790 12786 20082 20084
17889 12794 12790 20084 20086
17890 12798 12794 20086 20088
17891 12802 12798 20088 20090
17892 12806 12802 20090 20092
17893 12810 12806 20092 20094
17894 12814 12810 20094 20096
17895 12818 12814 20096 20098
17896 12822 12818 20098 20100
17897 12826 12822 20100 20102
17898 12830 12826 20102 20104
17899 12834 12830 20104 20106
17900 12838 12834 20106 20108
17901 12842 12838 20108 20110
17902 12846 12842 20110 20112
17903 12850 12846 20112 20114
17904 12854 12850 20114 20116
17905 12858 12854 20116 20118
17906 12862 12858 20118 20120
17907 12866 12862 20120 20122
17908 12870 12866 20122 20124
19441 21906 21905 12730 12731
19442 21909 21906 12731 12736
19443 21911 21909 12736 12740
19444 21913 21911 12740 12744
19445 21915 21913 12744 12748
19446 21917 21915 12748 12752
19447 21919 21917 12752 12756
19448 21921 21919 12756 12760
19449 21923 21921 12760 12764
19450 21925 21923 12764 12768
19451 21927 21925 12768 12772
19452 21929 21927 12772 12776
19453 21931 21929 12776 12780
19454 21933 21931 12780 12784
19455 21935 21933 12784 12788
19456 21937 21935 12788 12792
19457 21939 21937 12792 12796
19458 21941 21939 12796 12800
19459 21943 21941 12800 12804
19460 21945 21943 12804 12808
19461 21947 21945 12808 12812
19462 21949 21947 12812 12816
19463 21951 21949 12816 12820
19464 21953 21951 12820 12824
19465 21955 21953 12824 12828
19466 21957 21955 12828 12832
19467 21959 21957 12832 12836
19468 21961 21959 12836 12840
19469 21963 21961 12840 12844
19470 21965 21963 12844 12848
19471 21967 21965 12848 12852
19472 21969 21967 12852 12856
19473 21971 21969 12856 12860
19474 21973 21971 12860 12864
19475 21975 21973 12864 12868
19476 21977 21975 12868 12872
