576
561 73 4359 3294 38 29085 29082 29080 29083 29091
562 4359 4360 3295 3294 29097 29095 29094 29082 29101
563 4360 4361 3296 3295 29107 29105 29104 29095 29111
564 4361 4362 3297 3296 29117 29115 29114 29105 29121
565 4362 4363 3298 3297 29127 29125 29124 29115 29131
566 4363 4364 3299 3298 29137 29135 29134 29125 29141
567 4364 4365 3300 3299 29147 29145 29144 29135 29151
568 4365 4366 3301 3300 29157 29155 29154 29145 29161
569 4366 4367 3302 3301 29167 29165 29164 29155 29171
570 4367 4368 3303 3302 29177 29175 29174 29165 29181
571 4368 4369 3304 3303 29187 29185 29184 29175 29191
572 4369 4370 3305 3304 29197 29195 29194 29185 29201
573 4370 4371 3306 3305 29207 29205 29204 29195 29211
574 4371 4372 3307 3306 29217 29215 29214 29205 29221
575 4372 4373 3308 3307 29227 29225 29224 29215 29231
576 4373 1479 1443 3308 29237 29235 29234 29225 29241
1137 72 4344 4359 73 33320 33317 29085 33318 33325
1138 4344 4345 4360 4359 33329 33327 29097 33317 33332
1139 4345 4346 4361 4360 33336 33334 29107 33327 33339
1140 4346 4347 4362 4361 33343 33341 29117 33334 33346
1141 4347 4348 4363 4362 33350 33348 29127 33341 33353
1142 4348 4349 4364 4363 33357 33355 29137 33348 33360
1143 4349 4350 4365 4364 33364 33362 29147 33355 33367
1144 4350 4351 4366 4365 33371 33369 29157 33362 33374
1145 4351 4352 4367 4366 33378 33376 29167 33369 33381
1146 4352 4353 4368 4367 33385 33383 29177 33376 33388
1147 4353 4354 4369 4368 33392 33390 29187 33383 33395
1148 4354 4355 4370 4369 33399 33397 29197 33390 33402
1149 4355 4356 4371 4370 33406 33404 29207 33397 33409
1150 4356 4357 4372 4371 33413 33411 29217 33404 33416
1151 4357 4358 4373 4372 33420 33418 29227 33411 33423
1152 4358 1480 1479 4373 33427 33425 29237 33418 33430
1713 71 4329 4344 72 37509 37506 33320 37507 37514
1714 4329 4330 4345 4344 37518 37516 33329 37506 37521
1715 4330 4331 4346 4345 37525 37523 33336 37516 37528
1716 4331 4332 4347 4346 37532 37530 33343 37523 37535
1717 4332 4333 4348 4347 37539 37537 33350 37530 37542
1718 4333 4334 4349 4348 37546 37544 33357 37537 37549
1719 4334 4335 4350 4349 37553 37551 33364 37544 37556
1720 4335 4336 4351 4350 37560 37558 33371 37551 37563
1721 4336 4337 4352 4351 37567 37565 33378 37558 37570
1722 4337 4338 4353 4352 37574 37572 33385 37565 37577
1723 4338 4339 4354 4353 37581 37579 33392 37572 37584
1724 4339 4340 4355 4354 37588 37586 33399 37579 37591
1725 4340 4341 4356 4355 37595 37593 33406 37586 37598
1726 4341 4342 4357 4356 37602 37600 33413 37593 37605
1727 4342 4343 4358 4357 37609 37607 33420 37600 37612
1728 4343 1481 1480 4358 37616 37614 33427 37607 37619
2289 70 4314 4329 71 41698 41695 37509 41696 41703
2290 4314 4315 4330 4329 41707 41705 37518 41695 41710
2291 4315 4316 4331 4330 41714 41712 37525 41705 41717
2292 4316 4317 4332 4331 41721 41719 37532 41712 41724
2293 4317 4318 4333 4332 41728 41726 37539 41719 41731
2294 4318 4319 4334 4333 41735 41733 37546 41726 41738
2295 4319 4320 4335 4334 41742 41740 37553 41733 41745
2296 4320 4321 4336 4335 41749 41747 37560 41740 41752
2297 4321 4322 4337 4336 41756 41754 37567 41747 41759
2298 4322 4323 4338 4337 41763 41761 37574 41754 41766
2299 4323 4324 4339 4338 41770 41768 37581 41761 41773
2300 4324 4325 4340 4339 41777 41775 37588 41768 41780
2301 4325 4326 4341 4340 41784 41782 37595 41775 41787
2302 4326 4327 4342 4341 41791 41789 37602 41782 41794
2303 4327 4328 4343 4342 41798 41796 37609 41789 41801
2304 4328 1482 1481 4343 41805 41803 37616 41796 41808
2865 69 4299 4314 70 45887 45884 41698 45885 45892
2866 4299 4300 4315 4314 45896 45894 41707 45884 45899
2867 4300 4301 4316 4315 45903 45901 41714 45894 45906
2868 4301 4302 4317 4316 45910 45908 41721 45901 45913
2869 4302 4303 4318 4317 45917 45915 41728 45908 45920
2870 4303 4304 4319 4318 45924 45922 41735 45915 45927
2871 4304 4305 4320 4319 45931 45929 41742 45922 45934
2872 4305 4306 4321 4320 45938 45936 41749 45929 45941
2873 4306 4307 4322 4321 45945 45943 41756 45936 45948
2874 4307 4308 4323 4322 45952 45950 41763 45943 45955
2875 4308 4309 4324 4323 45959 45957 41770 45950 45962
2876 4309 4310 4325 4324 45966 45964 41777 45957 45969
2877 4310 4311 4326 4325 45973 45971 41784 45964 45976
2878 4311 4312 4327 4326 45980 45978 41791 45971 45983
2879 4312 4313 4328 4327 45987 45985 41798 45978 45990
2880 4313 1483 1482 4328 45994 45992 41805 45985 45997
3441 68 4284 4299 69 50076 50073 45887 50074 50081
3442 4284 4285 4300 4299 50085 50083 45896 50073 50088
3443 4285 4286 4301 4300 50092 50090 45903 50083 50095
3444 4286 4287 4302 4301 50099 50097 45910 50090 50102
3445 4287 4288 4303 4302 50106 50104 45917 50097 50109
3446 4288 4289 4304 4303 50113 50111 45924 50104 50116
3447 4289 4290 4305 4304 50120 50118 45931 50111 50123
3448 4290 4291 4306 4305 50127 50125 45938 50118 50130
3449 4291 4292 4307 4306 50134 50132 45945 50125 50137
3450 4292 4293 4308 4307 50141 50139 45952 50132 50144
3451 4293 4294 4309 4308 50148 50146 45959 50139 50151
3452 4294 4295 4310 4309 50155 50153 45966 50146 50158
3453 4295 4296 4311 4310 50162 50160 45973 50153 50165
3454 4296 4297 4312 4311 50169 50167 45980 50160 50172
3455 4297 4298 4313 4312 50176 50174 45987 50167 50179
3456 4298 1484 1483 4313 50183 50181 45994 50174 50186
4017 67 4269 4284 68 54265 54262 50076 54263 54270
4018 4269 4270 4285 4284 54274 54272 50085 54262 54277
4019 4270 4271 4286 4285 54281 54279 50092 54272 54284
4020 4271 4272 4287 4286 54288 54286 50099 54279 54291
4021 4272 4273 4288 4287 54295 54293 50106 54286 54298
4022 4273 4274 4289 4288 54302 54300 50113 54293 54305
4023 4274 4275 4290 4289 54309 54307 50120 54300 54312
4024 4275 4276 4291 4290 54316 54314 50127 54307 54319
4025 4276 4277 4292 4291 54323 54321 50134 54314 54326
4026 4277 4278 4293 4292 54330 54328 50141 54321 54333
4027 4278 4279 4294 4293 54337 54335 50148 54328 54340
4028 4279 4280 4295 4294 54344 54342 50155 54335 54347
4029 4280 4281 4296 4295 54351 54349 50162 54342 54354
4030 4281 4282 4297 4296 54358 54356 50169 54349 54361
4031 4282 4283 4298 4297 54365 54363 50176 54356 54368
4032 4283 1485 1484 4298 54372 54370 50183 54363 54375
4593 66 4254 4269 67 58454 58451 54265 58452 58459
4594 4254 4255 4270 4269 58463 58461 54274 58451 58466
4595 4255 4256 4271 4270 58470 58468 54281 58461 58473
4596 4256 4257 4272 4271 58477 58475 54288 58468 58480
4597 4257 4258 4273 4272 58484 58482 54295 58475 58487
4598 4258 4259 4274 4273 58491 58489 54302 58482 58494
4599 4259 4260 4275 4274 58498 58496 54309 58489 58501
4600 4260 4261 4276 4275 58505 58503 54316 58496 58508
4601 4261 4262 4277 4276 58512 58510 54323 58503 58515
4602 4262 4263 4278 4277 58519 58517 54330 58510 58522
4603 4263 4264 4279 4278 58526 58524 54337 58517 58529
4604 4264 4265 4280 4279 58533 58531 54344 58524 58536
4605 4265 4266 4281 4280 58540 58538 54351 58531 58543
4606 4266 4267 4282 4281 58547 58545 54358 58538 58550
4607 4267 4268 4283 4282 58554 58552 54365 58545 58557
4608 4268 1486 1485 4283 58561 58559 54372 58552 58564
5169 65 4239 4254 66 62643 62640 58454 62641 62648
5170 4239 4240 4255 4254 62652 62650 58463 62640 62655
5171 4240 4241 4256 4255 62659 62657 58470 62650 62662
5172 4241 4242 4257 4256 62666 62664 58477 62657 62669
5173 4242 4243 4258 4257 62673 62671 58484 62664 62676
5174 4243 4244 4259 4258 62680 62678 58491 62671 62683
5175 4244 4245 4260 4259 62687 62685 58498 62678 62690
5176 4245 4246 4261 4260 62694 62692 58505 62685 62697
5177 4246 4247 4262 4261 62701 62699 58512 62692 62704
5178 4247 4248 4263 4262 62708 62706 58519 62699 62711
5179 4248 4249 4264 4263 62715 62713 58526 62706 62718
5180 4249 4250 4265 4264 62722 62720 58533 62713 62725
5181 4250 4251 4266 4265 62729 62727 58540 62720 62732
5182 4251 4252 4267 4266 62736 62734 58547 62727 62739
5183 4252 4253 4268 4267 62743 62741 58554 62734 62746
5184 4253 1487 1486 4268 62750 62748 58561 62741 62753
5745 64 4224 4239 65 66832 66829 62643 66830 66837
5746 4224 4225 4240 4239 66841 66839 62652 66829 66844
5747 4225 4226 4241 4240 66848 66846 62659 66839 66851
5748 4226 4227 4242 4241 66855 66853 62666 66846 66858
5749 4227 4228 4243 4242 66862 66860 62673 66853 66865
5750 4228 4229 4244 4243 66869 66867 62680 66860 66872
5751 4229 4230 4245 4244 66876 66874 62687 66867 66879
5752 4230 4231 4246 4245 66883 66881 62694 66874 66886
5753 4231 4232 4247 4246 66890 66888 62701 66881 66893
5754 4232 4233 4248 4247 66897 66895 62708 66888 66900
5755 4233 4234 4249 4248 66904 66902 62715 66895 66907
5756 4234 4235 4250 4249 66911 66909 62722 66902 66914
5757 4235 4236 4251 4250 66918 66916 62729 66909 66921
5758 4236 4237 4252 4251 66925 66923 62736 66916 66928
5759 4237 4238 4253 4252 66932 66930 62743 66923 66935
5760 4238 1488 1487 4253 66939 66937 62750 66930 66942
6321 63 4209 4224 64 71021 71018 66832 71019 71026
6322 4209 4210 4225 4224 71030 71028 66841 71018 71033
6323 4210 4211 4226 4225 71037 71035 66848 71028 71040
6324 4211 4212 4227 4226 71044 71042 66855 71035 71047
6325 4212 4213 4228 4227 71051 71049 66862 71042 71054
6326 4213 4214 4229 4228 71058 71056 66869 71049 71061
6327 4214 4215 4230 4229 71065 71063 66876 71056 71068
6328 4215 4216 4231 4230 71072 71070 66883 71063 71075
6329 4216 4217 4232 4231 71079 71077 66890 71070 71082
6330 4217 4218 4233 4232 71086 71084 66897 71077 71089
6331 4218 4219 4234 4233 71093 71091 66904 71084 71096
6332 4219 4220 4235 4234 71100 71098 66911 71091 71103
6333 4220 4221 4236 4235 71107 71105 66918 71098 71110
6334 4221 4222 4237 4236 71114 71112 66925 71105 71117
6335 4222 4223 4238 4237 71121 71119 66932 71112 71124
6336 4223 1489 1488 4238 71128 71126 66939 71119 71131
6897 62 4194 4209 63 75210 75207 71021 75208 75215
6898 4194 4195 4210 4209 75219 75217 71030 75207 75222
6899 4195 4196 4211 4210 75226 75224 71037 75217 75229
6900 4196 4197 4212 4211 75233 75231 71044 75224 75236
6901 4197 4198 4213 4212 75240 75238 71051 75231 75243
6902 4198 4199 4214 4213 75247 75245 71058 75238 75250
6903 4199 4200 4215 4214 75254 75252 71065 75245 75257
6904 4200 4201 4216 4215 75261 75259 71072 75252 75264
6905 4201 4202 4217 4216 75268 75266 71079 75259 75271
6906 4202 4203 4218 4217 75275 75273 71086 75266 75278
6907 4203 4204 4219 4218 75282 75280 71093 75273 75285
6908 4204 4205 4220 4219 75289 75287 71100 75280 75292
6909 4205 4206 4221 4220 75296 75294 71107 75287 75299
6910 4206 4207 4222 4221 75303 75301 71114 75294 75306
6911 4207 4208 4223 4222 75310 75308 71121 75301 75313
6912 4208 1490 1489 4223 75317 75315 71128 75308 75320
7473 61 4179 4194 62 79399 79396 75210 79397 79404
7474 4179 4180 4195 4194 79408 79406 75219 79396 79411
7475 4180 4181 4196 4195 79415 79413 75226 79406 79418
7476 4181 4182 4197 4196 79422 79420 75233 79413 79425
7477 4182 4183 4198 4197 79429 79427 75240 79420 79432
7478 4183 4184 4199 4198 79436 79434 75247 79427 79439
7479 4184 4185 4200 4199 79443 79441 75254 79434 79446
7480 4185 4186 4201 4200 79450 79448 75261 79441 79453
7481 4186 4187 4202 4201 79457 79455 75268 79448 79460
7482 4187 4188 4203 4202 79464 79462 75275 79455 79467
7483 4188 4189 4204 4203 79471 79469 75282 79462 79474
7484 4189 4190 4205 4204 79478 79476 75289 79469 79481
7485 4190 4191 4206 4205 79485 79483 75296 79476 79488
7486 4191 4192 4207 4206 79492 79490 75303 79483 79495
7487 4192 4193 4208 4207 79499 79497 75310 79490 79502
7488 4193 1491 1490 4208 79506 79504 75317 79497 79509
8049 60 4164 4179 61 83588 83585 79399 83586 83593
8050 4164 4165 4180 4179 83597 83595 79408 83585 83600
8051 4165 4166 4181 4180 83604 83602 79415 83595 83607
8052 4166 4167 4182 4181 83611 83609 79422 83602 83614
8053 4167 4168 4183 4182 83618 83616 79429 83609 83621
8054 4168 4169 4184 4183 83625 83623 79436 83616 83628
8055 4169 4170 4185 4184 83632 83630 79443 83623 83635
8056 4170 4171 4186 4185 83639 83637 79450 83630 83642
8057 4171 4172 4187 4186 83646 83644 79457 83637 83649
8058 4172 4173 4188 4187 83653 83651 79464 83644 83656
8059 4173 4174 4189 4188 83660 83658 79471 83651 83663
8060 4174 4175 4190 4189 83667 83665 79478 83658 83670
8061 4175 4176 4191 4190 83674 83672 79485 83665 83677
8062 4176 4177 4192 4191 83681 83679 79492 83672 83684
8063 4177 4178 4193 4192 83688 83686 79499 83679 83691
8064 4178 1492 1491 4193 83695 83693 79506 83686 83698
8625 59 4149 4164 60 87777 87774 83588 87775 87782
8626 4149 4150 4165 4164 87786 87784 83597 87774 87789
8627 4150 4151 4166 4165 87793 87791 83604 87784 87796
8628 4151 4152 4167 4166 87800 87798 83611 87791 87803
8629 4152 4153 4168 4167 87807 87805 83618 87798 87810
8630 4153 4154 4169 4168 87814 87812 83625 87805 87817
8631 4154 4155 4170 4169 87821 87819 83632 87812 87824
8632 4155 4156 4171 4170 87828 87826 83639 87819 87831
8633 4156 4157 4172 4171 87835 87833 83646 87826 87838
8634 4157 4158 4173 4172 87842 87840 83653 87833 87845
8635 4158 4159 4174 4173 87849 87847 83660 87840 87852
8636 4159 4160 4175 4174 87856 87854 83667 87847 87859
8637 4160 4161 4176 4175 87863 87861 83674 87854 87866
8638 4161 4162 4177 4176 87870 87868 83681 87861 87873
8639 4162 4163 4178 4177 87877 87875 83688 87868 87880
8640 4163 1493 1492 4178 87884 87882 83695 87875 87887
9201 58 4134 4149 59 91966 91963 87777 91964 91971
9202 4134 4135 4150 4149 91975 91973 87786 91963 91978
9203 4135 4136 4151 4150 91982 91980 87793 91973 91985
9204 4136 4137 4152 4151 91989 91987 87800 91980 91992
9205 4137 4138 4153 4152 91996 91994 87807 91987 91999
9206 4138 4139 4154 4153 92003 92001 87814 91994 92006
9207 4139 4140 4155 4154 92010 92008 87821 92001 92013
9208 4140 4141 4156 4155 92017 92015 87828 92008 92020
9209 4141 4142 4157 4156 92024 92022 87835 92015 92027
9210 4142 4143 4158 4157 92031 92029 87842 92022 92034
9211 4143 4144 4159 4158 92038 92036 87849 92029 92041
9212 4144 4145 4160 4159 92045 92043 87856 92036 92048
9213 4145 4146 4161 4160 92052 92050 87863 92043 92055
9214 4146 4147 4162 4161 92059 92057 87870 92050 92062
9215 4147 4148 4163 4162 92066 92064 87877 92057 92069
9216 4148 1494 1493 4163 92073 92071 87884 92064 92076
9777 57 4119 4134 58 96155 96152 91966 96153 96160
9778 4119 4120 4135 4134 96164 96162 91975 96152 96167
9779 4120 4121 4136 4135 96171 96169 91982 96162 96174
9780 4121 4122 4137 4136 96178 96176 91989 96169 96181
9781 4122 4123 4138 4137 96185 96183 91996 96176 96188
9782 4123 4124 4139 4138 96192 96190 92003 96183 96195
9783 4124 4125 4140 4139 96199 96197 92010 96190 96202
9784 4125 4126 4141 4140 96206 96204 92017 96197 96209
9785 4126 4127 4142 4141 96213 96211 92024 96204 96216
9786 4127 4128 4143 4142 96220 96218 92031 96211 96223
9787 4128 4129 4144 4143 96227 96225 92038 96218 96230
9788 4129 4130 4145 4144 96234 96232 92045 96225 96237
9789 4130 4131 4146 4145 96241 96239 92052 96232 96244
9790 4131 4132 4147 4146 96248 96246 92059 96239 96251
9791 4132 4133 4148 4147 96255 96253 92066 96246 96258
9792 4133 1495 1494 4148 96262 96260 92073 96253 96265
10353 56 4104 4119 57 100344 100341 96155 100342 100349
10354 4104 4105 4120 4119 100353 100351 96164 100341 100356
10355 4105 4106 4121 4120 100360 100358 96171 100351 100363
10356 4106 4107 4122 4121 100367 100365 96178 100358 100370
10357 4107 4108 4123 4122 100374 100372 96185 100365 100377
10358 4108 4109 4124 4123 100381 100379 96192 100372 100384
10359 4109 4110 4125 4124 100388 100386 96199 100379 100391
10360 4110 4111 4126 4125 100395 100393 96206 100386 100398
10361 4111 4112 4127 4126 100402 100400 96213 100393 100405
10362 4112 4113 4128 4127 100409 100407 96220 100400 100412
10363 4113 4114 4129 4128 100416 100414 96227 100407 100419
10364 4114 4115 4130 4129 100423 100421 96234 100414 100426
10365 4115 4116 4131 4130 100430 100428 96241 100421 100433
10366 4116 4117 4132 4131 100437 100435 96248 100428 100440
10367 4117 4118 4133 4132 100444 100442 96255 100435 100447
10368 4118 1496 1495 4133 100451 100449 96262 100442 100454
10929 55 4089 4104 56 104533 104530 100344 104531 104538
10930 4089 4090 4105 4104 104542 104540 100353 104530 104545
10931 4090 4091 4106 4105 104549 104547 100360 104540 104552
10932 4091 4092 4107 4106 104556 104554 100367 104547 104559
10933 4092 4093 4108 4107 104563 104561 100374 104554 104566
10934 4093 4094 4109 4108 104570 104568 100381 104561 104573
10935 4094 4095 4110 4109 104577 104575 100388 104568 104580
10936 4095 4096 4111 4110 104584 104582 100395 104575 104587
10937 4096 4097 4112 4111 104591 104589 100402 104582 104594
10938 4097 4098 4113 4112 104598 104596 100409 104589 104601
10939 4098 4099 4114 4113 104605 104603 100416 104596 104608
10940 4099 4100 4115 4114 104612 104610 100423 104603 104615
10941 4100 4101 4116 4115 104619 104617 100430 104610 104622
10942 4101 4102 4117 4116 104626 104624 100437 104617 104629
10943 4102 4103 4118 4117 104633 104631 100444 104624 104636
10944 4103 1497 1496 4118 104640 104638 100451 104631 104643
11505 54 4074 4089 55 108722 108719 104533 108720 108727
11506 4074 4075 4090 4089 108731 108729 104542 108719 108734
11507 4075 4076 4091 4090 108738 108736 104549 108729 108741
11508 4076 4077 4092 4091 108745 108743 104556 108736 108748
11509 4077 4078 4093 4092 108752 108750 104563 108743 108755
11510 4078 4079 4094 4093 108759 108757 104570 108750 108762
11511 4079 4080 4095 4094 108766 108764 104577 108757 108769
11512 4080 4081 4096 4095 108773 108771 104584 108764 108776
11513 4081 4082 4097 4096 108780 108778 104591 108771 108783
11514 4082 4083 4098 4097 108787 108785 104598 108778 108790
11515 4083 4084 4099 4098 108794 108792 104605 108785 108797
11516 4084 4085 4100 4099 108801 108799 104612 108792 108804
11517 4085 4086 4101 4100 108808 108806 104619 108799 108811
11518 4086 4087 4102 4101 108815 108813 104626 108806 108818
11519 4087 4088 4103 4102 108822 108820 104633 108813 108825
11520 4088 1498 1497 4103 108829 108827 104640 108820 108832
12081 53 4059 4074 54 112911 112908 108722 112909 112916
12082 4059 4060 4075 4074 112920 112918 108731 112908 112923
12083 4060 4061 4076 4075 112927 112925 108738 112918 112930
12084 4061 4062 4077 4076 112934 112932 108745 112925 112937
12085 4062 4063 4078 4077 112941 112939 108752 112932 112944
12086 4063 4064 4079 4078 112948 112946 108759 112939 112951
12087 4064 4065 4080 4079 112955 112953 108766 112946 112958
12088 4065 4066 4081 4080 112962 112960 108773 112953 112965
12089 4066 4067 4082 4081 112969 112967 108780 112960 112972
12090 4067 4068 4083 4082 112976 112974 108787 112967 112979
12091 4068 4069 4084 4083 112983 112981 108794 112974 112986
12092 4069 4070 4085 4084 112990 112988 108801 112981 112993
12093 4070 4071 4086 4085 112997 112995 108808 112988 113000
12094 4071 4072 4087 4086 113004 113002 108815 112995 113007
12095 4072 4073 4088 4087 113011 113009 108822 113002 113014
12096 4073 1499 1498 4088 113018 113016 108829 113009 113021
12657 52 4044 4059 53 117100 117097 112911 117098 117105
12658 4044 4045 4060 4059 117109 117107 112920 117097 117112
12659 4045 4046 4061 4060 117116 117114 112927 117107 117119
12660 4046 4047 4062 4061 117123 117121 112934 117114 117126
12661 4047 4048 4063 4062 117130 117128 112941 117121 117133
12662 4048 4049 4064 4063 117137 117135 112948 117128 117140
12663 4049 4050 4065 4064 117144 117142 112955 117135 117147
12664 4050 4051 4066 4065 117151 117149 112962 117142 117154
12665 4051 4052 4067 4066 117158 117156 112969 117149 117161
12666 4052 4053 4068 4067 117165 117163 112976 117156 117168
12667 4053 4054 4069 4068 117172 117170 112983 117163 117175
12668 4054 4055 4070 4069 117179 117177 112990 117170 117182
12669 4055 4056 4071 4070 117186 117184 112997 117177 117189
12670 4056 4057 4072 4071 117193 117191 113004 117184 117196
12671 4057 4058 4073 4072 117200 117198 113011 117191 117203
12672 4058 1500 1499 4073 117207 117205 113018 117198 117210
13233 51 4029 4044 52 121289 121286 117100 121287 121294
13234 4029 4030 4045 4044 121298 121296 117109 121286 121301
13235 4030 4031 4046 4045 121305 121303 117116 121296 121308
13236 4031 4032 4047 4046 121312 121310 117123 121303 121315
13237 4032 4033 4048 4047 121319 121317 117130 121310 121322
13238 4033 4034 4049 4048 121326 121324 117137 121317 121329
13239 4034 4035 4050 4049 121333 121331 117144 121324 121336
13240 4035 4036 4051 4050 121340 121338 117151 121331 121343
13241 4036 4037 4052 4051 121347 121345 117158 121338 121350
13242 4037 4038 4053 4052 121354 121352 117165 121345 121357
13243 4038 4039 4054 4053 121361 121359 117172 121352 121364
13244 4039 4040 4055 4054 121368 121366 117179 121359 121371
13245 4040 4041 4056 4055 121375 121373 117186 121366 121378
13246 4041 4042 4057 4056 121382 121380 117193 121373 121385
13247 4042 4043 4058 4057 121389 121387 117200 121380 121392
13248 4043 1501 1500 4058 121396 121394 117207 121387 121399
13809 50 4014 4029 51 125478 125475 121289 125476 125483
13810 4014 4015 4030 4029 125487 125485 121298 125475 125490
13811 4015 4016 4031 4030 125494 125492 121305 125485 125497
13812 4016 4017 4032 4031 125501 125499 121312 125492 125504
13813 4017 4018 4033 4032 125508 125506 121319 125499 125511
13814 4018 4019 4034 4033 125515 125513 121326 125506 125518
13815 4019 4020 4035 4034 125522 125520 121333 125513 125525
13816 4020 4021 4036 4035 125529 125527 121340 125520 125532
13817 4021 4022 4037 4036 125536 125534 121347 125527 125539
13818 4022 4023 4038 4037 125543 125541 121354 125534 125546
13819 4023 4024 4039 4038 125550 125548 121361 125541 125553
13820 4024 4025 4040 4039 125557 125555 121368 125548 125560
13821 4025 4026 4041 4040 125564 125562 121375 125555 125567
13822 4026 4027 4042 4041 125571 125569 121382 125562 125574
13823 4027 4028 4043 4042 125578 125576 121389 125569 125581
13824 4028 1502 1501 4043 125585 125583 121396 125576 125588
14385 49 3999 4014 50 129667 129664 125478 129665 129672
14386 3999 4000 4015 4014 129676 129674 125487 129664 129679
14387 4000 4001 4016 4015 129683 129681 125494 129674 129686
14388 4001 4002 4017 4016 129690 129688 125501 129681 129693
14389 4002 4003 4018 4017 129697 129695 125508 129688 129700
14390 4003 4004 4019 4018 129704 129702 125515 129695 129707
14391 4004 4005 4020 4019 129711 129709 125522 129702 129714
14392 4005 4006 4021 4020 129718 129716 125529 129709 129721
14393 4006 4007 4022 4021 129725 129723 125536 129716 129728
14394 4007 4008 4023 4022 129732 129730 125543 129723 129735
14395 4008 4009 4024 4023 129739 129737 125550 129730 129742
14396 4009 4010 4025 4024 129746 129744 125557 129737 129749
14397 4010 4011 4026 4025 129753 129751 125564 129744 129756
14398 4011 4012 4027 4026 129760 129758 125571 129751 129763
14399 4012 4013 4028 4027 129767 129765 125578 129758 129770
14400 4013 1503 1502 4028 129774 129772 125585 129765 129777
14961 48 3984 3999 49 133856 133853 129667 133854 133861
14962 3984 3985 4000 3999 133865 133863 129676 133853 133868
14963 3985 3986 4001 4000 133872 133870 129683 133863 133875
14964 3986 3987 4002 4001 133879 133877 129690 133870 133882
14965 3987 3988 4003 4002 133886 133884 129697 133877 133889
14966 3988 3989 4004 4003 133893 133891 129704 133884 133896
14967 3989 3990 4005 4004 133900 133898 129711 133891 133903
14968 3990 3991 4006 4005 133907 133905 129718 133898 133910
14969 3991 3992 4007 4006 133914 133912 129725 133905 133917
14970 3992 3993 4008 4007 133921 133919 129732 133912 133924
14971 3993 3994 4009 4008 133928 133926 129739 133919 133931
14972 3994 3995 4010 4009 133935 133933 129746 133926 133938
14973 3995 3996 4011 4010 133942 133940 129753 133933 133945
14974 3996 3997 4012 4011 133949 133947 129760 133940 133952
14975 3997 3998 4013 4012 133956 133954 129767 133947 133959
14976 3998 1504 1503 4013 133963 133961 129774 133954 133966
15537 47 3969 3984 48 138045 138042 133856 138043 138050
15538 3969 3970 3985 3984 138054 138052 133865 138042 138057
15539 3970 3971 3986 3985 138061 138059 133872 138052 138064
15540 3971 3972 3987 3986 138068 138066 133879 138059 138071
15541 3972 3973 3988 3987 138075 138073 133886 138066 138078
15542 3973 3974 3989 3988 138082 138080 133893 138073 138085
15543 3974 3975 3990 3989 138089 138087 133900 138080 138092
15544 3975 3976 3991 3990 138096 138094 133907 138087 138099
15545 3976 3977 3992 3991 138103 138101 133914 138094 138106
15546 3977 3978 3993 3992 138110 138108 133921 138101 138113
15547 3978 3979 3994 3993 138117 138115 133928 138108 138120
15548 3979 3980 3995 3994 138124 138122 133935 138115 138127
15549 3980 3981 3996 3995 138131 138129 133942 138122 138134
15550 3981 3982 3997 3996 138138 138136 133949 138129 138141
15551 3982 3983 3998 3997 138145 138143 133956 138136 138148
15552 3983 1505 1504 3998 138152 138150 133963 138143 138155
16113 46 3954 3969 47 142234 142231 138045 142232 142239
16114 3954 3955 3970 3969 142243 142241 138054 142231 142246
16115 3955 3956 3971 3970 142250 142248 138061 142241 142253
16116 3956 3957 3972 3971 142257 142255 138068 142248 142260
16117 3957 3958 3973 3972 142264 142262 138075 142255 142267
16118 3958 3959 3974 3973 142271 142269 138082 142262 142274
16119 3959 3960 3975 3974 142278 142276 138089 142269 142281
16120 3960 3961 3976 3975 142285 142283 138096 142276 142288
16121 3961 3962 3977 3976 142292 142290 138103 142283 142295
16122 3962 3963 3978 3977 142299 142297 138110 142290 142302
16123 3963 3964 3979 3978 142306 142304 138117 142297 142309
16124 3964 3965 3980 3979 142313 142311 138124 142304 142316
16125 3965 3966 3981 3980 142320 142318 138131 142311 142323
16126 3966 3967 3982 3981 142327 142325 138138 142318 142330
16127 3967 3968 3983 3982 142334 142332 138145 142325 142337
16128 3968 1506 1505 3983 142341 142339 138152 142332 142344
16689 45 3939 3954 46 146423 146420 142234 146421 146428
16690 3939 3940 3955 3954 146432 146430 142243 146420 146435
16691 3940 3941 3956 3955 146439 146437 142250 146430 146442
16692 3941 3942 3957 3956 146446 146444 142257 146437 146449
16693 3942 3943 3958 3957 146453 146451 142264 146444 146456
16694 3943 3944 3959 3958 146460 146458 142271 146451 146463
16695 3944 3945 3960 3959 146467 146465 142278 146458 146470
16696 3945 3946 3961 3960 146474 146472 142285 146465 146477
16697 3946 3947 3962 3961 146481 146479 142292 146472 146484
16698 3947 3948 3963 3962 146488 146486 142299 146479 146491
16699 3948 3949 3964 3963 146495 146493 142306 146486 146498
16700 3949 3950 3965 3964 146502 146500 142313 146493 146505
16701 3950 3951 3966 3965 146509 146507 142320 146500 146512
16702 3951 3952 3967 3966 146516 146514 142327 146507 146519
16703 3952 3953 3968 3967 146523 146521 142334 146514 146526
16704 3953 1507 1506 3968 146530 146528 142341 146521 146533
17265 44 3924 3939 45 150612 150609 146423 150610 150617
17266 3924 3925 3940 3939 150621 150619 146432 150609 150624
17267 3925 3926 3941 3940 150628 150626 146439 150619 150631
17268 3926 3927 3942 3941 150635 150633 146446 150626 150638
17269 3927 3928 3943 3942 150642 150640 146453 150633 150645
17270 3928 3929 3944 3943 150649 150647 146460 150640 150652
17271 3929 3930 3945 3944 150656 150654 146467 150647 150659
17272 3930 3931 3946 3945 150663 150661 146474 150654 150666
17273 3931 3932 3947 3946 150670 150668 146481 150661 150673
17274 3932 3933 3948 3947 150677 150675 146488 150668 150680
17275 3933 3934 3949 3948 150684 150682 146495 150675 150687
17276 3934 3935 3950 3949 150691 150689 146502 150682 150694
17277 3935 3936 3951 3950 150698 150696 146509 150689 150701
17278 3936 3937 3952 3951 150705 150703 146516 150696 150708
17279 3937 3938 3953 3952 150712 150710 146523 150703 150715
17280 3938 1508 1507 3953 150719 150717 146530 150710 150722
17841 43 3909 3924 44 154801 154798 150612 154799 154806
17842 3909 3910 3925 3924 154810 154808 150621 154798 154813
17843 3910 3911 3926 3925 154817 154815 150628 154808 154820
17844 3911 3912 3927 3926 154824 154822 150635 154815 154827
17845 3912 3913 3928 3927 154831 154829 150642 154822 154834
17846 3913 3914 3929 3928 154838 154836 150649 154829 154841
17847 3914 3915 3930 3929 154845 154843 150656 154836 154848
17848 3915 3916 3931 3930 154852 154850 150663 154843 154855
17849 3916 3917 3932 3931 154859 154857 150670 154850 154862
17850 3917 3918 3933 3932 154866 154864 150677 154857 154869
17851 3918 3919 3934 3933 154873 154871 150684 154864 154876
17852 3919 3920 3935 3934 154880 154878 150691 154871 154883
17853 3920 3921 3936 3935 154887 154885 150698 154878 154890
17854 3921 3922 3937 3936 154894 154892 150705 154885 154897
17855 3922 3923 3938 3937 154901 154899 150712 154892 154904
17856 3923 1509 1508 3938 154908 154906 150719 154899 154911
18417 42 3894 3909 43 158990 158987 154801 158988 158995
18418 3894 3895 3910 3909 158999 158997 154810 158987 159002
18419 3895 3896 3911 3910 159006 159004 154817 158997 159009
18420 3896 3897 3912 3911 159013 159011 154824 159004 159016
18421 3897 3898 3913 3912 159020 159018 154831 159011 159023
18422 3898 3899 3914 3913 159027 159025 154838 159018 159030
18423 3899 3900 3915 3914 159034 159032 154845 159025 159037
18424 3900 3901 3916 3915 159041 159039 154852 159032 159044
18425 3901 3902 3917 3916 159048 159046 154859 159039 159051
18426 3902 3903 3918 3917 159055 159053 154866 159046 159058
18427 3903 3904 3919 3918 159062 159060 154873 159053 159065
18428 3904 3905 3920 3919 159069 159067 154880 159060 159072
18429 3905 3906 3921 3920 159076 159074 154887 159067 159079
18430 3906 3907 3922 3921 159083 159081 154894 159074 159086
18431 3907 3908 3923 3922 159090 159088 154901 159081 159093
18432 3908 1510 1509 3923 159097 159095 154908 159088 159100
18993 41 3879 3894 42 163179 163176 158990 163177 163184
18994 3879 3880 3895 3894 163188 163186 158999 163176 163191
18995 3880 3881 3896 3895 163195 163193 159006 163186 163198
18996 3881 3882 3897 3896 163202 163200 159013 163193 163205
18997 3882 3883 3898 3897 163209 163207 159020 163200 163212
18998 3883 3884 3899 3898 163216 163214 159027 163207 163219
18999 3884 3885 3900 3899 163223 163221 159034 163214 163226
19000 3885 3886 3901 3900 163230 163228 159041 163221 163233
19001 3886 3887 3902 3901 163237 163235 159048 163228 163240
19002 3887 3888 3903 3902 163244 163242 159055 163235 163247
19003 3888 3889 3904 3903 163251 163249 159062 163242 163254
19004 3889 3890 3905 3904 163258 163256 159069 163249 163261
19005 3890 3891 3906 3905 163265 163263 159076 163256 163268
19006 3891 3892 3907 3906 163272 163270 159083 163263 163275
19007 3892 3893 3908 3907 163279 163277 159090 163270 163282
19008 3893 1511 1510 3908 163286 163284 159097 163277 163289
19569 40 3864 3879 41 167368 167365 163179 167366 167373
19570 3864 3865 3880 3879 167377 167375 163188 167365 167380
19571 3865 3866 3881 3880 167384 167382 163195 167375 167387
19572 3866 3867 3882 3881 167391 167389 163202 167382 167394
19573 3867 3868 3883 3882 167398 167396 163209 167389 167401
19574 3868 3869 3884 3883 167405 167403 163216 167396 167408
19575 3869 3870 3885 3884 167412 167410 163223 167403 167415
19576 3870 3871 3886 3885 167419 167417 163230 167410 167422
19577 3871 3872 3887 3886 167426 167424 163237 167417 167429
19578 3872 3873 3888 3887 167433 167431 163244 167424 167436
19579 3873 3874 3889 3888 167440 167438 163251 167431 167443
19580 3874 3875 3890 3889 167447 167445 163258 167438 167450
19581 3875 3876 3891 3890 167454 167452 163265 167445 167457
19582 3876 3877 3892 3891 167461 167459 163272 167452 167464
19583 3877 3878 3893 3892 167468 167466 163279 167459 167471
19584 3878 1512 1511 3893 167475 167473 163286 167466 167478
20145 39 3849 3864 40 171557 171554 167368 171555 171562
20146 3849 3850 3865 3864 171566 171564 167377 171554 171569
20147 3850 3851 3866 3865 171573 171571 167384 171564 171576
20148 3851 3852 3867 3866 171580 171578 167391 171571 171583
20149 3852 3853 3868 3867 171587 171585 167398 171578 171590
20150 3853 3854 3869 3868 171594 171592 167405 171585 171597
20151 3854 3855 3870 3869 171601 171599 167412 171592 171604
20152 3855 3856 3871 3870 171608 171606 167419 171599 171611
20153 3856 3857 3872 3871 171615 171613 167426 171606 171618
20154 3857 3858 3873 3872 171622 171620 167433 171613 171625
20155 3858 3859 3874 3873 171629 171627 167440 171620 171632
20156 3859 3860 3875 3874 171636 171634 167447 171627 171639
20157 3860 3861 3876 3875 171643 171641 167454 171634 171646
20158 3861 3862 3877 3876 171650 171648 167461 171641 171653
20159 3862 3863 3878 3877 171657 171655 167468 171648 171660
20160 3863 1513 1512 3878 171664 171662 167475 171655 171667
20721 2 3834 3849 39 175746 175743 171557 175744 175751
20722 3834 3835 3850 3849 175755 175753 171566 175743 175758
20723 3835 3836 3851 3850 175762 175760 171573 175753 175765
20724 3836 3837 3852 3851 175769 175767 171580 175760 175772
20725 3837 3838 3853 3852 175776 175774 171587 175767 175779
20726 3838 3839 3854 3853 175783 175781 171594 175774 175786
20727 3839 3840 3855 3854 175790 175788 171601 175781 175793
20728 3840 3841 3856 3855 175797 175795 171608 175788 175800
20729 3841 3842 3857 3856 175804 175802 171615 175795 175807
20730 3842 3843 3858 3857 175811 175809 171622 175802 175814
20731 3843 3844 3859 3858 175818 175816 171629 175809 175821
20732 3844 3845 3860 3859 175825 175823 171636 175816 175828
20733 3845 3846 3861 3860 175832 175830 171643 175823 175835
20734 3846 3847 3862 3861 175839 175837 171650 175830 175842
20735 3847 3848 3863 3862 175846 175844 171657 175837 175849
20736 3848 1370 1513 3863 175853 175851 171664 175844 175856
