576
1 109 3819 2739 74 23276 23275 23274 23277 23286
2 3819 3820 2740 2739 23295 23294 23293 23275 23301
3 3820 3821 2741 2740 23309 23308 23307 23294 23315
4 3821 3822 2742 2741 23323 23322 23321 23308 23329
5 3822 3823 2743 2742 23337 23336 23335 23322 23343
6 3823 3824 2744 2743 23351 23350 23349 23336 23357
7 3824 3825 2745 2744 23365 23364 23363 23350 23371
8 3825 3826 2746 2745 23379 23378 23377 23364 23385
9 3826 3827 2747 2746 23393 23392 23391 23378 23399
10 3827 3828 2748 2747 23407 23406 23405 23392 23413
11 3828 3829 2749 2748 23421 23420 23419 23406 23427
12 3829 3830 2750 2749 23435 23434 23433 23420 23441
13 3830 3831 2751 2750 23449 23448 23447 23434 23455
14 3831 3832 2752 2751 23463 23462 23461 23448 23469
15 3832 3833 2753 2752 23477 23476 23475 23462 23483
16 3833 1444 1407 2753 23491 23490 23489 23476 23497
17 108 3804 3819 109 23504 23503 23276 23505 23511
18 3804 3805 3820 3819 23518 23517 23295 23503 23522
19 3805 3806 3821 3820 23528 23527 23309 23517 23532
20 3806 3807 3822 3821 23538 23537 23323 23527 23542
21 3807 3808 3823 3822 23548 23547 23337 23537 23552
22 3808 3809 3824 3823 23558 23557 23351 23547 23562
23 3809 3810 3825 3824 23568 23567 23365 23557 23572
24 3810 3811 3826 3825 23578 23577 23379 23567 23582
25 3811 3812 3827 3826 23588 23587 23393 23577 23592
26 3812 3813 3828 3827 23598 23597 23407 23587 23602
27 3813 3814 3829 3828 23608 23607 23421 23597 23612
28 3814 3815 3830 3829 23618 23617 23435 23607 23622
29 3815 3816 3831 3830 23628 23627 23449 23617 23632
30 3816 3817 3832 3831 23638 23637 23463 23627 23642
31 3817 3818 3833 3832 23648 23647 23477 23637 23652
32 3818 1445 1444 3833 23658 23657 23491 23647 23662
33 107 3789 3804 108 23668 23667 23504 23669 23675
34 3789 3790 3805 3804 23682 23681 23518 23667 23686
35 3790 3791 3806 3805 23692 23691 23528 23681 23696
36 3791 3792 3807 3806 23702 23701 23538 23691 23706
37 3792 3793 3808 3807 23712 23711 23548 23701 23716
38 3793 3794 3809 3808 23722 23721 23558 23711 23726
39 3794 3795 3810 3809 23732 23731 23568 23721 23736
40 3795 3796 3811 3810 23742 23741 23578 23731 23746
41 3796 3797 3812 3811 23752 23751 23588 23741 23756
42 3797 3798 3813 3812 23762 23761 23598 23751 23766
43 3798 3799 3814 3813 23772 23771 23608 23761 23776
44 3799 3800 3815 3814 23782 23781 23618 23771 23786
45 3800 3801 3816 3815 23792 23791 23628 23781 23796
46 3801 3802 3817 3816 23802 23801 23638 23791 23806
47 3802 3803 3818 3817 23812 23811 23648 23801 23816
48 3803 1446 1445 3818 23822 23821 23658 23811 23826
49 106 3774 3789 107 23832 23831 23668 23833 23839
50 3774 3775 3790 3789 23846 23845 23682 23831 23850
51 3775 3776 3791 3790 23856 23855 23692 23845 23860
52 3776 3777 3792 3791 23866 23865 23702 23855 23870
53 3777 3778 3793 3792 23876 23875 23712 23865 23880
54 3778 3779 3794 3793 23886 23885 23722 23875 23890
55 3779 3780 3795 3794 23896 23895 23732 23885 23900
56 3780 3781 3796 3795 23906 23905 23742 23895 23910
57 3781 3782 3797 3796 23916 23915 23752 23905 23920
58 3782 3783 3798 3797 23926 23925 23762 23915 23930
59 3783 3784 3799 3798 23936 23935 23772 23925 23940
60 3784 3785 3800 3799 23946 23945 23782 23935 23950
61 3785 3786 3801 3800 23956 23955 23792 23945 23960
62 3786 3787 3802 3801 23966 23965 23802 23955 23970
63 3787 3788 3803 3802 23976 23975 23812 23965 23980
64 3788 1447 1446 3803 23986 23985 23822 23975 23990
65 105 3759 3774 106 23996 23995 23832 23997 24003
66 3759 3760 3775 3774 24010 24009 23846 23995 24014
67 3760 3761 3776 3775 24020 24019 23856 24009 24024
68 3761 3762 3777 3776 24030 24029 23866 24019 24034
69 3762 3763 3778 3777 24040 24039 23876 24029 24044
70 3763 3764 3779 3778 24050 24049 23886 24039 24054
71 3764 3765 3780 3779 24060 24059 23896 24049 24064
72 3765 3766 3781 3780 24070 24069 23906 24059 24074
73 3766 3767 3782 3781 24080 24079 23916 24069 24084
74 3767 3768 3783 3782 24090 24089 23926 24079 24094
75 3768 3769 3784 3783 24100 24099 23936 24089 24104
76 3769 3770 3785 3784 24110 24109 23946 24099 24114
77 3770 3771 3786 3785 24120 24119 23956 24109 24124
78 3771 3772 3787 3786 24130 24129 23966 24119 24134
79 3772 3773 3788 3787 24140 24139 23976 24129 24144
80 3773 1448 1447 3788 24150 24149 23986 24139 24154
81 104 3744 3759 105 24160 24159 23996 24161 24167
82 3744 3745 3760 3759 24174 24173 24010 24159 24178
83 3745 3746 3761 3760 24184 24183 24020 24173 24188
84 3746 3747 3762 3761 24194 24193 24030 24183 24198
85 3747 3748 3763 3762 24204 24203 24040 24193 24208
86 3748 3749 3764 3763 24214 24213 24050 24203 24218
87 3749 3750 3765 3764 24224 24223 24060 24213 24228
88 3750 3751 3766 3765 24234 24233 24070 24223 24238
89 3751 3752 3767 3766 24244 24243 24080 24233 24248
90 3752 3753 3768 3767 24254 24253 24090 24243 24258
91 3753 3754 3769 3768 24264 24263 24100 24253 24268
92 3754 3755 3770 3769 24274 24273 24110 24263 24278
93 3755 3756 3771 3770 24284 24283 24120 24273 24288
94 3756 3757 3772 3771 24294 24293 24130 24283 24298
95 3757 3758 3773 3772 24304 24303 24140 24293 24308
96 3758 1449 1448 3773 24314 24313 24150 24303 24318
97 103 3729 3744 104 24324 24323 24160 24325 24331
98 3729 3730 3745 3744 24338 24337 24174 24323 24342
99 3730 3731 3746 3745 24348 24347 24184 24337 24352
100 3731 3732 3747 3746 24358 24357 24194 24347 24362
101 3732 3733 3748 3747 24368 24367 24204 24357 24372
102 3733 3734 3749 3748 24378 24377 24214 24367 24382
103 3734 3735 3750 3749 24388 24387 24224 24377 24392
104 3735 3736 3751 3750 24398 24397 24234 24387 24402
105 3736 3737 3752 3751 24408 24407 24244 24397 24412
106 3737 3738 3753 3752 24418 24417 24254 24407 24422
107 3738 3739 3754 3753 24428 24427 24264 24417 24432
108 3739 3740 3755 3754 24438 24437 24274 24427 24442
109 3740 3741 3756 3755 24448 24447 24284 24437 24452
110 3741 3742 3757 3756 24458 24457 24294 24447 24462
111 3742 3743 3758 3757 24468 24467 24304 24457 24472
112 3743 1450 1449 3758 24478 24477 24314 24467 24482
113 102 3714 3729 103 24488 24487 24324 24489 24495
114 3714 3715 3730 3729 24502 24501 24338 24487 24506
115 3715 3716 3731 3730 24512 24511 24348 24501 24516
116 3716 3717 3732 3731 24522 24521 24358 24511 24526
117 3717 3718 3733 3732 24532 24531 24368 24521 24536
118 3718 3719 3734 3733 24542 24541 24378 24531 24546
119 3719 3720 3735 3734 24552 24551 24388 24541 24556
120 3720 3721 3736 3735 24562 24561 24398 24551 24566
121 3721 3722 3737 3736 24572 24571 24408 24561 24576
122 3722 3723 3738 3737 24582 24581 24418 24571 24586
123 3723 3724 3739 3738 24592 24591 24428 24581 24596
124 3724 3725 3740 3739 24602 24601 24438 24591 24606
125 3725 3726 3741 3740 24612 24611 24448 24601 24616
126 3726 3727 3742 3741 24622 24621 24458 24611 24626
127 3727 3728 3743 3742 24632 24631 24468 24621 24636
128 3728 1451 1450 3743 24642 24641 24478 24631 24646
129 101 3699 3714 102 24652 24651 24488 24653 24659
130 3699 3700 3715 3714 24666 24665 24502 24651 24670
131 3700 3701 3716 3715 24676 24675 24512 24665 24680
132 3701 3702 3717 3716 24686 24685 24522 24675 24690
133 3702 3703 3718 3717 24696 24695 24532 24685 24700
134 3703 3704 3719 3718 24706 24705 24542 24695 24710
135 3704 3705 3720 3719 24716 24715 24552 24705 24720
136 3705 3706 3721 3720 24726 24725 24562 24715 24730
137 3706 3707 3722 3721 24736 24735 24572 24725 24740
138 3707 3708 3723 3722 24746 24745 24582 24735 24750
139 3708 3709 3724 3723 24756 24755 24592 24745 24760
140 3709 3710 3725 3724 24766 24765 24602 24755 24770
141 3710 3711 3726 3725 24776 24775 24612 24765 24780
142 3711 3712 3727 3726 24786 24785 24622 24775 24790
143 3712 3713 3728 3727 24796 24795 24632 24785 24800
144 3713 1452 1451 3728 24806 24805 24642 24795 24810
145 100 3684 3699 101 24816 24815 24652 24817 24823
146 3684 3685 3700 3699 24830 24829 24666 24815 24834
147 3685 3686 3701 3700 24840 24839 24676 24829 24844
148 3686 3687 3702 3701 24850 24849 24686 24839 24854
149 3687 3688 3703 3702 24860 24859 24696 24849 24864
150 3688 3689 3704 3703 24870 24869 24706 24859 24874
151 3689 3690 3705 3704 24880 24879 24716 24869 24884
152 3690 3691 3706 3705 24890 24889 24726 24879 24894
153 3691 3692 3707 3706 24900 24899 24736 24889 24904
154 3692 3693 3708 3707 24910 24909 24746 24899 24914
155 3693 3694 3709 3708 24920 24919 24756 24909 24924
156 3694 3695 3710 3709 24930 24929 24766 24919 24934
157 3695 3696 3711 3710 24940 24939 24776 24929 24944
158 3696 3697 3712 3711 24950 24949 24786 24939 24954
159 3697 3698 3713 3712 24960 24959 24796 24949 24964
160 3698 1453 1452 3713 24970 24969 24806 24959 24974
161 99 3669 3684 100 24980 24979 24816 24981 24987
162 3669 3670 3685 3684 24994 24993 24830 24979 24998
163 3670 3671 3686 3685 25004 25003 24840 24993 25008
164 3671 3672 3687 3686 25014 25013 24850 25003 25018
165 3672 3673 3688 3687 25024 25023 24860 25013 25028
166 3673 3674 3689 3688 25034 25033 24870 25023 25038
167 3674 3675 3690 3689 25044 25043 24880 25033 25048
168 3675 3676 3691 3690 25054 25053 24890 25043 25058
169 3676 3677 3692 3691 25064 25063 24900 25053 25068
170 3677 3678 3693 3692 25074 25073 24910 25063 25078
171 3678 3679 3694 3693 25084 25083 24920 25073 25088
172 3679 3680 3695 3694 25094 25093 24930 25083 25098
173 3680 3681 3696 3695 25104 25103 24940 25093 25108
174 3681 3682 3697 3696 25114 25113 24950 25103 25118
175 3682 3683 3698 3697 25124 25123 24960 25113 25128
176 3683 1454 1453 3698 25134 25133 24970 25123 25138
177 98 3654 3669 99 25144 25143 24980 25145 25151
178 3654 3655 3670 3669 25158 25157 24994 25143 25162
179 3655 3656 3671 3670 25168 25167 25004 25157 25172
180 3656 3657 3672 3671 25178 25177 25014 25167 25182
181 3657 3658 3673 3672 25188 25187 25024 25177 25192
182 3658 3659 3674 3673 25198 25197 25034 25187 25202
183 3659 3660 3675 3674 25208 25207 25044 25197 25212
184 3660 3661 3676 3675 25218 25217 25054 25207 25222
185 3661 3662 3677 3676 25228 25227 25064 25217 25232
186 3662 3663 3678 3677 25238 25237 25074 25227 25242
187 3663 3664 3679 3678 25248 25247 25084 25237 25252
188 3664 3665 3680 3679 25258 25257 25094 25247 25262
189 3665 3666 3681 3680 25268 25267 25104 25257 25272
190 3666 3667 3682 3681 25278 25277 25114 25267 25282
191 3667 3668 3683 3682 25288 25287 25124 25277 25292
192 3668 1455 1454 3683 25298 25297 25134 25287 25302
193 97 3639 3654 98 25308 25307 25144 25309 25315
194 3639 3640 3655 3654 25322 25321 25158 25307 25326
195 3640 3641 3656 3655 25332 25331 25168 25321 25336
196 3641 3642 3657 3656 25342 25341 25178 25331 25346
197 3642 3643 3658 3657 25352 25351 25188 25341 25356
198 3643 3644 3659 3658 25362 25361 25198 25351 25366
199 3644 3645 3660 3659 25372 25371 25208 25361 25376
200 3645 3646 3661 3660 25382 25381 25218 25371 25386
201 3646 3647 3662 3661 25392 25391 25228 25381 25396
202 3647 3648 3663 3662 25402 25401 25238 25391 25406
203 3648 3649 3664 3663 25412 25411 25248 25401 25416
204 3649 3650 3665 3664 25422 25421 25258 25411 25426
205 3650 3651 3666 3665 25432 25431 25268 25421 25436
206 3651 3652 3667 3666 25442 25441 25278 25431 25446
207 3652 3653 3668 3667 25452 25451 25288 25441 25456
208 3653 1456 1455 3668 25462 25461 25298 25451 25466
209 96 3624 3639 97 25472 25471 25308 25473 25479
210 3624 3625 3640 3639 25486 25485 25322 25471 25490
211 3625 3626 3641 3640 25496 25495 25332 25485 25500
212 3626 3627 3642 3641 25506 25505 25342 25495 25510
213 3627 3628 3643 3642 25516 25515 25352 25505 25520
214 3628 3629 3644 3643 25526 25525 25362 25515 25530
215 3629 3630 3645 3644 25536 25535 25372 25525 25540
216 3630 3631 3646 3645 25546 25545 25382 25535 25550
217 3631 3632 3647 3646 25556 25555 25392 25545 25560
218 3632 3633 3648 3647 25566 25565 25402 25555 25570
219 3633 3634 3649 3648 25576 25575 25412 25565 25580
220 3634 3635 3650 3649 25586 25585 25422 25575 25590
221 3635 3636 3651 3650 25596 25595 25432 25585 25600
222 3636 3637 3652 3651 25606 25605 25442 25595 25610
223 3637 3638 3653 3652 25616 25615 25452 25605 25620
224 3638 1457 1456 3653 25626 25625 25462 25615 25630
225 95 3609 3624 96 25636 25635 25472 25637 25643
226 3609 3610 3625 3624 25650 25649 25486 25635 25654
227 3610 3611 3626 3625 25660 25659 25496 25649 25664
228 3611 3612 3627 3626 25670 25669 25506 25659 25674
229 3612 3613 3628 3627 25680 25679 25516 25669 25684
230 3613 3614 3629 3628 25690 25689 25526 25679 25694
231 3614 3615 3630 3629 25700 25699 25536 25689 25704
232 3615 3616 3631 3630 25710 25709 25546 25699 25714
233 3616 3617 3632 3631 25720 25719 25556 25709 25724
234 3617 3618 3633 3632 25730 25729 25566 25719 25734
235 3618 3619 3634 3633 25740 25739 25576 25729 25744
236 3619 3620 3635 3634 25750 25749 25586 25739 25754
237 3620 3621 3636 3635 25760 25759 25596 25749 25764
238 3621 3622 3637 3636 25770 25769 25606 25759 25774
239 3622 3623 3638 3637 25780 25779 25616 25769 25784
240 3623 1458 1457 3638 25790 25789 25626 25779 25794
241 94 3594 3609 95 25800 25799 25636 25801 25807
242 3594 3595 3610 3609 25814 25813 25650 25799 25818
243 3595 3596 3611 3610 25824 25823 25660 25813 25828
244 3596 3597 3612 3611 25834 25833 25670 25823 25838
245 3597 3598 3613 3612 25844 25843 25680 25833 25848
246 3598 3599 3614 3613 25854 25853 25690 25843 25858
247 3599 3600 3615 3614 25864 25863 25700 25853 25868
248 3600 3601 3616 3615 25874 25873 25710 25863 25878
249 3601 3602 3617 3616 25884 25883 25720 25873 25888
250 3602 3603 3618 3617 25894 25893 25730 25883 25898
251 3603 3604 3619 3618 25904 25903 25740 25893 25908
252 3604 3605 3620 3619 25914 25913 25750 25903 25918
253 3605 3606 3621 3620 25924 25923 25760 25913 25928
254 3606 3607 3622 3621 25934 25933 25770 25923 25938
255 3607 3608 3623 3622 25944 25943 25780 25933 25948
256 3608 1459 1458 3623 25954 25953 25790 25943 25958
257 93 3579 3594 94 25964 25963 25800 25965 25971
258 3579 3580 3595 3594 25978 25977 25814 25963 25982
259 3580 3581 3596 3595 25988 25987 25824 25977 25992
260 3581 3582 3597 3596 25998 25997 25834 25987 26002
261 3582 3583 3598 3597 26008 26007 25844 25997 26012
262 3583 3584 3599 3598 26018 26017 25854 26007 26022
263 3584 3585 3600 3599 26028 26027 25864 26017 26032
264 3585 3586 3601 3600 26038 26037 25874 26027 26042
265 3586 3587 3602 3601 26048 26047 25884 26037 26052
266 3587 3588 3603 3602 26058 26057 25894 26047 26062
267 3588 3589 3604 3603 26068 26067 25904 26057 26072
268 3589 3590 3605 3604 26078 26077 25914 26067 26082
269 3590 3591 3606 3605 26088 26087 25924 26077 26092
270 3591 3592 3607 3606 26098 26097 25934 26087 26102
271 3592 3593 3608 3607 26108 26107 25944 26097 26112
272 3593 1460 1459 3608 26118 26117 25954 26107 26122
273 92 3564 3579 93 26128 26127 25964 26129 26135
274 3564 3565 3580 3579 26142 26141 25978 26127 26146
275 3565 3566 3581 3580 26152 26151 25988 26141 26156
276 3566 3567 3582 3581 26162 26161 25998 26151 26166
277 3567 3568 3583 3582 26172 26171 26008 26161 26176
278 3568 3569 3584 3583 26182 26181 26018 26171 26186
279 3569 3570 3585 3584 26192 26191 26028 26181 26196
280 3570 3571 3586 3585 26202 26201 26038 26191 26206
281 3571 3572 3587 3586 26212 26211 26048 26201 26216
282 3572 3573 3588 3587 26222 26221 26058 26211 26226
283 3573 3574 3589 3588 26232 26231 26068 26221 26236
284 3574 3575 3590 3589 26242 26241 26078 26231 26246
285 3575 3576 3591 3590 26252 26251 26088 26241 26256
286 3576 3577 3592 3591 26262 26261 26098 26251 26266
287 3577 3578 3593 3592 26272 26271 26108 26261 26276
288 3578 1461 1460 3593 26282 26281 26118 26271 26286
289 91 3549 3564 92 26292 26291 26128 26293 26299
290 3549 3550 3565 3564 26306 26305 26142 26291 26310
291 3550 3551 3566 3565 26316 26315 26152 26305 26320
292 3551 3552 3567 3566 26326 26325 26162 26315 26330
293 3552 3553 3568 3567 26336 26335 26172 26325 26340
294 3553 3554 3569 3568 26346 26345 26182 26335 26350
295 3554 3555 3570 3569 26356 26355 26192 26345 26360
296 3555 3556 3571 3570 26366 26365 26202 26355 26370
297 3556 3557 3572 3571 26376 26375 26212 26365 26380
298 3557 3558 3573 3572 26386 26385 26222 26375 26390
299 3558 3559 3574 3573 26396 26395 26232 26385 26400
300 3559 3560 3575 3574 26406 26405 26242 26395 26410
301 3560 3561 3576 3575 26416 26415 26252 26405 26420
302 3561 3562 3577 3576 26426 26425 26262 26415 26430
303 3562 3563 3578 3577 26436 26435 26272 26425 26440
304 3563 1462 1461 3578 26446 26445 26282 26435 26450
305 90 3534 3549 91 26456 26455 26292 26457 26463
306 3534 3535 3550 3549 26470 26469 26306 26455 26474
307 3535 3536 3551 3550 26480 26479 26316 26469 26484
308 3536 3537 3552 3551 26490 26489 26326 26479 26494
309 3537 3538 3553 3552 26500 26499 26336 26489 26504
310 3538 3539 3554 3553 26510 26509 26346 26499 26514
311 3539 3540 3555 3554 26520 26519 26356 26509 26524
312 3540 3541 3556 3555 26530 26529 26366 26519 26534
313 3541 3542 3557 3556 26540 26539 26376 26529 26544
314 3542 3543 3558 3557 26550 26549 26386 26539 26554
315 3543 3544 3559 3558 26560 26559 26396 26549 26564
316 3544 3545 3560 3559 26570 26569 26406 26559 26574
317 3545 3546 3561 3560 26580 26579 26416 26569 26584
318 3546 3547 3562 3561 26590 26589 26426 26579 26594
319 3547 3548 3563 3562 26600 26599 26436 26589 26604
320 3548 1463 1462 3563 26610 26609 26446 26599 26614
321 89 3519 3534 90 26620 26619 26456 26621 26627
322 3519 3520 3535 3534 26634 26633 26470 26619 26638
323 3520 3521 3536 3535 26644 26643 26480 26633 26648
324 3521 3522 3537 3536 26654 26653 26490 26643 26658
325 3522 3523 3538 3537 26664 26663 26500 26653 26668
326 3523 3524 3539 3538 26674 26673 26510 26663 26678
327 3524 3525 3540 3539 26684 26683 26520 26673 26688
328 3525 3526 3541 3540 26694 26693 26530 26683 26698
329 3526 3527 3542 3541 26704 26703 26540 26693 26708
330 3527 3528 3543 3542 26714 26713 26550 26703 26718
331 3528 3529 3544 3543 26724 26723 26560 26713 26728
332 3529 3530 3545 3544 26734 26733 26570 26723 26738
333 3530 3531 3546 3545 26744 26743 26580 26733 26748
334 3531 3532 3547 3546 26754 26753 26590 26743 26758
335 3532 3533 3548 3547 26764 26763 26600 26753 26768
336 3533 1464 1463 3548 26774 26773 26610 26763 26778
337 88 3504 3519 89 26784 26783 26620 26785 26791
338 3504 3505 3520 3519 26798 26797 26634 26783 26802
339 3505 3506 3521 3520 26808 26807 26644 26797 26812
340 3506 3507 3522 3521 26818 26817 26654 26807 26822
341 3507 3508 3523 3522 26828 26827 26664 26817 26832
342 3508 3509 3524 3523 26838 26837 26674 26827 26842
343 3509 3510 3525 3524 26848 26847 26684 26837 26852
344 3510 3511 3526 3525 26858 26857 26694 26847 26862
345 3511 3512 3527 3526 26868 26867 26704 26857 26872
346 3512 3513 3528 3527 26878 26877 26714 26867 26882
347 3513 3514 3529 3528 26888 26887 26724 26877 26892
348 3514 3515 3530 3529 26898 26897 26734 26887 26902
349 3515 3516 3531 3530 26908 26907 26744 26897 26912
350 3516 3517 3532 3531 26918 26917 26754 26907 26922
351 3517 3518 3533 3532 26928 26927 26764 26917 26932
352 3518 1465 1464 3533 26938 26937 26774 26927 26942
353 87 3489 3504 88 26948 26947 26784 26949 26955
354 3489 3490 3505 3504 26962 26961 26798 26947 26966
355 3490 3491 3506 3505 26972 26971 26808 26961 26976
356 3491 3492 3507 3506 26982 26981 26818 26971 26986
357 3492 3493 3508 3507 26992 26991 26828 26981 26996
358 3493 3494 3509 3508 27002 27001 26838 26991 27006
359 3494 3495 3510 3509 27012 27011 26848 27001 27016
360 3495 3496 3511 3510 27022 27021 26858 27011 27026
361 3496 3497 3512 3511 27032 27031 26868 27021 27036
362 3497 3498 3513 3512 27042 27041 26878 27031 27046
363 3498 3499 3514 3513 27052 27051 26888 27041 27056
364 3499 3500 3515 3514 27062 27061 26898 27051 27066
365 3500 3501 3516 3515 27072 27071 26908 27061 27076
366 3501 3502 3517 3516 27082 27081 26918 27071 27086
367 3502 3503 3518 3517 27092 27091 26928 27081 27096
368 3503 1466 1465 3518 27102 27101 26938 27091 27106
369 86 3474 3489 87 27112 27111 26948 27113 27119
370 3474 3475 3490 3489 27126 27125 26962 27111 27130
371 3475 3476 3491 3490 27136 27135 26972 27125 27140
372 3476 3477 3492 3491 27146 27145 26982 27135 27150
373 3477 3478 3493 3492 27156 27155 26992 27145 27160
374 3478 3479 3494 3493 27166 27165 27002 27155 27170
375 3479 3480 3495 3494 27176 27175 27012 27165 27180
376 3480 3481 3496 3495 27186 27185 27022 27175 27190
377 3481 3482 3497 3496 27196 27195 27032 27185 27200
378 3482 3483 3498 3497 27206 27205 27042 27195 27210
379 3483 3484 3499 3498 27216 27215 27052 27205 27220
380 3484 3485 3500 3499 27226 27225 27062 27215 27230
381 3485 3486 3501 3500 27236 27235 27072 27225 27240
382 3486 3487 3502 3501 27246 27245 27082 27235 27250
383 3487 3488 3503 3502 27256 27255 27092 27245 27260
384 3488 1467 1466 3503 27266 27265 27102 27255 27270
385 85 3459 3474 86 27276 27275 27112 27277 27283
386 3459 3460 3475 3474 27290 27289 27126 27275 27294
387 3460 3461 3476 3475 27300 27299 27136 27289 27304
388 3461 3462 3477 3476 27310 27309 27146 27299 27314
389 3462 3463 3478 3477 27320 27319 27156 27309 27324
390 3463 3464 3479 3478 27330 27329 27166 27319 27334
391 3464 3465 3480 3479 27340 27339 27176 27329 27344
392 3465 3466 3481 3480 27350 27349 27186 27339 27354
393 3466 3467 3482 3481 27360 27359 27196 27349 27364
394 3467 3468 3483 3482 27370 27369 27206 27359 27374
395 3468 3469 3484 3483 27380 27379 27216 27369 27384
396 3469 3470 3485 3484 27390 27389 27226 27379 27394
397 3470 3471 3486 3485 27400 27399 27236 27389 27404
398 3471 3472 3487 3486 27410 27409 27246 27399 27414
399 3472 3473 3488 3487 27420 27419 27256 27409 27424
400 3473 1468 1467 3488 27430 27429 27266 27419 27434
401 84 3444 3459 85 27440 27439 27276 27441 27447
402 3444 3445 3460 3459 27454 27453 27290 27439 27458
403 3445 3446 3461 3460 27464 27463 27300 27453 27468
404 3446 3447 3462 3461 27474 27473 27310 27463 27478
405 3447 3448 3463 3462 27484 27483 27320 27473 27488
406 3448 3449 3464 3463 27494 27493 27330 27483 27498
407 3449 3450 3465 3464 27504 27503 27340 27493 27508
408 3450 3451 3466 3465 27514 27513 27350 27503 27518
409 3451 3452 3467 3466 27524 27523 27360 27513 27528
410 3452 3453 3468 3467 27534 27533 27370 27523 27538
411 3453 3454 3469 3468 27544 27543 27380 27533 27548
412 3454 3455 3470 3469 27554 27553 27390 27543 27558
413 3455 3456 3471 3470 27564 27563 27400 27553 27568
414 3456 3457 3472 3471 27574 27573 27410 27563 27578
415 3457 3458 3473 3472 27584 27583 27420 27573 27588
416 3458 1469 1468 3473 27594 27593 27430 27583 27598
417 83 3429 3444 84 27604 27603 27440 27605 27611
418 3429 3430 3445 3444 27618 27617 27454 27603 27622
419 3430 3431 3446 3445 27628 27627 27464 27617 27632
420 3431 3432 3447 3446 27638 27637 27474 27627 27642
421 3432 3433 3448 3447 27648 27647 27484 27637 27652
422 3433 3434 3449 3448 27658 27657 27494 27647 27662
423 3434 3435 3450 3449 27668 27667 27504 27657 27672
424 3435 3436 3451 3450 27678 27677 27514 27667 27682
425 3436 3437 3452 3451 27688 27687 27524 27677 27692
426 3437 3438 3453 3452 27698 27697 27534 27687 27702
427 3438 3439 3454 3453 27708 27707 27544 27697 27712
428 3439 3440 3455 3454 27718 27717 27554 27707 27722
429 3440 3441 3456 3455 27728 27727 27564 27717 27732
430 3441 3442 3457 3456 27738 27737 27574 27727 27742
431 3442 3443 3458 3457 27748 27747 27584 27737 27752
432 3443 1470 1469 3458 27758 27757 27594 27747 27762
433 82 3414 3429 83 27768 27767 27604 27769 27775
434 3414 3415 3430 3429 27782 27781 27618 27767 27786
435 3415 3416 3431 3430 27792 27791 27628 27781 27796
436 3416 3417 3432 3431 27802 27801 27638 27791 27806
437 3417 3418 3433 3432 27812 27811 27648 27801 27816
438 3418 3419 3434 3433 27822 27821 27658 27811 27826
439 3419 3420 3435 3434 27832 27831 27668 27821 27836
440 3420 3421 3436 3435 27842 27841 27678 27831 27846
441 3421 3422 3437 3436 27852 27851 27688 27841 27856
442 3422 3423 3438 3437 27862 27861 27698 27851 27866
443 3423 3424 3439 3438 27872 27871 27708 27861 27876
444 3424 3425 3440 3439 27882 27881 27718 27871 27886
445 3425 3426 3441 3440 27892 27891 27728 27881 27896
446 3426 3427 3442 3441 27902 27901 27738 27891 27906
447 3427 3428 3443 3442 27912 27911 27748 27901 27916
448 3428 1471 1470 3443 27922 27921 27758 27911 27926
449 81 3399 3414 82 27932 27931 27768 27933 27939
450 3399 3400 3415 3414 27946 27945 27782 27931 27950
451 3400 3401 3416 3415 27956 27955 27792 27945 27960
452 3401 3402 3417 3416 27966 27965 27802 27955 27970
453 3402 3403 3418 3417 27976 27975 27812 27965 27980
454 3403 3404 3419 3418 27986 27985 27822 27975 27990
455 3404 3405 3420 3419 27996 27995 27832 27985 28000
456 3405 3406 3421 3420 28006 28005 27842 27995 28010
457 3406 3407 3422 3421 28016 28015 27852 28005 28020
458 3407 3408 3423 3422 28026 28025 27862 28015 28030
459 3408 3409 3424 3423 28036 28035 27872 28025 28040
460 3409 3410 3425 3424 28046 28045 27882 28035 28050
461 3410 3411 3426 3425 28056 28055 27892 28045 28060
462 3411 3412 3427 3426 28066 28065 27902 28055 28070
463 3412 3413 3428 3427 28076 28075 27912 28065 28080
464 3413 1472 1471 3428 28086 28085 27922 28075 28090
465 80 3384 3399 81 28096 28095 27932 28097 28103
466 3384 3385 3400 3399 28110 28109 27946 28095 28114
467 3385 3386 3401 3400 28120 28119 27956 28109 28124
468 3386 3387 3402 3401 28130 28129 27966 28119 28134
469 3387 3388 3403 3402 28140 28139 27976 28129 28144
470 3388 3389 3404 3403 28150 28149 27986 28139 28154
471 3389 3390 3405 3404 28160 28159 27996 28149 28164
472 3390 3391 3406 3405 28170 28169 28006 28159 28174
473 3391 3392 3407 3406 28180 28179 28016 28169 28184
474 3392 3393 3408 3407 28190 28189 28026 28179 28194
475 3393 3394 3409 3408 28200 28199 28036 28189 28204
476 3394 3395 3410 3409 28210 28209 28046 28199 28214
477 3395 3396 3411 3410 28220 28219 28056 28209 28224
478 3396 3397 3412 3411 28230 28229 28066 28219 28234
479 3397 3398 3413 3412 28240 28239 28076 28229 28244
480 3398 1473 1472 3413 28250 28249 28086 28239 28254
481 79 3369 3384 80 28260 28259 28096 28261 28267
482 3369 3370 3385 3384 28274 28273 28110 28259 28278
483 3370 3371 3386 3385 28284 28283 28120 28273 28288
484 3371 3372 3387 3386 28294 28293 28130 28283 28298
485 3372 3373 3388 3387 28304 28303 28140 28293 28308
486 3373 3374 3389 3388 28314 28313 28150 28303 28318
487 3374 3375 3390 3389 28324 28323 28160 28313 28328
488 3375 3376 3391 3390 28334 28333 28170 28323 28338
489 3376 3377 3392 3391 28344 28343 28180 28333 28348
490 3377 3378 3393 3392 28354 28353 28190 28343 28358
491 3378 3379 3394 3393 28364 28363 28200 28353 28368
492 3379 3380 3395 3394 28374 28373 28210 28363 28378
493 3380 3381 3396 3395 28384 28383 28220 28373 28388
494 3381 3382 3397 3396 28394 28393 28230 28383 28398
495 3382 3383 3398 3397 28404 28403 28240 28393 28408
496 3383 1474 1473 3398 28414 28413 28250 28403 28418
497 78 3354 3369 79 28424 28423 28260 28425 28431
498 3354 3355 3370 3369 28438 28437 28274 28423 28442
499 3355 3356 3371 3370 28448 28447 28284 28437 28452
500 3356 3357 3372 3371 28458 28457 28294 28447 28462
501 3357 3358 3373 3372 28468 28467 28304 28457 28472
502 3358 3359 3374 3373 28478 28477 28314 28467 28482
503 3359 3360 3375 3374 28488 28487 28324 28477 28492
504 3360 3361 3376 3375 28498 28497 28334 28487 28502
505 3361 3362 3377 3376 28508 28507 28344 28497 28512
506 3362 3363 3378 3377 28518 28517 28354 28507 28522
507 3363 3364 3379 3378 28528 28527 28364 28517 28532
508 3364 3365 3380 3379 28538 28537 28374 28527 28542
509 3365 3366 3381 3380 28548 28547 28384 28537 28552
510 3366 3367 3382 3381 28558 28557 28394 28547 28562
511 3367 3368 3383 3382 28568 28567 28404 28557 28572
512 3368 1475 1474 3383 28578 28577 28414 28567 28582
513 77 3339 3354 78 28588 28587 28424 28589 28595
514 3339 3340 3355 3354 28602 28601 28438 28587 28606
515 3340 3341 3356 3355 28612 28611 28448 28601 28616
516 3341 3342 3357 3356 28622 28621 28458 28611 28626
517 3342 3343 3358 3357 28632 28631 28468 28621 28636
518 3343 3344 3359 3358 28642 28641 28478 28631 28646
519 3344 3345 3360 3359 28652 28651 28488 28641 28656
520 3345 3346 3361 3360 28662 28661 28498 28651 28666
521 3346 3347 3362 3361 28672 28671 28508 28661 28676
522 3347 3348 3363 3362 28682 28681 28518 28671 28686
523 3348 3349 3364 3363 28692 28691 28528 28681 28696
524 3349 3350 3365 3364 28702 28701 28538 28691 28706
525 3350 3351 3366 3365 28712 28711 28548 28701 28716
526 3351 3352 3367 3366 28722 28721 28558 28711 28726
527 3352 3353 3368 3367 28732 28731 28568 28721 28736
528 3353 1476 1475 3368 28742 28741 28578 28731 28746
529 76 3324 3339 77 28752 28751 28588 28753 28759
530 3324 3325 3340 3339 28766 28765 28602 28751 28770
531 3325 3326 3341 3340 28776 28775 28612 28765 28780
532 3326 3327 3342 3341 28786 28785 28622 28775 28790
533 3327 3328 3343 3342 28796 28795 28632 28785 28800
534 3328 3329 3344 3343 28806 28805 28642 28795 28810
535 3329 3330 3345 3344 28816 28815 28652 28805 28820
536 3330 3331 3346 3345 28826 28825 28662 28815 28830
537 3331 3332 3347 3346 28836 28835 28672 28825 28840
538 3332 3333 3348 3347 28846 28845 28682 28835 28850
539 3333 3334 3349 3348 28856 28855 28692 28845 28860
540 3334 3335 3350 3349 28866 28865 28702 28855 28870
541 3335 3336 3351 3350 28876 28875 28712 28865 28880
542 3336 3337 3352 3351 28886 28885 28722 28875 28890
543 3337 3338 3353 3352 28896 28895 28732 28885 28900
544 3338 1477 1476 3353 28906 28905 28742 28895 28910
545 75 3309 3324 76 28916 28915 28752 28917 28923
546 3309 3310 3325 3324 28930 28929 28766 28915 28934
547 3310 3311 3326 3325 28940 28939 28776 28929 28944
548 3311 3312 3327 3326 28950 28949 28786 28939 28954
549 3312 3313 3328 3327 28960 28959 28796 28949 28964
550 3313 3314 3329 3328 28970 28969 28806 28959 28974
551 3314 3315 3330 3329 28980 28979 28816 28969 28984
552 3315 3316 3331 3330 28990 28989 28826 28979 28994
553 3316 3317 3332 3331 29000 28999 28836 28989 29004
554 3317 3318 3333 3332 29010 29009 28846 28999 29014
555 3318 3319 3334 3333 29020 29019 28856 29009 29024
556 3319 3320 3335 3334 29030 29029 28866 29019 29034
557 3320 3321 3336 3335 29040 29039 28876 29029 29044
558 3321 3322 3337 3336 29050 29049 28886 29039 29054
559 3322 3323 3338 3337 29060 29059 28896 29049 29064
560 3323 1478 1477 3338 29070 29069 28906 29059 29074
561 38 3294 3309 75 29080 29079 28916 29081 29087
562 3294 3295 3310 3309 29094 29093 28930 29079 29098
563 3295 3296 3311 3310 29104 29103 28940 29093 29108
564 3296 3297 3312 3311 29114 29113 28950 29103 29118
565 3297 3298 3313 3312 29124 29123 28960 29113 29128
566 3298 3299 3314 3313 29134 29133 28970 29123 29138
567 3299 3300 3315 3314 29144 29143 28980 29133 29148
568 3300 3301 3316 3315 29154 29153 28990 29143 29158
569 3301 3302 3317 3316 29164 29163 29000 29153 29168
570 3302 3303 3318 3317 29174 29173 29010 29163 29178
571 3303 3304 3319 3318 29184 29183 29020 29173 29188
572 3304 3305 3320 3319 29194 29193 29030 29183 29198
573 3305 3306 3321 3320 29204 29203 29040 29193 29208
574 3306 3307 3322 3321 29214 29213 29050 29203 29218
575 3307 3308 3323 3322 29224 29223 29060 29213 29228
576 3308 1443 1478 3323 29234 29233 29070 29223 29238
