       900
1 48 47 4416 4548
2 4548 4416 4415 4592
3 4592 4415 2390 2435
136 49 48 4548 4547
137 4547 4548 4592 4591
138 4591 4592 2435 2436
271 50 49 4547 4546
272 4546 4547 4591 4590
273 4590 4591 2436 2437
406 51 50 4546 4545
407 4545 4546 4590 4589
408 4589 4590 2437 2438
541 52 51 4545 4544
542 4544 4545 4589 4588
543 4588 4589 2438 2439
676 53 52 4544 4543
677 4543 4544 4588 4587
678 4587 4588 2439 2440
811 54 53 4543 4542
812 4542 4543 4587 4586
813 4586 4587 2440 2441
946 55 54 4542 4541
947 4541 4542 4586 4585
948 4585 4586 2441 2442
1081 56 55 4541 4540
1082 4540 4541 4585 4584
1083 4584 4585 2442 2443
1216 57 56 4540 4539
1217 4539 4540 4584 4583
1218 4583 4584 2443 2444
1351 58 57 4539 4538
1352 4538 4539 4583 4582
1353 4582 4583 2444 2445
1486 59 58 4538 4537
1487 4537 4538 4582 4581
1488 4581 4582 2445 2446
1621 60 59 4537 4536
1622 4536 4537 4581 4580
1623 4580 4581 2446 2447
1756 61 60 4536 4535
1757 4535 4536 4580 4579
1758 4579 4580 2447 2448
1891 62 61 4535 4534
1892 4534 4535 4579 4578
1893 4578 4579 2448 2449
2026 63 62 4534 4533
2027 4533 4534 4578 4577
2028 4577 4578 2449 2450
2161 64 63 4533 4532
2162 4532 4533 4577 4576
2163 4576 4577 2450 2451
2296 65 64 4532 4531
2297 4531 4532 4576 4575
2298 4575 4576 2451 2452
2431 66 65 4531 4530
2432 4530 4531 4575 4574
2433 4574 4575 2452 2453
2566 67 66 4530 4529
2567 4529 4530 4574 4573
2568 4573 4574 2453 2454
2701 68 67 4529 4528
2702 4528 4529 4573 4572
2703 4572 4573 2454 2455
2836 69 68 4528 4527
2837 4527 4528 4572 4571
2838 4571 4572 2455 2456
2971 70 69 4527 4526
2972 4526 4527 4571 4570
2973 4570 4571 2456 2457
3106 71 70 4526 4525
3107 4525 4526 4570 4569
3108 4569 4570 2457 2458
3241 72 71 4525 4524
3242 4524 4525 4569 4568
3243 4568 4569 2458 2459
3376 73 72 4524 4523
3377 4523 4524 4568 4567
3378 4567 4568 2459 2460
3511 74 73 4523 4522
3512 4522 4523 4567 4566
3513 4566 4567 2460 2461
3646 75 74 4522 4521
3647 4521 4522 4566 4565
3648 4565 4566 2461 2462
3781 76 75 4521 4520
3782 4520 4521 4565 4564
3783 4564 4565 2462 2463
3916 77 76 4520 4519
3917 4519 4520 4564 4563
3918 4563 4564 2463 2464
4051 78 77 4519 4518
4052 4518 4519 4563 4562
4053 4562 4563 2464 2465
4186 79 78 4518 4517
4187 4517 4518 4562 4561
4188 4561 4562 2465 2466
4321 80 79 4517 4516
4322 4516 4517 4561 4560
4323 4560 4561 2466 2467
4456 81 80 4516 4515
4457 4515 4516 4560 4559
4458 4559 4560 2467 2468
4591 82 81 4515 4514
4592 4514 4515 4559 4558
4593 4558 4559 2468 2469
4726 83 82 4514 4513
4727 4513 4514 4558 4557
4728 4557 4558 2469 2470
4861 84 83 4513 4512
4862 4512 4513 4557 4556
4863 4556 4557 2470 2471
4996 85 84 4512 4511
4997 4511 4512 4556 4555
4998 4555 4556 2471 2472
5131 86 85 4511 4510
5132 4510 4511 4555 4554
5133 4554 4555 2472 2473
5266 87 86 4510 4509
5267 4509 4510 4554 4553
5268 4553 4554 2473 2474
5401 88 87 4509 4508
5402 4508 4509 4553 4552
5403 4552 4553 2474 2475
5536 89 88 4508 4507
5537 4507 4508 4552 4551
5538 4551 4552 2475 2476
5671 90 89 4507 4506
5672 4506 4507 4551 4550
5673 4550 4551 2476 2477
5806 91 90 4506 4505
5807 4505 4506 4550 4549
5808 4549 4550 2477 2478
5941 1 91 4505 2257
5942 2257 4505 4549 2256
5943 2256 4549 2478 2255
6120 2435 2390 8465 8510
6165 2436 2435 8510 8509
6210 2437 2436 8509 8508
6255 2438 2437 8508 8507
6300 2439 2438 8507 8506
6345 2440 2439 8506 8505
6390 2441 2440 8505 8504
6435 2442 2441 8504 8503
6480 2443 2442 8503 8502
6525 2444 2443 8502 8501
6570 2445 2444 8501 8500
6615 2446 2445 8500 8499
6660 2447 2446 8499 8498
6705 2448 2447 8498 8497
6750 2449 2448 8497 8496
6795 2450 2449 8496 8495
6840 2451 2450 8495 8494
6885 2452 2451 8494 8493
6930 2453 2452 8493 8492
6975 2454 2453 8492 8491
7020 2455 2454 8491 8490
7065 2456 2455 8490 8489
7110 2457 2456 8489 8488
7155 2458 2457 8488 8487
7200 2459 2458 8487 8486
7245 2460 2459 8486 8485
7290 2461 2460 8485 8484
7335 2462 2461 8484 8483
7380 2463 2462 8483 8482
7425 2464 2463 8482 8481
7470 2465 2464 8481 8480
7515 2466 2465 8480 8479
7560 2467 2466 8479 8478
7605 2468 2467 8478 8477
7650 2469 2468 8477 8476
7695 2470 2469 8476 8475
7740 2471 2470 8475 8474
7785 2472 2471 8474 8473
7830 2473 2472 8473 8472
7875 2474 2473 8472 8471
7920 2475 2474 8471 8470
7965 2476 2475 8470 8469
8010 2477 2476 8469 8468
8055 2478 2477 8468 8467
8100 2255 2478 8467 8466
8101 12036 11332 11317 11376
8102 12035 12036 11376 11375
8103 12034 12035 11375 11374
8104 12033 12034 11374 11373
8105 12032 12033 11373 11372
8106 12031 12032 11372 11371
8107 12030 12031 11371 11370
8108 12029 12030 11370 11369
8109 12028 12029 11369 11368
8110 12027 12028 11368 11367
8111 12026 12027 11367 11366
8112 12025 12026 11366 11365
8113 12024 12025 11365 11364
8114 12023 12024 11364 11363
8115 12022 12023 11363 11362
8116 12021 12022 11362 11361
8117 12020 12021 11361 11360
8118 12019 12020 11360 11359
8119 12018 12019 11359 11358
8120 12017 12018 11358 11357
8121 12016 12017 11357 11356
8122 12015 12016 11356 11355
8123 12014 12015 11355 11354
8124 12013 12014 11354 11353
8125 12012 12013 11353 11352
8126 12011 12012 11352 11351
8127 12010 12011 11351 11350
8128 12009 12010 11350 11349
8129 12008 12009 11349 11348
8130 12007 12008 11348 11347
8131 12006 12007 11347 11346
8132 12005 12006 11346 11345
8133 12004 12005 11345 11344
8134 12003 12004 11344 11343
8135 12002 12003 11343 11342
8136 12001 12002 11342 11341
8137 12000 12001 11341 11340
8138 11999 12000 11340 11339
8139 11998 11999 11339 11338
8140 11997 11998 11338 11337
8141 11996 11997 11337 11336
8142 11995 11996 11336 11335
8143 11994 11995 11335 11334
8144 11993 11994 11334 11333
8145 10596 11993 11333 10581
10126 11992 11331 11332 12036
10127 11991 11992 12036 12035
10128 11990 11991 12035 12034
10129 11989 11990 12034 12033
10130 11988 11989 12033 12032
10131 11987 11988 12032 12031
10132 11986 11987 12031 12030
10133 11985 11986 12030 12029
10134 11984 11985 12029 12028
10135 11983 11984 12028 12027
10136 11982 11983 12027 12026
10137 11981 11982 12026 12025
10138 11980 11981 12025 12024
10139 11979 11980 12024 12023
10140 11978 11979 12023 12022
10141 11977 11978 12022 12021
10142 11976 11977 12021 12020
10143 11975 11976 12020 12019
10144 11974 11975 12019 12018
10145 11973 11974 12018 12017
10146 11972 11973 12017 12016
10147 11971 11972 12016 12015
10148 11970 11971 12015 12014
10149 11969 11970 12014 12013
10150 11968 11969 12013 12012
10151 11967 11968 12012 12011
10152 11966 11967 12011 12010
10153 11965 11966 12010 12009
10154 11964 11965 12009 12008
10155 11963 11964 12008 12007
10156 11962 11963 12007 12006
10157 11961 11962 12006 12005
10158 11960 11961 12005 12004
10159 11959 11960 12004 12003
10160 11958 11959 12003 12002
10161 11957 11958 12002 12001
10162 11956 11957 12001 12000
10163 11955 11956 12000 11999
10164 11954 11955 11999 11998
10165 11953 11954 11998 11997
10166 11952 11953 11997 11996
10167 11951 11952 11996 11995
10168 11950 11951 11995 11994
10169 11949 11950 11994 11993
10170 10595 11949 11993 10596
12151 11948 11330 11331 11992
12152 11947 11948 11992 11991
12153 11946 11947 11991 11990
12154 11945 11946 11990 11989
12155 11944 11945 11989 11988
12156 11943 11944 11988 11987
12157 11942 11943 11987 11986
12158 11941 11942 11986 11985
12159 11940 11941 11985 11984
12160 11939 11940 11984 11983
12161 11938 11939 11983 11982
12162 11937 11938 11982 11981
12163 11936 11937 11981 11980
12164 11935 11936 11980 11979
12165 11934 11935 11979 11978
12166 11933 11934 11978 11977
12167 11932 11933 11977 11976
12168 11931 11932 11976 11975
12169 11930 11931 11975 11974
12170 11929 11930 11974 11973
12171 11928 11929 11973 11972
12172 11927 11928 11972 11971
12173 11926 11927 11971 11970
12174 11925 11926 11970 11969
12175 11924 11925 11969 11968
12176 11923 11924 11968 11967
12177 11922 11923 11967 11966
12178 11921 11922 11966 11965
12179 11920 11921 11965 11964
12180 11919 11920 11964 11963
12181 11918 11919 11963 11962
12182 11917 11918 11962 11961
12183 11916 11917 11961 11960
12184 11915 11916 11960 11959
12185 11914 11915 11959 11958
12186 11913 11914 11958 11957
12187 11912 11913 11957 11956
12188 11911 11912 11956 11955
12189 11910 11911 11955 11954
12190 11909 11910 11954 11953
12191 11908 11909 11953 11952
12192 11907 11908 11952 11951
12193 11906 11907 11951 11950
12194 11905 11906 11950 11949
12195 10594 11905 11949 10595
14176 11904 11329 11330 11948
14177 11903 11904 11948 11947
14178 11902 11903 11947 11946
14179 11901 11902 11946 11945
14180 11900 11901 11945 11944
14181 11899 11900 11944 11943
14182 11898 11899 11943 11942
14183 11897 11898 11942 11941
14184 11896 11897 11941 11940
14185 11895 11896 11940 11939
14186 11894 11895 11939 11938
14187 11893 11894 11938 11937
14188 11892 11893 11937 11936
14189 11891 11892 11936 11935
14190 11890 11891 11935 11934
14191 11889 11890 11934 11933
14192 11888 11889 11933 11932
14193 11887 11888 11932 11931
14194 11886 11887 11931 11930
14195 11885 11886 11930 11929
14196 11884 11885 11929 11928
14197 11883 11884 11928 11927
14198 11882 11883 11927 11926
14199 11881 11882 11926 11925
14200 11880 11881 11925 11924
14201 11879 11880 11924 11923
14202 11878 11879 11923 11922
14203 11877 11878 11922 11921
14204 11876 11877 11921 11920
14205 11875 11876 11920 11919
14206 11874 11875 11919 11918
14207 11873 11874 11918 11917
14208 11872 11873 11917 11916
14209 11871 11872 11916 11915
14210 11870 11871 11915 11914
14211 11869 11870 11914 11913
14212 11868 11869 11913 11912
14213 11867 11868 11912 11911
14214 11866 11867 11911 11910
14215 11865 11866 11910 11909
14216 11864 11865 11909 11908
14217 11863 11864 11908 11907
14218 11862 11863 11907 11906
14219 11861 11862 11906 11905
14220 10593 11861 11905 10594
16201 11860 11328 11329 11904
16202 11859 11860 11904 11903
16203 11858 11859 11903 11902
16204 11857 11858 11902 11901
16205 11856 11857 11901 11900
16206 11855 11856 11900 11899
16207 11854 11855 11899 11898
16208 11853 11854 11898 11897
16209 11852 11853 11897 11896
16210 11851 11852 11896 11895
16211 11850 11851 11895 11894
16212 11849 11850 11894 11893
16213 11848 11849 11893 11892
16214 11847 11848 11892 11891
16215 11846 11847 11891 11890
16216 11845 11846 11890 11889
16217 11844 11845 11889 11888
16218 11843 11844 11888 11887
16219 11842 11843 11887 11886
16220 11841 11842 11886 11885
16221 11840 11841 11885 11884
16222 11839 11840 11884 11883
16223 11838 11839 11883 11882
16224 11837 11838 11882 11881
16225 11836 11837 11881 11880
16226 11835 11836 11880 11879
16227 11834 11835 11879 11878
16228 11833 11834 11878 11877
16229 11832 11833 11877 11876
16230 11831 11832 11876 11875
16231 11830 11831 11875 11874
16232 11829 11830 11874 11873
16233 11828 11829 11873 11872
16234 11827 11828 11872 11871
16235 11826 11827 11871 11870
16236 11825 11826 11870 11869
16237 11824 11825 11869 11868
16238 11823 11824 11868 11867
16239 11822 11823 11867 11866
16240 11821 11822 11866 11865
16241 11820 11821 11865 11864
16242 11819 11820 11864 11863
16243 11818 11819 11863 11862
16244 11817 11818 11862 11861
16245 10592 11817 11861 10593
18226 11816 11327 11328 11860
18227 11815 11816 11860 11859
18228 11814 11815 11859 11858
18229 11813 11814 11858 11857
18230 11812 11813 11857 11856
18231 11811 11812 11856 11855
18232 11810 11811 11855 11854
18233 11809 11810 11854 11853
18234 11808 11809 11853 11852
18235 11807 11808 11852 11851
18236 11806 11807 11851 11850
18237 11805 11806 11850 11849
18238 11804 11805 11849 11848
18239 11803 11804 11848 11847
18240 11802 11803 11847 11846
18241 11801 11802 11846 11845
18242 11800 11801 11845 11844
18243 11799 11800 11844 11843
18244 11798 11799 11843 11842
18245 11797 11798 11842 11841
18246 11796 11797 11841 11840
18247 11795 11796 11840 11839
18248 11794 11795 11839 11838
18249 11793 11794 11838 11837
18250 11792 11793 11837 11836
18251 11791 11792 11836 11835
18252 11790 11791 11835 11834
18253 11789 11790 11834 11833
18254 11788 11789 11833 11832
18255 11787 11788 11832 11831
18256 11786 11787 11831 11830
18257 11785 11786 11830 11829
18258 11784 11785 11829 11828
18259 11783 11784 11828 11827
18260 11782 11783 11827 11826
18261 11781 11782 11826 11825
18262 11780 11781 11825 11824
18263 11779 11780 11824 11823
18264 11778 11779 11823 11822
18265 11777 11778 11822 11821
18266 11776 11777 11821 11820
18267 11775 11776 11820 11819
18268 11774 11775 11819 11818
18269 11773 11774 11818 11817
18270 10591 11773 11817 10592
20251 11772 11326 11327 11816
20252 11771 11772 11816 11815
20253 11770 11771 11815 11814
20254 11769 11770 11814 11813
20255 11768 11769 11813 11812
20256 11767 11768 11812 11811
20257 11766 11767 11811 11810
20258 11765 11766 11810 11809
20259 11764 11765 11809 11808
20260 11763 11764 11808 11807
20261 11762 11763 11807 11806
20262 11761 11762 11806 11805
20263 11760 11761 11805 11804
20264 11759 11760 11804 11803
20265 11758 11759 11803 11802
20266 11757 11758 11802 11801
20267 11756 11757 11801 11800
20268 11755 11756 11800 11799
20269 11754 11755 11799 11798
20270 11753 11754 11798 11797
20271 11752 11753 11797 11796
20272 11751 11752 11796 11795
20273 11750 11751 11795 11794
20274 11749 11750 11794 11793
20275 11748 11749 11793 11792
20276 11747 11748 11792 11791
20277 11746 11747 11791 11790
20278 11745 11746 11790 11789
20279 11744 11745 11789 11788
20280 11743 11744 11788 11787
20281 11742 11743 11787 11786
20282 11741 11742 11786 11785
20283 11740 11741 11785 11784
20284 11739 11740 11784 11783
20285 11738 11739 11783 11782
20286 11737 11738 11782 11781
20287 11736 11737 11781 11780
20288 11735 11736 11780 11779
20289 11734 11735 11779 11778
20290 11733 11734 11778 11777
20291 11732 11733 11777 11776
20292 11731 11732 11776 11775
20293 11730 11731 11775 11774
20294 11729 11730 11774 11773
20295 10590 11729 11773 10591
22276 11728 11325 11326 11772
22277 11727 11728 11772 11771
22278 11726 11727 11771 11770
22279 11725 11726 11770 11769
22280 11724 11725 11769 11768
22281 11723 11724 11768 11767
22282 11722 11723 11767 11766
22283 11721 11722 11766 11765
22284 11720 11721 11765 11764
22285 11719 11720 11764 11763
22286 11718 11719 11763 11762
22287 11717 11718 11762 11761
22288 11716 11717 11761 11760
22289 11715 11716 11760 11759
22290 11714 11715 11759 11758
22291 11713 11714 11758 11757
22292 11712 11713 11757 11756
22293 11711 11712 11756 11755
22294 11710 11711 11755 11754
22295 11709 11710 11754 11753
22296 11708 11709 11753 11752
22297 11707 11708 11752 11751
22298 11706 11707 11751 11750
22299 11705 11706 11750 11749
22300 11704 11705 11749 11748
22301 11703 11704 11748 11747
22302 11702 11703 11747 11746
22303 11701 11702 11746 11745
22304 11700 11701 11745 11744
22305 11699 11700 11744 11743
22306 11698 11699 11743 11742
22307 11697 11698 11742 11741
22308 11696 11697 11741 11740
22309 11695 11696 11740 11739
22310 11694 11695 11739 11738
22311 11693 11694 11738 11737
22312 11692 11693 11737 11736
22313 11691 11692 11736 11735
22314 11690 11691 11735 11734
22315 11689 11690 11734 11733
22316 11688 11689 11733 11732
22317 11687 11688 11732 11731
22318 11686 11687 11731 11730
22319 11685 11686 11730 11729
22320 10589 11685 11729 10590
24301 11684 11324 11325 11728
24302 11683 11684 11728 11727
24303 11682 11683 11727 11726
24304 11681 11682 11726 11725
24305 11680 11681 11725 11724
24306 11679 11680 11724 11723
24307 11678 11679 11723 11722
24308 11677 11678 11722 11721
24309 11676 11677 11721 11720
24310 11675 11676 11720 11719
24311 11674 11675 11719 11718
24312 11673 11674 11718 11717
24313 11672 11673 11717 11716
24314 11671 11672 11716 11715
24315 11670 11671 11715 11714
24316 11669 11670 11714 11713
24317 11668 11669 11713 11712
24318 11667 11668 11712 11711
24319 11666 11667 11711 11710
24320 11665 11666 11710 11709
24321 11664 11665 11709 11708
24322 11663 11664 11708 11707
24323 11662 11663 11707 11706
24324 11661 11662 11706 11705
24325 11660 11661 11705 11704
24326 11659 11660 11704 11703
24327 11658 11659 11703 11702
24328 11657 11658 11702 11701
24329 11656 11657 11701 11700
24330 11655 11656 11700 11699
24331 11654 11655 11699 11698
24332 11653 11654 11698 11697
24333 11652 11653 11697 11696
24334 11651 11652 11696 11695
24335 11650 11651 11695 11694
24336 11649 11650 11694 11693
24337 11648 11649 11693 11692
24338 11647 11648 11692 11691
24339 11646 11647 11691 11690
24340 11645 11646 11690 11689
24341 11644 11645 11689 11688
24342 11643 11644 11688 11687
24343 11642 11643 11687 11686
24344 11641 11642 11686 11685
24345 10588 11641 11685 10589
26326 11640 11323 11324 11684
26327 11639 11640 11684 11683
26328 11638 11639 11683 11682
26329 11637 11638 11682 11681
26330 11636 11637 11681 11680
26331 11635 11636 11680 11679
26332 11634 11635 11679 11678
26333 11633 11634 11678 11677
26334 11632 11633 11677 11676
26335 11631 11632 11676 11675
26336 11630 11631 11675 11674
26337 11629 11630 11674 11673
26338 11628 11629 11673 11672
26339 11627 11628 11672 11671
26340 11626 11627 11671 11670
26341 11625 11626 11670 11669
26342 11624 11625 11669 11668
26343 11623 11624 11668 11667
26344 11622 11623 11667 11666
26345 11621 11622 11666 11665
26346 11620 11621 11665 11664
26347 11619 11620 11664 11663
26348 11618 11619 11663 11662
26349 11617 11618 11662 11661
26350 11616 11617 11661 11660
26351 11615 11616 11660 11659
26352 11614 11615 11659 11658
26353 11613 11614 11658 11657
26354 11612 11613 11657 11656
26355 11611 11612 11656 11655
26356 11610 11611 11655 11654
26357 11609 11610 11654 11653
26358 11608 11609 11653 11652
26359 11607 11608 11652 11651
26360 11606 11607 11651 11650
26361 11605 11606 11650 11649
26362 11604 11605 11649 11648
26363 11603 11604 11648 11647
26364 11602 11603 11647 11646
26365 11601 11602 11646 11645
26366 11600 11601 11645 11644
26367 11599 11600 11644 11643
26368 11598 11599 11643 11642
26369 11597 11598 11642 11641
26370 10587 11597 11641 10588
28351 11596 11322 11323 11640
28352 11595 11596 11640 11639
28353 11594 11595 11639 11638
28354 11593 11594 11638 11637
28355 11592 11593 11637 11636
28356 11591 11592 11636 11635
28357 11590 11591 11635 11634
28358 11589 11590 11634 11633
28359 11588 11589 11633 11632
28360 11587 11588 11632 11631
28361 11586 11587 11631 11630
28362 11585 11586 11630 11629
28363 11584 11585 11629 11628
28364 11583 11584 11628 11627
28365 11582 11583 11627 11626
28366 11581 11582 11626 11625
28367 11580 11581 11625 11624
28368 11579 11580 11624 11623
28369 11578 11579 11623 11622
28370 11577 11578 11622 11621
28371 11576 11577 11621 11620
28372 11575 11576 11620 11619
28373 11574 11575 11619 11618
28374 11573 11574 11618 11617
28375 11572 11573 11617 11616
28376 11571 11572 11616 11615
28377 11570 11571 11615 11614
28378 11569 11570 11614 11613
28379 11568 11569 11613 11612
28380 11567 11568 11612 11611
28381 11566 11567 11611 11610
28382 11565 11566 11610 11609
28383 11564 11565 11609 11608
28384 11563 11564 11608 11607
28385 11562 11563 11607 11606
28386 11561 11562 11606 11605
28387 11560 11561 11605 11604
28388 11559 11560 11604 11603
28389 11558 11559 11603 11602
28390 11557 11558 11602 11601
28391 11556 11557 11601 11600
28392 11555 11556 11600 11599
28393 11554 11555 11599 11598
28394 11553 11554 11598 11597
28395 10586 11553 11597 10587
30376 11552 11321 11322 11596
30377 11551 11552 11596 11595
30378 11550 11551 11595 11594
30379 11549 11550 11594 11593
30380 11548 11549 11593 11592
30381 11547 11548 11592 11591
30382 11546 11547 11591 11590
30383 11545 11546 11590 11589
30384 11544 11545 11589 11588
30385 11543 11544 11588 11587
30386 11542 11543 11587 11586
30387 11541 11542 11586 11585
30388 11540 11541 11585 11584
30389 11539 11540 11584 11583
30390 11538 11539 11583 11582
30391 11537 11538 11582 11581
30392 11536 11537 11581 11580
30393 11535 11536 11580 11579
30394 11534 11535 11579 11578
30395 11533 11534 11578 11577
30396 11532 11533 11577 11576
30397 11531 11532 11576 11575
30398 11530 11531 11575 11574
30399 11529 11530 11574 11573
30400 11528 11529 11573 11572
30401 11527 11528 11572 11571
30402 11526 11527 11571 11570
30403 11525 11526 11570 11569
30404 11524 11525 11569 11568
30405 11523 11524 11568 11567
30406 11522 11523 11567 11566
30407 11521 11522 11566 11565
30408 11520 11521 11565 11564
30409 11519 11520 11564 11563
30410 11518 11519 11563 11562
30411 11517 11518 11562 11561
30412 11516 11517 11561 11560
30413 11515 11516 11560 11559
30414 11514 11515 11559 11558
30415 11513 11514 11558 11557
30416 11512 11513 11557 11556
30417 11511 11512 11556 11555
30418 11510 11511 11555 11554
30419 11509 11510 11554 11553
30420 10585 11509 11553 10586
32401 11508 11320 11321 11552
32402 11507 11508 11552 11551
32403 11506 11507 11551 11550
32404 11505 11506 11550 11549
32405 11504 11505 11549 11548
32406 11503 11504 11548 11547
32407 11502 11503 11547 11546
32408 11501 11502 11546 11545
32409 11500 11501 11545 11544
32410 11499 11500 11544 11543
32411 11498 11499 11543 11542
32412 11497 11498 11542 11541
32413 11496 11497 11541 11540
32414 11495 11496 11540 11539
32415 11494 11495 11539 11538
32416 11493 11494 11538 11537
32417 11492 11493 11537 11536
32418 11491 11492 11536 11535
32419 11490 11491 11535 11534
32420 11489 11490 11534 11533
32421 11488 11489 11533 11532
32422 11487 11488 11532 11531
32423 11486 11487 11531 11530
32424 11485 11486 11530 11529
32425 11484 11485 11529 11528
32426 11483 11484 11528 11527
32427 11482 11483 11527 11526
32428 11481 11482 11526 11525
32429 11480 11481 11525 11524
32430 11479 11480 11524 11523
32431 11478 11479 11523 11522
32432 11477 11478 11522 11521
32433 11476 11477 11521 11520
32434 11475 11476 11520 11519
32435 11474 11475 11519 11518
32436 11473 11474 11518 11517
32437 11472 11473 11517 11516
32438 11471 11472 11516 11515
32439 11470 11471 11515 11514
32440 11469 11470 11514 11513
32441 11468 11469 11513 11512
32442 11467 11468 11512 11511
32443 11466 11467 11511 11510
32444 11465 11466 11510 11509
32445 10584 11465 11509 10585
34426 11464 11319 11320 11508
34427 11463 11464 11508 11507
34428 11462 11463 11507 11506
34429 11461 11462 11506 11505
34430 11460 11461 11505 11504
34431 11459 11460 11504 11503
34432 11458 11459 11503 11502
34433 11457 11458 11502 11501
34434 11456 11457 11501 11500
34435 11455 11456 11500 11499
34436 11454 11455 11499 11498
34437 11453 11454 11498 11497
34438 11452 11453 11497 11496
34439 11451 11452 11496 11495
34440 11450 11451 11495 11494
34441 11449 11450 11494 11493
34442 11448 11449 11493 11492
34443 11447 11448 11492 11491
34444 11446 11447 11491 11490
34445 11445 11446 11490 11489
34446 11444 11445 11489 11488
34447 11443 11444 11488 11487
34448 11442 11443 11487 11486
34449 11441 11442 11486 11485
34450 11440 11441 11485 11484
34451 11439 11440 11484 11483
34452 11438 11439 11483 11482
34453 11437 11438 11482 11481
34454 11436 11437 11481 11480
34455 11435 11436 11480 11479
34456 11434 11435 11479 11478
34457 11433 11434 11478 11477
34458 11432 11433 11477 11476
34459 11431 11432 11476 11475
34460 11430 11431 11475 11474
34461 11429 11430 11474 11473
34462 11428 11429 11473 11472
34463 11427 11428 11472 11471
34464 11426 11427 11471 11470
34465 11425 11426 11470 11469
34466 11424 11425 11469 11468
34467 11423 11424 11468 11467
34468 11422 11423 11467 11466
34469 11421 11422 11466 11465
34470 10583 11421 11465 10584
36451 11420 11318 11319 11464
36452 11419 11420 11464 11463
36453 11418 11419 11463 11462
36454 11417 11418 11462 11461
36455 11416 11417 11461 11460
36456 11415 11416 11460 11459
36457 11414 11415 11459 11458
36458 11413 11414 11458 11457
36459 11412 11413 11457 11456
36460 11411 11412 11456 11455
36461 11410 11411 11455 11454
36462 11409 11410 11454 11453
36463 11408 11409 11453 11452
36464 11407 11408 11452 11451
36465 11406 11407 11451 11450
36466 11405 11406 11450 11449
36467 11404 11405 11449 11448
36468 11403 11404 11448 11447
36469 11402 11403 11447 11446
36470 11401 11402 11446 11445
36471 11400 11401 11445 11444
36472 11399 11400 11444 11443
36473 11398 11399 11443 11442
36474 11397 11398 11442 11441
36475 11396 11397 11441 11440
36476 11395 11396 11440 11439
36477 11394 11395 11439 11438
36478 11393 11394 11438 11437
36479 11392 11393 11437 11436
36480 11391 11392 11436 11435
36481 11390 11391 11435 11434
36482 11389 11390 11434 11433
36483 11388 11389 11433 11432
36484 11387 11388 11432 11431
36485 11386 11387 11431 11430
36486 11385 11386 11430 11429
36487 11384 11385 11429 11428
36488 11383 11384 11428 11427
36489 11382 11383 11427 11426
36490 11381 11382 11426 11425
36491 11380 11381 11425 11424
36492 11379 11380 11424 11423
36493 11378 11379 11423 11422
36494 11377 11378 11422 11421
36495 10582 11377 11421 10583
38476 91 1 11318 11420
38477 90 91 11420 11419
38478 89 90 11419 11418
38479 88 89 11418 11417
38480 87 88 11417 11416
38481 86 87 11416 11415
38482 85 86 11415 11414
38483 84 85 11414 11413
38484 83 84 11413 11412
38485 82 83 11412 11411
38486 81 82 11411 11410
38487 80 81 11410 11409
38488 79 80 11409 11408
38489 78 79 11408 11407
38490 77 78 11407 11406
38491 76 77 11406 11405
38492 75 76 11405 11404
38493 74 75 11404 11403
38494 73 74 11403 11402
38495 72 73 11402 11401
38496 71 72 11401 11400
38497 70 71 11400 11399
38498 69 70 11399 11398
38499 68 69 11398 11397
38500 67 68 11397 11396
38501 66 67 11396 11395
38502 65 66 11395 11394
38503 64 65 11394 11393
38504 63 64 11393 11392
38505 62 63 11392 11391
38506 61 62 11391 11390
38507 60 61 11390 11389
38508 59 60 11389 11388
38509 58 59 11388 11387
38510 57 58 11387 11386
38511 56 57 11386 11385
38512 55 56 11385 11384
38513 54 55 11384 11383
38514 53 54 11383 11382
38515 52 53 11382 11381
38516 51 52 11381 11380
38517 50 51 11380 11379
38518 49 50 11379 11378
38519 48 49 11378 11377
38520 47 48 11377 10582
