       900
5941 3 1 2257 2345
5942 2345 2257 2256 2389
5943 2389 2256 2255 2258
5944 4 3 2345 2344
5945 2344 2345 2389 2388
5946 2388 2389 2258 2259
5947 5 4 2344 2343
5948 2343 2344 2388 2387
5949 2387 2388 2259 2260
5950 6 5 2343 2342
5951 2342 2343 2387 2386
5952 2386 2387 2260 2261
5953 7 6 2342 2341
5954 2341 2342 2386 2385
5955 2385 2386 2261 2262
5956 8 7 2341 2340
5957 2340 2341 2385 2384
5958 2384 2385 2262 2263
5959 9 8 2340 2339
5960 2339 2340 2384 2383
5961 2383 2384 2263 2264
5962 10 9 2339 2338
5963 2338 2339 2383 2382
5964 2382 2383 2264 2265
5965 11 10 2338 2337
5966 2337 2338 2382 2381
5967 2381 2382 2265 2266
5968 12 11 2337 2336
5969 2336 2337 2381 2380
5970 2380 2381 2266 2267
5971 13 12 2336 2335
5972 2335 2336 2380 2379
5973 2379 2380 2267 2268
5974 14 13 2335 2334
5975 2334 2335 2379 2378
5976 2378 2379 2268 2269
5977 15 14 2334 2333
5978 2333 2334 2378 2377
5979 2377 2378 2269 2270
5980 16 15 2333 2332
5981 2332 2333 2377 2376
5982 2376 2377 2270 2271
5983 17 16 2332 2331
5984 2331 2332 2376 2375
5985 2375 2376 2271 2272
5986 18 17 2331 2330
5987 2330 2331 2375 2374
5988 2374 2375 2272 2273
5989 19 18 2330 2329
5990 2329 2330 2374 2373
5991 2373 2374 2273 2274
5992 20 19 2329 2328
5993 2328 2329 2373 2372
5994 2372 2373 2274 2275
5995 21 20 2328 2327
5996 2327 2328 2372 2371
5997 2371 2372 2275 2276
5998 22 21 2327 2326
5999 2326 2327 2371 2370
6000 2370 2371 2276 2277
6001 23 22 2326 2325
6002 2325 2326 2370 2369
6003 2369 2370 2277 2278
6004 24 23 2325 2324
6005 2324 2325 2369 2368
6006 2368 2369 2278 2279
6007 25 24 2324 2323
6008 2323 2324 2368 2367
6009 2367 2368 2279 2280
6010 26 25 2323 2322
6011 2322 2323 2367 2366
6012 2366 2367 2280 2281
6013 27 26 2322 2321
6014 2321 2322 2366 2365
6015 2365 2366 2281 2282
6016 28 27 2321 2320
6017 2320 2321 2365 2364
6018 2364 2365 2282 2283
6019 29 28 2320 2319
6020 2319 2320 2364 2363
6021 2363 2364 2283 2284
6022 30 29 2319 2318
6023 2318 2319 2363 2362
6024 2362 2363 2284 2285
6025 31 30 2318 2317
6026 2317 2318 2362 2361
6027 2361 2362 2285 2286
6028 32 31 2317 2316
6029 2316 2317 2361 2360
6030 2360 2361 2286 2287
6031 33 32 2316 2315
6032 2315 2316 2360 2359
6033 2359 2360 2287 2288
6034 34 33 2315 2314
6035 2314 2315 2359 2358
6036 2358 2359 2288 2289
6037 35 34 2314 2313
6038 2313 2314 2358 2357
6039 2357 2358 2289 2290
6040 36 35 2313 2312
6041 2312 2313 2357 2356
6042 2356 2357 2290 2291
6043 37 36 2312 2311
6044 2311 2312 2356 2355
6045 2355 2356 2291 2292
6046 38 37 2311 2310
6047 2310 2311 2355 2354
6048 2354 2355 2292 2293
6049 39 38 2310 2309
6050 2309 2310 2354 2353
6051 2353 2354 2293 2294
6052 40 39 2309 2308
6053 2308 2309 2353 2352
6054 2352 2353 2294 2295
6055 41 40 2308 2307
6056 2307 2308 2352 2351
6057 2351 2352 2295 2296
6058 42 41 2307 2306
6059 2306 2307 2351 2350
6060 2350 2351 2296 2297
6061 43 42 2306 2305
6062 2305 2306 2350 2349
6063 2349 2350 2297 2298
6064 44 43 2305 2304
6065 2304 2305 2349 2348
6066 2348 2349 2298 2299
6067 45 44 2304 2303
6068 2303 2304 2348 2347
6069 2347 2348 2299 2300
6070 46 45 2303 2302
6071 2302 2303 2347 2346
6072 2346 2347 2300 2301
6073 2 46 2302 2119
6074 2119 2302 2346 2118
6075 2118 2346 2301 2117
8056 2117 2301 8601 8556
8057 2301 2300 8602 8601
8058 2300 2299 8603 8602
8059 2299 2298 8604 8603
8060 2298 2297 8605 8604
8061 2297 2296 8606 8605
8062 2296 2295 8607 8606
8063 2295 2294 8608 8607
8064 2294 2293 8609 8608
8065 2293 2292 8610 8609
8066 2292 2291 8611 8610
8067 2291 2290 8612 8611
8068 2290 2289 8613 8612
8069 2289 2288 8614 8613
8070 2288 2287 8615 8614
8071 2287 2286 8616 8615
8072 2286 2285 8617 8616
8073 2285 2284 8618 8617
8074 2284 2283 8619 8618
8075 2283 2282 8620 8619
8076 2282 2281 8621 8620
8077 2281 2280 8622 8621
8078 2280 2279 8623 8622
8079 2279 2278 8624 8623
8080 2278 2277 8625 8624
8081 2277 2276 8626 8625
8082 2276 2275 8627 8626
8083 2275 2274 8628 8627
8084 2274 2273 8629 8628
8085 2273 2272 8630 8629
8086 2272 2271 8631 8630
8087 2271 2270 8632 8631
8088 2270 2269 8633 8632
8089 2269 2268 8634 8633
8090 2268 2267 8635 8634
8091 2267 2266 8636 8635
8092 2266 2265 8637 8636
8093 2265 2264 8638 8637
8094 2264 2263 8639 8638
8095 2263 2262 8640 8639
8096 2262 2261 8641 8640
8097 2261 2260 8642 8641
8098 2260 2259 8643 8642
8099 2259 2258 8644 8643
8100 2258 2255 8466 8644
8101 11332 12713 12053 11317
8146 12713 12714 12054 12053
8191 12714 12715 12055 12054
8236 12715 12716 12056 12055
8281 12716 12717 12057 12056
8326 12717 12718 12058 12057
8371 12718 12719 12059 12058
8416 12719 12720 12060 12059
8461 12720 12721 12061 12060
8506 12721 12722 12062 12061
8551 12722 12723 12063 12062
8596 12723 12724 12064 12063
8641 12724 12725 12065 12064
8686 12725 12726 12066 12065
8731 12726 12727 12067 12066
8776 12727 12728 12068 12067
8821 12728 12729 12069 12068
8866 12729 12730 12070 12069
8911 12730 12731 12071 12070
8956 12731 12732 12072 12071
9001 12732 12733 12073 12072
9046 12733 12734 12074 12073
9091 12734 12735 12075 12074
9136 12735 12736 12076 12075
9181 12736 12737 12077 12076
9226 12737 12738 12078 12077
9271 12738 12739 12079 12078
9316 12739 12740 12080 12079
9361 12740 12741 12081 12080
9406 12741 12742 12082 12081
9451 12742 12743 12083 12082
9496 12743 12744 12084 12083
9541 12744 12745 12085 12084
9586 12745 12746 12086 12085
9631 12746 12747 12087 12086
9676 12747 12748 12088 12087
9721 12748 12749 12089 12088
9766 12749 12750 12090 12089
9811 12750 12751 12091 12090
9856 12751 12752 12092 12091
9901 12752 12753 12093 12092
9946 12753 12754 12094 12093
9991 12754 12755 12095 12094
10036 12755 12756 12096 12095
10081 12756 12052 12037 12096
10126 11331 12669 12713 11332
10171 12669 12670 12714 12713
10216 12670 12671 12715 12714
10261 12671 12672 12716 12715
10306 12672 12673 12717 12716
10351 12673 12674 12718 12717
10396 12674 12675 12719 12718
10441 12675 12676 12720 12719
10486 12676 12677 12721 12720
10531 12677 12678 12722 12721
10576 12678 12679 12723 12722
10621 12679 12680 12724 12723
10666 12680 12681 12725 12724
10711 12681 12682 12726 12725
10756 12682 12683 12727 12726
10801 12683 12684 12728 12727
10846 12684 12685 12729 12728
10891 12685 12686 12730 12729
10936 12686 12687 12731 12730
10981 12687 12688 12732 12731
11026 12688 12689 12733 12732
11071 12689 12690 12734 12733
11116 12690 12691 12735 12734
11161 12691 12692 12736 12735
11206 12692 12693 12737 12736
11251 12693 12694 12738 12737
11296 12694 12695 12739 12738
11341 12695 12696 12740 12739
11386 12696 12697 12741 12740
11431 12697 12698 12742 12741
11476 12698 12699 12743 12742
11521 12699 12700 12744 12743
11566 12700 12701 12745 12744
11611 12701 12702 12746 12745
11656 12702 12703 12747 12746
11701 12703 12704 12748 12747
11746 12704 12705 12749 12748
11791 12705 12706 12750 12749
11836 12706 12707 12751 12750
11881 12707 12708 12752 12751
11926 12708 12709 12753 12752
11971 12709 12710 12754 12753
12016 12710 12711 12755 12754
12061 12711 12712 12756 12755
12106 12712 12051 12052 12756
12151 11330 12625 12669 11331
12196 12625 12626 12670 12669
12241 12626 12627 12671 12670
12286 12627 12628 12672 12671
12331 12628 12629 12673 12672
12376 12629 12630 12674 12673
12421 12630 12631 12675 12674
12466 12631 12632 12676 12675
12511 12632 12633 12677 12676
12556 12633 12634 12678 12677
12601 12634 12635 12679 12678
12646 12635 12636 12680 12679
12691 12636 12637 12681 12680
12736 12637 12638 12682 12681
12781 12638 12639 12683 12682
12826 12639 12640 12684 12683
12871 12640 12641 12685 12684
12916 12641 12642 12686 12685
12961 12642 12643 12687 12686
13006 12643 12644 12688 12687
13051 12644 12645 12689 12688
13096 12645 12646 12690 12689
13141 12646 12647 12691 12690
13186 12647 12648 12692 12691
13231 12648 12649 12693 12692
13276 12649 12650 12694 12693
13321 12650 12651 12695 12694
13366 12651 12652 12696 12695
13411 12652 12653 12697 12696
13456 12653 12654 12698 12697
13501 12654 12655 12699 12698
13546 12655 12656 12700 12699
13591 12656 12657 12701 12700
13636 12657 12658 12702 12701
13681 12658 12659 12703 12702
13726 12659 12660 12704 12703
13771 12660 12661 12705 12704
13816 12661 12662 12706 12705
13861 12662 12663 12707 12706
13906 12663 12664 12708 12707
13951 12664 12665 12709 12708
13996 12665 12666 12710 12709
14041 12666 12667 12711 12710
14086 12667 12668 12712 12711
14131 12668 12050 12051 12712
14176 11329 12581 12625 11330
14221 12581 12582 12626 12625
14266 12582 12583 12627 12626
14311 12583 12584 12628 12627
14356 12584 12585 12629 12628
14401 12585 12586 12630 12629
14446 12586 12587 12631 12630
14491 12587 12588 12632 12631
14536 12588 12589 12633 12632
14581 12589 12590 12634 12633
14626 12590 12591 12635 12634
14671 12591 12592 12636 12635
14716 12592 12593 12637 12636
14761 12593 12594 12638 12637
14806 12594 12595 12639 12638
14851 12595 12596 12640 12639
14896 12596 12597 12641 12640
14941 12597 12598 12642 12641
14986 12598 12599 12643 12642
15031 12599 12600 12644 12643
15076 12600 12601 12645 12644
15121 12601 12602 12646 12645
15166 12602 12603 12647 12646
15211 12603 12604 12648 12647
15256 12604 12605 12649 12648
15301 12605 12606 12650 12649
15346 12606 12607 12651 12650
15391 12607 12608 12652 12651
15436 12608 12609 12653 12652
15481 12609 12610 12654 12653
15526 12610 12611 12655 12654
15571 12611 12612 12656 12655
15616 12612 12613 12657 12656
15661 12613 12614 12658 12657
15706 12614 12615 12659 12658
15751 12615 12616 12660 12659
15796 12616 12617 12661 12660
15841 12617 12618 12662 12661
15886 12618 12619 12663 12662
15931 12619 12620 12664 12663
15976 12620 12621 12665 12664
16021 12621 12622 12666 12665
16066 12622 12623 12667 12666
16111 12623 12624 12668 12667
16156 12624 12049 12050 12668
16201 11328 12537 12581 11329
16246 12537 12538 12582 12581
16291 12538 12539 12583 12582
16336 12539 12540 12584 12583
16381 12540 12541 12585 12584
16426 12541 12542 12586 12585
16471 12542 12543 12587 12586
16516 12543 12544 12588 12587
16561 12544 12545 12589 12588
16606 12545 12546 12590 12589
16651 12546 12547 12591 12590
16696 12547 12548 12592 12591
16741 12548 12549 12593 12592
16786 12549 12550 12594 12593
16831 12550 12551 12595 12594
16876 12551 12552 12596 12595
16921 12552 12553 12597 12596
16966 12553 12554 12598 12597
17011 12554 12555 12599 12598
17056 12555 12556 12600 12599
17101 12556 12557 12601 12600
17146 12557 12558 12602 12601
17191 12558 12559 12603 12602
17236 12559 12560 12604 12603
17281 12560 12561 12605 12604
17326 12561 12562 12606 12605
17371 12562 12563 12607 12606
17416 12563 12564 12608 12607
17461 12564 12565 12609 12608
17506 12565 12566 12610 12609
17551 12566 12567 12611 12610
17596 12567 12568 12612 12611
17641 12568 12569 12613 12612
17686 12569 12570 12614 12613
17731 12570 12571 12615 12614
17776 12571 12572 12616 12615
17821 12572 12573 12617 12616
17866 12573 12574 12618 12617
17911 12574 12575 12619 12618
17956 12575 12576 12620 12619
18001 12576 12577 12621 12620
18046 12577 12578 12622 12621
18091 12578 12579 12623 12622
18136 12579 12580 12624 12623
18181 12580 12048 12049 12624
18226 11327 12493 12537 11328
18271 12493 12494 12538 12537
18316 12494 12495 12539 12538
18361 12495 12496 12540 12539
18406 12496 12497 12541 12540
18451 12497 12498 12542 12541
18496 12498 12499 12543 12542
18541 12499 12500 12544 12543
18586 12500 12501 12545 12544
18631 12501 12502 12546 12545
18676 12502 12503 12547 12546
18721 12503 12504 12548 12547
18766 12504 12505 12549 12548
18811 12505 12506 12550 12549
18856 12506 12507 12551 12550
18901 12507 12508 12552 12551
18946 12508 12509 12553 12552
18991 12509 12510 12554 12553
19036 12510 12511 12555 12554
19081 12511 12512 12556 12555
19126 12512 12513 12557 12556
19171 12513 12514 12558 12557
19216 12514 12515 12559 12558
19261 12515 12516 12560 12559
19306 12516 12517 12561 12560
19351 12517 12518 12562 12561
19396 12518 12519 12563 12562
19441 12519 12520 12564 12563
19486 12520 12521 12565 12564
19531 12521 12522 12566 12565
19576 12522 12523 12567 12566
19621 12523 12524 12568 12567
19666 12524 12525 12569 12568
19711 12525 12526 12570 12569
19756 12526 12527 12571 12570
19801 12527 12528 12572 12571
19846 12528 12529 12573 12572
19891 12529 12530 12574 12573
19936 12530 12531 12575 12574
19981 12531 12532 12576 12575
20026 12532 12533 12577 12576
20071 12533 12534 12578 12577
20116 12534 12535 12579 12578
20161 12535 12536 12580 12579
20206 12536 12047 12048 12580
20251 11326 12449 12493 11327
20296 12449 12450 12494 12493
20341 12450 12451 12495 12494
20386 12451 12452 12496 12495
20431 12452 12453 12497 12496
20476 12453 12454 12498 12497
20521 12454 12455 12499 12498
20566 12455 12456 12500 12499
20611 12456 12457 12501 12500
20656 12457 12458 12502 12501
20701 12458 12459 12503 12502
20746 12459 12460 12504 12503
20791 12460 12461 12505 12504
20836 12461 12462 12506 12505
20881 12462 12463 12507 12506
20926 12463 12464 12508 12507
20971 12464 12465 12509 12508
21016 12465 12466 12510 12509
21061 12466 12467 12511 12510
21106 12467 12468 12512 12511
21151 12468 12469 12513 12512
21196 12469 12470 12514 12513
21241 12470 12471 12515 12514
21286 12471 12472 12516 12515
21331 12472 12473 12517 12516
21376 12473 12474 12518 12517
21421 12474 12475 12519 12518
21466 12475 12476 12520 12519
21511 12476 12477 12521 12520
21556 12477 12478 12522 12521
21601 12478 12479 12523 12522
21646 12479 12480 12524 12523
21691 12480 12481 12525 12524
21736 12481 12482 12526 12525
21781 12482 12483 12527 12526
21826 12483 12484 12528 12527
21871 12484 12485 12529 12528
21916 12485 12486 12530 12529
21961 12486 12487 12531 12530
22006 12487 12488 12532 12531
22051 12488 12489 12533 12532
22096 12489 12490 12534 12533
22141 12490 12491 12535 12534
22186 12491 12492 12536 12535
22231 12492 12046 12047 12536
22276 11325 12405 12449 11326
22321 12405 12406 12450 12449
22366 12406 12407 12451 12450
22411 12407 12408 12452 12451
22456 12408 12409 12453 12452
22501 12409 12410 12454 12453
22546 12410 12411 12455 12454
22591 12411 12412 12456 12455
22636 12412 12413 12457 12456
22681 12413 12414 12458 12457
22726 12414 12415 12459 12458
22771 12415 12416 12460 12459
22816 12416 12417 12461 12460
22861 12417 12418 12462 12461
22906 12418 12419 12463 12462
22951 12419 12420 12464 12463
22996 12420 12421 12465 12464
23041 12421 12422 12466 12465
23086 12422 12423 12467 12466
23131 12423 12424 12468 12467
23176 12424 12425 12469 12468
23221 12425 12426 12470 12469
23266 12426 12427 12471 12470
23311 12427 12428 12472 12471
23356 12428 12429 12473 12472
23401 12429 12430 12474 12473
23446 12430 12431 12475 12474
23491 12431 12432 12476 12475
23536 12432 12433 12477 12476
23581 12433 12434 12478 12477
23626 12434 12435 12479 12478
23671 12435 12436 12480 12479
23716 12436 12437 12481 12480
23761 12437 12438 12482 12481
23806 12438 12439 12483 12482
23851 12439 12440 12484 12483
23896 12440 12441 12485 12484
23941 12441 12442 12486 12485
23986 12442 12443 12487 12486
24031 12443 12444 12488 12487
24076 12444 12445 12489 12488
24121 12445 12446 12490 12489
24166 12446 12447 12491 12490
24211 12447 12448 12492 12491
24256 12448 12045 12046 12492
24301 11324 12361 12405 11325
24346 12361 12362 12406 12405
24391 12362 12363 12407 12406
24436 12363 12364 12408 12407
24481 12364 12365 12409 12408
24526 12365 12366 12410 12409
24571 12366 12367 12411 12410
24616 12367 12368 12412 12411
24661 12368 12369 12413 12412
24706 12369 12370 12414 12413
24751 12370 12371 12415 12414
24796 12371 12372 12416 12415
24841 12372 12373 12417 12416
24886 12373 12374 12418 12417
24931 12374 12375 12419 12418
24976 12375 12376 12420 12419
25021 12376 12377 12421 12420
25066 12377 12378 12422 12421
25111 12378 12379 12423 12422
25156 12379 12380 12424 12423
25201 12380 12381 12425 12424
25246 12381 12382 12426 12425
25291 12382 12383 12427 12426
25336 12383 12384 12428 12427
25381 12384 12385 12429 12428
25426 12385 12386 12430 12429
25471 12386 12387 12431 12430
25516 12387 12388 12432 12431
25561 12388 12389 12433 12432
25606 12389 12390 12434 12433
25651 12390 12391 12435 12434
25696 12391 12392 12436 12435
25741 12392 12393 12437 12436
25786 12393 12394 12438 12437
25831 12394 12395 12439 12438
25876 12395 12396 12440 12439
25921 12396 12397 12441 12440
25966 12397 12398 12442 12441
26011 12398 12399 12443 12442
26056 12399 12400 12444 12443
26101 12400 12401 12445 12444
26146 12401 12402 12446 12445
26191 12402 12403 12447 12446
26236 12403 12404 12448 12447
26281 12404 12044 12045 12448
26326 11323 12317 12361 11324
26371 12317 12318 12362 12361
26416 12318 12319 12363 12362
26461 12319 12320 12364 12363
26506 12320 12321 12365 12364
26551 12321 12322 12366 12365
26596 12322 12323 12367 12366
26641 12323 12324 12368 12367
26686 12324 12325 12369 12368
26731 12325 12326 12370 12369
26776 12326 12327 12371 12370
26821 12327 12328 12372 12371
26866 12328 12329 12373 12372
26911 12329 12330 12374 12373
26956 12330 12331 12375 12374
27001 12331 12332 12376 12375
27046 12332 12333 12377 12376
27091 12333 12334 12378 12377
27136 12334 12335 12379 12378
27181 12335 12336 12380 12379
27226 12336 12337 12381 12380
27271 12337 12338 12382 12381
27316 12338 12339 12383 12382
27361 12339 12340 12384 12383
27406 12340 12341 12385 12384
27451 12341 12342 12386 12385
27496 12342 12343 12387 12386
27541 12343 12344 12388 12387
27586 12344 12345 12389 12388
27631 12345 12346 12390 12389
27676 12346 12347 12391 12390
27721 12347 12348 12392 12391
27766 12348 12349 12393 12392
27811 12349 12350 12394 12393
27856 12350 12351 12395 12394
27901 12351 12352 12396 12395
27946 12352 12353 12397 12396
27991 12353 12354 12398 12397
28036 12354 12355 12399 12398
28081 12355 12356 12400 12399
28126 12356 12357 12401 12400
28171 12357 12358 12402 12401
28216 12358 12359 12403 12402
28261 12359 12360 12404 12403
28306 12360 12043 12044 12404
28351 11322 12273 12317 11323
28396 12273 12274 12318 12317
28441 12274 12275 12319 12318
28486 12275 12276 12320 12319
28531 12276 12277 12321 12320
28576 12277 12278 12322 12321
28621 12278 12279 12323 12322
28666 12279 12280 12324 12323
28711 12280 12281 12325 12324
28756 12281 12282 12326 12325
28801 12282 12283 12327 12326
28846 12283 12284 12328 12327
28891 12284 12285 12329 12328
28936 12285 12286 12330 12329
28981 12286 12287 12331 12330
29026 12287 12288 12332 12331
29071 12288 12289 12333 12332
29116 12289 12290 12334 12333
29161 12290 12291 12335 12334
29206 12291 12292 12336 12335
29251 12292 12293 12337 12336
29296 12293 12294 12338 12337
29341 12294 12295 12339 12338
29386 12295 12296 12340 12339
29431 12296 12297 12341 12340
29476 12297 12298 12342 12341
29521 12298 12299 12343 12342
29566 12299 12300 12344 12343
29611 12300 12301 12345 12344
29656 12301 12302 12346 12345
29701 12302 12303 12347 12346
29746 12303 12304 12348 12347
29791 12304 12305 12349 12348
29836 12305 12306 12350 12349
29881 12306 12307 12351 12350
29926 12307 12308 12352 12351
29971 12308 12309 12353 12352
30016 12309 12310 12354 12353
30061 12310 12311 12355 12354
30106 12311 12312 12356 12355
30151 12312 12313 12357 12356
30196 12313 12314 12358 12357
30241 12314 12315 12359 12358
30286 12315 12316 12360 12359
30331 12316 12042 12043 12360
30376 11321 12229 12273 11322
30421 12229 12230 12274 12273
30466 12230 12231 12275 12274
30511 12231 12232 12276 12275
30556 12232 12233 12277 12276
30601 12233 12234 12278 12277
30646 12234 12235 12279 12278
30691 12235 12236 12280 12279
30736 12236 12237 12281 12280
30781 12237 12238 12282 12281
30826 12238 12239 12283 12282
30871 12239 12240 12284 12283
30916 12240 12241 12285 12284
30961 12241 12242 12286 12285
31006 12242 12243 12287 12286
31051 12243 12244 12288 12287
31096 12244 12245 12289 12288
31141 12245 12246 12290 12289
31186 12246 12247 12291 12290
31231 12247 12248 12292 12291
31276 12248 12249 12293 12292
31321 12249 12250 12294 12293
31366 12250 12251 12295 12294
31411 12251 12252 12296 12295
31456 12252 12253 12297 12296
31501 12253 12254 12298 12297
31546 12254 12255 12299 12298
31591 12255 12256 12300 12299
31636 12256 12257 12301 12300
31681 12257 12258 12302 12301
31726 12258 12259 12303 12302
31771 12259 12260 12304 12303
31816 12260 12261 12305 12304
31861 12261 12262 12306 12305
31906 12262 12263 12307 12306
31951 12263 12264 12308 12307
31996 12264 12265 12309 12308
32041 12265 12266 12310 12309
32086 12266 12267 12311 12310
32131 12267 12268 12312 12311
32176 12268 12269 12313 12312
32221 12269 12270 12314 12313
32266 12270 12271 12315 12314
32311 12271 12272 12316 12315
32356 12272 12041 12042 12316
32401 11320 12185 12229 11321
32446 12185 12186 12230 12229
32491 12186 12187 12231 12230
32536 12187 12188 12232 12231
32581 12188 12189 12233 12232
32626 12189 12190 12234 12233
32671 12190 12191 12235 12234
32716 12191 12192 12236 12235
32761 12192 12193 12237 12236
32806 12193 12194 12238 12237
32851 12194 12195 12239 12238
32896 12195 12196 12240 12239
32941 12196 12197 12241 12240
32986 12197 12198 12242 12241
33031 12198 12199 12243 12242
33076 12199 12200 12244 12243
33121 12200 12201 12245 12244
33166 12201 12202 12246 12245
33211 12202 12203 12247 12246
33256 12203 12204 12248 12247
33301 12204 12205 12249 12248
33346 12205 12206 12250 12249
33391 12206 12207 12251 12250
33436 12207 12208 12252 12251
33481 12208 12209 12253 12252
33526 12209 12210 12254 12253
33571 12210 12211 12255 12254
33616 12211 12212 12256 12255
33661 12212 12213 12257 12256
33706 12213 12214 12258 12257
33751 12214 12215 12259 12258
33796 12215 12216 12260 12259
33841 12216 12217 12261 12260
33886 12217 12218 12262 12261
33931 12218 12219 12263 12262
33976 12219 12220 12264 12263
34021 12220 12221 12265 12264
34066 12221 12222 12266 12265
34111 12222 12223 12267 12266
34156 12223 12224 12268 12267
34201 12224 12225 12269 12268
34246 12225 12226 12270 12269
34291 12226 12227 12271 12270
34336 12227 12228 12272 12271
34381 12228 12040 12041 12272
34426 11319 12141 12185 11320
34471 12141 12142 12186 12185
34516 12142 12143 12187 12186
34561 12143 12144 12188 12187
34606 12144 12145 12189 12188
34651 12145 12146 12190 12189
34696 12146 12147 12191 12190
34741 12147 12148 12192 12191
34786 12148 12149 12193 12192
34831 12149 12150 12194 12193
34876 12150 12151 12195 12194
34921 12151 12152 12196 12195
34966 12152 12153 12197 12196
35011 12153 12154 12198 12197
35056 12154 12155 12199 12198
35101 12155 12156 12200 12199
35146 12156 12157 12201 12200
35191 12157 12158 12202 12201
35236 12158 12159 12203 12202
35281 12159 12160 12204 12203
35326 12160 12161 12205 12204
35371 12161 12162 12206 12205
35416 12162 12163 12207 12206
35461 12163 12164 12208 12207
35506 12164 12165 12209 12208
35551 12165 12166 12210 12209
35596 12166 12167 12211 12210
35641 12167 12168 12212 12211
35686 12168 12169 12213 12212
35731 12169 12170 12214 12213
35776 12170 12171 12215 12214
35821 12171 12172 12216 12215
35866 12172 12173 12217 12216
35911 12173 12174 12218 12217
35956 12174 12175 12219 12218
36001 12175 12176 12220 12219
36046 12176 12177 12221 12220
36091 12177 12178 12222 12221
36136 12178 12179 12223 12222
36181 12179 12180 12224 12223
36226 12180 12181 12225 12224
36271 12181 12182 12226 12225
36316 12182 12183 12227 12226
36361 12183 12184 12228 12227
36406 12184 12039 12040 12228
36451 11318 12097 12141 11319
36496 12097 12098 12142 12141
36541 12098 12099 12143 12142
36586 12099 12100 12144 12143
36631 12100 12101 12145 12144
36676 12101 12102 12146 12145
36721 12102 12103 12147 12146
36766 12103 12104 12148 12147
36811 12104 12105 12149 12148
36856 12105 12106 12150 12149
36901 12106 12107 12151 12150
36946 12107 12108 12152 12151
36991 12108 12109 12153 12152
37036 12109 12110 12154 12153
37081 12110 12111 12155 12154
37126 12111 12112 12156 12155
37171 12112 12113 12157 12156
37216 12113 12114 12158 12157
37261 12114 12115 12159 12158
37306 12115 12116 12160 12159
37351 12116 12117 12161 12160
37396 12117 12118 12162 12161
37441 12118 12119 12163 12162
37486 12119 12120 12164 12163
37531 12120 12121 12165 12164
37576 12121 12122 12166 12165
37621 12122 12123 12167 12166
37666 12123 12124 12168 12167
37711 12124 12125 12169 12168
37756 12125 12126 12170 12169
37801 12126 12127 12171 12170
37846 12127 12128 12172 12171
37891 12128 12129 12173 12172
37936 12129 12130 12174 12173
37981 12130 12131 12175 12174
38026 12131 12132 12176 12175
38071 12132 12133 12177 12176
38116 12133 12134 12178 12177
38161 12134 12135 12179 12178
38206 12135 12136 12180 12179
38251 12136 12137 12181 12180
38296 12137 12138 12182 12181
38341 12138 12139 12183 12182
38386 12139 12140 12184 12183
38431 12140 12038 12039 12184
38476 1 3 12097 11318
38521 3 4 12098 12097
38566 4 5 12099 12098
38611 5 6 12100 12099
38656 6 7 12101 12100
38701 7 8 12102 12101
38746 8 9 12103 12102
38791 9 10 12104 12103
38836 10 11 12105 12104
38881 11 12 12106 12105
38926 12 13 12107 12106
38971 13 14 12108 12107
39016 14 15 12109 12108
39061 15 16 12110 12109
39106 16 17 12111 12110
39151 17 18 12112 12111
39196 18 19 12113 12112
39241 19 20 12114 12113
39286 20 21 12115 12114
39331 21 22 12116 12115
39376 22 23 12117 12116
39421 23 24 12118 12117
39466 24 25 12119 12118
39511 25 26 12120 12119
39556 26 27 12121 12120
39601 27 28 12122 12121
39646 28 29 12123 12122
39691 29 30 12124 12123
39736 30 31 12125 12124
39781 31 32 12126 12125
39826 32 33 12127 12126
39871 33 34 12128 12127
39916 34 35 12129 12128
39961 35 36 12130 12129
40006 36 37 12131 12130
40051 37 38 12132 12131
40096 38 39 12133 12132
40141 39 40 12134 12133
40186 40 41 12135 12134
40231 41 42 12136 12135
40276 42 43 12137 12136
40321 43 44 12138 12137
40366 44 45 12139 12138
40411 45 46 12140 12139
40456 46 2 12038 12140
