24851 CE       34.070000     -118.346000        0.000000        0.000000
24853 CE       34.077000     -118.286000        0.000000        0.000000
K851 CE       34.070000     -118.346000        0.000000        0.000000
K853 CE       34.077000     -118.286000        0.000000        0.000000
BVH CI       34.076180     -118.395900        0.000000        0.000000
CAB CI       34.155730     -118.640930        0.000000        0.000000
DJJ CI       34.106180     -118.455050        0.000000        0.000000
DJJB CI       34.106180     -118.455050        0.000000        0.000000
GR2 CI       34.118300     -118.299400        0.000000        0.000000
GRF CI       34.119200     -118.300400        0.000000        0.000000
LAF CI       33.868890     -118.331430        0.000000        0.000000
LAX CI       33.943820     -118.413900        0.000000        0.000000
LCG CI       34.000330     -118.377940        0.000000        0.000000
PDR CI       33.962730     -118.437020        0.000000        0.000000
SMF CI       34.021590     -118.446750        0.000000        0.000000
SMS CI       34.014380     -118.456170        0.000000        0.000000
SPF CI       34.059330     -118.646140        0.000000        0.000000
TCF CI       34.083770     -118.599000        0.000000        0.000000
USC CI       34.019190     -118.286310        0.000000        0.000000
WNS CI       34.115000     -118.380000        0.000000        0.000000
WTT CI       33.948690     -118.255470        0.000000        0.000000
FABS FA       34.066670     -118.571113        0.000000        0.000000
5081 NP       34.084000     -118.600000        0.000000        0.000000
5399 NP       33.943000     -118.411000        0.000000        0.000000
5402 NP       34.076000     -118.395000        0.000000        0.000000
5404 NP       34.155000     -118.641000        0.000000        0.000000
BVH NP       34.076180     -118.395900        0.000000        0.000000
GRF NP       34.119200     -118.300400        0.000000        0.000000
LAX NP       33.943820     -118.413900        0.000000        0.000000
TCF NP       34.083770     -118.599000        0.000000        0.000000
