9
	12000.0		0.0		-3000.0	faultst120dp030 1
         9000.0         0.0             -7500.0 faultst090dp075 1
        12000.0         0.0            -12000.0 faultst120dp120 1
       -12000.0         0.0             -3000.0 faultst-120dp030 1
        -9000.0         0.0             -7500.0 faultst-120dp075 1
       -12000.0         0.0            -12000.0 faultst-120dp120 1
            0.0         0.0             -3000.0 faultst000dp030 1
            0.0         0.0             -7500.0 faultst000dp075 1
            0.0         0.0            -12000.0 faultst000dp120 1

