576
20161 1 2754 4374 3
20162 2754 2755 4375 4374
20163 2755 2756 4376 4375
20164 2756 2757 4377 4376
20165 2757 2758 4378 4377
20166 2758 2759 4379 4378
20167 2759 2760 4380 4379
20168 2760 2761 4381 4380
20169 2761 2762 4382 4381
20170 2762 2763 4383 4382
20171 2763 2764 4384 4383
20172 2764 2765 4385 4384
20173 2765 2766 4386 4385
20174 2766 2767 4387 4386
20175 2767 2768 4388 4387
20176 2768 1371 1406 4388
20177 3 4374 4389 4
20178 4374 4375 4390 4389
20179 4375 4376 4391 4390
20180 4376 4377 4392 4391
20181 4377 4378 4393 4392
20182 4378 4379 4394 4393
20183 4379 4380 4395 4394
20184 4380 4381 4396 4395
20185 4381 4382 4397 4396
20186 4382 4383 4398 4397
20187 4383 4384 4399 4398
20188 4384 4385 4400 4399
20189 4385 4386 4401 4400
20190 4386 4387 4402 4401
20191 4387 4388 4403 4402
20192 4388 1406 1405 4403
20193 4 4389 4404 5
20194 4389 4390 4405 4404
20195 4390 4391 4406 4405
20196 4391 4392 4407 4406
20197 4392 4393 4408 4407
20198 4393 4394 4409 4408
20199 4394 4395 4410 4409
20200 4395 4396 4411 4410
20201 4396 4397 4412 4411
20202 4397 4398 4413 4412
20203 4398 4399 4414 4413
20204 4399 4400 4415 4414
20205 4400 4401 4416 4415
20206 4401 4402 4417 4416
20207 4402 4403 4418 4417
20208 4403 1405 1404 4418
20209 5 4404 4419 6
20210 4404 4405 4420 4419
20211 4405 4406 4421 4420
20212 4406 4407 4422 4421
20213 4407 4408 4423 4422
20214 4408 4409 4424 4423
20215 4409 4410 4425 4424
20216 4410 4411 4426 4425
20217 4411 4412 4427 4426
20218 4412 4413 4428 4427
20219 4413 4414 4429 4428
20220 4414 4415 4430 4429
20221 4415 4416 4431 4430
20222 4416 4417 4432 4431
20223 4417 4418 4433 4432
20224 4418 1404 1403 4433
20225 6 4419 4434 7
20226 4419 4420 4435 4434
20227 4420 4421 4436 4435
20228 4421 4422 4437 4436
20229 4422 4423 4438 4437
20230 4423 4424 4439 4438
20231 4424 4425 4440 4439
20232 4425 4426 4441 4440
20233 4426 4427 4442 4441
20234 4427 4428 4443 4442
20235 4428 4429 4444 4443
20236 4429 4430 4445 4444
20237 4430 4431 4446 4445
20238 4431 4432 4447 4446
20239 4432 4433 4448 4447
20240 4433 1403 1402 4448
20241 7 4434 4449 8
20242 4434 4435 4450 4449
20243 4435 4436 4451 4450
20244 4436 4437 4452 4451
20245 4437 4438 4453 4452
20246 4438 4439 4454 4453
20247 4439 4440 4455 4454
20248 4440 4441 4456 4455
20249 4441 4442 4457 4456
20250 4442 4443 4458 4457
20251 4443 4444 4459 4458
20252 4444 4445 4460 4459
20253 4445 4446 4461 4460
20254 4446 4447 4462 4461
20255 4447 4448 4463 4462
20256 4448 1402 1401 4463
20257 8 4449 4464 9
20258 4449 4450 4465 4464
20259 4450 4451 4466 4465
20260 4451 4452 4467 4466
20261 4452 4453 4468 4467
20262 4453 4454 4469 4468
20263 4454 4455 4470 4469
20264 4455 4456 4471 4470
20265 4456 4457 4472 4471
20266 4457 4458 4473 4472
20267 4458 4459 4474 4473
20268 4459 4460 4475 4474
20269 4460 4461 4476 4475
20270 4461 4462 4477 4476
20271 4462 4463 4478 4477
20272 4463 1401 1400 4478
20273 9 4464 4479 10
20274 4464 4465 4480 4479
20275 4465 4466 4481 4480
20276 4466 4467 4482 4481
20277 4467 4468 4483 4482
20278 4468 4469 4484 4483
20279 4469 4470 4485 4484
20280 4470 4471 4486 4485
20281 4471 4472 4487 4486
20282 4472 4473 4488 4487
20283 4473 4474 4489 4488
20284 4474 4475 4490 4489
20285 4475 4476 4491 4490
20286 4476 4477 4492 4491
20287 4477 4478 4493 4492
20288 4478 1400 1399 4493
20289 10 4479 4494 11
20290 4479 4480 4495 4494
20291 4480 4481 4496 4495
20292 4481 4482 4497 4496
20293 4482 4483 4498 4497
20294 4483 4484 4499 4498
20295 4484 4485 4500 4499
20296 4485 4486 4501 4500
20297 4486 4487 4502 4501
20298 4487 4488 4503 4502
20299 4488 4489 4504 4503
20300 4489 4490 4505 4504
20301 4490 4491 4506 4505
20302 4491 4492 4507 4506
20303 4492 4493 4508 4507
20304 4493 1399 1398 4508
20305 11 4494 4509 12
20306 4494 4495 4510 4509
20307 4495 4496 4511 4510
20308 4496 4497 4512 4511
20309 4497 4498 4513 4512
20310 4498 4499 4514 4513
20311 4499 4500 4515 4514
20312 4500 4501 4516 4515
20313 4501 4502 4517 4516
20314 4502 4503 4518 4517
20315 4503 4504 4519 4518
20316 4504 4505 4520 4519
20317 4505 4506 4521 4520
20318 4506 4507 4522 4521
20319 4507 4508 4523 4522
20320 4508 1398 1397 4523
20321 12 4509 4524 13
20322 4509 4510 4525 4524
20323 4510 4511 4526 4525
20324 4511 4512 4527 4526
20325 4512 4513 4528 4527
20326 4513 4514 4529 4528
20327 4514 4515 4530 4529
20328 4515 4516 4531 4530
20329 4516 4517 4532 4531
20330 4517 4518 4533 4532
20331 4518 4519 4534 4533
20332 4519 4520 4535 4534
20333 4520 4521 4536 4535
20334 4521 4522 4537 4536
20335 4522 4523 4538 4537
20336 4523 1397 1396 4538
20337 13 4524 4539 14
20338 4524 4525 4540 4539
20339 4525 4526 4541 4540
20340 4526 4527 4542 4541
20341 4527 4528 4543 4542
20342 4528 4529 4544 4543
20343 4529 4530 4545 4544
20344 4530 4531 4546 4545
20345 4531 4532 4547 4546
20346 4532 4533 4548 4547
20347 4533 4534 4549 4548
20348 4534 4535 4550 4549
20349 4535 4536 4551 4550
20350 4536 4537 4552 4551
20351 4537 4538 4553 4552
20352 4538 1396 1395 4553
20353 14 4539 4554 15
20354 4539 4540 4555 4554
20355 4540 4541 4556 4555
20356 4541 4542 4557 4556
20357 4542 4543 4558 4557
20358 4543 4544 4559 4558
20359 4544 4545 4560 4559
20360 4545 4546 4561 4560
20361 4546 4547 4562 4561
20362 4547 4548 4563 4562
20363 4548 4549 4564 4563
20364 4549 4550 4565 4564
20365 4550 4551 4566 4565
20366 4551 4552 4567 4566
20367 4552 4553 4568 4567
20368 4553 1395 1394 4568
20369 15 4554 4569 16
20370 4554 4555 4570 4569
20371 4555 4556 4571 4570
20372 4556 4557 4572 4571
20373 4557 4558 4573 4572
20374 4558 4559 4574 4573
20375 4559 4560 4575 4574
20376 4560 4561 4576 4575
20377 4561 4562 4577 4576
20378 4562 4563 4578 4577
20379 4563 4564 4579 4578
20380 4564 4565 4580 4579
20381 4565 4566 4581 4580
20382 4566 4567 4582 4581
20383 4567 4568 4583 4582
20384 4568 1394 1393 4583
20385 16 4569 4584 17
20386 4569 4570 4585 4584
20387 4570 4571 4586 4585
20388 4571 4572 4587 4586
20389 4572 4573 4588 4587
20390 4573 4574 4589 4588
20391 4574 4575 4590 4589
20392 4575 4576 4591 4590
20393 4576 4577 4592 4591
20394 4577 4578 4593 4592
20395 4578 4579 4594 4593
20396 4579 4580 4595 4594
20397 4580 4581 4596 4595
20398 4581 4582 4597 4596
20399 4582 4583 4598 4597
20400 4583 1393 1392 4598
20401 17 4584 4599 18
20402 4584 4585 4600 4599
20403 4585 4586 4601 4600
20404 4586 4587 4602 4601
20405 4587 4588 4603 4602
20406 4588 4589 4604 4603
20407 4589 4590 4605 4604
20408 4590 4591 4606 4605
20409 4591 4592 4607 4606
20410 4592 4593 4608 4607
20411 4593 4594 4609 4608
20412 4594 4595 4610 4609
20413 4595 4596 4611 4610
20414 4596 4597 4612 4611
20415 4597 4598 4613 4612
20416 4598 1392 1391 4613
20417 18 4599 4614 19
20418 4599 4600 4615 4614
20419 4600 4601 4616 4615
20420 4601 4602 4617 4616
20421 4602 4603 4618 4617
20422 4603 4604 4619 4618
20423 4604 4605 4620 4619
20424 4605 4606 4621 4620
20425 4606 4607 4622 4621
20426 4607 4608 4623 4622
20427 4608 4609 4624 4623
20428 4609 4610 4625 4624
20429 4610 4611 4626 4625
20430 4611 4612 4627 4626
20431 4612 4613 4628 4627
20432 4613 1391 1390 4628
20433 19 4614 4629 20
20434 4614 4615 4630 4629
20435 4615 4616 4631 4630
20436 4616 4617 4632 4631
20437 4617 4618 4633 4632
20438 4618 4619 4634 4633
20439 4619 4620 4635 4634
20440 4620 4621 4636 4635
20441 4621 4622 4637 4636
20442 4622 4623 4638 4637
20443 4623 4624 4639 4638
20444 4624 4625 4640 4639
20445 4625 4626 4641 4640
20446 4626 4627 4642 4641
20447 4627 4628 4643 4642
20448 4628 1390 1389 4643
20449 20 4629 4644 21
20450 4629 4630 4645 4644
20451 4630 4631 4646 4645
20452 4631 4632 4647 4646
20453 4632 4633 4648 4647
20454 4633 4634 4649 4648
20455 4634 4635 4650 4649
20456 4635 4636 4651 4650
20457 4636 4637 4652 4651
20458 4637 4638 4653 4652
20459 4638 4639 4654 4653
20460 4639 4640 4655 4654
20461 4640 4641 4656 4655
20462 4641 4642 4657 4656
20463 4642 4643 4658 4657
20464 4643 1389 1388 4658
20465 21 4644 4659 22
20466 4644 4645 4660 4659
20467 4645 4646 4661 4660
20468 4646 4647 4662 4661
20469 4647 4648 4663 4662
20470 4648 4649 4664 4663
20471 4649 4650 4665 4664
20472 4650 4651 4666 4665
20473 4651 4652 4667 4666
20474 4652 4653 4668 4667
20475 4653 4654 4669 4668
20476 4654 4655 4670 4669
20477 4655 4656 4671 4670
20478 4656 4657 4672 4671
20479 4657 4658 4673 4672
20480 4658 1388 1387 4673
20481 22 4659 4674 23
20482 4659 4660 4675 4674
20483 4660 4661 4676 4675
20484 4661 4662 4677 4676
20485 4662 4663 4678 4677
20486 4663 4664 4679 4678
20487 4664 4665 4680 4679
20488 4665 4666 4681 4680
20489 4666 4667 4682 4681
20490 4667 4668 4683 4682
20491 4668 4669 4684 4683
20492 4669 4670 4685 4684
20493 4670 4671 4686 4685
20494 4671 4672 4687 4686
20495 4672 4673 4688 4687
20496 4673 1387 1386 4688
20497 23 4674 4689 24
20498 4674 4675 4690 4689
20499 4675 4676 4691 4690
20500 4676 4677 4692 4691
20501 4677 4678 4693 4692
20502 4678 4679 4694 4693
20503 4679 4680 4695 4694
20504 4680 4681 4696 4695
20505 4681 4682 4697 4696
20506 4682 4683 4698 4697
20507 4683 4684 4699 4698
20508 4684 4685 4700 4699
20509 4685 4686 4701 4700
20510 4686 4687 4702 4701
20511 4687 4688 4703 4702
20512 4688 1386 1385 4703
20513 24 4689 4704 25
20514 4689 4690 4705 4704
20515 4690 4691 4706 4705
20516 4691 4692 4707 4706
20517 4692 4693 4708 4707
20518 4693 4694 4709 4708
20519 4694 4695 4710 4709
20520 4695 4696 4711 4710
20521 4696 4697 4712 4711
20522 4697 4698 4713 4712
20523 4698 4699 4714 4713
20524 4699 4700 4715 4714
20525 4700 4701 4716 4715
20526 4701 4702 4717 4716
20527 4702 4703 4718 4717
20528 4703 1385 1384 4718
20529 25 4704 4719 26
20530 4704 4705 4720 4719
20531 4705 4706 4721 4720
20532 4706 4707 4722 4721
20533 4707 4708 4723 4722
20534 4708 4709 4724 4723
20535 4709 4710 4725 4724
20536 4710 4711 4726 4725
20537 4711 4712 4727 4726
20538 4712 4713 4728 4727
20539 4713 4714 4729 4728
20540 4714 4715 4730 4729
20541 4715 4716 4731 4730
20542 4716 4717 4732 4731
20543 4717 4718 4733 4732
20544 4718 1384 1383 4733
20545 26 4719 4734 27
20546 4719 4720 4735 4734
20547 4720 4721 4736 4735
20548 4721 4722 4737 4736
20549 4722 4723 4738 4737
20550 4723 4724 4739 4738
20551 4724 4725 4740 4739
20552 4725 4726 4741 4740
20553 4726 4727 4742 4741
20554 4727 4728 4743 4742
20555 4728 4729 4744 4743
20556 4729 4730 4745 4744
20557 4730 4731 4746 4745
20558 4731 4732 4747 4746
20559 4732 4733 4748 4747
20560 4733 1383 1382 4748
20561 27 4734 4749 28
20562 4734 4735 4750 4749
20563 4735 4736 4751 4750
20564 4736 4737 4752 4751
20565 4737 4738 4753 4752
20566 4738 4739 4754 4753
20567 4739 4740 4755 4754
20568 4740 4741 4756 4755
20569 4741 4742 4757 4756
20570 4742 4743 4758 4757
20571 4743 4744 4759 4758
20572 4744 4745 4760 4759
20573 4745 4746 4761 4760
20574 4746 4747 4762 4761
20575 4747 4748 4763 4762
20576 4748 1382 1381 4763
20577 28 4749 4764 29
20578 4749 4750 4765 4764
20579 4750 4751 4766 4765
20580 4751 4752 4767 4766
20581 4752 4753 4768 4767
20582 4753 4754 4769 4768
20583 4754 4755 4770 4769
20584 4755 4756 4771 4770
20585 4756 4757 4772 4771
20586 4757 4758 4773 4772
20587 4758 4759 4774 4773
20588 4759 4760 4775 4774
20589 4760 4761 4776 4775
20590 4761 4762 4777 4776
20591 4762 4763 4778 4777
20592 4763 1381 1380 4778
20593 29 4764 4779 30
20594 4764 4765 4780 4779
20595 4765 4766 4781 4780
20596 4766 4767 4782 4781
20597 4767 4768 4783 4782
20598 4768 4769 4784 4783
20599 4769 4770 4785 4784
20600 4770 4771 4786 4785
20601 4771 4772 4787 4786
20602 4772 4773 4788 4787
20603 4773 4774 4789 4788
20604 4774 4775 4790 4789
20605 4775 4776 4791 4790
20606 4776 4777 4792 4791
20607 4777 4778 4793 4792
20608 4778 1380 1379 4793
20609 30 4779 4794 31
20610 4779 4780 4795 4794
20611 4780 4781 4796 4795
20612 4781 4782 4797 4796
20613 4782 4783 4798 4797
20614 4783 4784 4799 4798
20615 4784 4785 4800 4799
20616 4785 4786 4801 4800
20617 4786 4787 4802 4801
20618 4787 4788 4803 4802
20619 4788 4789 4804 4803
20620 4789 4790 4805 4804
20621 4790 4791 4806 4805
20622 4791 4792 4807 4806
20623 4792 4793 4808 4807
20624 4793 1379 1378 4808
20625 31 4794 4809 32
20626 4794 4795 4810 4809
20627 4795 4796 4811 4810
20628 4796 4797 4812 4811
20629 4797 4798 4813 4812
20630 4798 4799 4814 4813
20631 4799 4800 4815 4814
20632 4800 4801 4816 4815
20633 4801 4802 4817 4816
20634 4802 4803 4818 4817
20635 4803 4804 4819 4818
20636 4804 4805 4820 4819
20637 4805 4806 4821 4820
20638 4806 4807 4822 4821
20639 4807 4808 4823 4822
20640 4808 1378 1377 4823
20641 32 4809 4824 33
20642 4809 4810 4825 4824
20643 4810 4811 4826 4825
20644 4811 4812 4827 4826
20645 4812 4813 4828 4827
20646 4813 4814 4829 4828
20647 4814 4815 4830 4829
20648 4815 4816 4831 4830
20649 4816 4817 4832 4831
20650 4817 4818 4833 4832
20651 4818 4819 4834 4833
20652 4819 4820 4835 4834
20653 4820 4821 4836 4835
20654 4821 4822 4837 4836
20655 4822 4823 4838 4837
20656 4823 1377 1376 4838
20657 33 4824 4839 34
20658 4824 4825 4840 4839
20659 4825 4826 4841 4840
20660 4826 4827 4842 4841
20661 4827 4828 4843 4842
20662 4828 4829 4844 4843
20663 4829 4830 4845 4844
20664 4830 4831 4846 4845
20665 4831 4832 4847 4846
20666 4832 4833 4848 4847
20667 4833 4834 4849 4848
20668 4834 4835 4850 4849
20669 4835 4836 4851 4850
20670 4836 4837 4852 4851
20671 4837 4838 4853 4852
20672 4838 1376 1375 4853
20673 34 4839 4854 35
20674 4839 4840 4855 4854
20675 4840 4841 4856 4855
20676 4841 4842 4857 4856
20677 4842 4843 4858 4857
20678 4843 4844 4859 4858
20679 4844 4845 4860 4859
20680 4845 4846 4861 4860
20681 4846 4847 4862 4861
20682 4847 4848 4863 4862
20683 4848 4849 4864 4863
20684 4849 4850 4865 4864
20685 4850 4851 4866 4865
20686 4851 4852 4867 4866
20687 4852 4853 4868 4867
20688 4853 1375 1374 4868
20689 35 4854 4869 36
20690 4854 4855 4870 4869
20691 4855 4856 4871 4870
20692 4856 4857 4872 4871
20693 4857 4858 4873 4872
20694 4858 4859 4874 4873
20695 4859 4860 4875 4874
20696 4860 4861 4876 4875
20697 4861 4862 4877 4876
20698 4862 4863 4878 4877
20699 4863 4864 4879 4878
20700 4864 4865 4880 4879
20701 4865 4866 4881 4880
20702 4866 4867 4882 4881
20703 4867 4868 4883 4882
20704 4868 1374 1373 4883
20705 36 4869 4884 37
20706 4869 4870 4885 4884
20707 4870 4871 4886 4885
20708 4871 4872 4887 4886
20709 4872 4873 4888 4887
20710 4873 4874 4889 4888
20711 4874 4875 4890 4889
20712 4875 4876 4891 4890
20713 4876 4877 4892 4891
20714 4877 4878 4893 4892
20715 4878 4879 4894 4893
20716 4879 4880 4895 4894
20717 4880 4881 4896 4895
20718 4881 4882 4897 4896
20719 4882 4883 4898 4897
20720 4883 1373 1372 4898
20721 37 4884 3834 2
20722 4884 4885 3835 3834
20723 4885 4886 3836 3835
20724 4886 4887 3837 3836
20725 4887 4888 3838 3837
20726 4888 4889 3839 3838
20727 4889 4890 3840 3839
20728 4890 4891 3841 3840
20729 4891 4892 3842 3841
20730 4892 4893 3843 3842
20731 4893 4894 3844 3843
20732 4894 4895 3845 3844
20733 4895 4896 3846 3845
20734 4896 4897 3847 3846
20735 4897 4898 3848 3847
20736 4898 1372 1370 3848
