      1512 19100.0
        91          1
        92          1
        93          1
        94          1
        95          1
        96          1
        97          1
        98          1
        99          1
       100          1
       101          1
       102          1
       103          1
       104          1
       105          1
       106          1
       107          1
       108          1
       109          1
       110          1
       111          1
       112          1
       113          1
       114          1
       115          1
       116          1
       117          1
       118          1
       119          1
       120          1
       121          1
       122          1
       123          1
       124          1
       125          1
       126          1
       127          1
       128          1
       129          1
       130          1
       131          1
       132          1
       133          1
       134          1
       135          1
       136          1
       137          1
       138          1
       139          1
       140          1
       141          1
       142          1
       143          1
       144          1
       145          1
       146          1
       147          1
       148          1
       149          1
       150          1
       151          1
       152          1
       153          1
       154          1
       155          1
       156          1
       157          1
       158          1
       159          1
       160          1
       161          1
       162          1
       163          1
       164          1
       165          1
       166          1
       167          1
       168          1
       169          1
       170          1
       171          1
       172          1
       173          1
       174          1
       175          1
       176          1
       177          1
       178          1
       179          1
       180          1
       181          1
       182          1
       183          1
       184          1
       185          1
       186          1
       187          1
       188          1
       189          1
       190          1
       191          1
       192          1
       193          1
       194          1
       195          1
       196          1
       197          1
       198          1
       199          1
       200          1
       201          1
       202          1
       203          1
       204          1
       205          1
       206          1
       207          1
       208          1
       209          1
       210          1
       211          1
       212          1
       213          1
       214          1
       215          1
       216          1
       217          1
       218          1
       219          1
       220          1
       221          1
       222          1
       223          1
       224          1
       225          1
       226          1
       227          1
       228          1
       229          1
       230          1
       231          1
       232          1
       233          1
       234          1
       235          1
       236          1
       237          1
       238          1
       239          1
       240          1
       241          1
       242          1
       243          1
       244          1
       245          1
       246          1
       247          1
       248          1
       249          1
       250          1
       251          1
       252          1
       253          1
       254          1
       255          1
       256          1
       257          1
       258          1
       259          1
       260          1
       261          1
       262          1
       263          1
       264          1
       265          1
       266          1
       267          1
       268          1
       269          1
       270          1
       991          1
       992          1
       993          1
       994          1
       995          1
       996          1
       997          1
       998          1
       999          1
      1000          1
      1001          1
      1002          1
      1003          1
      1004          1
      1005          1
      1006          1
      1007          1
      1008          1
      1009          1
      1010          1
      1011          1
      1012          1
      1013          1
      1014          1
      1015          1
      1016          1
      1017          1
      1018          1
      1019          1
      1020          1
      1021          1
      1022          1
      1023          1
      1024          1
      1025          1
      1026          1
      1027          1
      1028          1
      1029          1
      1030          1
      1031          1
      1032          1
      1033          1
      1034          1
      1035          1
      1036          1
      1037          1
      1038          1
      1039          1
      1040          1
      1041          1
      1042          1
      1043          1
      1044          1
      1045          1
      1046          1
      1047          1
      1048          1
      1049          1
      1050          1
      1051          1
      1052          1
      1053          1
      1054          1
      1055          1
      1056          1
      1057          1
      1058          1
      1059          1
      1060          1
      1061          1
      1062          1
      1063          1
      1064          1
      1065          1
      1066          1
      1067          1
      1068          1
      1069          1
      1070          1
      1071          1
      1072          1
      1073          1
      1074          1
      1075          1
      1076          1
      1077          1
      1078          1
      1079          1
      1080          1
      1081          1
      1082          1
      1083          1
      1084          1
      1085          1
      1086          1
      1087          1
      1088          1
      1089          1
      1090          1
      1091          1
      1092          1
      1093          1
      1094          1
      1095          1
      1096          1
      1097          1
      1098          1
      1099          1
      1100          1
      1101          1
      1102          1
      1103          1
      1104          1
      1105          1
      1106          1
      1107          1
      1108          1
      1109          1
      1110          1
      1111          1
      1112          1
      1113          1
      1114          1
      1115          1
      1116          1
      1117          1
      1118          1
      1119          1
      1120          1
      1121          1
      1122          1
      1123          1
      1124          1
      1125          1
      1126          1
      1127          1
      1128          1
      1129          1
      1130          1
      1131          1
      1132          1
      1133          1
      1134          1
      1135          1
      1136          1
      1137          1
      1138          1
      1139          1
      1140          1
      1141          1
      1142          1
      1143          1
      1144          1
      1145          1
      1146          1
      1147          1
      1148          1
      1149          1
      1150          1
      1151          1
      1152          1
      1153          1
      1154          1
      1155          1
      1156          1
      1157          1
      1158          1
      1159          1
      1160          1
      1161          1
      1162          1
      1163          1
      1164          1
      1165          1
      1166          1
      1167          1
      1168          1
      1169          1
      1170          1
       721          2
       722          2
       723          2
       724          2
       725          2
       726          2
       727          2
       728          2
       729          2
       730          2
       731          2
       732          2
       733          2
       734          2
       735          2
       736          2
       737          2
       738          2
       739          2
       740          2
       741          2
       742          2
       743          2
       744          2
       745          2
       746          2
       747          2
       748          2
       749          2
       750          2
       751          2
       752          2
       753          2
       754          2
       755          2
       756          2
       757          2
       758          2
       759          2
       760          2
       761          2
       762          2
       763          2
       764          2
       765          2
       766          2
       767          2
       768          2
       769          2
       770          2
       771          2
       772          2
       773          2
       774          2
       775          2
       776          2
       777          2
       778          2
       779          2
       780          2
       781          2
       782          2
       783          2
       784          2
       785          2
       786          2
       787          2
       788          2
       789          2
       790          2
       791          2
       792          2
       793          2
       794          2
       795          2
       796          2
       797          2
       798          2
       799          2
       800          2
       801          2
       802          2
       803          2
       804          2
       805          2
       806          2
       807          2
       808          2
       809          2
       810          2
       811          2
       812          2
       813          2
       814          2
       815          2
       816          2
       817          2
       818          2
       819          2
       820          2
       821          2
       822          2
       823          2
       824          2
       825          2
       826          2
       827          2
       828          2
       829          2
       830          2
       831          2
       832          2
       833          2
       834          2
       835          2
       836          2
       837          2
       838          2
       839          2
       840          2
       841          2
       842          2
       843          2
       844          2
       845          2
       846          2
       847          2
       848          2
       849          2
       850          2
       851          2
       852          2
       853          2
       854          2
       855          2
       856          2
       857          2
       858          2
       859          2
       860          2
       861          2
       862          2
       863          2
       864          2
       865          2
       866          2
       867          2
       868          2
       869          2
       870          2
       871          2
       872          2
       873          2
       874          2
       875          2
       876          2
       877          2
       878          2
       879          2
       880          2
       881          2
       882          2
       883          2
       884          2
       885          2
       886          2
       887          2
       888          2
       889          2
       890          2
       891          2
       892          2
       893          2
       894          2
       895          2
       896          2
       897          2
       898          2
       899          2
       900          2
      1261          2
      1262          2
      1263          2
      1264          2
      1265          2
      1266          2
      1267          2
      1268          2
      1269          2
      1270          2
      1271          2
      1272          2
      1273          2
      1274          2
      1275          2
      1276          2
      1277          2
      1278          2
      1279          2
      1280          2
      1281          2
      1282          2
      1283          2
      1284          2
      1285          2
      1286          2
      1287          2
      1288          2
      1289          2
      1290          2
      1291          2
      1292          2
      1293          2
      1294          2
      1295          2
      1296          2
      1297          2
      1298          2
      1299          2
      1300          2
      1301          2
      1302          2
      1303          2
      1304          2
      1305          2
      1306          2
      1307          2
      1308          2
      1309          2
      1310          2
      1311          2
      1312          2
      1313          2
      1314          2
      1315          2
      1316          2
      1317          2
      1318          2
      1319          2
      1320          2
      1321          2
      1322          2
      1323          2
      1324          2
      1325          2
      1326          2
      1327          2
      1328          2
      1329          2
      1330          2
      1331          2
      1332          2
      1333          2
      1334          2
      1335          2
      1336          2
      1337          2
      1338          2
      1339          2
      1340          2
      1341          2
      1342          2
      1343          2
      1344          2
      1345          2
      1346          2
      1347          2
      1348          2
      1349          2
      1350          2
      1351          2
      1352          2
      1353          2
      1354          2
      1355          2
      1356          2
      1357          2
      1358          2
      1359          2
      1360          2
      1361          2
      1362          2
      1363          2
      1364          2
      1365          2
      1366          2
      1367          2
      1368          2
      1369          2
      1370          2
      1371          2
      1372          2
      1373          2
      1374          2
      1375          2
      1376          2
      1377          2
      1378          2
      1379          2
      1380          2
      1381          2
      1382          2
      1383          2
      1384          2
      1385          2
      1386          2
      1387          2
      1388          2
      1389          2
      1390          2
      1391          2
      1392          2
      1393          2
      1394          2
      1395          2
      1396          2
      1397          2
      1398          2
      1399          2
      1400          2
      1401          2
      1402          2
      1403          2
      1404          2
      1405          2
      1406          2
      1407          2
      1408          2
      1409          2
      1410          2
      1411          2
      1412          2
      1413          2
      1414          2
      1415          2
      1416          2
      1417          2
      1418          2
      1419          2
      1420          2
      1421          2
      1422          2
      1423          2
      1424          2
      1425          2
      1426          2
      1427          2
      1428          2
      1429          2
      1430          2
      1431          2
      1432          2
      1433          2
      1434          2
      1435          2
      1436          2
      1437          2
      1438          2
      1439          2
      1440          2
      1603          3
      1604          3
      1605          3
      1606          3
      1607          3
      1608          3
      1609          3
      1610          3
      1611          3
      1612          3
      1613          3
      1614          3
      1615          3
      1616          3
      1617          3
      1618          3
      1619          3
      1620          3
      1621          3
      1622          3
      1623          3
      1624          3
      1625          3
      1626          3
      1627          3
      1628          3
      1629          3
      1630          3
      1631          3
      1632          3
      1633          3
      1634          3
      1635          3
      1636          3
      1637          3
      1638          3
      1639          3
      1640          3
      1641          3
      1642          3
      1643          3
      1644          3
      1645          3
      1646          3
      1647          3
      1648          3
      1649          3
      1650          3
      1651          3
      1652          3
      1653          3
      1654          3
      1655          3
      1656          3
      1657          3
      1658          3
      1659          3
      1660          3
      1661          3
      1662          3
      1663          3
      1664          3
      1665          3
      1666          3
      1667          3
      1668          3
      1669          3
      1670          3
      1671          3
      1672          3
      1673          3
      1674          3
      1675          3
      1676          3
      1677          3
      1678          3
      1679          3
      1680          3
      1681          3
      1682          3
      1683          3
      1684          3
      1685          3
      1686          3
      1687          3
      1688          3
      1689          3
      1690          3
      1691          3
      1692          3
      1693          3
      1694          3
      1695          3
      1696          3
      1697          3
      1698          3
      1699          3
      1700          3
      1701          3
      1702          3
      1703          3
      1704          3
      1705          3
      1706          3
      1707          3
      1708          3
      1709          3
      1710          3
         1          4
         2          4
         3          4
         4          4
         5          4
         6          4
         7          4
         8          4
         9          4
        10          4
        11          4
        12          4
        13          4
        14          4
        15          4
        16          4
        17          4
        18          4
        19          4
        20          4
        21          4
        22          4
        23          4
        24          4
        25          4
        26          4
        27          4
        28          4
        29          4
        30          4
        31          4
        32          4
        33          4
        34          4
        35          4
        36          4
        37          4
        38          4
        39          4
        40          4
        41          4
        42          4
        43          4
        44          4
        45          4
        46          4
        47          4
        48          4
        49          4
        50          4
        51          4
        52          4
        53          4
        54          4
        55          4
        56          4
        57          4
        58          4
        59          4
        60          4
        61          4
        62          4
        63          4
        64          4
        65          4
        66          4
        67          4
        68          4
        69          4
        70          4
        71          4
        72          4
        73          4
        74          4
        75          4
        76          4
        77          4
        78          4
        79          4
        80          4
        81          4
        82          4
        83          4
        84          4
        85          4
        86          4
        87          4
        88          4
        89          4
        90          4
      1171          4
      1172          4
      1173          4
      1174          4
      1175          4
      1176          4
      1177          4
      1178          4
      1179          4
      1180          4
      1181          4
      1182          4
      1183          4
      1184          4
      1185          4
      1186          4
      1187          4
      1188          4
      1189          4
      1190          4
      1191          4
      1192          4
      1193          4
      1194          4
      1195          4
      1196          4
      1197          4
      1198          4
      1199          4
      1200          4
      1201          4
      1202          4
      1203          4
      1204          4
      1205          4
      1206          4
      1207          4
      1208          4
      1209          4
      1210          4
      1211          4
      1212          4
      1213          4
      1214          4
      1215          4
      1216          4
      1217          4
      1218          4
      1219          4
      1220          4
      1221          4
      1222          4
      1223          4
      1224          4
      1225          4
      1226          4
      1227          4
      1228          4
      1229          4
      1230          4
      1231          4
      1232          4
      1233          4
      1234          4
      1235          4
      1236          4
      1237          4
      1238          4
      1239          4
      1240          4
      1241          4
      1242          4
      1243          4
      1244          4
      1245          4
      1246          4
      1247          4
      1248          4
      1249          4
      1250          4
      1251          4
      1252          4
      1253          4
      1254          4
      1255          4
      1256          4
      1257          4
      1258          4
      1259          4
      1260          4
       631          4
       632          4
       633          4
       634          4
       635          4
       636          4
       637          4
       638          4
       639          4
       640          4
       641          4
       642          4
       643          4
       644          4
       645          4
       646          4
       647          4
       648          4
       649          4
       650          4
       651          4
       652          4
       653          4
       654          4
       655          4
       656          4
       657          4
       658          4
       659          4
       660          4
       661          4
       662          4
       663          4
       664          4
       665          4
       666          4
       667          4
       668          4
       669          4
       670          4
       671          4
       672          4
       673          4
       674          4
       675          4
       676          4
       677          4
       678          4
       679          4
       680          4
       681          4
       682          4
       683          4
       684          4
       685          4
       686          4
       687          4
       688          4
       689          4
       690          4
       691          4
       692          4
       693          4
       694          4
       695          4
       696          4
       697          4
       698          4
       699          4
       700          4
       701          4
       702          4
       703          4
       704          4
       705          4
       706          4
       707          4
       708          4
       709          4
       710          4
       711          4
       712          4
       713          4
       714          4
       715          4
       716          4
       717          4
       718          4
       719          4
       720          4
       901          4
       902          4
       903          4
       904          4
       905          4
       906          4
       907          4
       908          4
       909          4
       910          4
       911          4
       912          4
       913          4
       914          4
       915          4
       916          4
       917          4
       918          4
       919          4
       920          4
       921          4
       922          4
       923          4
       924          4
       925          4
       926          4
       927          4
       928          4
       929          4
       930          4
       931          4
       932          4
       933          4
       934          4
       935          4
       936          4
       937          4
       938          4
       939          4
       940          4
       941          4
       942          4
       943          4
       944          4
       945          4
       946          4
       947          4
       948          4
       949          4
       950          4
       951          4
       952          4
       953          4
       954          4
       955          4
       956          4
       957          4
       958          4
       959          4
       960          4
       961          4
       962          4
       963          4
       964          4
       965          4
       966          4
       967          4
       968          4
       969          4
       970          4
       971          4
       972          4
       973          4
       974          4
       975          4
       976          4
       977          4
       978          4
       979          4
       980          4
       981          4
       982          4
       983          4
       984          4
       985          4
       986          4
       987          4
       988          4
       989          4
       990          4
      1792          5
      1793          5
      1794          5
      1795          5
      1796          5
      1797          5
      1798          5
      1799          5
      1800          5
      1801          5
      1802          5
      1803          5
      1804          5
      1805          5
      1806          5
      1807          5
      1808          5
      1809          5
      1810          5
      1811          5
      1812          5
      1813          5
      1814          5
      1815          5
      1816          5
      1817          5
      1818          5
      1819          5
      1820          5
      1821          5
      1822          5
      1823          5
      1824          5
      1825          5
      1826          5
      1827          5
      1828          5
      1829          5
      1830          5
      1831          5
      1832          5
      1833          5
      1834          5
      1835          5
      1836          5
      1837          5
      1838          5
      1839          5
      1840          5
      1841          5
      1842          5
      1843          5
      1844          5
      1845          5
      1468          5
      1469          5
      1470          5
      1471          5
      1472          5
      1473          5
      1474          5
      1475          5
      1476          5
      1477          5
      1478          5
      1479          5
      1480          5
      1481          5
      1482          5
      1483          5
      1484          5
      1485          5
      1486          5
      1487          5
      1488          5
      1489          5
      1490          5
      1491          5
      1492          5
      1493          5
      1494          5
      1495          5
      1496          5
      1497          5
      1498          5
      1499          5
      1500          5
      1501          5
      1502          5
      1503          5
      1504          5
      1505          5
      1506          5
      1507          5
      1508          5
      1509          5
      1510          5
      1511          5
      1512          5
      1513          5
      1514          5
      1515          5
      1516          5
      1517          5
      1518          5
      1519          5
      1520          5
      1521          5
      1549          6
      1550          6
      1551          6
      1552          6
      1553          6
      1554          6
      1555          6
      1556          6
      1557          6
      1558          6
      1559          6
      1560          6
      1561          6
      1562          6
      1563          6
      1564          6
      1565          6
      1566          6
      1567          6
      1568          6
      1569          6
      1570          6
      1571          6
      1572          6
      1573          6
      1574          6
      1575          6
      1576          6
      1577          6
      1578          6
      1579          6
      1580          6
      1581          6
      1582          6
      1583          6
      1584          6
      1585          6
      1586          6
      1587          6
      1588          6
      1589          6
      1590          6
      1591          6
      1592          6
      1593          6
      1594          6
      1595          6
      1596          6
      1597          6
      1598          6
      1599          6
      1600          6
      1601          6
      1602          6
      1711          6
      1712          6
      1713          6
      1714          6
      1715          6
      1716          6
      1717          6
      1718          6
      1719          6
      1720          6
      1721          6
      1722          6
      1723          6
      1724          6
      1725          6
      1726          6
      1727          6
      1728          6
      1729          6
      1730          6
      1731          6
      1732          6
      1733          6
      1734          6
      1735          6
      1736          6
      1737          6
      1738          6
      1739          6
      1740          6
      1741          6
      1742          6
      1743          6
      1744          6
      1745          6
      1746          6
      1747          6
      1748          6
      1749          6
      1750          6
      1751          6
      1752          6
      1753          6
      1754          6
      1755          6
      1756          6
      1757          6
      1758          6
      1759          6
      1760          6
      1761          6
      1762          6
      1763          6
      1764          6
      1765          7
      1766          7
      1767          7
      1768          7
      1769          7
      1770          7
      1771          7
      1772          7
      1773          7
      1774          7
      1775          7
      1776          7
      1777          7
      1778          7
      1779          7
      1780          7
      1781          7
      1782          7
      1783          7
      1784          7
      1785          7
      1786          7
      1787          7
      1788          7
      1789          7
      1790          7
      1791          7
      1846          7
      1847          7
      1848          7
      1849          7
      1850          7
      1851          7
      1852          7
      1853          7
      1854          7
      1855          7
      1856          7
      1857          7
      1858          7
      1859          7
      1860          7
      1861          7
      1862          7
      1863          7
      1864          7
      1865          7
      1866          7
      1867          7
      1868          7
      1869          7
      1870          7
      1871          7
      1872          7
      1522          7
      1523          7
      1524          7
      1525          7
      1526          7
      1527          7
      1528          7
      1529          7
      1530          7
      1531          7
      1532          7
      1533          7
      1534          7
      1535          7
      1536          7
      1537          7
      1538          7
      1539          7
      1540          7
      1541          7
      1542          7
      1543          7
      1544          7
      1545          7
      1546          7
      1547          7
      1548          7
      1441          7
      1442          7
      1443          7
      1444          7
      1445          7
      1446          7
      1447          7
      1448          7
      1449          7
      1450          7
      1451          7
      1452          7
      1453          7
      1454          7
      1455          7
      1456          7
      1457          7
      1458          7
      1459          7
      1460          7
      1461          7
      1462          7
      1463          7
      1464          7
      1465          7
      1466          7
      1467          7
