       271          1
       272          1
       273          1
       274          1
       275          1
       276          1
       277          1
       278          1
       279          1
       280          1
       281          1
       282          1
       283          1
       284          1
       285          1
       286          1
       287          1
       288          1
       289          1
       290          1
       291          1
       292          1
       293          1
       294          1
       295          1
       296          1
       297          1
       298          1
       299          1
       300          1
       301          1
       302          1
       303          1
       304          1
       305          1
       306          1
       307          1
       308          1
       309          1
       310          1
       311          1
       312          1
       313          1
       314          1
       315          1
       316          1
       317          1
       318          1
       319          1
       320          1
       321          1
       322          1
       323          1
       324          1
       325          1
       326          1
       327          1
       328          1
       329          1
       330          1
       331          1
       332          1
       333          1
       334          1
       335          1
       336          1
       337          1
       338          1
       339          1
       340          1
       341          1
       342          1
       343          1
       344          1
       345          1
       346          1
       347          1
       348          1
       349          1
       350          1
       351          1
       352          1
       353          1
       354          1
       355          1
       356          1
       357          1
       358          1
       359          1
       360          1
       361          1
       362          1
       363          1
       364          1
       365          1
       366          1
       367          1
       368          1
       369          1
       370          1
       371          1
       372          1
       373          1
       374          1
       375          1
       376          1
       377          1
       378          1
       379          1
       380          1
       381          1
       382          1
       383          1
       384          1
       385          1
       386          1
       387          1
       388          1
       389          1
       390          1
       391          1
       392          1
       393          1
       394          1
       395          1
       396          1
       397          1
       398          1
       399          1
       400          1
       401          1
       402          1
       403          1
       404          1
       405          1
       406          1
       407          1
       408          1
       409          1
       410          1
       411          1
       412          1
       413          1
       414          1
       415          1
       416          1
       417          1
       418          1
       419          1
       420          1
       421          1
       422          1
       423          1
       424          1
       425          1
       426          1
       427          1
       428          1
       429          1
       430          1
       431          1
       432          1
       433          1
       434          1
       435          1
       436          1
       437          1
       438          1
       439          1
       440          1
       441          1
       442          1
       443          1
       444          1
       445          1
       446          1
       447          1
       448          1
       449          1
       450          1
       451          1
       452          1
       453          1
       454          1
       455          1
       456          1
       457          1
       458          1
       459          1
       460          1
       461          1
       462          1
       463          1
       464          1
       465          1
       466          1
       467          1
       468          1
       469          1
       470          1
       471          1
       472          1
       473          1
       474          1
       475          1
       476          1
       477          1
       478          1
       479          1
       480          1
       481          1
       482          1
       483          1
       484          1
       485          1
       486          1
       487          1
       488          1
       489          1
       490          1
       491          1
       492          1
       493          1
       494          1
       495          1
       496          1
       497          1
       498          1
       499          1
       500          1
       501          1
       502          1
       503          1
       504          1
       505          1
       506          1
       507          1
       508          1
       509          1
       510          1
       511          1
       512          1
       513          1
       514          1
       515          1
       516          1
       517          1
       518          1
       519          1
       520          1
       521          1
       522          1
       523          1
       524          1
       525          1
       526          1
       527          1
       528          1
       529          1
       530          1
       531          1
       532          1
       533          1
       534          1
       535          1
       536          1
       537          1
       538          1
       539          1
       540          1
       541          1
       542          1
       543          1
       544          1
       545          1
       546          1
       547          1
       548          1
       549          1
       550          1
       551          1
       552          1
       553          1
       554          1
       555          1
       556          1
       557          1
       558          1
       559          1
       560          1
       561          1
       562          1
       563          1
       564          1
       565          1
       566          1
       567          1
       568          1
       569          1
       570          1
       571          1
       572          1
       573          1
       574          1
       575          1
       576          1
       577          1
       578          1
       579          1
       580          1
       581          1
       582          1
       583          1
       584          1
       585          1
       586          1
       587          1
       588          1
       589          1
       590          1
       591          1
       592          1
       593          1
       594          1
       595          1
       596          1
       597          1
       598          1
       599          1
       600          1
       601          1
       602          1
       603          1
       604          1
       605          1
       606          1
       607          1
       608          1
       609          1
       610          1
       611          1
       612          1
       613          1
       614          1
       615          1
       616          1
       617          1
       618          1
       619          1
       620          1
       621          1
       622          1
       623          1
       624          1
       625          1
       626          1
       627          1
       628          1
       629          1
       630          1
        91      -2001
        92      -2001
        93      -2001
        94      -2001
        95      -2001
        96      -2001
        97      -2001
        98      -2001
        99      -2001
       100      -2001
       101      -2001
       102      -2001
       103      -2001
       104      -2001
       105      -2001
       106      -2001
       107      -2001
       108      -2001
       109      -2001
       110      -2001
       111      -2001
       112      -2001
       113      -2001
       114      -2001
       115      -2001
       116      -2001
       117      -2001
       118      -2001
       119      -2001
       120      -2001
       121      -2001
       122      -2001
       123      -2001
       124      -2001
       125      -2001
       126      -2001
       127      -2001
       128      -2001
       129      -2001
       130      -2001
       131      -2001
       132      -2001
       133      -2001
       134      -2001
       135      -2001
       136      -2001
       137      -2001
       138      -2001
       139      -2001
       140      -2001
       141      -2001
       142      -2001
       143      -2001
       144      -2001
       145      -2001
       146      -2001
       147      -2001
       148      -2001
       149      -2001
       150      -2001
       151      -2001
       152      -2001
       153      -2001
       154      -2001
       155      -2001
       156      -2001
       157      -2001
       158      -2001
       159      -2001
       160      -2001
       161      -2001
       162      -2001
       163      -2001
       164      -2001
       165      -2001
       166      -2001
       167      -2001
       168      -2001
       169      -2001
       170      -2001
       171      -2001
       172      -2001
       173      -2001
       174      -2001
       175      -2001
       176      -2001
       177      -2001
       178      -2001
       179      -2001
       180      -2001
       181      -2001
       182      -2001
       183      -2001
       184      -2001
       185      -2001
       186      -2001
       187      -2001
       188      -2001
       189      -2001
       190      -2001
       191      -2001
       192      -2001
       193      -2001
       194      -2001
       195      -2001
       196      -2001
       197      -2001
       198      -2001
       199      -2001
       200      -2001
       201      -2001
       202      -2001
       203      -2001
       204      -2001
       205      -2001
       206      -2001
       207      -2001
       208      -2001
       209      -2001
       210      -2001
       211      -2001
       212      -2001
       213      -2001
       214      -2001
       215      -2001
       216      -2001
       217      -2001
       218      -2001
       219      -2001
       220      -2001
       221      -2001
       222      -2001
       223      -2001
       224      -2001
       225      -2001
       226      -2001
       227      -2001
       228      -2001
       229      -2001
       230      -2001
       231      -2001
       232      -2001
       233      -2001
       234      -2001
       235      -2001
       236      -2001
       237      -2001
       238      -2001
       239      -2001
       240      -2001
       241      -2001
       242      -2001
       243      -2001
       244      -2001
       245      -2001
       246      -2001
       247      -2001
       248      -2001
       249      -2001
       250      -2001
       251      -2001
       252      -2001
       253      -2001
       254      -2001
       255      -2001
       256      -2001
       257      -2001
       258      -2001
       259      -2001
       260      -2001
       261      -2001
       262      -2001
       263      -2001
       264      -2001
       265      -2001
       266      -2001
       267      -2001
       268      -2001
       269      -2001
       270      -2001
       991      -2001
       992      -2001
       993      -2001
       994      -2001
       995      -2001
       996      -2001
       997      -2001
       998      -2001
       999      -2001
      1000      -2001
      1001      -2001
      1002      -2001
      1003      -2001
      1004      -2001
      1005      -2001
      1006      -2001
      1007      -2001
      1008      -2001
      1009      -2001
      1010      -2001
      1011      -2001
      1012      -2001
      1013      -2001
      1014      -2001
      1015      -2001
      1016      -2001
      1017      -2001
      1018      -2001
      1019      -2001
      1020      -2001
      1021      -2001
      1022      -2001
      1023      -2001
      1024      -2001
      1025      -2001
      1026      -2001
      1027      -2001
      1028      -2001
      1029      -2001
      1030      -2001
      1031      -2001
      1032      -2001
      1033      -2001
      1034      -2001
      1035      -2001
      1036      -2001
      1037      -2001
      1038      -2001
      1039      -2001
      1040      -2001
      1041      -2001
      1042      -2001
      1043      -2001
      1044      -2001
      1045      -2001
      1046      -2001
      1047      -2001
      1048      -2001
      1049      -2001
      1050      -2001
      1051      -2001
      1052      -2001
      1053      -2001
      1054      -2001
      1055      -2001
      1056      -2001
      1057      -2001
      1058      -2001
      1059      -2001
      1060      -2001
      1061      -2001
      1062      -2001
      1063      -2001
      1064      -2001
      1065      -2001
      1066      -2001
      1067      -2001
      1068      -2001
      1069      -2001
      1070      -2001
      1071      -2001
      1072      -2001
      1073      -2001
      1074      -2001
      1075      -2001
      1076      -2001
      1077      -2001
      1078      -2001
      1079      -2001
      1080      -2001
      1081      -2001
      1082      -2001
      1083      -2001
      1084      -2001
      1085      -2001
      1086      -2001
      1087      -2001
      1088      -2001
      1089      -2001
      1090      -2001
      1091      -2001
      1092      -2001
      1093      -2001
      1094      -2001
      1095      -2001
      1096      -2001
      1097      -2001
      1098      -2001
      1099      -2001
      1100      -2001
      1101      -2001
      1102      -2001
      1103      -2001
      1104      -2001
      1105      -2001
      1106      -2001
      1107      -2001
      1108      -2001
      1109      -2001
      1110      -2001
      1111      -2001
      1112      -2001
      1113      -2001
      1114      -2001
      1115      -2001
      1116      -2001
      1117      -2001
      1118      -2001
      1119      -2001
      1120      -2001
      1121      -2001
      1122      -2001
      1123      -2001
      1124      -2001
      1125      -2001
      1126      -2001
      1127      -2001
      1128      -2001
      1129      -2001
      1130      -2001
      1131      -2001
      1132      -2001
      1133      -2001
      1134      -2001
      1135      -2001
      1136      -2001
      1137      -2001
      1138      -2001
      1139      -2001
      1140      -2001
      1141      -2001
      1142      -2001
      1143      -2001
      1144      -2001
      1145      -2001
      1146      -2001
      1147      -2001
      1148      -2001
      1149      -2001
      1150      -2001
      1151      -2001
      1152      -2001
      1153      -2001
      1154      -2001
      1155      -2001
      1156      -2001
      1157      -2001
      1158      -2001
      1159      -2001
      1160      -2001
      1161      -2001
      1162      -2001
      1163      -2001
      1164      -2001
      1165      -2001
      1166      -2001
      1167      -2001
      1168      -2001
      1169      -2001
      1170      -2001
       721      -2002
       722      -2002
       723      -2002
       724      -2002
       725      -2002
       726      -2002
       727      -2002
       728      -2002
       729      -2002
       730      -2002
       731      -2002
       732      -2002
       733      -2002
       734      -2002
       735      -2002
       736      -2002
       737      -2002
       738      -2002
       739      -2002
       740      -2002
       741      -2002
       742      -2002
       743      -2002
       744      -2002
       745      -2002
       746      -2002
       747      -2002
       748      -2002
       749      -2002
       750      -2002
       751      -2002
       752      -2002
       753      -2002
       754      -2002
       755      -2002
       756      -2002
       757      -2002
       758      -2002
       759      -2002
       760      -2002
       761      -2002
       762      -2002
       763      -2002
       764      -2002
       765      -2002
       766      -2002
       767      -2002
       768      -2002
       769      -2002
       770      -2002
       771      -2002
       772      -2002
       773      -2002
       774      -2002
       775      -2002
       776      -2002
       777      -2002
       778      -2002
       779      -2002
       780      -2002
       781      -2002
       782      -2002
       783      -2002
       784      -2002
       785      -2002
       786      -2002
       787      -2002
       788      -2002
       789      -2002
       790      -2002
       791      -2002
       792      -2002
       793      -2002
       794      -2002
       795      -2002
       796      -2002
       797      -2002
       798      -2002
       799      -2002
       800      -2002
       801      -2002
       802      -2002
       803      -2002
       804      -2002
       805      -2002
       806      -2002
       807      -2002
       808      -2002
       809      -2002
       810      -2002
       811      -2002
       812      -2002
       813      -2002
       814      -2002
       815      -2002
       816      -2002
       817      -2002
       818      -2002
       819      -2002
       820      -2002
       821      -2002
       822      -2002
       823      -2002
       824      -2002
       825      -2002
       826      -2002
       827      -2002
       828      -2002
       829      -2002
       830      -2002
       831      -2002
       832      -2002
       833      -2002
       834      -2002
       835      -2002
       836      -2002
       837      -2002
       838      -2002
       839      -2002
       840      -2002
       841      -2002
       842      -2002
       843      -2002
       844      -2002
       845      -2002
       846      -2002
       847      -2002
       848      -2002
       849      -2002
       850      -2002
       851      -2002
       852      -2002
       853      -2002
       854      -2002
       855      -2002
       856      -2002
       857      -2002
       858      -2002
       859      -2002
       860      -2002
       861      -2002
       862      -2002
       863      -2002
       864      -2002
       865      -2002
       866      -2002
       867      -2002
       868      -2002
       869      -2002
       870      -2002
       871      -2002
       872      -2002
       873      -2002
       874      -2002
       875      -2002
       876      -2002
       877      -2002
       878      -2002
       879      -2002
       880      -2002
       881      -2002
       882      -2002
       883      -2002
       884      -2002
       885      -2002
       886      -2002
       887      -2002
       888      -2002
       889      -2002
       890      -2002
       891      -2002
       892      -2002
       893      -2002
       894      -2002
       895      -2002
       896      -2002
       897      -2002
       898      -2002
       899      -2002
       900      -2002
      1261      -2002
      1262      -2002
      1263      -2002
      1264      -2002
      1265      -2002
      1266      -2002
      1267      -2002
      1268      -2002
      1269      -2002
      1270      -2002
      1271      -2002
      1272      -2002
      1273      -2002
      1274      -2002
      1275      -2002
      1276      -2002
      1277      -2002
      1278      -2002
      1279      -2002
      1280      -2002
      1281      -2002
      1282      -2002
      1283      -2002
      1284      -2002
      1285      -2002
      1286      -2002
      1287      -2002
      1288      -2002
      1289      -2002
      1290      -2002
      1291      -2002
      1292      -2002
      1293      -2002
      1294      -2002
      1295      -2002
      1296      -2002
      1297      -2002
      1298      -2002
      1299      -2002
      1300      -2002
      1301      -2002
      1302      -2002
      1303      -2002
      1304      -2002
      1305      -2002
      1306      -2002
      1307      -2002
      1308      -2002
      1309      -2002
      1310      -2002
      1311      -2002
      1312      -2002
      1313      -2002
      1314      -2002
      1315      -2002
      1316      -2002
      1317      -2002
      1318      -2002
      1319      -2002
      1320      -2002
      1321      -2002
      1322      -2002
      1323      -2002
      1324      -2002
      1325      -2002
      1326      -2002
      1327      -2002
      1328      -2002
      1329      -2002
      1330      -2002
      1331      -2002
      1332      -2002
      1333      -2002
      1334      -2002
      1335      -2002
      1336      -2002
      1337      -2002
      1338      -2002
      1339      -2002
      1340      -2002
      1341      -2002
      1342      -2002
      1343      -2002
      1344      -2002
      1345      -2002
      1346      -2002
      1347      -2002
      1348      -2002
      1349      -2002
      1350      -2002
      1351      -2002
      1352      -2002
      1353      -2002
      1354      -2002
      1355      -2002
      1356      -2002
      1357      -2002
      1358      -2002
      1359      -2002
      1360      -2002
      1361      -2002
      1362      -2002
      1363      -2002
      1364      -2002
      1365      -2002
      1366      -2002
      1367      -2002
      1368      -2002
      1369      -2002
      1370      -2002
      1371      -2002
      1372      -2002
      1373      -2002
      1374      -2002
      1375      -2002
      1376      -2002
      1377      -2002
      1378      -2002
      1379      -2002
      1380      -2002
      1381      -2002
      1382      -2002
      1383      -2002
      1384      -2002
      1385      -2002
      1386      -2002
      1387      -2002
      1388      -2002
      1389      -2002
      1390      -2002
      1391      -2002
      1392      -2002
      1393      -2002
      1394      -2002
      1395      -2002
      1396      -2002
      1397      -2002
      1398      -2002
      1399      -2002
      1400      -2002
      1401      -2002
      1402      -2002
      1403      -2002
      1404      -2002
      1405      -2002
      1406      -2002
      1407      -2002
      1408      -2002
      1409      -2002
      1410      -2002
      1411      -2002
      1412      -2002
      1413      -2002
      1414      -2002
      1415      -2002
      1416      -2002
      1417      -2002
      1418      -2002
      1419      -2002
      1420      -2002
      1421      -2002
      1422      -2002
      1423      -2002
      1424      -2002
      1425      -2002
      1426      -2002
      1427      -2002
      1428      -2002
      1429      -2002
      1430      -2002
      1431      -2002
      1432      -2002
      1433      -2002
      1434      -2002
      1435      -2002
      1436      -2002
      1437      -2002
      1438      -2002
      1439      -2002
      1440      -2002
      1603      -2003
      1604      -2003
      1605      -2003
      1606      -2003
      1607      -2003
      1608      -2003
      1609      -2003
      1610      -2003
      1611      -2003
      1612      -2003
      1613      -2003
      1614      -2003
      1615      -2003
      1616      -2003
      1617      -2003
      1618      -2003
      1619      -2003
      1620      -2003
      1621      -2003
      1622      -2003
      1623      -2003
      1624      -2003
      1625      -2003
      1626      -2003
      1627      -2003
      1628      -2003
      1629      -2003
      1630      -2003
      1631      -2003
      1632      -2003
      1633      -2003
      1634      -2003
      1635      -2003
      1636      -2003
      1637      -2003
      1638      -2003
      1639      -2003
      1640      -2003
      1641      -2003
      1642      -2003
      1643      -2003
      1644      -2003
      1645      -2003
      1646      -2003
      1647      -2003
      1648      -2003
      1649      -2003
      1650      -2003
      1651      -2003
      1652      -2003
      1653      -2003
      1654      -2003
      1655      -2003
      1656      -2003
      1657      -2003
      1658      -2003
      1659      -2003
      1660      -2003
      1661      -2003
      1662      -2003
      1663      -2003
      1664      -2003
      1665      -2003
      1666      -2003
      1667      -2003
      1668      -2003
      1669      -2003
      1670      -2003
      1671      -2003
      1672      -2003
      1673      -2003
      1674      -2003
      1675      -2003
      1676      -2003
      1677      -2003
      1678      -2003
      1679      -2003
      1680      -2003
      1681      -2003
      1682      -2003
      1683      -2003
      1684      -2003
      1685      -2003
      1686      -2003
      1687      -2003
      1688      -2003
      1689      -2003
      1690      -2003
      1691      -2003
      1692      -2003
      1693      -2003
      1694      -2003
      1695      -2003
      1696      -2003
      1697      -2003
      1698      -2003
      1699      -2003
      1700      -2003
      1701      -2003
      1702      -2003
      1703      -2003
      1704      -2003
      1705      -2003
      1706      -2003
      1707      -2003
      1708      -2003
      1709      -2003
      1710      -2003
         1      -2004
         2      -2004
         3      -2004
         4      -2004
         5      -2004
         6      -2004
         7      -2004
         8      -2004
         9      -2004
        10      -2004
        11      -2004
        12      -2004
        13      -2004
        14      -2004
        15      -2004
        16      -2004
        17      -2004
        18      -2004
        19      -2004
        20      -2004
        21      -2004
        22      -2004
        23      -2004
        24      -2004
        25      -2004
        26      -2004
        27      -2004
        28      -2004
        29      -2004
        30      -2004
        31      -2004
        32      -2004
        33      -2004
        34      -2004
        35      -2004
        36      -2004
        37      -2004
        38      -2004
        39      -2004
        40      -2004
        41      -2004
        42      -2004
        43      -2004
        44      -2004
        45      -2004
        46      -2004
        47      -2004
        48      -2004
        49      -2004
        50      -2004
        51      -2004
        52      -2004
        53      -2004
        54      -2004
        55      -2004
        56      -2004
        57      -2004
        58      -2004
        59      -2004
        60      -2004
        61      -2004
        62      -2004
        63      -2004
        64      -2004
        65      -2004
        66      -2004
        67      -2004
        68      -2004
        69      -2004
        70      -2004
        71      -2004
        72      -2004
        73      -2004
        74      -2004
        75      -2004
        76      -2004
        77      -2004
        78      -2004
        79      -2004
        80      -2004
        81      -2004
        82      -2004
        83      -2004
        84      -2004
        85      -2004
        86      -2004
        87      -2004
        88      -2004
        89      -2004
        90      -2004
      1171      -2004
      1172      -2004
      1173      -2004
      1174      -2004
      1175      -2004
      1176      -2004
      1177      -2004
      1178      -2004
      1179      -2004
      1180      -2004
      1181      -2004
      1182      -2004
      1183      -2004
      1184      -2004
      1185      -2004
      1186      -2004
      1187      -2004
      1188      -2004
      1189      -2004
      1190      -2004
      1191      -2004
      1192      -2004
      1193      -2004
      1194      -2004
      1195      -2004
      1196      -2004
      1197      -2004
      1198      -2004
      1199      -2004
      1200      -2004
      1201      -2004
      1202      -2004
      1203      -2004
      1204      -2004
      1205      -2004
      1206      -2004
      1207      -2004
      1208      -2004
      1209      -2004
      1210      -2004
      1211      -2004
      1212      -2004
      1213      -2004
      1214      -2004
      1215      -2004
      1216      -2004
      1217      -2004
      1218      -2004
      1219      -2004
      1220      -2004
      1221      -2004
      1222      -2004
      1223      -2004
      1224      -2004
      1225      -2004
      1226      -2004
      1227      -2004
      1228      -2004
      1229      -2004
      1230      -2004
      1231      -2004
      1232      -2004
      1233      -2004
      1234      -2004
      1235      -2004
      1236      -2004
      1237      -2004
      1238      -2004
      1239      -2004
      1240      -2004
      1241      -2004
      1242      -2004
      1243      -2004
      1244      -2004
      1245      -2004
      1246      -2004
      1247      -2004
      1248      -2004
      1249      -2004
      1250      -2004
      1251      -2004
      1252      -2004
      1253      -2004
      1254      -2004
      1255      -2004
      1256      -2004
      1257      -2004
      1258      -2004
      1259      -2004
      1260      -2004
       631      -2004
       632      -2004
       633      -2004
       634      -2004
       635      -2004
       636      -2004
       637      -2004
       638      -2004
       639      -2004
       640      -2004
       641      -2004
       642      -2004
       643      -2004
       644      -2004
       645      -2004
       646      -2004
       647      -2004
       648      -2004
       649      -2004
       650      -2004
       651      -2004
       652      -2004
       653      -2004
       654      -2004
       655      -2004
       656      -2004
       657      -2004
       658      -2004
       659      -2004
       660      -2004
       661      -2004
       662      -2004
       663      -2004
       664      -2004
       665      -2004
       666      -2004
       667      -2004
       668      -2004
       669      -2004
       670      -2004
       671      -2004
       672      -2004
       673      -2004
       674      -2004
       675      -2004
       676      -2004
       677      -2004
       678      -2004
       679      -2004
       680      -2004
       681      -2004
       682      -2004
       683      -2004
       684      -2004
       685      -2004
       686      -2004
       687      -2004
       688      -2004
       689      -2004
       690      -2004
       691      -2004
       692      -2004
       693      -2004
       694      -2004
       695      -2004
       696      -2004
       697      -2004
       698      -2004
       699      -2004
       700      -2004
       701      -2004
       702      -2004
       703      -2004
       704      -2004
       705      -2004
       706      -2004
       707      -2004
       708      -2004
       709      -2004
       710      -2004
       711      -2004
       712      -2004
       713      -2004
       714      -2004
       715      -2004
       716      -2004
       717      -2004
       718      -2004
       719      -2004
       720      -2004
       901      -2004
       902      -2004
       903      -2004
       904      -2004
       905      -2004
       906      -2004
       907      -2004
       908      -2004
       909      -2004
       910      -2004
       911      -2004
       912      -2004
       913      -2004
       914      -2004
       915      -2004
       916      -2004
       917      -2004
       918      -2004
       919      -2004
       920      -2004
       921      -2004
       922      -2004
       923      -2004
       924      -2004
       925      -2004
       926      -2004
       927      -2004
       928      -2004
       929      -2004
       930      -2004
       931      -2004
       932      -2004
       933      -2004
       934      -2004
       935      -2004
       936      -2004
       937      -2004
       938      -2004
       939      -2004
       940      -2004
       941      -2004
       942      -2004
       943      -2004
       944      -2004
       945      -2004
       946      -2004
       947      -2004
       948      -2004
       949      -2004
       950      -2004
       951      -2004
       952      -2004
       953      -2004
       954      -2004
       955      -2004
       956      -2004
       957      -2004
       958      -2004
       959      -2004
       960      -2004
       961      -2004
       962      -2004
       963      -2004
       964      -2004
       965      -2004
       966      -2004
       967      -2004
       968      -2004
       969      -2004
       970      -2004
       971      -2004
       972      -2004
       973      -2004
       974      -2004
       975      -2004
       976      -2004
       977      -2004
       978      -2004
       979      -2004
       980      -2004
       981      -2004
       982      -2004
       983      -2004
       984      -2004
       985      -2004
       986      -2004
       987      -2004
       988      -2004
       989      -2004
       990      -2004
      1792      -2005
      1793      -2005
      1794      -2005
      1795      -2005
      1796      -2005
      1797      -2005
      1798      -2005
      1799      -2005
      1800      -2005
      1801      -2005
      1802      -2005
      1803      -2005
      1804      -2005
      1805      -2005
      1806      -2005
      1807      -2005
      1808      -2005
      1809      -2005
      1810      -2005
      1811      -2005
      1812      -2005
      1813      -2005
      1814      -2005
      1815      -2005
      1816      -2005
      1817      -2005
      1818      -2005
      1819      -2005
      1820      -2005
      1821      -2005
      1822      -2005
      1823      -2005
      1824      -2005
      1825      -2005
      1826      -2005
      1827      -2005
      1828      -2005
      1829      -2005
      1830      -2005
      1831      -2005
      1832      -2005
      1833      -2005
      1834      -2005
      1835      -2005
      1836      -2005
      1837      -2005
      1838      -2005
      1839      -2005
      1840      -2005
      1841      -2005
      1842      -2005
      1843      -2005
      1844      -2005
      1845      -2005
      1468      -2005
      1469      -2005
      1470      -2005
      1471      -2005
      1472      -2005
      1473      -2005
      1474      -2005
      1475      -2005
      1476      -2005
      1477      -2005
      1478      -2005
      1479      -2005
      1480      -2005
      1481      -2005
      1482      -2005
      1483      -2005
      1484      -2005
      1485      -2005
      1486      -2005
      1487      -2005
      1488      -2005
      1489      -2005
      1490      -2005
      1491      -2005
      1492      -2005
      1493      -2005
      1494      -2005
      1495      -2005
      1496      -2005
      1497      -2005
      1498      -2005
      1499      -2005
      1500      -2005
      1501      -2005
      1502      -2005
      1503      -2005
      1504      -2005
      1505      -2005
      1506      -2005
      1507      -2005
      1508      -2005
      1509      -2005
      1510      -2005
      1511      -2005
      1512      -2005
      1513      -2005
      1514      -2005
      1515      -2005
      1516      -2005
      1517      -2005
      1518      -2005
      1519      -2005
      1520      -2005
      1521      -2005
      1549      -2006
      1550      -2006
      1551      -2006
      1552      -2006
      1553      -2006
      1554      -2006
      1555      -2006
      1556      -2006
      1557      -2006
      1558      -2006
      1559      -2006
      1560      -2006
      1561      -2006
      1562      -2006
      1563      -2006
      1564      -2006
      1565      -2006
      1566      -2006
      1567      -2006
      1568      -2006
      1569      -2006
      1570      -2006
      1571      -2006
      1572      -2006
      1573      -2006
      1574      -2006
      1575      -2006
      1576      -2006
      1577      -2006
      1578      -2006
      1579      -2006
      1580      -2006
      1581      -2006
      1582      -2006
      1583      -2006
      1584      -2006
      1585      -2006
      1586      -2006
      1587      -2006
      1588      -2006
      1589      -2006
      1590      -2006
      1591      -2006
      1592      -2006
      1593      -2006
      1594      -2006
      1595      -2006
      1596      -2006
      1597      -2006
      1598      -2006
      1599      -2006
      1600      -2006
      1601      -2006
      1602      -2006
      1711      -2006
      1712      -2006
      1713      -2006
      1714      -2006
      1715      -2006
      1716      -2006
      1717      -2006
      1718      -2006
      1719      -2006
      1720      -2006
      1721      -2006
      1722      -2006
      1723      -2006
      1724      -2006
      1725      -2006
      1726      -2006
      1727      -2006
      1728      -2006
      1729      -2006
      1730      -2006
      1731      -2006
      1732      -2006
      1733      -2006
      1734      -2006
      1735      -2006
      1736      -2006
      1737      -2006
      1738      -2006
      1739      -2006
      1740      -2006
      1741      -2006
      1742      -2006
      1743      -2006
      1744      -2006
      1745      -2006
      1746      -2006
      1747      -2006
      1748      -2006
      1749      -2006
      1750      -2006
      1751      -2006
      1752      -2006
      1753      -2006
      1754      -2006
      1755      -2006
      1756      -2006
      1757      -2006
      1758      -2006
      1759      -2006
      1760      -2006
      1761      -2006
      1762      -2006
      1763      -2006
      1764      -2006
      1765      -2007
      1766      -2007
      1767      -2007
      1768      -2007
      1769      -2007
      1770      -2007
      1771      -2007
      1772      -2007
      1773      -2007
      1774      -2007
      1775      -2007
      1776      -2007
      1777      -2007
      1778      -2007
      1779      -2007
      1780      -2007
      1781      -2007
      1782      -2007
      1783      -2007
      1784      -2007
      1785      -2007
      1786      -2007
      1787      -2007
      1788      -2007
      1789      -2007
      1790      -2007
      1791      -2007
      1846      -2007
      1847      -2007
      1848      -2007
      1849      -2007
      1850      -2007
      1851      -2007
      1852      -2007
      1853      -2007
      1854      -2007
      1855      -2007
      1856      -2007
      1857      -2007
      1858      -2007
      1859      -2007
      1860      -2007
      1861      -2007
      1862      -2007
      1863      -2007
      1864      -2007
      1865      -2007
      1866      -2007
      1867      -2007
      1868      -2007
      1869      -2007
      1870      -2007
      1871      -2007
      1872      -2007
      1522      -2007
      1523      -2007
      1524      -2007
      1525      -2007
      1526      -2007
      1527      -2007
      1528      -2007
      1529      -2007
      1530      -2007
      1531      -2007
      1532      -2007
      1533      -2007
      1534      -2007
      1535      -2007
      1536      -2007
      1537      -2007
      1538      -2007
      1539      -2007
      1540      -2007
      1541      -2007
      1542      -2007
      1543      -2007
      1544      -2007
      1545      -2007
      1546      -2007
      1547      -2007
      1548      -2007
      1441      -2007
      1442      -2007
      1443      -2007
      1444      -2007
      1445      -2007
      1446      -2007
      1447      -2007
      1448      -2007
      1449      -2007
      1450      -2007
      1451      -2007
      1452      -2007
      1453      -2007
      1454      -2007
      1455      -2007
      1456      -2007
      1457      -2007
      1458      -2007
      1459      -2007
      1460      -2007
      1461      -2007
      1462      -2007
      1463      -2007
      1464      -2007
      1465      -2007
      1466      -2007
      1467      -2007
