       120
1 287 273 358 470
2 286 287 470 469
3 285 286 469 468
4 284 285 468 467
5 283 284 467 466
6 282 283 466 465
7 281 282 465 464
8 145 281 464 154
9 470 358 357 477
10 469 470 477 476
11 468 469 476 475
12 467 468 475 474
13 466 467 474 473
14 465 466 473 472
15 464 465 472 471
16 154 464 471 155
17 477 357 356 484
18 476 477 484 483
19 475 476 483 482
20 474 475 482 481
21 473 474 481 480
22 472 473 480 479
23 471 472 479 478
24 155 471 478 156
25 484 356 355 491
26 483 484 491 490
27 482 483 490 489
28 481 482 489 488
29 480 481 488 487
30 479 480 487 486
31 478 479 486 485
32 156 478 485 157
33 491 355 354 498
34 490 491 498 497
35 489 490 497 496
36 488 489 496 495
37 487 488 495 494
38 486 487 494 493
39 485 486 493 492
40 157 485 492 158
41 498 354 353 505
42 497 498 505 504
43 496 497 504 503
44 495 496 503 502
45 494 495 502 501
46 493 494 501 500
47 492 493 500 499
48 158 492 499 159
49 505 353 352 512
50 504 505 512 511
51 503 504 511 510
52 502 503 510 509
53 501 502 509 508
54 500 501 508 507
55 499 500 507 506
56 159 499 506 160
57 512 352 351 519
58 511 512 519 518
59 510 511 518 517
60 509 510 517 516
61 508 509 516 515
62 507 508 515 514
63 506 507 514 513
64 160 506 513 161
65 519 351 350 526
66 518 519 526 525
67 517 518 525 524
68 516 517 524 523
69 515 516 523 522
70 514 515 522 521
71 513 514 521 520
72 161 513 520 162
73 526 350 349 533
74 525 526 533 532
75 524 525 532 531
76 523 524 531 530
77 522 523 530 529
78 521 522 529 528
79 520 521 528 527
80 162 520 527 163
81 533 349 348 540
82 532 533 540 539
83 531 532 539 538
84 530 531 538 537
85 529 530 537 536
86 528 529 536 535
87 527 528 535 534
88 163 527 534 164
89 540 348 347 547
90 539 540 547 546
91 538 539 546 545
92 537 538 545 544
93 536 537 544 543
94 535 536 543 542
95 534 535 542 541
96 164 534 541 165
97 547 347 346 554
98 546 547 554 553
99 545 546 553 552
100 544 545 552 551
101 543 544 551 550
102 542 543 550 549
103 541 542 549 548
104 165 541 548 166
105 554 346 345 561
106 553 554 561 560
107 552 553 560 559
108 551 552 559 558
109 550 551 558 557
110 549 550 557 556
111 548 549 556 555
112 166 548 555 167
113 561 345 337 463
114 560 561 463 462
115 559 560 462 461
116 558 559 461 460
117 557 558 460 459
118 556 557 459 458
119 555 556 458 457
120 167 555 457 153
