       240
8 272 152 145 154
16 271 272 154 155
24 270 271 155 156
32 269 270 156 157
40 268 269 157 158
48 267 268 158 159
56 266 267 159 160
64 265 266 160 161
72 264 265 161 162
80 263 264 162 163
88 262 263 163 164
96 261 262 164 165
104 260 261 165 166
112 259 260 166 167
120 168 259 167 153
128 258 151 152 272
136 257 258 272 271
144 256 257 271 270
152 255 256 270 269
160 254 255 269 268
168 253 254 268 267
176 252 253 267 266
184 251 252 266 265
192 250 251 265 264
200 249 250 264 263
208 248 249 263 262
216 247 248 262 261
224 246 247 261 260
232 245 246 260 259
240 169 245 259 168
248 244 150 151 258
256 243 244 258 257
264 242 243 257 256
272 241 242 256 255
280 240 241 255 254
288 239 240 254 253
296 238 239 253 252
304 237 238 252 251
312 236 237 251 250
320 235 236 250 249
328 234 235 249 248
336 233 234 248 247
344 232 233 247 246
352 231 232 246 245
360 170 231 245 169
368 230 149 150 244
376 229 230 244 243
384 228 229 243 242
392 227 228 242 241
400 226 227 241 240
408 225 226 240 239
416 224 225 239 238
424 223 224 238 237
432 222 223 237 236
440 221 222 236 235
448 220 221 235 234
456 219 220 234 233
464 218 219 233 232
472 217 218 232 231
480 171 217 231 170
488 216 148 149 230
496 215 216 230 229
504 214 215 229 228
512 213 214 228 227
520 212 213 227 226
528 211 212 226 225
536 210 211 225 224
544 209 210 224 223
552 208 209 223 222
560 207 208 222 221
568 206 207 221 220
576 205 206 220 219
584 204 205 219 218
592 203 204 218 217
600 172 203 217 171
608 202 147 148 216
616 201 202 216 215
624 200 201 215 214
632 199 200 214 213
640 198 199 213 212
648 197 198 212 211
656 196 197 211 210
664 195 196 210 209
672 194 195 209 208
680 193 194 208 207
688 192 193 207 206
696 191 192 206 205
704 190 191 205 204
712 189 190 204 203
720 173 189 203 172
728 188 146 147 202
736 187 188 202 201
744 186 187 201 200
752 185 186 200 199
760 184 185 199 198
768 183 184 198 197
776 182 183 197 196
784 181 182 196 195
792 180 181 195 194
800 179 180 194 193
808 178 179 193 192
816 177 178 192 191
824 176 177 191 190
832 175 176 190 189
840 174 175 189 173
848 39 17 146 188
856 38 39 188 187
864 37 38 187 186
872 36 37 186 185
880 35 36 185 184
888 34 35 184 183
896 33 34 183 182
904 32 33 182 181
912 31 32 181 180
920 30 31 180 179
928 29 30 179 178
936 28 29 178 177
944 27 28 177 176
952 26 27 176 175
960 25 26 175 174
961 1321 1335 1655 1654
962 1654 1655 1669 1653
963 1653 1669 1683 1652
964 1652 1683 1697 1651
965 1651 1697 1711 1650
966 1650 1711 1725 1649
967 1649 1725 1739 1648
968 1648 1739 1647 1633
969 1335 1334 1656 1655
970 1655 1656 1670 1669
971 1669 1670 1684 1683
972 1683 1684 1698 1697
973 1697 1698 1712 1711
974 1711 1712 1726 1725
975 1725 1726 1740 1739
976 1739 1740 1646 1647
977 1334 1333 1657 1656
978 1656 1657 1671 1670
979 1670 1671 1685 1684
980 1684 1685 1699 1698
981 1698 1699 1713 1712
982 1712 1713 1727 1726
983 1726 1727 1741 1740
984 1740 1741 1645 1646
985 1333 1332 1658 1657
986 1657 1658 1672 1671
987 1671 1672 1686 1685
988 1685 1686 1700 1699
989 1699 1700 1714 1713
990 1713 1714 1728 1727
991 1727 1728 1742 1741
992 1741 1742 1644 1645
993 1332 1331 1659 1658
994 1658 1659 1673 1672
995 1672 1673 1687 1686
996 1686 1687 1701 1700
997 1700 1701 1715 1714
998 1714 1715 1729 1728
999 1728 1729 1743 1742
1000 1742 1743 1643 1644
1001 1331 1330 1660 1659
1002 1659 1660 1674 1673
1003 1673 1674 1688 1687
1004 1687 1688 1702 1701
1005 1701 1702 1716 1715
1006 1715 1716 1730 1729
1007 1729 1730 1744 1743
1008 1743 1744 1642 1643
1009 1330 1329 1661 1660
1010 1660 1661 1675 1674
1011 1674 1675 1689 1688
1012 1688 1689 1703 1702
1013 1702 1703 1717 1716
1014 1716 1717 1731 1730
1015 1730 1731 1745 1744
1016 1744 1745 1641 1642
1017 1329 1328 1662 1661
1018 1661 1662 1676 1675
1019 1675 1676 1690 1689
1020 1689 1690 1704 1703
1021 1703 1704 1718 1717
1022 1717 1718 1732 1731
1023 1731 1732 1746 1745
1024 1745 1746 1640 1641
1025 1328 1327 1663 1662
1026 1662 1663 1677 1676
1027 1676 1677 1691 1690
1028 1690 1691 1705 1704
1029 1704 1705 1719 1718
1030 1718 1719 1733 1732
1031 1732 1733 1747 1746
1032 1746 1747 1639 1640
1033 1327 1326 1664 1663
1034 1663 1664 1678 1677
1035 1677 1678 1692 1691
1036 1691 1692 1706 1705
1037 1705 1706 1720 1719
1038 1719 1720 1734 1733
1039 1733 1734 1748 1747
1040 1747 1748 1638 1639
1041 1326 1325 1665 1664
1042 1664 1665 1679 1678
1043 1678 1679 1693 1692
1044 1692 1693 1707 1706
1045 1706 1707 1721 1720
1046 1720 1721 1735 1734
1047 1734 1735 1749 1748
1048 1748 1749 1637 1638
1049 1325 1324 1666 1665
1050 1665 1666 1680 1679
1051 1679 1680 1694 1693
1052 1693 1694 1708 1707
1053 1707 1708 1722 1721
1054 1721 1722 1736 1735
1055 1735 1736 1750 1749
1056 1749 1750 1636 1637
1057 1324 1323 1667 1666
1058 1666 1667 1681 1680
1059 1680 1681 1695 1694
1060 1694 1695 1709 1708
1061 1708 1709 1723 1722
1062 1722 1723 1737 1736
1063 1736 1737 1751 1750
1064 1750 1751 1635 1636
1065 1323 1322 1668 1667
1066 1667 1668 1682 1681
1067 1681 1682 1696 1695
1068 1695 1696 1710 1709
1069 1709 1710 1724 1723
1070 1723 1724 1738 1737
1071 1737 1738 1752 1751
1072 1751 1752 1634 1635
1073 1322 1313 1457 1668
1074 1668 1457 1458 1682
1075 1682 1458 1459 1696
1076 1696 1459 1460 1710
1077 1710 1460 1461 1724
1078 1724 1461 1462 1738
1079 1738 1462 1463 1752
1080 1752 1463 1449 1634
