       990
1 32 91 1148 1147
2 1147 1148 1177 1146
3 1146 1177 1206 1145
4 91 90 1149 1148
5 1148 1149 1178 1177
6 1177 1178 1207 1206
7 90 89 1150 1149
8 1149 1150 1179 1178
9 1178 1179 1208 1207
10 89 88 1151 1150
11 1150 1151 1180 1179
12 1179 1180 1209 1208
13 88 87 1152 1151
14 1151 1152 1181 1180
15 1180 1181 1210 1209
16 87 86 1153 1152
17 1152 1153 1182 1181
18 1181 1182 1211 1210
19 86 85 1154 1153
20 1153 1154 1183 1182
21 1182 1183 1212 1211
22 85 84 1155 1154
23 1154 1155 1184 1183
24 1183 1184 1213 1212
25 84 83 1156 1155
26 1155 1156 1185 1184
27 1184 1185 1214 1213
28 83 82 1157 1156
29 1156 1157 1186 1185
30 1185 1186 1215 1214
31 82 81 1158 1157
32 1157 1158 1187 1186
33 1186 1187 1216 1215
34 81 80 1159 1158
35 1158 1159 1188 1187
36 1187 1188 1217 1216
37 80 79 1160 1159
38 1159 1160 1189 1188
39 1188 1189 1218 1217
40 79 78 1161 1160
41 1160 1161 1190 1189
42 1189 1190 1219 1218
43 78 77 1162 1161
44 1161 1162 1191 1190
45 1190 1191 1220 1219
46 77 76 1163 1162
47 1162 1163 1192 1191
48 1191 1192 1221 1220
49 76 75 1164 1163
50 1163 1164 1193 1192
51 1192 1193 1222 1221
52 75 74 1165 1164
53 1164 1165 1194 1193
54 1193 1194 1223 1222
55 74 73 1166 1165
56 1165 1166 1195 1194
57 1194 1195 1224 1223
58 73 72 1167 1166
59 1166 1167 1196 1195
60 1195 1196 1225 1224
61 72 71 1168 1167
62 1167 1168 1197 1196
63 1196 1197 1226 1225
64 71 70 1169 1168
65 1168 1169 1198 1197
66 1197 1198 1227 1226
67 70 69 1170 1169
68 1169 1170 1199 1198
69 1198 1199 1228 1227
70 69 68 1171 1170
71 1170 1171 1200 1199
72 1199 1200 1229 1228
73 68 67 1172 1171
74 1171 1172 1201 1200
75 1200 1201 1230 1229
76 67 66 1173 1172
77 1172 1173 1202 1201
78 1201 1202 1231 1230
79 66 65 1174 1173
80 1173 1174 1203 1202
81 1202 1203 1232 1231
82 65 64 1175 1174
83 1174 1175 1204 1203
84 1203 1204 1233 1232
85 64 63 1176 1175
86 1175 1176 1205 1204
87 1204 1205 1234 1233
88 63 62 967 1176
89 1176 967 966 1205
90 1205 966 965 1234
2701 3845 5771 5791 5767
2702 5767 5791 5792 5768
2703 5768 5792 5783 3846
2704 5771 5772 5794 5791
2705 5791 5794 5793 5792
2706 5792 5793 5784 5783
2707 5772 3848 5773 5794
2708 5794 5773 5774 5793
2709 5793 5774 3847 5784
2728 3853 5827 5847 5823
2729 5823 5847 5848 5824
2730 5824 5848 5839 3854
2731 5827 5828 5850 5847
2732 5847 5850 5849 5848
2733 5848 5849 5840 5839
2734 5828 3856 5829 5850
2735 5850 5829 5830 5849
2736 5849 5830 3855 5840
2809 3877 5995 6007 5991
2810 5991 6007 6008 5992
2811 5992 6008 6003 3878
2812 5995 5996 6010 6007
2813 6007 6010 6009 6008
2814 6008 6009 6004 6003
2815 5996 3845 5767 6010
2816 6010 5767 5768 6009
2817 6009 5768 3846 6004
2836 3881 6039 6051 6035
2837 6035 6051 6052 6036
2838 6036 6052 6047 3882
2839 6039 6040 6054 6051
2840 6051 6054 6053 6052
2841 6052 6053 6048 6047
2842 6040 3877 5991 6054
2843 6054 5991 5992 6053
2844 6053 5992 3878 6048
2863 3885 6083 6095 6079
2864 6079 6095 6096 6080
2865 6080 6096 6091 3886
2866 6083 6084 6098 6095
2867 6095 6098 6097 6096
2868 6096 6097 6092 6091
2869 6084 3881 6035 6098
2870 6098 6035 6036 6097
2871 6097 6036 3882 6092
2890 3889 6127 6139 6123
2891 6123 6139 6140 6124
2892 6124 6140 6135 3890
2893 6127 6128 6142 6139
2894 6139 6142 6141 6140
2895 6140 6141 6136 6135
2896 6128 3885 6079 6142
2897 6142 6079 6080 6141
2898 6141 6080 3886 6136
2917 3893 6171 6183 6167
2918 6167 6183 6184 6168
2919 6168 6184 6179 3894
2920 6171 6172 6186 6183
2921 6183 6186 6185 6184
2922 6184 6185 6180 6179
2923 6172 3889 6123 6186
2924 6186 6123 6124 6185
2925 6185 6124 3890 6180
2944 3897 6215 6227 6211
2945 6211 6227 6228 6212
2946 6212 6228 6223 3898
2947 6215 6216 6230 6227
2948 6227 6230 6229 6228
2949 6228 6229 6224 6223
2950 6216 3893 6167 6230
2951 6230 6167 6168 6229
2952 6229 6168 3894 6224
2971 3901 6259 6271 6255
2972 6255 6271 6272 6256
2973 6256 6272 6267 3902
2974 6259 6260 6274 6271
2975 6271 6274 6273 6272
2976 6272 6273 6268 6267
2977 6260 3897 6211 6274
2978 6274 6211 6212 6273
2979 6273 6212 3898 6268
2998 3905 6303 6315 6299
2999 6299 6315 6316 6300
3000 6300 6316 6311 3906
3001 6303 6304 6318 6315
3002 6315 6318 6317 6316
3003 6316 6317 6312 6311
3004 6304 3901 6255 6318
3005 6318 6255 6256 6317
3006 6317 6256 3902 6312
3025 3909 6347 6359 6343
3026 6343 6359 6360 6344
3027 6344 6360 6355 3910
3028 6347 6348 6362 6359
3029 6359 6362 6361 6360
3030 6360 6361 6356 6355
3031 6348 3905 6299 6362
3032 6362 6299 6300 6361
3033 6361 6300 3906 6356
3052 3913 6391 6403 6387
3053 6387 6403 6404 6388
3054 6388 6404 6399 3914
3055 6391 6392 6406 6403
3056 6403 6406 6405 6404
3057 6404 6405 6400 6399
3058 6392 3909 6343 6406
3059 6406 6343 6344 6405
3060 6405 6344 3910 6400
3079 3917 6435 6447 6431
3080 6431 6447 6448 6432
3081 6432 6448 6443 3918
3082 6435 6436 6450 6447
3083 6447 6450 6449 6448
3084 6448 6449 6444 6443
3085 6436 3913 6387 6450
3086 6450 6387 6388 6449
3087 6449 6388 3914 6444
3106 3921 6479 6491 6475
3107 6475 6491 6492 6476
3108 6476 6492 6487 3922
3109 6479 6480 6494 6491
3110 6491 6494 6493 6492
3111 6492 6493 6488 6487
3112 6480 3917 6431 6494
3113 6494 6431 6432 6493
3114 6493 6432 3918 6488
3133 3925 6523 6535 6519
3134 6519 6535 6536 6520
3135 6520 6536 6531 3926
3136 6523 6524 6538 6535
3137 6535 6538 6537 6536
3138 6536 6537 6532 6531
3139 6524 3921 6475 6538
3140 6538 6475 6476 6537
3141 6537 6476 3922 6532
3160 3929 6567 6579 6563
3161 6563 6579 6580 6564
3162 6564 6580 6575 3930
3163 6567 6568 6582 6579
3164 6579 6582 6581 6580
3165 6580 6581 6576 6575
3166 6568 3925 6519 6582
3167 6582 6519 6520 6581
3168 6581 6520 3926 6576
3187 3933 6611 6623 6607
3188 6607 6623 6624 6608
3189 6608 6624 6619 3934
3190 6611 6612 6626 6623
3191 6623 6626 6625 6624
3192 6624 6625 6620 6619
3193 6612 3929 6563 6626
3194 6626 6563 6564 6625
3195 6625 6564 3930 6620
3214 3937 6655 6667 6651
3215 6651 6667 6668 6652
3216 6652 6668 6663 3938
3217 6655 6656 6670 6667
3218 6667 6670 6669 6668
3219 6668 6669 6664 6663
3220 6656 3933 6607 6670
3221 6670 6607 6608 6669
3222 6669 6608 3934 6664
3241 3941 6699 6711 6695
3242 6695 6711 6712 6696
3243 6696 6712 6707 3942
3244 6699 6700 6714 6711
3245 6711 6714 6713 6712
3246 6712 6713 6708 6707
3247 6700 3937 6651 6714
3248 6714 6651 6652 6713
3249 6713 6652 3938 6708
3268 3945 6743 6755 6739
3269 6739 6755 6756 6740
3270 6740 6756 6751 3946
3271 6743 6744 6758 6755
3272 6755 6758 6757 6756
3273 6756 6757 6752 6751
3274 6744 3941 6695 6758
3275 6758 6695 6696 6757
3276 6757 6696 3942 6752
3295 3949 6787 6799 6783
3296 6783 6799 6800 6784
3297 6784 6800 6795 3950
3298 6787 6788 6802 6799
3299 6799 6802 6801 6800
3300 6800 6801 6796 6795
3301 6788 3945 6739 6802
3302 6802 6739 6740 6801
3303 6801 6740 3946 6796
3322 3953 6831 6843 6827
3323 6827 6843 6844 6828
3324 6828 6844 6839 3954
3325 6831 6832 6846 6843
3326 6843 6846 6845 6844
3327 6844 6845 6840 6839
3328 6832 3949 6783 6846
3329 6846 6783 6784 6845
3330 6845 6784 3950 6840
3349 3957 6875 6887 6871
3350 6871 6887 6888 6872
3351 6872 6888 6883 3958
3352 6875 6876 6890 6887
3353 6887 6890 6889 6888
3354 6888 6889 6884 6883
3355 6876 3953 6827 6890
3356 6890 6827 6828 6889
3357 6889 6828 3954 6884
3376 3961 6919 6931 6915
3377 6915 6931 6932 6916
3378 6916 6932 6927 3962
3379 6919 6920 6934 6931
3380 6931 6934 6933 6932
3381 6932 6933 6928 6927
3382 6920 3957 6871 6934
3383 6934 6871 6872 6933
3384 6933 6872 3958 6928
3403 3965 6963 6975 6959
3404 6959 6975 6976 6960
3405 6960 6976 6971 3966
3406 6963 6964 6978 6975
3407 6975 6978 6977 6976
3408 6976 6977 6972 6971
3409 6964 3961 6915 6978
3410 6978 6915 6916 6977
3411 6977 6916 3962 6972
3430 3969 7007 7019 7003
3431 7003 7019 7020 7004
3432 7004 7020 7015 3970
3433 7007 7008 7022 7019
3434 7019 7022 7021 7020
3435 7020 7021 7016 7015
3436 7008 3965 6959 7022
3437 7022 6959 6960 7021
3438 7021 6960 3966 7016
3457 3973 7051 7063 7047
3458 7047 7063 7064 7048
3459 7048 7064 7059 3974
3460 7051 7052 7066 7063
3461 7063 7066 7065 7064
3462 7064 7065 7060 7059
3463 7052 3969 7003 7066
3464 7066 7003 7004 7065
3465 7065 7004 3970 7060
3484 3977 7095 7107 7091
3485 7091 7107 7108 7092
3486 7092 7108 7103 3978
3487 7095 7096 7110 7107
3488 7107 7110 7109 7108
3489 7108 7109 7104 7103
3490 7096 3973 7047 7110
3491 7110 7047 7048 7109
3492 7109 7048 3974 7104
3511 3981 7139 7151 7135
3512 7135 7151 7152 7136
3513 7136 7152 7147 3982
3514 7139 7140 7154 7151
3515 7151 7154 7153 7152
3516 7152 7153 7148 7147
3517 7140 3977 7091 7154
3518 7154 7091 7092 7153
3519 7153 7092 3978 7148
3538 3856 7179 7187 5829
3539 5829 7187 7188 5830
3540 5830 7188 7183 3855
3541 7179 7180 7190 7187
3542 7187 7190 7189 7188
3543 7188 7189 7184 7183
3544 7180 3981 7135 7190
3545 7190 7135 7136 7189
3546 7189 7136 3982 7184
38311 965 3848 5772 44047
38312 44047 5772 5771 44048
38313 44048 5771 3845 1234
38322 965 44047 44048 1234
38324 1234 3845 5996 44057
38325 44057 5996 5995 44058
38326 44058 5995 3877 1233
38335 1234 44057 44058 1233
38337 1233 3877 6040 44065
38338 44065 6040 6039 44066
38339 44066 6039 3881 1232
38348 1233 44065 44066 1232
38350 1232 3881 6084 44073
38351 44073 6084 6083 44074
38352 44074 6083 3885 1231
38361 1232 44073 44074 1231
38363 1231 3885 6128 44081
38364 44081 6128 6127 44082
38365 44082 6127 3889 1230
38374 1231 44081 44082 1230
38376 1230 3889 6172 44089
38377 44089 6172 6171 44090
38378 44090 6171 3893 1229
38387 1230 44089 44090 1229
38389 1229 3893 6216 44097
38390 44097 6216 6215 44098
38391 44098 6215 3897 1228
38400 1229 44097 44098 1228
38402 1228 3897 6260 44105
38403 44105 6260 6259 44106
38404 44106 6259 3901 1227
38413 1228 44105 44106 1227
38415 1227 3901 6304 44113
38416 44113 6304 6303 44114
38417 44114 6303 3905 1226
38426 1227 44113 44114 1226
38428 1226 3905 6348 44121
38429 44121 6348 6347 44122
38430 44122 6347 3909 1225
38439 1226 44121 44122 1225
38441 1225 3909 6392 44129
38442 44129 6392 6391 44130
38443 44130 6391 3913 1224
38452 1225 44129 44130 1224
38454 1224 3913 6436 44137
38455 44137 6436 6435 44138
38456 44138 6435 3917 1223
38465 1224 44137 44138 1223
38467 1223 3917 6480 44145
38468 44145 6480 6479 44146
38469 44146 6479 3921 1222
38478 1223 44145 44146 1222
38480 1222 3921 6524 44153
38481 44153 6524 6523 44154
38482 44154 6523 3925 1221
38491 1222 44153 44154 1221
38493 1221 3925 6568 44161
38494 44161 6568 6567 44162
38495 44162 6567 3929 1220
38504 1221 44161 44162 1220
38506 1220 3929 6612 44169
38507 44169 6612 6611 44170
38508 44170 6611 3933 1219
38517 1220 44169 44170 1219
38519 1219 3933 6656 44177
38520 44177 6656 6655 44178
38521 44178 6655 3937 1218
38530 1219 44177 44178 1218
38532 1218 3937 6700 44185
38533 44185 6700 6699 44186
38534 44186 6699 3941 1217
38543 1218 44185 44186 1217
38545 1217 3941 6744 44193
38546 44193 6744 6743 44194
38547 44194 6743 3945 1216
38556 1217 44193 44194 1216
38558 1216 3945 6788 44201
38559 44201 6788 6787 44202
38560 44202 6787 3949 1215
38569 1216 44201 44202 1215
38571 1215 3949 6832 44209
38572 44209 6832 6831 44210
38573 44210 6831 3953 1214
38582 1215 44209 44210 1214
38584 1214 3953 6876 44217
38585 44217 6876 6875 44218
38586 44218 6875 3957 1213
38595 1214 44217 44218 1213
38597 1213 3957 6920 44225
38598 44225 6920 6919 44226
38599 44226 6919 3961 1212
38608 1213 44225 44226 1212
38610 1212 3961 6964 44233
38611 44233 6964 6963 44234
38612 44234 6963 3965 1211
38621 1212 44233 44234 1211
38623 1211 3965 7008 44241
38624 44241 7008 7007 44242
38625 44242 7007 3969 1210
38634 1211 44241 44242 1210
38636 1210 3969 7052 44249
38637 44249 7052 7051 44250
38638 44250 7051 3973 1209
38647 1210 44249 44250 1209
38649 1209 3973 7096 44257
38650 44257 7096 7095 44258
38651 44258 7095 3977 1208
38660 1209 44257 44258 1208
38662 1208 3977 7140 44265
38663 44265 7140 7139 44266
38664 44266 7139 3981 1207
38673 1208 44265 44266 1207
38675 1207 3981 7180 44273
38676 44273 7180 7179 44274
38677 44274 7179 3856 1206
38686 1207 44273 44274 1206
38688 1206 3856 5828 44281
38689 44281 5828 5827 44282
38690 44282 5827 3853 1145
38699 1206 44281 44282 1145
62731 5784 3847 44564 44742
62732 44742 44564 44563 44831
62733 44831 44563 44562 44653
62734 5783 5784 44742 44741
62735 44741 44742 44831 44830
62736 44830 44831 44653 44652
62737 3846 5783 44741 44740
62738 44740 44741 44830 44829
62739 44829 44830 44652 44651
62740 6004 3846 44740 44739
62741 44739 44740 44829 44828
62742 44828 44829 44651 44650
62743 6003 6004 44739 44738
62744 44738 44739 44828 44827
62745 44827 44828 44650 44649
62746 3878 6003 44738 44737
62747 44737 44738 44827 44826
62748 44826 44827 44649 44648
62749 6048 3878 44737 44736
62750 44736 44737 44826 44825
62751 44825 44826 44648 44647
62752 6047 6048 44736 44735
62753 44735 44736 44825 44824
62754 44824 44825 44647 44646
62755 3882 6047 44735 44734
62756 44734 44735 44824 44823
62757 44823 44824 44646 44645
62758 6092 3882 44734 44733
62759 44733 44734 44823 44822
62760 44822 44823 44645 44644
62761 6091 6092 44733 44732
62762 44732 44733 44822 44821
62763 44821 44822 44644 44643
62764 3886 6091 44732 44731
62765 44731 44732 44821 44820
62766 44820 44821 44643 44642
62767 6136 3886 44731 44730
62768 44730 44731 44820 44819
62769 44819 44820 44642 44641
62770 6135 6136 44730 44729
62771 44729 44730 44819 44818
62772 44818 44819 44641 44640
62773 3890 6135 44729 44728
62774 44728 44729 44818 44817
62775 44817 44818 44640 44639
62776 6180 3890 44728 44727
62777 44727 44728 44817 44816
62778 44816 44817 44639 44638
62779 6179 6180 44727 44726
62780 44726 44727 44816 44815
62781 44815 44816 44638 44637
62782 3894 6179 44726 44725
62783 44725 44726 44815 44814
62784 44814 44815 44637 44636
62785 6224 3894 44725 44724
62786 44724 44725 44814 44813
62787 44813 44814 44636 44635
62788 6223 6224 44724 44723
62789 44723 44724 44813 44812
62790 44812 44813 44635 44634
62791 3898 6223 44723 44722
62792 44722 44723 44812 44811
62793 44811 44812 44634 44633
62794 6268 3898 44722 44721
62795 44721 44722 44811 44810
62796 44810 44811 44633 44632
62797 6267 6268 44721 44720
62798 44720 44721 44810 44809
62799 44809 44810 44632 44631
62800 3902 6267 44720 44719
62801 44719 44720 44809 44808
62802 44808 44809 44631 44630
62803 6312 3902 44719 44718
62804 44718 44719 44808 44807
62805 44807 44808 44630 44629
62806 6311 6312 44718 44717
62807 44717 44718 44807 44806
62808 44806 44807 44629 44628
62809 3906 6311 44717 44716
62810 44716 44717 44806 44805
62811 44805 44806 44628 44627
62812 6356 3906 44716 44715
62813 44715 44716 44805 44804
62814 44804 44805 44627 44626
62815 6355 6356 44715 44714
62816 44714 44715 44804 44803
62817 44803 44804 44626 44625
62818 3910 6355 44714 44713
62819 44713 44714 44803 44802
62820 44802 44803 44625 44624
62821 6400 3910 44713 44712
62822 44712 44713 44802 44801
62823 44801 44802 44624 44623
62824 6399 6400 44712 44711
62825 44711 44712 44801 44800
62826 44800 44801 44623 44622
62827 3914 6399 44711 44710
62828 44710 44711 44800 44799
62829 44799 44800 44622 44621
62830 6444 3914 44710 44709
62831 44709 44710 44799 44798
62832 44798 44799 44621 44620
62833 6443 6444 44709 44708
62834 44708 44709 44798 44797
62835 44797 44798 44620 44619
62836 3918 6443 44708 44707
62837 44707 44708 44797 44796
62838 44796 44797 44619 44618
62839 6488 3918 44707 44706
62840 44706 44707 44796 44795
62841 44795 44796 44618 44617
62842 6487 6488 44706 44705
62843 44705 44706 44795 44794
62844 44794 44795 44617 44616
62845 3922 6487 44705 44704
62846 44704 44705 44794 44793
62847 44793 44794 44616 44615
62848 6532 3922 44704 44703
62849 44703 44704 44793 44792
62850 44792 44793 44615 44614
62851 6531 6532 44703 44702
62852 44702 44703 44792 44791
62853 44791 44792 44614 44613
62854 3926 6531 44702 44701
62855 44701 44702 44791 44790
62856 44790 44791 44613 44612
62857 6576 3926 44701 44700
62858 44700 44701 44790 44789
62859 44789 44790 44612 44611
62860 6575 6576 44700 44699
62861 44699 44700 44789 44788
62862 44788 44789 44611 44610
62863 3930 6575 44699 44698
62864 44698 44699 44788 44787
62865 44787 44788 44610 44609
62866 6620 3930 44698 44697
62867 44697 44698 44787 44786
62868 44786 44787 44609 44608
62869 6619 6620 44697 44696
62870 44696 44697 44786 44785
62871 44785 44786 44608 44607
62872 3934 6619 44696 44695
62873 44695 44696 44785 44784
62874 44784 44785 44607 44606
62875 6664 3934 44695 44694
62876 44694 44695 44784 44783
62877 44783 44784 44606 44605
62878 6663 6664 44694 44693
62879 44693 44694 44783 44782
62880 44782 44783 44605 44604
62881 3938 6663 44693 44692
62882 44692 44693 44782 44781
62883 44781 44782 44604 44603
62884 6708 3938 44692 44691
62885 44691 44692 44781 44780
62886 44780 44781 44603 44602
62887 6707 6708 44691 44690
62888 44690 44691 44780 44779
62889 44779 44780 44602 44601
62890 3942 6707 44690 44689
62891 44689 44690 44779 44778
62892 44778 44779 44601 44600
62893 6752 3942 44689 44688
62894 44688 44689 44778 44777
62895 44777 44778 44600 44599
62896 6751 6752 44688 44687
62897 44687 44688 44777 44776
62898 44776 44777 44599 44598
62899 3946 6751 44687 44686
62900 44686 44687 44776 44775
62901 44775 44776 44598 44597
62902 6796 3946 44686 44685
62903 44685 44686 44775 44774
62904 44774 44775 44597 44596
62905 6795 6796 44685 44684
62906 44684 44685 44774 44773
62907 44773 44774 44596 44595
62908 3950 6795 44684 44683
62909 44683 44684 44773 44772
62910 44772 44773 44595 44594
62911 6840 3950 44683 44682
62912 44682 44683 44772 44771
62913 44771 44772 44594 44593
62914 6839 6840 44682 44681
62915 44681 44682 44771 44770
62916 44770 44771 44593 44592
62917 3954 6839 44681 44680
62918 44680 44681 44770 44769
62919 44769 44770 44592 44591
62920 6884 3954 44680 44679
62921 44679 44680 44769 44768
62922 44768 44769 44591 44590
62923 6883 6884 44679 44678
62924 44678 44679 44768 44767
62925 44767 44768 44590 44589
62926 3958 6883 44678 44677
62927 44677 44678 44767 44766
62928 44766 44767 44589 44588
62929 6928 3958 44677 44676
62930 44676 44677 44766 44765
62931 44765 44766 44588 44587
62932 6927 6928 44676 44675
62933 44675 44676 44765 44764
62934 44764 44765 44587 44586
62935 3962 6927 44675 44674
62936 44674 44675 44764 44763
62937 44763 44764 44586 44585
62938 6972 3962 44674 44673
62939 44673 44674 44763 44762
62940 44762 44763 44585 44584
62941 6971 6972 44673 44672
62942 44672 44673 44762 44761
62943 44761 44762 44584 44583
62944 3966 6971 44672 44671
62945 44671 44672 44761 44760
62946 44760 44761 44583 44582
62947 7016 3966 44671 44670
62948 44670 44671 44760 44759
62949 44759 44760 44582 44581
62950 7015 7016 44670 44669
62951 44669 44670 44759 44758
62952 44758 44759 44581 44580
62953 3970 7015 44669 44668
62954 44668 44669 44758 44757
62955 44757 44758 44580 44579
62956 7060 3970 44668 44667
62957 44667 44668 44757 44756
62958 44756 44757 44579 44578
62959 7059 7060 44667 44666
62960 44666 44667 44756 44755
62961 44755 44756 44578 44577
62962 3974 7059 44666 44665
62963 44665 44666 44755 44754
62964 44754 44755 44577 44576
62965 7104 3974 44665 44664
62966 44664 44665 44754 44753
62967 44753 44754 44576 44575
62968 7103 7104 44664 44663
62969 44663 44664 44753 44752
62970 44752 44753 44575 44574
62971 3978 7103 44663 44662
62972 44662 44663 44752 44751
62973 44751 44752 44574 44573
62974 7148 3978 44662 44661
62975 44661 44662 44751 44750
62976 44750 44751 44573 44572
62977 7147 7148 44661 44660
62978 44660 44661 44750 44749
62979 44749 44750 44572 44571
62980 3982 7147 44660 44659
62981 44659 44660 44749 44748
62982 44748 44749 44571 44570
62983 7184 3982 44659 44658
62984 44658 44659 44748 44747
62985 44747 44748 44570 44569
62986 7183 7184 44658 44657
62987 44657 44658 44747 44746
62988 44746 44747 44569 44568
62989 3855 7183 44657 44656
62990 44656 44657 44746 44745
62991 44745 44746 44568 44567
62992 5840 3855 44656 44655
62993 44655 44656 44745 44744
62994 44744 44745 44567 44566
62995 5839 5840 44655 44654
62996 44654 44655 44744 44743
62997 44743 44744 44566 44565
62998 3854 5839 44654 44291
62999 44291 44654 44743 44290
63000 44290 44743 44565 44289
63030 69379 69139 69132 69169
63060 69378 69379 69169 69168
63090 69377 69378 69168 69167
63120 69376 69377 69167 69166
63150 69375 69376 69166 69165
63180 69374 69375 69165 69164
63210 69373 69374 69164 69163
63240 69372 69373 69163 69162
63270 69371 69372 69162 69161
63300 69370 69371 69161 69160
63330 69369 69370 69160 69159
63360 69368 69369 69159 69158
63390 69367 69368 69158 69157
63420 69366 69367 69157 69156
63450 69365 69366 69156 69155
63480 69364 69365 69155 69154
63510 69363 69364 69154 69153
63540 69362 69363 69153 69152
63570 69361 69362 69152 69151
63600 69360 69361 69151 69150
63630 69359 69360 69150 69149
63660 69358 69359 69149 69148
63690 69357 69358 69148 69147
63720 69356 69357 69147 69146
63750 69355 69356 69146 69145
63780 69354 69355 69145 69144
63810 69353 69354 69144 69143
63840 69352 69353 69143 69142
63870 69351 69352 69142 69141
63900 69176 69351 69141 69140
63930 69350 69138 69139 69379
63960 69349 69350 69379 69378
63990 69348 69349 69378 69377
64020 69347 69348 69377 69376
64050 69346 69347 69376 69375
64080 69345 69346 69375 69374
64110 69344 69345 69374 69373
64140 69343 69344 69373 69372
64170 69342 69343 69372 69371
64200 69341 69342 69371 69370
64230 69340 69341 69370 69369
64260 69339 69340 69369 69368
64290 69338 69339 69368 69367
64320 69337 69338 69367 69366
64350 69336 69337 69366 69365
64380 69335 69336 69365 69364
64410 69334 69335 69364 69363
64440 69333 69334 69363 69362
64470 69332 69333 69362 69361
64500 69331 69332 69361 69360
64530 69330 69331 69360 69359
64560 69329 69330 69359 69358
64590 69328 69329 69358 69357
64620 69327 69328 69357 69356
64650 69326 69327 69356 69355
64680 69325 69326 69355 69354
64710 69324 69325 69354 69353
64740 69323 69324 69353 69352
64770 69322 69323 69352 69351
64800 69175 69322 69351 69176
64830 69321 69137 69138 69350
64860 69320 69321 69350 69349
64890 69319 69320 69349 69348
64920 69318 69319 69348 69347
64950 69317 69318 69347 69346
64980 69316 69317 69346 69345
65010 69315 69316 69345 69344
65040 69314 69315 69344 69343
65070 69313 69314 69343 69342
65100 69312 69313 69342 69341
65130 69311 69312 69341 69340
65160 69310 69311 69340 69339
65190 69309 69310 69339 69338
65220 69308 69309 69338 69337
65250 69307 69308 69337 69336
65280 69306 69307 69336 69335
65310 69305 69306 69335 69334
65340 69304 69305 69334 69333
65370 69303 69304 69333 69332
65400 69302 69303 69332 69331
65430 69301 69302 69331 69330
65460 69300 69301 69330 69329
65490 69299 69300 69329 69328
65520 69298 69299 69328 69327
65550 69297 69298 69327 69326
65580 69296 69297 69326 69325
65610 69295 69296 69325 69324
65640 69294 69295 69324 69323
65670 69293 69294 69323 69322
65700 69174 69293 69322 69175
65730 69292 69136 69137 69321
65760 69291 69292 69321 69320
65790 69290 69291 69320 69319
65820 69289 69290 69319 69318
65850 69288 69289 69318 69317
65880 69287 69288 69317 69316
65910 69286 69287 69316 69315
65940 69285 69286 69315 69314
65970 69284 69285 69314 69313
66000 69283 69284 69313 69312
66030 69282 69283 69312 69311
66060 69281 69282 69311 69310
66090 69280 69281 69310 69309
66120 69279 69280 69309 69308
66150 69278 69279 69308 69307
66180 69277 69278 69307 69306
66210 69276 69277 69306 69305
66240 69275 69276 69305 69304
66270 69274 69275 69304 69303
66300 69273 69274 69303 69302
66330 69272 69273 69302 69301
66360 69271 69272 69301 69300
66390 69270 69271 69300 69299
66420 69269 69270 69299 69298
66450 69268 69269 69298 69297
66480 69267 69268 69297 69296
66510 69266 69267 69296 69295
66540 69265 69266 69295 69294
66570 69264 69265 69294 69293
66600 69173 69264 69293 69174
66630 69263 69135 69136 69292
66660 69262 69263 69292 69291
66690 69261 69262 69291 69290
66720 69260 69261 69290 69289
66750 69259 69260 69289 69288
66780 69258 69259 69288 69287
66810 69257 69258 69287 69286
66840 69256 69257 69286 69285
66870 69255 69256 69285 69284
66900 69254 69255 69284 69283
66930 69253 69254 69283 69282
66960 69252 69253 69282 69281
66990 69251 69252 69281 69280
67020 69250 69251 69280 69279
67050 69249 69250 69279 69278
67080 69248 69249 69278 69277
67110 69247 69248 69277 69276
67140 69246 69247 69276 69275
67170 69245 69246 69275 69274
67200 69244 69245 69274 69273
67230 69243 69244 69273 69272
67260 69242 69243 69272 69271
67290 69241 69242 69271 69270
67320 69240 69241 69270 69269
67350 69239 69240 69269 69268
67380 69238 69239 69268 69267
67410 69237 69238 69267 69266
67440 69236 69237 69266 69265
67470 69235 69236 69265 69264
67500 69172 69235 69264 69173
67530 69234 69134 69135 69263
67560 69233 69234 69263 69262
67590 69232 69233 69262 69261
67620 69231 69232 69261 69260
67650 69230 69231 69260 69259
67680 69229 69230 69259 69258
67710 69228 69229 69258 69257
67740 69227 69228 69257 69256
67770 69226 69227 69256 69255
67800 69225 69226 69255 69254
67830 69224 69225 69254 69253
67860 69223 69224 69253 69252
67890 69222 69223 69252 69251
67920 69221 69222 69251 69250
67950 69220 69221 69250 69249
67980 69219 69220 69249 69248
68010 69218 69219 69248 69247
68040 69217 69218 69247 69246
68070 69216 69217 69246 69245
68100 69215 69216 69245 69244
68130 69214 69215 69244 69243
68160 69213 69214 69243 69242
68190 69212 69213 69242 69241
68220 69211 69212 69241 69240
68250 69210 69211 69240 69239
68280 69209 69210 69239 69238
68310 69208 69209 69238 69237
68340 69207 69208 69237 69236
68370 69206 69207 69236 69235
68400 69171 69206 69235 69172
68430 69205 69133 69134 69234
68460 69204 69205 69234 69233
68490 69203 69204 69233 69232
68520 69202 69203 69232 69231
68550 69201 69202 69231 69230
68580 69200 69201 69230 69229
68610 69199 69200 69229 69228
68640 69198 69199 69228 69227
68670 69197 69198 69227 69226
68700 69196 69197 69226 69225
68730 69195 69196 69225 69224
68760 69194 69195 69224 69223
68790 69193 69194 69223 69222
68820 69192 69193 69222 69221
68850 69191 69192 69221 69220
68880 69190 69191 69220 69219
68910 69189 69190 69219 69218
68940 69188 69189 69218 69217
68970 69187 69188 69217 69216
69000 69186 69187 69216 69215
69030 69185 69186 69215 69214
69060 69184 69185 69214 69213
69090 69183 69184 69213 69212
69120 69182 69183 69212 69211
69150 69181 69182 69211 69210
69180 69180 69181 69210 69209
69210 69179 69180 69209 69208
69240 69178 69179 69208 69207
69270 69177 69178 69207 69206
69300 69170 69177 69206 69171
69330 91 32 69133 69205
69360 90 91 69205 69204
69390 89 90 69204 69203
69420 88 89 69203 69202
69450 87 88 69202 69201
69480 86 87 69201 69200
69510 85 86 69200 69199
69540 84 85 69199 69198
69570 83 84 69198 69197
69600 82 83 69197 69196
69630 81 82 69196 69195
69660 80 81 69195 69194
69690 79 80 69194 69193
69720 78 79 69193 69192
69750 77 78 69192 69191
69780 76 77 69191 69190
69810 75 76 69190 69189
69840 74 75 69189 69188
69870 73 74 69188 69187
69900 72 73 69187 69186
69930 71 72 69186 69185
69960 70 71 69185 69184
69990 69 70 69184 69183
70020 68 69 69183 69182
70050 67 68 69182 69181
70080 66 67 69181 69180
70110 65 66 69180 69179
70140 64 65 69179 69178
70170 63 64 69178 69177
70200 62 63 69177 69170
