       900
63001 69628 70904 69416 69380
63002 70904 70905 69415 69416
63003 70905 70906 69414 69415
63004 70906 70907 69413 69414
63005 70907 70908 69412 69413
63006 70908 70909 69411 69412
63007 70909 70910 69410 69411
63008 70910 70911 69409 69410
63009 70911 70912 69408 69409
63010 70912 70913 69407 69408
63011 70913 70914 69406 69407
63012 70914 70915 69405 69406
63013 70915 70916 69404 69405
63014 70916 70917 69403 69404
63015 70917 70918 69402 69403
63016 70918 70919 69401 69402
63017 70919 70920 69400 69401
63018 70920 70921 69399 69400
63019 70921 70922 69398 69399
63020 70922 70923 69397 69398
63021 70923 70924 69396 69397
63022 70924 70925 69395 69396
63023 70925 70926 69394 69395
63024 70926 70927 69393 69394
63025 70927 70928 69392 69393
63026 70928 70929 69391 69392
63027 70929 70930 69390 69391
63028 70930 70931 69389 69390
63029 70931 70932 69388 69389
63030 70932 69169 69132 69388
63031 69629 70875 70904 69628
63032 70875 70876 70905 70904
63033 70876 70877 70906 70905
63034 70877 70878 70907 70906
63035 70878 70879 70908 70907
63036 70879 70880 70909 70908
63037 70880 70881 70910 70909
63038 70881 70882 70911 70910
63039 70882 70883 70912 70911
63040 70883 70884 70913 70912
63041 70884 70885 70914 70913
63042 70885 70886 70915 70914
63043 70886 70887 70916 70915
63044 70887 70888 70917 70916
63045 70888 70889 70918 70917
63046 70889 70890 70919 70918
63047 70890 70891 70920 70919
63048 70891 70892 70921 70920
63049 70892 70893 70922 70921
63050 70893 70894 70923 70922
63051 70894 70895 70924 70923
63052 70895 70896 70925 70924
63053 70896 70897 70926 70925
63054 70897 70898 70927 70926
63055 70898 70899 70928 70927
63056 70899 70900 70929 70928
63057 70900 70901 70930 70929
63058 70901 70902 70931 70930
63059 70902 70903 70932 70931
63060 70903 69168 69169 70932
63061 69630 70846 70875 69629
63062 70846 70847 70876 70875
63063 70847 70848 70877 70876
63064 70848 70849 70878 70877
63065 70849 70850 70879 70878
63066 70850 70851 70880 70879
63067 70851 70852 70881 70880
63068 70852 70853 70882 70881
63069 70853 70854 70883 70882
63070 70854 70855 70884 70883
63071 70855 70856 70885 70884
63072 70856 70857 70886 70885
63073 70857 70858 70887 70886
63074 70858 70859 70888 70887
63075 70859 70860 70889 70888
63076 70860 70861 70890 70889
63077 70861 70862 70891 70890
63078 70862 70863 70892 70891
63079 70863 70864 70893 70892
63080 70864 70865 70894 70893
63081 70865 70866 70895 70894
63082 70866 70867 70896 70895
63083 70867 70868 70897 70896
63084 70868 70869 70898 70897
63085 70869 70870 70899 70898
63086 70870 70871 70900 70899
63087 70871 70872 70901 70900
63088 70872 70873 70902 70901
63089 70873 70874 70903 70902
63090 70874 69167 69168 70903
63091 69631 70817 70846 69630
63092 70817 70818 70847 70846
63093 70818 70819 70848 70847
63094 70819 70820 70849 70848
63095 70820 70821 70850 70849
63096 70821 70822 70851 70850
63097 70822 70823 70852 70851
63098 70823 70824 70853 70852
63099 70824 70825 70854 70853
63100 70825 70826 70855 70854
63101 70826 70827 70856 70855
63102 70827 70828 70857 70856
63103 70828 70829 70858 70857
63104 70829 70830 70859 70858
63105 70830 70831 70860 70859
63106 70831 70832 70861 70860
63107 70832 70833 70862 70861
63108 70833 70834 70863 70862
63109 70834 70835 70864 70863
63110 70835 70836 70865 70864
63111 70836 70837 70866 70865
63112 70837 70838 70867 70866
63113 70838 70839 70868 70867
63114 70839 70840 70869 70868
63115 70840 70841 70870 70869
63116 70841 70842 70871 70870
63117 70842 70843 70872 70871
63118 70843 70844 70873 70872
63119 70844 70845 70874 70873
63120 70845 69166 69167 70874
63121 69632 70788 70817 69631
63122 70788 70789 70818 70817
63123 70789 70790 70819 70818
63124 70790 70791 70820 70819
63125 70791 70792 70821 70820
63126 70792 70793 70822 70821
63127 70793 70794 70823 70822
63128 70794 70795 70824 70823
63129 70795 70796 70825 70824
63130 70796 70797 70826 70825
63131 70797 70798 70827 70826
63132 70798 70799 70828 70827
63133 70799 70800 70829 70828
63134 70800 70801 70830 70829
63135 70801 70802 70831 70830
63136 70802 70803 70832 70831
63137 70803 70804 70833 70832
63138 70804 70805 70834 70833
63139 70805 70806 70835 70834
63140 70806 70807 70836 70835
63141 70807 70808 70837 70836
63142 70808 70809 70838 70837
63143 70809 70810 70839 70838
63144 70810 70811 70840 70839
63145 70811 70812 70841 70840
63146 70812 70813 70842 70841
63147 70813 70814 70843 70842
63148 70814 70815 70844 70843
63149 70815 70816 70845 70844
63150 70816 69165 69166 70845
63151 69633 70759 70788 69632
63152 70759 70760 70789 70788
63153 70760 70761 70790 70789
63154 70761 70762 70791 70790
63155 70762 70763 70792 70791
63156 70763 70764 70793 70792
63157 70764 70765 70794 70793
63158 70765 70766 70795 70794
63159 70766 70767 70796 70795
63160 70767 70768 70797 70796
63161 70768 70769 70798 70797
63162 70769 70770 70799 70798
63163 70770 70771 70800 70799
63164 70771 70772 70801 70800
63165 70772 70773 70802 70801
63166 70773 70774 70803 70802
63167 70774 70775 70804 70803
63168 70775 70776 70805 70804
63169 70776 70777 70806 70805
63170 70777 70778 70807 70806
63171 70778 70779 70808 70807
63172 70779 70780 70809 70808
63173 70780 70781 70810 70809
63174 70781 70782 70811 70810
63175 70782 70783 70812 70811
63176 70783 70784 70813 70812
63177 70784 70785 70814 70813
63178 70785 70786 70815 70814
63179 70786 70787 70816 70815
63180 70787 69164 69165 70816
63181 69634 70730 70759 69633
63182 70730 70731 70760 70759
63183 70731 70732 70761 70760
63184 70732 70733 70762 70761
63185 70733 70734 70763 70762
63186 70734 70735 70764 70763
63187 70735 70736 70765 70764
63188 70736 70737 70766 70765
63189 70737 70738 70767 70766
63190 70738 70739 70768 70767
63191 70739 70740 70769 70768
63192 70740 70741 70770 70769
63193 70741 70742 70771 70770
63194 70742 70743 70772 70771
63195 70743 70744 70773 70772
63196 70744 70745 70774 70773
63197 70745 70746 70775 70774
63198 70746 70747 70776 70775
63199 70747 70748 70777 70776
63200 70748 70749 70778 70777
63201 70749 70750 70779 70778
63202 70750 70751 70780 70779
63203 70751 70752 70781 70780
63204 70752 70753 70782 70781
63205 70753 70754 70783 70782
63206 70754 70755 70784 70783
63207 70755 70756 70785 70784
63208 70756 70757 70786 70785
63209 70757 70758 70787 70786
63210 70758 69163 69164 70787
63211 69635 70701 70730 69634
63212 70701 70702 70731 70730
63213 70702 70703 70732 70731
63214 70703 70704 70733 70732
63215 70704 70705 70734 70733
63216 70705 70706 70735 70734
63217 70706 70707 70736 70735
63218 70707 70708 70737 70736
63219 70708 70709 70738 70737
63220 70709 70710 70739 70738
63221 70710 70711 70740 70739
63222 70711 70712 70741 70740
63223 70712 70713 70742 70741
63224 70713 70714 70743 70742
63225 70714 70715 70744 70743
63226 70715 70716 70745 70744
63227 70716 70717 70746 70745
63228 70717 70718 70747 70746
63229 70718 70719 70748 70747
63230 70719 70720 70749 70748
63231 70720 70721 70750 70749
63232 70721 70722 70751 70750
63233 70722 70723 70752 70751
63234 70723 70724 70753 70752
63235 70724 70725 70754 70753
63236 70725 70726 70755 70754
63237 70726 70727 70756 70755
63238 70727 70728 70757 70756
63239 70728 70729 70758 70757
63240 70729 69162 69163 70758
63241 69636 70672 70701 69635
63242 70672 70673 70702 70701
63243 70673 70674 70703 70702
63244 70674 70675 70704 70703
63245 70675 70676 70705 70704
63246 70676 70677 70706 70705
63247 70677 70678 70707 70706
63248 70678 70679 70708 70707
63249 70679 70680 70709 70708
63250 70680 70681 70710 70709
63251 70681 70682 70711 70710
63252 70682 70683 70712 70711
63253 70683 70684 70713 70712
63254 70684 70685 70714 70713
63255 70685 70686 70715 70714
63256 70686 70687 70716 70715
63257 70687 70688 70717 70716
63258 70688 70689 70718 70717
63259 70689 70690 70719 70718
63260 70690 70691 70720 70719
63261 70691 70692 70721 70720
63262 70692 70693 70722 70721
63263 70693 70694 70723 70722
63264 70694 70695 70724 70723
63265 70695 70696 70725 70724
63266 70696 70697 70726 70725
63267 70697 70698 70727 70726
63268 70698 70699 70728 70727
63269 70699 70700 70729 70728
63270 70700 69161 69162 70729
63271 69637 70643 70672 69636
63272 70643 70644 70673 70672
63273 70644 70645 70674 70673
63274 70645 70646 70675 70674
63275 70646 70647 70676 70675
63276 70647 70648 70677 70676
63277 70648 70649 70678 70677
63278 70649 70650 70679 70678
63279 70650 70651 70680 70679
63280 70651 70652 70681 70680
63281 70652 70653 70682 70681
63282 70653 70654 70683 70682
63283 70654 70655 70684 70683
63284 70655 70656 70685 70684
63285 70656 70657 70686 70685
63286 70657 70658 70687 70686
63287 70658 70659 70688 70687
63288 70659 70660 70689 70688
63289 70660 70661 70690 70689
63290 70661 70662 70691 70690
63291 70662 70663 70692 70691
63292 70663 70664 70693 70692
63293 70664 70665 70694 70693
63294 70665 70666 70695 70694
63295 70666 70667 70696 70695
63296 70667 70668 70697 70696
63297 70668 70669 70698 70697
63298 70669 70670 70699 70698
63299 70670 70671 70700 70699
63300 70671 69160 69161 70700
63301 69638 70614 70643 69637
63302 70614 70615 70644 70643
63303 70615 70616 70645 70644
63304 70616 70617 70646 70645
63305 70617 70618 70647 70646
63306 70618 70619 70648 70647
63307 70619 70620 70649 70648
63308 70620 70621 70650 70649
63309 70621 70622 70651 70650
63310 70622 70623 70652 70651
63311 70623 70624 70653 70652
63312 70624 70625 70654 70653
63313 70625 70626 70655 70654
63314 70626 70627 70656 70655
63315 70627 70628 70657 70656
63316 70628 70629 70658 70657
63317 70629 70630 70659 70658
63318 70630 70631 70660 70659
63319 70631 70632 70661 70660
63320 70632 70633 70662 70661
63321 70633 70634 70663 70662
63322 70634 70635 70664 70663
63323 70635 70636 70665 70664
63324 70636 70637 70666 70665
63325 70637 70638 70667 70666
63326 70638 70639 70668 70667
63327 70639 70640 70669 70668
63328 70640 70641 70670 70669
63329 70641 70642 70671 70670
63330 70642 69159 69160 70671
63331 69639 70585 70614 69638
63332 70585 70586 70615 70614
63333 70586 70587 70616 70615
63334 70587 70588 70617 70616
63335 70588 70589 70618 70617
63336 70589 70590 70619 70618
63337 70590 70591 70620 70619
63338 70591 70592 70621 70620
63339 70592 70593 70622 70621
63340 70593 70594 70623 70622
63341 70594 70595 70624 70623
63342 70595 70596 70625 70624
63343 70596 70597 70626 70625
63344 70597 70598 70627 70626
63345 70598 70599 70628 70627
63346 70599 70600 70629 70628
63347 70600 70601 70630 70629
63348 70601 70602 70631 70630
63349 70602 70603 70632 70631
63350 70603 70604 70633 70632
63351 70604 70605 70634 70633
63352 70605 70606 70635 70634
63353 70606 70607 70636 70635
63354 70607 70608 70637 70636
63355 70608 70609 70638 70637
63356 70609 70610 70639 70638
63357 70610 70611 70640 70639
63358 70611 70612 70641 70640
63359 70612 70613 70642 70641
63360 70613 69158 69159 70642
63361 69640 70556 70585 69639
63362 70556 70557 70586 70585
63363 70557 70558 70587 70586
63364 70558 70559 70588 70587
63365 70559 70560 70589 70588
63366 70560 70561 70590 70589
63367 70561 70562 70591 70590
63368 70562 70563 70592 70591
63369 70563 70564 70593 70592
63370 70564 70565 70594 70593
63371 70565 70566 70595 70594
63372 70566 70567 70596 70595
63373 70567 70568 70597 70596
63374 70568 70569 70598 70597
63375 70569 70570 70599 70598
63376 70570 70571 70600 70599
63377 70571 70572 70601 70600
63378 70572 70573 70602 70601
63379 70573 70574 70603 70602
63380 70574 70575 70604 70603
63381 70575 70576 70605 70604
63382 70576 70577 70606 70605
63383 70577 70578 70607 70606
63384 70578 70579 70608 70607
63385 70579 70580 70609 70608
63386 70580 70581 70610 70609
63387 70581 70582 70611 70610
63388 70582 70583 70612 70611
63389 70583 70584 70613 70612
63390 70584 69157 69158 70613
63391 69641 70527 70556 69640
63392 70527 70528 70557 70556
63393 70528 70529 70558 70557
63394 70529 70530 70559 70558
63395 70530 70531 70560 70559
63396 70531 70532 70561 70560
63397 70532 70533 70562 70561
63398 70533 70534 70563 70562
63399 70534 70535 70564 70563
63400 70535 70536 70565 70564
63401 70536 70537 70566 70565
63402 70537 70538 70567 70566
63403 70538 70539 70568 70567
63404 70539 70540 70569 70568
63405 70540 70541 70570 70569
63406 70541 70542 70571 70570
63407 70542 70543 70572 70571
63408 70543 70544 70573 70572
63409 70544 70545 70574 70573
63410 70545 70546 70575 70574
63411 70546 70547 70576 70575
63412 70547 70548 70577 70576
63413 70548 70549 70578 70577
63414 70549 70550 70579 70578
63415 70550 70551 70580 70579
63416 70551 70552 70581 70580
63417 70552 70553 70582 70581
63418 70553 70554 70583 70582
63419 70554 70555 70584 70583
63420 70555 69156 69157 70584
63421 69642 70498 70527 69641
63422 70498 70499 70528 70527
63423 70499 70500 70529 70528
63424 70500 70501 70530 70529
63425 70501 70502 70531 70530
63426 70502 70503 70532 70531
63427 70503 70504 70533 70532
63428 70504 70505 70534 70533
63429 70505 70506 70535 70534
63430 70506 70507 70536 70535
63431 70507 70508 70537 70536
63432 70508 70509 70538 70537
63433 70509 70510 70539 70538
63434 70510 70511 70540 70539
63435 70511 70512 70541 70540
63436 70512 70513 70542 70541
63437 70513 70514 70543 70542
63438 70514 70515 70544 70543
63439 70515 70516 70545 70544
63440 70516 70517 70546 70545
63441 70517 70518 70547 70546
63442 70518 70519 70548 70547
63443 70519 70520 70549 70548
63444 70520 70521 70550 70549
63445 70521 70522 70551 70550
63446 70522 70523 70552 70551
63447 70523 70524 70553 70552
63448 70524 70525 70554 70553
63449 70525 70526 70555 70554
63450 70526 69155 69156 70555
63451 69643 70469 70498 69642
63452 70469 70470 70499 70498
63453 70470 70471 70500 70499
63454 70471 70472 70501 70500
63455 70472 70473 70502 70501
63456 70473 70474 70503 70502
63457 70474 70475 70504 70503
63458 70475 70476 70505 70504
63459 70476 70477 70506 70505
63460 70477 70478 70507 70506
63461 70478 70479 70508 70507
63462 70479 70480 70509 70508
63463 70480 70481 70510 70509
63464 70481 70482 70511 70510
63465 70482 70483 70512 70511
63466 70483 70484 70513 70512
63467 70484 70485 70514 70513
63468 70485 70486 70515 70514
63469 70486 70487 70516 70515
63470 70487 70488 70517 70516
63471 70488 70489 70518 70517
63472 70489 70490 70519 70518
63473 70490 70491 70520 70519
63474 70491 70492 70521 70520
63475 70492 70493 70522 70521
63476 70493 70494 70523 70522
63477 70494 70495 70524 70523
63478 70495 70496 70525 70524
63479 70496 70497 70526 70525
63480 70497 69154 69155 70526
63481 69644 70440 70469 69643
63482 70440 70441 70470 70469
63483 70441 70442 70471 70470
63484 70442 70443 70472 70471
63485 70443 70444 70473 70472
63486 70444 70445 70474 70473
63487 70445 70446 70475 70474
63488 70446 70447 70476 70475
63489 70447 70448 70477 70476
63490 70448 70449 70478 70477
63491 70449 70450 70479 70478
63492 70450 70451 70480 70479
63493 70451 70452 70481 70480
63494 70452 70453 70482 70481
63495 70453 70454 70483 70482
63496 70454 70455 70484 70483
63497 70455 70456 70485 70484
63498 70456 70457 70486 70485
63499 70457 70458 70487 70486
63500 70458 70459 70488 70487
63501 70459 70460 70489 70488
63502 70460 70461 70490 70489
63503 70461 70462 70491 70490
63504 70462 70463 70492 70491
63505 70463 70464 70493 70492
63506 70464 70465 70494 70493
63507 70465 70466 70495 70494
63508 70466 70467 70496 70495
63509 70467 70468 70497 70496
63510 70468 69153 69154 70497
63511 69645 70411 70440 69644
63512 70411 70412 70441 70440
63513 70412 70413 70442 70441
63514 70413 70414 70443 70442
63515 70414 70415 70444 70443
63516 70415 70416 70445 70444
63517 70416 70417 70446 70445
63518 70417 70418 70447 70446
63519 70418 70419 70448 70447
63520 70419 70420 70449 70448
63521 70420 70421 70450 70449
63522 70421 70422 70451 70450
63523 70422 70423 70452 70451
63524 70423 70424 70453 70452
63525 70424 70425 70454 70453
63526 70425 70426 70455 70454
63527 70426 70427 70456 70455
63528 70427 70428 70457 70456
63529 70428 70429 70458 70457
63530 70429 70430 70459 70458
63531 70430 70431 70460 70459
63532 70431 70432 70461 70460
63533 70432 70433 70462 70461
63534 70433 70434 70463 70462
63535 70434 70435 70464 70463
63536 70435 70436 70465 70464
63537 70436 70437 70466 70465
63538 70437 70438 70467 70466
63539 70438 70439 70468 70467
63540 70439 69152 69153 70468
63541 69646 70382 70411 69645
63542 70382 70383 70412 70411
63543 70383 70384 70413 70412
63544 70384 70385 70414 70413
63545 70385 70386 70415 70414
63546 70386 70387 70416 70415
63547 70387 70388 70417 70416
63548 70388 70389 70418 70417
63549 70389 70390 70419 70418
63550 70390 70391 70420 70419
63551 70391 70392 70421 70420
63552 70392 70393 70422 70421
63553 70393 70394 70423 70422
63554 70394 70395 70424 70423
63555 70395 70396 70425 70424
63556 70396 70397 70426 70425
63557 70397 70398 70427 70426
63558 70398 70399 70428 70427
63559 70399 70400 70429 70428
63560 70400 70401 70430 70429
63561 70401 70402 70431 70430
63562 70402 70403 70432 70431
63563 70403 70404 70433 70432
63564 70404 70405 70434 70433
63565 70405 70406 70435 70434
63566 70406 70407 70436 70435
63567 70407 70408 70437 70436
63568 70408 70409 70438 70437
63569 70409 70410 70439 70438
63570 70410 69151 69152 70439
63571 69647 70353 70382 69646
63572 70353 70354 70383 70382
63573 70354 70355 70384 70383
63574 70355 70356 70385 70384
63575 70356 70357 70386 70385
63576 70357 70358 70387 70386
63577 70358 70359 70388 70387
63578 70359 70360 70389 70388
63579 70360 70361 70390 70389
63580 70361 70362 70391 70390
63581 70362 70363 70392 70391
63582 70363 70364 70393 70392
63583 70364 70365 70394 70393
63584 70365 70366 70395 70394
63585 70366 70367 70396 70395
63586 70367 70368 70397 70396
63587 70368 70369 70398 70397
63588 70369 70370 70399 70398
63589 70370 70371 70400 70399
63590 70371 70372 70401 70400
63591 70372 70373 70402 70401
63592 70373 70374 70403 70402
63593 70374 70375 70404 70403
63594 70375 70376 70405 70404
63595 70376 70377 70406 70405
63596 70377 70378 70407 70406
63597 70378 70379 70408 70407
63598 70379 70380 70409 70408
63599 70380 70381 70410 70409
63600 70381 69150 69151 70410
63601 69648 70324 70353 69647
63602 70324 70325 70354 70353
63603 70325 70326 70355 70354
63604 70326 70327 70356 70355
63605 70327 70328 70357 70356
63606 70328 70329 70358 70357
63607 70329 70330 70359 70358
63608 70330 70331 70360 70359
63609 70331 70332 70361 70360
63610 70332 70333 70362 70361
63611 70333 70334 70363 70362
63612 70334 70335 70364 70363
63613 70335 70336 70365 70364
63614 70336 70337 70366 70365
63615 70337 70338 70367 70366
63616 70338 70339 70368 70367
63617 70339 70340 70369 70368
63618 70340 70341 70370 70369
63619 70341 70342 70371 70370
63620 70342 70343 70372 70371
63621 70343 70344 70373 70372
63622 70344 70345 70374 70373
63623 70345 70346 70375 70374
63624 70346 70347 70376 70375
63625 70347 70348 70377 70376
63626 70348 70349 70378 70377
63627 70349 70350 70379 70378
63628 70350 70351 70380 70379
63629 70351 70352 70381 70380
63630 70352 69149 69150 70381
63631 69649 70295 70324 69648
63632 70295 70296 70325 70324
63633 70296 70297 70326 70325
63634 70297 70298 70327 70326
63635 70298 70299 70328 70327
63636 70299 70300 70329 70328
63637 70300 70301 70330 70329
63638 70301 70302 70331 70330
63639 70302 70303 70332 70331
63640 70303 70304 70333 70332
63641 70304 70305 70334 70333
63642 70305 70306 70335 70334
63643 70306 70307 70336 70335
63644 70307 70308 70337 70336
63645 70308 70309 70338 70337
63646 70309 70310 70339 70338
63647 70310 70311 70340 70339
63648 70311 70312 70341 70340
63649 70312 70313 70342 70341
63650 70313 70314 70343 70342
63651 70314 70315 70344 70343
63652 70315 70316 70345 70344
63653 70316 70317 70346 70345
63654 70317 70318 70347 70346
63655 70318 70319 70348 70347
63656 70319 70320 70349 70348
63657 70320 70321 70350 70349
63658 70321 70322 70351 70350
63659 70322 70323 70352 70351
63660 70323 69148 69149 70352
63661 69650 70266 70295 69649
63662 70266 70267 70296 70295
63663 70267 70268 70297 70296
63664 70268 70269 70298 70297
63665 70269 70270 70299 70298
63666 70270 70271 70300 70299
63667 70271 70272 70301 70300
63668 70272 70273 70302 70301
63669 70273 70274 70303 70302
63670 70274 70275 70304 70303
63671 70275 70276 70305 70304
63672 70276 70277 70306 70305
63673 70277 70278 70307 70306
63674 70278 70279 70308 70307
63675 70279 70280 70309 70308
63676 70280 70281 70310 70309
63677 70281 70282 70311 70310
63678 70282 70283 70312 70311
63679 70283 70284 70313 70312
63680 70284 70285 70314 70313
63681 70285 70286 70315 70314
63682 70286 70287 70316 70315
63683 70287 70288 70317 70316
63684 70288 70289 70318 70317
63685 70289 70290 70319 70318
63686 70290 70291 70320 70319
63687 70291 70292 70321 70320
63688 70292 70293 70322 70321
63689 70293 70294 70323 70322
63690 70294 69147 69148 70323
63691 69651 70237 70266 69650
63692 70237 70238 70267 70266
63693 70238 70239 70268 70267
63694 70239 70240 70269 70268
63695 70240 70241 70270 70269
63696 70241 70242 70271 70270
63697 70242 70243 70272 70271
63698 70243 70244 70273 70272
63699 70244 70245 70274 70273
63700 70245 70246 70275 70274
63701 70246 70247 70276 70275
63702 70247 70248 70277 70276
63703 70248 70249 70278 70277
63704 70249 70250 70279 70278
63705 70250 70251 70280 70279
63706 70251 70252 70281 70280
63707 70252 70253 70282 70281
63708 70253 70254 70283 70282
63709 70254 70255 70284 70283
63710 70255 70256 70285 70284
63711 70256 70257 70286 70285
63712 70257 70258 70287 70286
63713 70258 70259 70288 70287
63714 70259 70260 70289 70288
63715 70260 70261 70290 70289
63716 70261 70262 70291 70290
63717 70262 70263 70292 70291
63718 70263 70264 70293 70292
63719 70264 70265 70294 70293
63720 70265 69146 69147 70294
63721 69652 70208 70237 69651
63722 70208 70209 70238 70237
63723 70209 70210 70239 70238
63724 70210 70211 70240 70239
63725 70211 70212 70241 70240
63726 70212 70213 70242 70241
63727 70213 70214 70243 70242
63728 70214 70215 70244 70243
63729 70215 70216 70245 70244
63730 70216 70217 70246 70245
63731 70217 70218 70247 70246
63732 70218 70219 70248 70247
63733 70219 70220 70249 70248
63734 70220 70221 70250 70249
63735 70221 70222 70251 70250
63736 70222 70223 70252 70251
63737 70223 70224 70253 70252
63738 70224 70225 70254 70253
63739 70225 70226 70255 70254
63740 70226 70227 70256 70255
63741 70227 70228 70257 70256
63742 70228 70229 70258 70257
63743 70229 70230 70259 70258
63744 70230 70231 70260 70259
63745 70231 70232 70261 70260
63746 70232 70233 70262 70261
63747 70233 70234 70263 70262
63748 70234 70235 70264 70263
63749 70235 70236 70265 70264
63750 70236 69145 69146 70265
63751 69653 70179 70208 69652
63752 70179 70180 70209 70208
63753 70180 70181 70210 70209
63754 70181 70182 70211 70210
63755 70182 70183 70212 70211
63756 70183 70184 70213 70212
63757 70184 70185 70214 70213
63758 70185 70186 70215 70214
63759 70186 70187 70216 70215
63760 70187 70188 70217 70216
63761 70188 70189 70218 70217
63762 70189 70190 70219 70218
63763 70190 70191 70220 70219
63764 70191 70192 70221 70220
63765 70192 70193 70222 70221
63766 70193 70194 70223 70222
63767 70194 70195 70224 70223
63768 70195 70196 70225 70224
63769 70196 70197 70226 70225
63770 70197 70198 70227 70226
63771 70198 70199 70228 70227
63772 70199 70200 70229 70228
63773 70200 70201 70230 70229
63774 70201 70202 70231 70230
63775 70202 70203 70232 70231
63776 70203 70204 70233 70232
63777 70204 70205 70234 70233
63778 70205 70206 70235 70234
63779 70206 70207 70236 70235
63780 70207 69144 69145 70236
63781 69654 70150 70179 69653
63782 70150 70151 70180 70179
63783 70151 70152 70181 70180
63784 70152 70153 70182 70181
63785 70153 70154 70183 70182
63786 70154 70155 70184 70183
63787 70155 70156 70185 70184
63788 70156 70157 70186 70185
63789 70157 70158 70187 70186
63790 70158 70159 70188 70187
63791 70159 70160 70189 70188
63792 70160 70161 70190 70189
63793 70161 70162 70191 70190
63794 70162 70163 70192 70191
63795 70163 70164 70193 70192
63796 70164 70165 70194 70193
63797 70165 70166 70195 70194
63798 70166 70167 70196 70195
63799 70167 70168 70197 70196
63800 70168 70169 70198 70197
63801 70169 70170 70199 70198
63802 70170 70171 70200 70199
63803 70171 70172 70201 70200
63804 70172 70173 70202 70201
63805 70173 70174 70203 70202
63806 70174 70175 70204 70203
63807 70175 70176 70205 70204
63808 70176 70177 70206 70205
63809 70177 70178 70207 70206
63810 70178 69143 69144 70207
63811 69655 70121 70150 69654
63812 70121 70122 70151 70150
63813 70122 70123 70152 70151
63814 70123 70124 70153 70152
63815 70124 70125 70154 70153
63816 70125 70126 70155 70154
63817 70126 70127 70156 70155
63818 70127 70128 70157 70156
63819 70128 70129 70158 70157
63820 70129 70130 70159 70158
63821 70130 70131 70160 70159
63822 70131 70132 70161 70160
63823 70132 70133 70162 70161
63824 70133 70134 70163 70162
63825 70134 70135 70164 70163
63826 70135 70136 70165 70164
63827 70136 70137 70166 70165
63828 70137 70138 70167 70166
63829 70138 70139 70168 70167
63830 70139 70140 70169 70168
63831 70140 70141 70170 70169
63832 70141 70142 70171 70170
63833 70142 70143 70172 70171
63834 70143 70144 70173 70172
63835 70144 70145 70174 70173
63836 70145 70146 70175 70174
63837 70146 70147 70176 70175
63838 70147 70148 70177 70176
63839 70148 70149 70178 70177
63840 70149 69142 69143 70178
63841 69656 70092 70121 69655
63842 70092 70093 70122 70121
63843 70093 70094 70123 70122
63844 70094 70095 70124 70123
63845 70095 70096 70125 70124
63846 70096 70097 70126 70125
63847 70097 70098 70127 70126
63848 70098 70099 70128 70127
63849 70099 70100 70129 70128
63850 70100 70101 70130 70129
63851 70101 70102 70131 70130
63852 70102 70103 70132 70131
63853 70103 70104 70133 70132
63854 70104 70105 70134 70133
63855 70105 70106 70135 70134
63856 70106 70107 70136 70135
63857 70107 70108 70137 70136
63858 70108 70109 70138 70137
63859 70109 70110 70139 70138
63860 70110 70111 70140 70139
63861 70111 70112 70141 70140
63862 70112 70113 70142 70141
63863 70113 70114 70143 70142
63864 70114 70115 70144 70143
63865 70115 70116 70145 70144
63866 70116 70117 70146 70145
63867 70117 70118 70147 70146
63868 70118 70119 70148 70147
63869 70119 70120 70149 70148
63870 70120 69141 69142 70149
63871 69620 69860 70092 69656
63872 69860 69861 70093 70092
63873 69861 69862 70094 70093
63874 69862 69863 70095 70094
63875 69863 69864 70096 70095
63876 69864 69865 70097 70096
63877 69865 69866 70098 70097
63878 69866 69867 70099 70098
63879 69867 69868 70100 70099
63880 69868 69869 70101 70100
63881 69869 69870 70102 70101
63882 69870 69871 70103 70102
63883 69871 69872 70104 70103
63884 69872 69873 70105 70104
63885 69873 69874 70106 70105
63886 69874 69875 70107 70106
63887 69875 69876 70108 70107
63888 69876 69877 70109 70108
63889 69877 69878 70110 70109
63890 69878 69879 70111 70110
63891 69879 69880 70112 70111
63892 69880 69881 70113 70112
63893 69881 69882 70114 70113
63894 69882 69883 70115 70114
63895 69883 69884 70116 70115
63896 69884 69885 70117 70116
63897 69885 69886 70118 70117
63898 69886 69887 70119 70118
63899 69887 69888 70120 70119
63900 69888 69140 69141 70120
