       576
1261 2668 2667 2665 2666
1262 2667 2670 2669 2665
1263 2670 2672 2671 2669
1264 2672 2674 2673 2671
1265 2674 2676 2675 2673
1266 2676 2678 2677 2675
1267 2678 2680 2679 2677
1268 2680 2682 2681 2679
1269 2682 2684 2683 2681
1270 2684 2686 2685 2683
1271 2686 2688 2687 2685
1272 2688 2690 2689 2687
1273 2690 2692 2691 2689
1274 2692 2694 2693 2691
1275 2694 2696 2695 2693
1276 2696 2698 2697 2695
1277 2698 2700 2699 2697
1278 2700 2702 2701 2699
1279 2702 2704 2703 2701
1280 2704 2706 2705 2703
1281 2706 2708 2707 2705
1282 2708 2710 2709 2707
1283 2710 2712 2711 2709
1284 2712 2714 2713 2711
1285 2714 2716 2715 2713
1286 2716 2718 2717 2715
1287 2718 2720 2719 2717
1288 2720 2722 2721 2719
1289 2722 2724 2723 2721
1290 2724 2726 2725 2723
1291 2726 2728 2727 2725
1292 2728 2730 2729 2727
1293 2730 2732 2731 2729
1294 2732 2734 2733 2731
1295 2734 2736 2735 2733
1296 2736 2738 2737 2735
2557 4072 4071 2667 2668
2558 4071 4073 2670 2667
2559 4073 4074 2672 2670
2560 4074 4075 2674 2672
2561 4075 4076 2676 2674
2562 4076 4077 2678 2676
2563 4077 4078 2680 2678
2564 4078 4079 2682 2680
2565 4079 4080 2684 2682
2566 4080 4081 2686 2684
2567 4081 4082 2688 2686
2568 4082 4083 2690 2688
2569 4083 4084 2692 2690
2570 4084 4085 2694 2692
2571 4085 4086 2696 2694
2572 4086 4087 2698 2696
2573 4087 4088 2700 2698
2574 4088 4089 2702 2700
2575 4089 4090 2704 2702
2576 4090 4091 2706 2704
2577 4091 4092 2708 2706
2578 4092 4093 2710 2708
2579 4093 4094 2712 2710
2580 4094 4095 2714 2712
2581 4095 4096 2716 2714
2582 4096 4097 2718 2716
2583 4097 4098 2720 2718
2584 4098 4099 2722 2720
2585 4099 4100 2724 2722
2586 4100 4101 2726 2724
2587 4101 4102 2728 2726
2588 4102 4103 2730 2728
2589 4103 4104 2732 2730
2590 4104 4105 2734 2732
2591 4105 4106 2736 2734
2592 4106 4107 2738 2736
3853 5441 5440 4071 4072
3854 5440 5442 4073 4071
3855 5442 5443 4074 4073
3856 5443 5444 4075 4074
3857 5444 5445 4076 4075
3858 5445 5446 4077 4076
3859 5446 5447 4078 4077
3860 5447 5448 4079 4078
3861 5448 5449 4080 4079
3862 5449 5450 4081 4080
3863 5450 5451 4082 4081
3864 5451 5452 4083 4082
3865 5452 5453 4084 4083
3866 5453 5454 4085 4084
3867 5454 5455 4086 4085
3868 5455 5456 4087 4086
3869 5456 5457 4088 4087
3870 5457 5458 4089 4088
3871 5458 5459 4090 4089
3872 5459 5460 4091 4090
3873 5460 5461 4092 4091
3874 5461 5462 4093 4092
3875 5462 5463 4094 4093
3876 5463 5464 4095 4094
3877 5464 5465 4096 4095
3878 5465 5466 4097 4096
3879 5466 5467 4098 4097
3880 5467 5468 4099 4098
3881 5468 5469 4100 4099
3882 5469 5470 4101 4100
3883 5470 5471 4102 4101
3884 5471 5472 4103 4102
3885 5472 5473 4104 4103
3886 5473 5474 4105 4104
3887 5474 5475 4106 4105
3888 5475 5476 4107 4106
5149 6810 6809 5440 5441
5150 6809 6811 5442 5440
5151 6811 6812 5443 5442
5152 6812 6813 5444 5443
5153 6813 6814 5445 5444
5154 6814 6815 5446 5445
5155 6815 6816 5447 5446
5156 6816 6817 5448 5447
5157 6817 6818 5449 5448
5158 6818 6819 5450 5449
5159 6819 6820 5451 5450
5160 6820 6821 5452 5451
5161 6821 6822 5453 5452
5162 6822 6823 5454 5453
5163 6823 6824 5455 5454
5164 6824 6825 5456 5455
5165 6825 6826 5457 5456
5166 6826 6827 5458 5457
5167 6827 6828 5459 5458
5168 6828 6829 5460 5459
5169 6829 6830 5461 5460
5170 6830 6831 5462 5461
5171 6831 6832 5463 5462
5172 6832 6833 5464 5463
5173 6833 6834 5465 5464
5174 6834 6835 5466 5465
5175 6835 6836 5467 5466
5176 6836 6837 5468 5467
5177 6837 6838 5469 5468
5178 6838 6839 5470 5469
5179 6839 6840 5471 5470
5180 6840 6841 5472 5471
5181 6841 6842 5473 5472
5182 6842 6843 5474 5473
5183 6843 6844 5475 5474
5184 6844 6845 5476 5475
6445 8179 8178 6809 6810
6446 8178 8180 6811 6809
6447 8180 8181 6812 6811
6448 8181 8182 6813 6812
6449 8182 8183 6814 6813
6450 8183 8184 6815 6814
6451 8184 8185 6816 6815
6452 8185 8186 6817 6816
6453 8186 8187 6818 6817
6454 8187 8188 6819 6818
6455 8188 8189 6820 6819
6456 8189 8190 6821 6820
6457 8190 8191 6822 6821
6458 8191 8192 6823 6822
6459 8192 8193 6824 6823
6460 8193 8194 6825 6824
6461 8194 8195 6826 6825
6462 8195 8196 6827 6826
6463 8196 8197 6828 6827
6464 8197 8198 6829 6828
6465 8198 8199 6830 6829
6466 8199 8200 6831 6830
6467 8200 8201 6832 6831
6468 8201 8202 6833 6832
6469 8202 8203 6834 6833
6470 8203 8204 6835 6834
6471 8204 8205 6836 6835
6472 8205 8206 6837 6836
6473 8206 8207 6838 6837
6474 8207 8208 6839 6838
6475 8208 8209 6840 6839
6476 8209 8210 6841 6840
6477 8210 8211 6842 6841
6478 8211 8212 6843 6842
6479 8212 8213 6844 6843
6480 8213 8214 6845 6844
7741 9548 9547 8178 8179
7742 9547 9549 8180 8178
7743 9549 9550 8181 8180
7744 9550 9551 8182 8181
7745 9551 9552 8183 8182
7746 9552 9553 8184 8183
7747 9553 9554 8185 8184
7748 9554 9555 8186 8185
7749 9555 9556 8187 8186
7750 9556 9557 8188 8187
7751 9557 9558 8189 8188
7752 9558 9559 8190 8189
7753 9559 9560 8191 8190
7754 9560 9561 8192 8191
7755 9561 9562 8193 8192
7756 9562 9563 8194 8193
7757 9563 9564 8195 8194
7758 9564 9565 8196 8195
7759 9565 9566 8197 8196
7760 9566 9567 8198 8197
7761 9567 9568 8199 8198
7762 9568 9569 8200 8199
7763 9569 9570 8201 8200
7764 9570 9571 8202 8201
7765 9571 9572 8203 8202
7766 9572 9573 8204 8203
7767 9573 9574 8205 8204
7768 9574 9575 8206 8205
7769 9575 9576 8207 8206
7770 9576 9577 8208 8207
7771 9577 9578 8209 8208
7772 9578 9579 8210 8209
7773 9579 9580 8211 8210
7774 9580 9581 8212 8211
7775 9581 9582 8213 8212
7776 9582 9583 8214 8213
9037 10917 10916 9547 9548
9038 10916 10918 9549 9547
9039 10918 10919 9550 9549
9040 10919 10920 9551 9550
9041 10920 10921 9552 9551
9042 10921 10922 9553 9552
9043 10922 10923 9554 9553
9044 10923 10924 9555 9554
9045 10924 10925 9556 9555
9046 10925 10926 9557 9556
9047 10926 10927 9558 9557
9048 10927 10928 9559 9558
9049 10928 10929 9560 9559
9050 10929 10930 9561 9560
9051 10930 10931 9562 9561
9052 10931 10932 9563 9562
9053 10932 10933 9564 9563
9054 10933 10934 9565 9564
9055 10934 10935 9566 9565
9056 10935 10936 9567 9566
9057 10936 10937 9568 9567
9058 10937 10938 9569 9568
9059 10938 10939 9570 9569
9060 10939 10940 9571 9570
9061 10940 10941 9572 9571
9062 10941 10942 9573 9572
9063 10942 10943 9574 9573
9064 10943 10944 9575 9574
9065 10944 10945 9576 9575
9066 10945 10946 9577 9576
9067 10946 10947 9578 9577
9068 10947 10948 9579 9578
9069 10948 10949 9580 9579
9070 10949 10950 9581 9580
9071 10950 10951 9582 9581
9072 10951 10952 9583 9582
9917 12655 12654 12652 12653
9918 12654 12657 12656 12652
9919 12657 12659 12658 12656
9920 12659 12661 12660 12658
9921 12661 12663 12662 12660
9922 12663 12665 12664 12662
9923 12665 12667 12666 12664
9924 12667 12669 12668 12666
9925 12669 12671 12670 12668
9926 12671 12673 12672 12670
9927 12673 12675 12674 12672
9928 12675 12677 12676 12674
9929 12677 12679 12678 12676
9930 12679 12681 12680 12678
9931 12681 12683 12682 12680
9932 12683 12685 12684 12682
9933 12685 12687 12686 12684
9934 12687 12689 12688 12686
9935 12689 12691 12690 12688
9936 12691 12693 12692 12690
9937 12693 12695 12694 12692
9938 12695 12697 12696 12694
9939 12697 12699 12698 12696
9940 12699 12701 12700 12698
9941 12701 12703 12702 12700
9942 12703 12705 12704 12702
9943 12705 12707 12706 12704
9944 12707 12709 12708 12706
9945 12709 12711 12710 12708
9946 12711 12713 12712 12710
9947 12713 12715 12714 12712
9948 12715 12717 12716 12714
9949 12717 12719 12718 12716
9950 12719 12721 12720 12718
9951 12721 12723 12722 12720
9952 12723 12725 12724 12722
11357 14540 14539 10916 10917
11358 14539 14541 10918 10916
11359 14541 14542 10919 10918
11360 14542 14543 10920 10919
11361 14543 14544 10921 10920
11362 14544 14545 10922 10921
11363 14545 14546 10923 10922
11364 14546 14547 10924 10923
11365 14547 14548 10925 10924
11366 14548 14549 10926 10925
11367 14549 14550 10927 10926
11368 14550 14551 10928 10927
11369 14551 14552 10929 10928
11370 14552 14553 10930 10929
11371 14553 14554 10931 10930
11372 14554 14555 10932 10931
11373 14555 14556 10933 10932
11374 14556 14557 10934 10933
11375 14557 14558 10935 10934
11376 14558 14559 10936 10935
11377 14559 14560 10937 10936
11378 14560 14561 10938 10937
11379 14561 14562 10939 10938
11380 14562 14563 10940 10939
11381 14563 14564 10941 10940
11382 14564 14565 10942 10941
11383 14565 14566 10943 10942
11384 14566 14567 10944 10943
11385 14567 14568 10945 10944
11386 14568 14569 10946 10945
11387 14569 14570 10947 10946
11388 14570 14571 10948 10947
11389 14571 14572 10949 10948
11390 14572 14573 10950 10949
11391 14573 14574 10951 10950
11392 14574 14575 10952 10951
12653 15909 15908 14539 14540
12654 15908 15910 14541 14539
12655 15910 15911 14542 14541
12656 15911 15912 14543 14542
12657 15912 15913 14544 14543
12658 15913 15914 14545 14544
12659 15914 15915 14546 14545
12660 15915 15916 14547 14546
12661 15916 15917 14548 14547
12662 15917 15918 14549 14548
12663 15918 15919 14550 14549
12664 15919 15920 14551 14550
12665 15920 15921 14552 14551
12666 15921 15922 14553 14552
12667 15922 15923 14554 14553
12668 15923 15924 14555 14554
12669 15924 15925 14556 14555
12670 15925 15926 14557 14556
12671 15926 15927 14558 14557
12672 15927 15928 14559 14558
12673 15928 15929 14560 14559
12674 15929 15930 14561 14560
12675 15930 15931 14562 14561
12676 15931 15932 14563 14562
12677 15932 15933 14564 14563
12678 15933 15934 14565 14564
12679 15934 15935 14566 14565
12680 15935 15936 14567 14566
12681 15936 15937 14568 14567
12682 15937 15938 14569 14568
12683 15938 15939 14570 14569
12684 15939 15940 14571 14570
12685 15940 15941 14572 14571
12686 15941 15942 14573 14572
12687 15942 15943 14574 14573
12688 15943 15944 14575 14574
13949 17278 17277 15908 15909
13950 17277 17279 15910 15908
13951 17279 17280 15911 15910
13952 17280 17281 15912 15911
13953 17281 17282 15913 15912
13954 17282 17283 15914 15913
13955 17283 17284 15915 15914
13956 17284 17285 15916 15915
13957 17285 17286 15917 15916
13958 17286 17287 15918 15917
13959 17287 17288 15919 15918
13960 17288 17289 15920 15919
13961 17289 17290 15921 15920
13962 17290 17291 15922 15921
13963 17291 17292 15923 15922
13964 17292 17293 15924 15923
13965 17293 17294 15925 15924
13966 17294 17295 15926 15925
13967 17295 17296 15927 15926
13968 17296 17297 15928 15927
13969 17297 17298 15929 15928
13970 17298 17299 15930 15929
13971 17299 17300 15931 15930
13972 17300 17301 15932 15931
13973 17301 17302 15933 15932
13974 17302 17303 15934 15933
13975 17303 17304 15935 15934
13976 17304 17305 15936 15935
13977 17305 17306 15937 15936
13978 17306 17307 15938 15937
13979 17307 17308 15939 15938
13980 17308 17309 15940 15939
13981 17309 17310 15941 15940
13982 17310 17311 15942 15941
13983 17311 17312 15943 15942
13984 17312 17313 15944 15943
15245 18647 18646 17277 17278
15246 18646 18648 17279 17277
15247 18648 18649 17280 17279
15248 18649 18650 17281 17280
15249 18650 18651 17282 17281
15250 18651 18652 17283 17282
15251 18652 18653 17284 17283
15252 18653 18654 17285 17284
15253 18654 18655 17286 17285
15254 18655 18656 17287 17286
15255 18656 18657 17288 17287
15256 18657 18658 17289 17288
15257 18658 18659 17290 17289
15258 18659 18660 17291 17290
15259 18660 18661 17292 17291
15260 18661 18662 17293 17292
15261 18662 18663 17294 17293
15262 18663 18664 17295 17294
15263 18664 18665 17296 17295
15264 18665 18666 17297 17296
15265 18666 18667 17298 17297
15266 18667 18668 17299 17298
15267 18668 18669 17300 17299
15268 18669 18670 17301 17300
15269 18670 18671 17302 17301
15270 18671 18672 17303 17302
15271 18672 18673 17304 17303
15272 18673 18674 17305 17304
15273 18674 18675 17306 17305
15274 18675 18676 17307 17306
15275 18676 18677 17308 17307
15276 18677 18678 17309 17308
15277 18678 18679 17310 17309
15278 18679 18680 17311 17310
15279 18680 18681 17312 17311
15280 18681 18682 17313 17312
16541 20016 20015 18646 18647
16542 20015 20017 18648 18646
16543 20017 20018 18649 18648
16544 20018 20019 18650 18649
16545 20019 20020 18651 18650
16546 20020 20021 18652 18651
16547 20021 20022 18653 18652
16548 20022 20023 18654 18653
16549 20023 20024 18655 18654
16550 20024 20025 18656 18655
16551 20025 20026 18657 18656
16552 20026 20027 18658 18657
16553 20027 20028 18659 18658
16554 20028 20029 18660 18659
16555 20029 20030 18661 18660
16556 20030 20031 18662 18661
16557 20031 20032 18663 18662
16558 20032 20033 18664 18663
16559 20033 20034 18665 18664
16560 20034 20035 18666 18665
16561 20035 20036 18667 18666
16562 20036 20037 18668 18667
16563 20037 20038 18669 18668
16564 20038 20039 18670 18669
16565 20039 20040 18671 18670
16566 20040 20041 18672 18671
16567 20041 20042 18673 18672
16568 20042 20043 18674 18673
16569 20043 20044 18675 18674
16570 20044 20045 18676 18675
16571 20045 20046 18677 18676
16572 20046 20047 18678 18677
16573 20047 20048 18679 18678
16574 20048 20049 18680 18679
16575 20049 20050 18681 18680
16576 20050 20051 18682 18681
17837 12653 12652 20015 20016
17838 12652 12656 20017 20015
17839 12656 12658 20018 20017
17840 12658 12660 20019 20018
17841 12660 12662 20020 20019
17842 12662 12664 20021 20020
17843 12664 12666 20022 20021
17844 12666 12668 20023 20022
17845 12668 12670 20024 20023
17846 12670 12672 20025 20024
17847 12672 12674 20026 20025
17848 12674 12676 20027 20026
17849 12676 12678 20028 20027
17850 12678 12680 20029 20028
17851 12680 12682 20030 20029
17852 12682 12684 20031 20030
17853 12684 12686 20032 20031
17854 12686 12688 20033 20032
17855 12688 12690 20034 20033
17856 12690 12692 20035 20034
17857 12692 12694 20036 20035
17858 12694 12696 20037 20036
17859 12696 12698 20038 20037
17860 12698 12700 20039 20038
17861 12700 12702 20040 20039
17862 12702 12704 20041 20040
17863 12704 12706 20042 20041
17864 12706 12708 20043 20042
17865 12708 12710 20044 20043
17866 12710 12712 20045 20044
17867 12712 12714 20046 20045
17868 12714 12716 20047 20046
17869 12716 12718 20048 20047
17870 12718 12720 20049 20048
17871 12720 12722 20050 20049
17872 12722 12724 20051 20050
19405 21869 21868 12654 12655
19406 21868 21870 12657 12654
19407 21870 21871 12659 12657
19408 21871 21872 12661 12659
19409 21872 21873 12663 12661
19410 21873 21874 12665 12663
19411 21874 21875 12667 12665
19412 21875 21876 12669 12667
19413 21876 21877 12671 12669
19414 21877 21878 12673 12671
19415 21878 21879 12675 12673
19416 21879 21880 12677 12675
19417 21880 21881 12679 12677
19418 21881 21882 12681 12679
19419 21882 21883 12683 12681
19420 21883 21884 12685 12683
19421 21884 21885 12687 12685
19422 21885 21886 12689 12687
19423 21886 21887 12691 12689
19424 21887 21888 12693 12691
19425 21888 21889 12695 12693
19426 21889 21890 12697 12695
19427 21890 21891 12699 12697
19428 21891 21892 12701 12699
19429 21892 21893 12703 12701
19430 21893 21894 12705 12703
19431 21894 21895 12707 12705
19432 21895 21896 12709 12707
19433 21896 21897 12711 12709
19434 21897 21898 12713 12711
19435 21898 21899 12715 12713
19436 21899 21900 12717 12715
19437 21900 21901 12719 12717
19438 21901 21902 12721 12719
19439 21902 21903 12723 12721
19440 21903 21904 12725 12723
20701 23238 23237 21868 21869
20702 23237 23239 21870 21868
20703 23239 23240 21871 21870
20704 23240 23241 21872 21871
20705 23241 23242 21873 21872
20706 23242 23243 21874 21873
20707 23243 23244 21875 21874
20708 23244 23245 21876 21875
20709 23245 23246 21877 21876
20710 23246 23247 21878 21877
20711 23247 23248 21879 21878
20712 23248 23249 21880 21879
20713 23249 23250 21881 21880
20714 23250 23251 21882 21881
20715 23251 23252 21883 21882
20716 23252 23253 21884 21883
20717 23253 23254 21885 21884
20718 23254 23255 21886 21885
20719 23255 23256 21887 21886
20720 23256 23257 21888 21887
20721 23257 23258 21889 21888
20722 23258 23259 21890 21889
20723 23259 23260 21891 21890
20724 23260 23261 21892 21891
20725 23261 23262 21893 21892
20726 23262 23263 21894 21893
20727 23263 23264 21895 21894
20728 23264 23265 21896 21895
20729 23265 23266 21897 21896
20730 23266 23267 21898 21897
20731 23267 23268 21899 21898
20732 23268 23269 21900 21899
20733 23269 23270 21901 21900
20734 23270 23271 21902 21901
20735 23271 23272 21903 21902
20736 23272 23273 21904 21903
