       576
1 5 8 4 1
37 8 152 150 4
73 152 226 224 150
109 226 300 298 224
145 300 374 372 298
181 374 448 446 372
217 448 522 520 446
253 522 596 594 520
289 596 670 668 594
325 670 744 742 668
361 744 818 816 742
397 818 892 890 816
433 892 966 964 890
469 966 1040 1038 964
505 1040 1114 1112 1038
541 1114 1188 1186 1112
577 1188 1262 1260 1186
613 1262 1336 1334 1260
649 1336 1410 1408 1334
685 1410 1484 1482 1408
721 1484 1558 1556 1482
757 1558 1632 1630 1556
793 1632 1706 1704 1630
829 1706 1780 1778 1704
865 1780 1854 1852 1778
901 1854 1928 1926 1852
937 1928 2002 2000 1926
973 2002 2076 2074 2000
1009 2076 2150 2148 2074
1045 2150 2224 2222 2148
1081 2224 2298 2296 2222
1117 2298 2372 2370 2296
1153 2372 2446 2444 2370
1189 2446 2520 2518 2444
1225 2520 2594 2592 2518
1261 2594 2668 2666 2592
1297 2739 2742 8 5
1333 2742 2814 152 8
1369 2814 2851 226 152
1405 2851 2888 300 226
1441 2888 2925 374 300
1477 2925 2962 448 374
1513 2962 2999 522 448
1549 2999 3036 596 522
1585 3036 3073 670 596
1621 3073 3110 744 670
1657 3110 3147 818 744
1693 3147 3184 892 818
1729 3184 3221 966 892
1765 3221 3258 1040 966
1801 3258 3295 1114 1040
1837 3295 3332 1188 1114
1873 3332 3369 1262 1188
1909 3369 3406 1336 1262
1945 3406 3443 1410 1336
1981 3443 3480 1484 1410
2017 3480 3517 1558 1484
2053 3517 3554 1632 1558
2089 3554 3591 1706 1632
2125 3591 3628 1780 1706
2161 3628 3665 1854 1780
2197 3665 3702 1928 1854
2233 3702 3739 2002 1928
2269 3739 3776 2076 2002
2305 3776 3813 2150 2076
2341 3813 3850 2224 2150
2377 3850 3887 2298 2224
2413 3887 3924 2372 2298
2449 3924 3961 2446 2372
2485 3961 3998 2520 2446
2521 3998 4035 2594 2520
2557 4035 4072 2668 2594
2593 4108 4111 2742 2739
2629 4111 4183 2814 2742
2665 4183 4220 2851 2814
2701 4220 4257 2888 2851
2737 4257 4294 2925 2888
2773 4294 4331 2962 2925
2809 4331 4368 2999 2962
2845 4368 4405 3036 2999
2881 4405 4442 3073 3036
2917 4442 4479 3110 3073
2953 4479 4516 3147 3110
2989 4516 4553 3184 3147
3025 4553 4590 3221 3184
3061 4590 4627 3258 3221
3097 4627 4664 3295 3258
3133 4664 4701 3332 3295
3169 4701 4738 3369 3332
3205 4738 4775 3406 3369
3241 4775 4812 3443 3406
3277 4812 4849 3480 3443
3313 4849 4886 3517 3480
3349 4886 4923 3554 3517
3385 4923 4960 3591 3554
3421 4960 4997 3628 3591
3457 4997 5034 3665 3628
3493 5034 5071 3702 3665
3529 5071 5108 3739 3702
3565 5108 5145 3776 3739
3601 5145 5182 3813 3776
3637 5182 5219 3850 3813
3673 5219 5256 3887 3850
3709 5256 5293 3924 3887
3745 5293 5330 3961 3924
3781 5330 5367 3998 3961
3817 5367 5404 4035 3998
3853 5404 5441 4072 4035
3889 5477 5480 4111 4108
3925 5480 5552 4183 4111
3961 5552 5589 4220 4183
3997 5589 5626 4257 4220
4033 5626 5663 4294 4257
4069 5663 5700 4331 4294
4105 5700 5737 4368 4331
4141 5737 5774 4405 4368
4177 5774 5811 4442 4405
4213 5811 5848 4479 4442
4249 5848 5885 4516 4479
4285 5885 5922 4553 4516
4321 5922 5959 4590 4553
4357 5959 5996 4627 4590
4393 5996 6033 4664 4627
4429 6033 6070 4701 4664
4465 6070 6107 4738 4701
4501 6107 6144 4775 4738
4537 6144 6181 4812 4775
4573 6181 6218 4849 4812
4609 6218 6255 4886 4849
4645 6255 6292 4923 4886
4681 6292 6329 4960 4923
4717 6329 6366 4997 4960
4753 6366 6403 5034 4997
4789 6403 6440 5071 5034
4825 6440 6477 5108 5071
4861 6477 6514 5145 5108
4897 6514 6551 5182 5145
4933 6551 6588 5219 5182
4969 6588 6625 5256 5219
5005 6625 6662 5293 5256
5041 6662 6699 5330 5293
5077 6699 6736 5367 5330
5113 6736 6773 5404 5367
5149 6773 6810 5441 5404
5185 6846 6849 5480 5477
5221 6849 6921 5552 5480
5257 6921 6958 5589 5552
5293 6958 6995 5626 5589
5329 6995 7032 5663 5626
5365 7032 7069 5700 5663
5401 7069 7106 5737 5700
5437 7106 7143 5774 5737
5473 7143 7180 5811 5774
5509 7180 7217 5848 5811
5545 7217 7254 5885 5848
5581 7254 7291 5922 5885
5617 7291 7328 5959 5922
5653 7328 7365 5996 5959
5689 7365 7402 6033 5996
5725 7402 7439 6070 6033
5761 7439 7476 6107 6070
5797 7476 7513 6144 6107
5833 7513 7550 6181 6144
5869 7550 7587 6218 6181
5905 7587 7624 6255 6218
5941 7624 7661 6292 6255
5977 7661 7698 6329 6292
6013 7698 7735 6366 6329
6049 7735 7772 6403 6366
6085 7772 7809 6440 6403
6121 7809 7846 6477 6440
6157 7846 7883 6514 6477
6193 7883 7920 6551 6514
6229 7920 7957 6588 6551
6265 7957 7994 6625 6588
6301 7994 8031 6662 6625
6337 8031 8068 6699 6662
6373 8068 8105 6736 6699
6409 8105 8142 6773 6736
6445 8142 8179 6810 6773
6481 8215 8218 6849 6846
6517 8218 8290 6921 6849
6553 8290 8327 6958 6921
6589 8327 8364 6995 6958
6625 8364 8401 7032 6995
6661 8401 8438 7069 7032
6697 8438 8475 7106 7069
6733 8475 8512 7143 7106
6769 8512 8549 7180 7143
6805 8549 8586 7217 7180
6841 8586 8623 7254 7217
6877 8623 8660 7291 7254
6913 8660 8697 7328 7291
6949 8697 8734 7365 7328
6985 8734 8771 7402 7365
7021 8771 8808 7439 7402
7057 8808 8845 7476 7439
7093 8845 8882 7513 7476
7129 8882 8919 7550 7513
7165 8919 8956 7587 7550
7201 8956 8993 7624 7587
7237 8993 9030 7661 7624
7273 9030 9067 7698 7661
7309 9067 9104 7735 7698
7345 9104 9141 7772 7735
7381 9141 9178 7809 7772
7417 9178 9215 7846 7809
7453 9215 9252 7883 7846
7489 9252 9289 7920 7883
7525 9289 9326 7957 7920
7561 9326 9363 7994 7957
7597 9363 9400 8031 7994
7633 9400 9437 8068 8031
7669 9437 9474 8105 8068
7705 9474 9511 8142 8105
7741 9511 9548 8179 8142
7777 9584 9587 8218 8215
7813 9587 9659 8290 8218
7849 9659 9696 8327 8290
7885 9696 9733 8364 8327
7921 9733 9770 8401 8364
7957 9770 9807 8438 8401
7993 9807 9844 8475 8438
8029 9844 9881 8512 8475
8065 9881 9918 8549 8512
8101 9918 9955 8586 8549
8137 9955 9992 8623 8586
8173 9992 10029 8660 8623
8209 10029 10066 8697 8660
8245 10066 10103 8734 8697
8281 10103 10140 8771 8734
8317 10140 10177 8808 8771
8353 10177 10214 8845 8808
8389 10214 10251 8882 8845
8425 10251 10288 8919 8882
8461 10288 10325 8956 8919
8497 10325 10362 8993 8956
8533 10362 10399 9030 8993
8569 10399 10436 9067 9030
8605 10436 10473 9104 9067
8641 10473 10510 9141 9104
8677 10510 10547 9178 9141
8713 10547 10584 9215 9178
8749 10584 10621 9252 9215
8785 10621 10658 9289 9252
8821 10658 10695 9326 9289
8857 10695 10732 9363 9326
8893 10732 10769 9400 9363
8929 10769 10806 9437 9400
8965 10806 10843 9474 9437
9001 10843 10880 9511 9474
9037 10880 10917 9548 9511
9073 10953 10956 9587 9584
9109 10956 11028 9659 9587
9145 11028 11065 9696 9659
9181 11065 11102 9733 9696
9233 11210 11213 11209 11206
9269 11213 11323 11321 11209
9305 11323 11397 11395 11321
9341 11397 11471 11469 11395
9377 11471 11545 11543 11469
9413 11545 11619 11617 11543
9449 11619 11693 11691 11617
9485 11693 11767 11765 11691
9521 11767 11841 11839 11765
9557 11841 11915 11913 11839
9593 11915 11989 11987 11913
9629 11989 12063 12061 11987
9665 12063 12137 12135 12061
9701 12137 12211 12209 12135
9737 12211 12285 12283 12209
9773 12285 12359 12357 12283
9809 12359 12433 12431 12357
9845 12433 12507 12505 12431
9881 12507 12581 12579 12505
9917 12581 12655 12653 12579
9953 12730 12733 12729 12726
9989 12733 12877 12875 12729
10025 12877 12951 12949 12875
10061 12951 13025 13023 12949
10097 13025 13099 13097 13023
10133 13099 13173 13171 13097
10169 13173 13247 13245 13171
10205 13247 13321 13319 13245
10241 11102 13393 9770 9733
10277 13393 13430 9807 9770
10313 13430 13467 9844 9807
10349 13467 13504 9881 9844
10385 13504 13541 9918 9881
10421 13541 13578 9955 9918
10457 13578 13615 9992 9955
10493 13615 13652 10029 9992
10529 13652 13689 10066 10029
10565 13689 13726 10103 10066
10601 13726 13763 10140 10103
10637 13763 13800 10177 10140
10673 13800 13837 10214 10177
10709 13837 13874 10251 10214
10745 13874 13911 10288 10251
10781 13911 13948 10325 10288
10817 13948 13985 10362 10325
10853 13985 14022 10399 10362
10889 14022 14059 10436 10399
10925 14059 14096 10473 10436
10961 14096 14133 10510 10473
10997 14133 14170 10547 10510
11033 14170 14207 10584 10547
11069 14207 14244 10621 10584
11105 14244 14281 10658 10621
11141 14281 14318 10695 10658
11177 14318 14355 10732 10695
11213 14355 14392 10769 10732
11249 14392 14429 10806 10769
11285 14429 14466 10843 10806
11321 14466 14503 10880 10843
11357 14503 14540 10917 10880
11393 14576 14579 10956 10953
11429 14579 14651 11028 10956
11465 14651 14688 11065 11028
11501 14688 14725 11102 11065
11537 14725 14762 13393 11102
11573 14762 14799 13430 13393
11609 14799 14836 13467 13430
11645 14836 14873 13504 13467
11681 14873 14910 13541 13504
11717 14910 14947 13578 13541
11753 14947 14984 13615 13578
11789 14984 15021 13652 13615
11825 15021 15058 13689 13652
11861 15058 15095 13726 13689
11897 15095 15132 13763 13726
11933 15132 15169 13800 13763
11969 15169 15206 13837 13800
12005 15206 15243 13874 13837
12041 15243 15280 13911 13874
12077 15280 15317 13948 13911
12113 15317 15354 13985 13948
12149 15354 15391 14022 13985
12185 15391 15428 14059 14022
12221 15428 15465 14096 14059
12257 15465 15502 14133 14096
12293 15502 15539 14170 14133
12329 15539 15576 14207 14170
12365 15576 15613 14244 14207
12401 15613 15650 14281 14244
12437 15650 15687 14318 14281
12473 15687 15724 14355 14318
12509 15724 15761 14392 14355
12545 15761 15798 14429 14392
12581 15798 15835 14466 14429
12617 15835 15872 14503 14466
12653 15872 15909 14540 14503
12689 15945 15948 14579 14576
12725 15948 16020 14651 14579
12761 16020 16057 14688 14651
12797 16057 16094 14725 14688
12833 16094 16131 14762 14725
12869 16131 16168 14799 14762
12905 16168 16205 14836 14799
12941 16205 16242 14873 14836
12977 16242 16279 14910 14873
13013 16279 16316 14947 14910
13049 16316 16353 14984 14947
13085 16353 16390 15021 14984
13121 16390 16427 15058 15021
13157 16427 16464 15095 15058
13193 16464 16501 15132 15095
13229 16501 16538 15169 15132
13265 16538 16575 15206 15169
13301 16575 16612 15243 15206
13337 16612 16649 15280 15243
13373 16649 16686 15317 15280
13409 16686 16723 15354 15317
13445 16723 16760 15391 15354
13481 16760 16797 15428 15391
13517 16797 16834 15465 15428
13553 16834 16871 15502 15465
13589 16871 16908 15539 15502
13625 16908 16945 15576 15539
13661 16945 16982 15613 15576
13697 16982 17019 15650 15613
13733 17019 17056 15687 15650
13769 17056 17093 15724 15687
13805 17093 17130 15761 15724
13841 17130 17167 15798 15761
13877 17167 17204 15835 15798
13913 17204 17241 15872 15835
13949 17241 17278 15909 15872
13985 17314 17317 15948 15945
14021 17317 17389 16020 15948
14057 17389 17426 16057 16020
14093 17426 17463 16094 16057
14129 17463 17500 16131 16094
14165 17500 17537 16168 16131
14201 17537 17574 16205 16168
14237 17574 17611 16242 16205
14273 17611 17648 16279 16242
14309 17648 17685 16316 16279
14345 17685 17722 16353 16316
14381 17722 17759 16390 16353
14417 17759 17796 16427 16390
14453 17796 17833 16464 16427
14489 17833 17870 16501 16464
14525 17870 17907 16538 16501
14561 17907 17944 16575 16538
14597 17944 17981 16612 16575
14633 17981 18018 16649 16612
14669 18018 18055 16686 16649
14705 18055 18092 16723 16686
14741 18092 18129 16760 16723
14777 18129 18166 16797 16760
14813 18166 18203 16834 16797
14849 18203 18240 16871 16834
14885 18240 18277 16908 16871
14921 18277 18314 16945 16908
14957 18314 18351 16982 16945
14993 18351 18388 17019 16982
15029 18388 18425 17056 17019
15065 18425 18462 17093 17056
15101 18462 18499 17130 17093
15137 18499 18536 17167 17130
15173 18536 18573 17204 17167
15209 18573 18610 17241 17204
15245 18610 18647 17278 17241
15281 18683 18686 17317 17314
15317 18686 18758 17389 17317
15353 18758 18795 17426 17389
15389 18795 18832 17463 17426
15425 18832 18869 17500 17463
15461 18869 18906 17537 17500
15497 18906 18943 17574 17537
15533 18943 18980 17611 17574
15569 18980 19017 17648 17611
15605 19017 19054 17685 17648
15641 19054 19091 17722 17685
15677 19091 19128 17759 17722
15713 19128 19165 17796 17759
15749 19165 19202 17833 17796
15785 19202 19239 17870 17833
15821 19239 19276 17907 17870
15857 19276 19313 17944 17907
15893 19313 19350 17981 17944
15929 19350 19387 18018 17981
15965 19387 19424 18055 18018
16001 19424 19461 18092 18055
16037 19461 19498 18129 18092
16073 19498 19535 18166 18129
16109 19535 19572 18203 18166
16145 19572 19609 18240 18203
16181 19609 19646 18277 18240
16217 19646 19683 18314 18277
16253 19683 19720 18351 18314
16289 19720 19757 18388 18351
16325 19757 19794 18425 18388
16361 19794 19831 18462 18425
16397 19831 19868 18499 18462
16433 19868 19905 18536 18499
16469 19905 19942 18573 18536
16505 19942 19979 18610 18573
16541 19979 20016 18647 18610
16577 20052 20055 18686 18683
16613 20055 20127 18758 18686
16649 20127 20164 18795 18758
16685 20164 20201 18832 18795
16721 20201 20238 18869 18832
16757 20238 20275 18906 18869
16793 20275 20312 18943 18906
16829 20312 20349 18980 18943
16865 20349 20386 19017 18980
16901 20386 20423 19054 19017
16937 20423 20460 19091 19054
16973 20460 20497 19128 19091
17009 20497 20534 19165 19128
17045 20534 20571 19202 19165
17081 20571 20608 19239 19202
17117 20608 11206 19276 19239
17153 11206 11209 19313 19276
17189 11209 11321 19350 19313
17225 11321 11395 19387 19350
17261 11395 11469 19424 19387
17297 11469 11543 19461 19424
17333 11543 11617 19498 19461
17369 11617 11691 19535 19498
17405 11691 11765 19572 19535
17441 11765 11839 19609 19572
17477 11839 11913 19646 19609
17513 11913 11987 19683 19646
17549 11987 12061 19720 19683
17585 12061 12135 19757 19720
17621 12135 12209 19794 19757
17657 12209 12283 19831 19794
17693 12283 12357 19868 19831
17729 12357 12431 19905 19868
17765 12431 12505 19942 19905
17801 12505 12579 19979 19942
17837 12579 12653 20016 19979
17873 12726 12729 20055 20052
17909 12729 12875 20127 20055
17945 12875 12949 20164 20127
17981 12949 13023 20201 20164
18017 13023 13097 20238 20201
18053 13097 13171 20275 20238
18089 13171 13245 20312 20275
18125 13245 13319 20349 20312
18161 13319 20628 20386 20349
18197 20628 20665 20423 20386
18233 20665 20702 20460 20423
18269 20702 20739 20497 20460
18305 20739 20776 20534 20497
18341 20776 20813 20571 20534
18377 20813 20850 20608 20571
18413 20850 11210 11206 20608
18433 13321 20870 20628 13319
18469 20870 20907 20665 20628
18505 20907 20944 20702 20665
18541 20944 20981 20739 20702
18577 20981 21018 20776 20739
18613 21018 21055 20813 20776
18649 21055 21092 20850 20813
18685 21092 21129 11210 20850
18721 21129 21166 11213 11210
18757 21166 21203 11323 11213
18793 21203 21240 11397 11323
18829 21240 21277 11471 11397
18865 21277 21314 11545 11471
18901 21314 21351 11619 11545
18937 21351 21388 11693 11619
18973 21388 21425 11767 11693
19009 21425 21462 11841 11767
19045 21462 21499 11915 11841
19081 21499 21536 11989 11915
19117 21536 21573 12063 11989
19153 21573 21610 12137 12063
19189 21610 21647 12211 12137
19225 21647 21684 12285 12211
19261 21684 21721 12359 12285
19297 21721 21758 12433 12359
19333 21758 21795 12507 12433
19369 21795 21832 12581 12507
19405 21832 21869 12655 12581
19441 21905 21908 12733 12730
19477 21908 21980 12877 12733
19513 21980 22017 12951 12877
19549 22017 22054 13025 12951
19585 22054 22091 13099 13025
19621 22091 22128 13173 13099
19657 22128 22165 13247 13173
19693 22165 22202 13321 13247
19729 22202 22239 20870 13321
19765 22239 22276 20907 20870
19801 22276 22313 20944 20907
19837 22313 22350 20981 20944
19873 22350 22387 21018 20981
19909 22387 22424 21055 21018
19945 22424 22461 21092 21055
19981 22461 22498 21129 21092
20017 22498 22535 21166 21129
20053 22535 22572 21203 21166
20089 22572 22609 21240 21203
20125 22609 22646 21277 21240
20161 22646 22683 21314 21277
20197 22683 22720 21351 21314
20233 22720 22757 21388 21351
20269 22757 22794 21425 21388
20305 22794 22831 21462 21425
20341 22831 22868 21499 21462
20377 22868 22905 21536 21499
20413 22905 22942 21573 21536
20449 22942 22979 21610 21573
20485 22979 23016 21647 21610
20521 23016 23053 21684 21647
20557 23053 23090 21721 21684
20593 23090 23127 21758 21721
20629 23127 23164 21795 21758
20665 23164 23201 21832 21795
20701 23201 23238 21869 21832
