      1296
20737 23276 23277 23274 23275
20738 23279 23276 23275 23278
20739 23281 23279 23278 23280
20740 23283 23281 23280 23282
20741 23285 23283 23282 23284
20742 23287 23285 23284 23286
20743 23289 23287 23286 23288
20744 23291 23289 23288 23290
20745 23293 23291 23290 23292
20746 23295 23293 23292 23294
20747 23297 23295 23294 23296
20748 23299 23297 23296 23298
20749 23301 23299 23298 23300
20750 23303 23301 23300 23302
20751 23305 23303 23302 23304
20752 23307 23305 23304 23306
20753 23309 23307 23306 23308
20754 23311 23309 23308 23310
20755 23313 23311 23310 23312
20756 23315 23313 23312 23314
20757 23317 23315 23314 23316
20758 23319 23317 23316 23318
20759 23321 23319 23318 23320
20760 23323 23321 23320 23322
20761 23325 23323 23322 23324
20762 23327 23325 23324 23326
20763 23329 23327 23326 23328
20764 23331 23329 23328 23330
20765 23333 23331 23330 23332
20766 23335 23333 23332 23334
20767 23337 23335 23334 23336
20768 23339 23337 23336 23338
20769 23341 23339 23338 23340
20770 23343 23341 23340 23342
20771 23345 23343 23342 23344
20772 23347 23345 23344 23346
20773 23348 23349 23277 23276
20774 23350 23348 23276 23279
20775 23351 23350 23279 23281
20776 23352 23351 23281 23283
20777 23353 23352 23283 23285
20778 23354 23353 23285 23287
20779 23355 23354 23287 23289
20780 23356 23355 23289 23291
20781 23357 23356 23291 23293
20782 23358 23357 23293 23295
20783 23359 23358 23295 23297
20784 23360 23359 23297 23299
20785 23361 23360 23299 23301
20786 23362 23361 23301 23303
20787 23363 23362 23303 23305
20788 23364 23363 23305 23307
20789 23365 23364 23307 23309
20790 23366 23365 23309 23311
20791 23367 23366 23311 23313
20792 23368 23367 23313 23315
20793 23369 23368 23315 23317
20794 23370 23369 23317 23319
20795 23371 23370 23319 23321
20796 23372 23371 23321 23323
20797 23373 23372 23323 23325
20798 23374 23373 23325 23327
20799 23375 23374 23327 23329
20800 23376 23375 23329 23331
20801 23377 23376 23331 23333
20802 23378 23377 23333 23335
20803 23379 23378 23335 23337
20804 23380 23379 23337 23339
20805 23381 23380 23339 23341
20806 23382 23381 23341 23343
20807 23383 23382 23343 23345
20808 23384 23383 23345 23347
20809 23385 23386 23349 23348
20810 23387 23385 23348 23350
20811 23388 23387 23350 23351
20812 23389 23388 23351 23352
20813 23390 23389 23352 23353
20814 23391 23390 23353 23354
20815 23392 23391 23354 23355
20816 23393 23392 23355 23356
20817 23394 23393 23356 23357
20818 23395 23394 23357 23358
20819 23396 23395 23358 23359
20820 23397 23396 23359 23360
20821 23398 23397 23360 23361
20822 23399 23398 23361 23362
20823 23400 23399 23362 23363
20824 23401 23400 23363 23364
20825 23402 23401 23364 23365
20826 23403 23402 23365 23366
20827 23404 23403 23366 23367
20828 23405 23404 23367 23368
20829 23406 23405 23368 23369
20830 23407 23406 23369 23370
20831 23408 23407 23370 23371
20832 23409 23408 23371 23372
20833 23410 23409 23372 23373
20834 23411 23410 23373 23374
20835 23412 23411 23374 23375
20836 23413 23412 23375 23376
20837 23414 23413 23376 23377
20838 23415 23414 23377 23378
20839 23416 23415 23378 23379
20840 23417 23416 23379 23380
20841 23418 23417 23380 23381
20842 23419 23418 23381 23382
20843 23420 23419 23382 23383
20844 23421 23420 23383 23384
20845 23422 23423 23386 23385
20846 23424 23422 23385 23387
20847 23425 23424 23387 23388
20848 23426 23425 23388 23389
20849 23427 23426 23389 23390
20850 23428 23427 23390 23391
20851 23429 23428 23391 23392
20852 23430 23429 23392 23393
20853 23431 23430 23393 23394
20854 23432 23431 23394 23395
20855 23433 23432 23395 23396
20856 23434 23433 23396 23397
20857 23435 23434 23397 23398
20858 23436 23435 23398 23399
20859 23437 23436 23399 23400
20860 23438 23437 23400 23401
20861 23439 23438 23401 23402
20862 23440 23439 23402 23403
20863 23441 23440 23403 23404
20864 23442 23441 23404 23405
20865 23443 23442 23405 23406
20866 23444 23443 23406 23407
20867 23445 23444 23407 23408
20868 23446 23445 23408 23409
20869 23447 23446 23409 23410
20870 23448 23447 23410 23411
20871 23449 23448 23411 23412
20872 23450 23449 23412 23413
20873 23451 23450 23413 23414
20874 23452 23451 23414 23415
20875 23453 23452 23415 23416
20876 23454 23453 23416 23417
20877 23455 23454 23417 23418
20878 23456 23455 23418 23419
20879 23457 23456 23419 23420
20880 23458 23457 23420 23421
20881 23459 23460 23423 23422
20882 23461 23459 23422 23424
20883 23462 23461 23424 23425
20884 23463 23462 23425 23426
20885 23464 23463 23426 23427
20886 23465 23464 23427 23428
20887 23466 23465 23428 23429
20888 23467 23466 23429 23430
20889 23468 23467 23430 23431
20890 23469 23468 23431 23432
20891 23470 23469 23432 23433
20892 23471 23470 23433 23434
20893 23472 23471 23434 23435
20894 23473 23472 23435 23436
20895 23474 23473 23436 23437
20896 23475 23474 23437 23438
20897 23476 23475 23438 23439
20898 23477 23476 23439 23440
20899 23478 23477 23440 23441
20900 23479 23478 23441 23442
20901 23480 23479 23442 23443
20902 23481 23480 23443 23444
20903 23482 23481 23444 23445
20904 23483 23482 23445 23446
20905 23484 23483 23446 23447
20906 23485 23484 23447 23448
20907 23486 23485 23448 23449
20908 23487 23486 23449 23450
20909 23488 23487 23450 23451
20910 23489 23488 23451 23452
20911 23490 23489 23452 23453
20912 23491 23490 23453 23454
20913 23492 23491 23454 23455
20914 23493 23492 23455 23456
20915 23494 23493 23456 23457
20916 23495 23494 23457 23458
20917 23496 23497 23460 23459
20918 23498 23496 23459 23461
20919 23499 23498 23461 23462
20920 23500 23499 23462 23463
20921 23501 23500 23463 23464
20922 23502 23501 23464 23465
20923 23503 23502 23465 23466
20924 23504 23503 23466 23467
20925 23505 23504 23467 23468
20926 23506 23505 23468 23469
20927 23507 23506 23469 23470
20928 23508 23507 23470 23471
20929 23509 23508 23471 23472
20930 23510 23509 23472 23473
20931 23511 23510 23473 23474
20932 23512 23511 23474 23475
20933 23513 23512 23475 23476
20934 23514 23513 23476 23477
20935 23515 23514 23477 23478
20936 23516 23515 23478 23479
20937 23517 23516 23479 23480
20938 23518 23517 23480 23481
20939 23519 23518 23481 23482
20940 23520 23519 23482 23483
20941 23521 23520 23483 23484
20942 23522 23521 23484 23485
20943 23523 23522 23485 23486
20944 23524 23523 23486 23487
20945 23525 23524 23487 23488
20946 23526 23525 23488 23489
20947 23527 23526 23489 23490
20948 23528 23527 23490 23491
20949 23529 23528 23491 23492
20950 23530 23529 23492 23493
20951 23531 23530 23493 23494
20952 23532 23531 23494 23495
20953 23533 23534 23497 23496
20954 23535 23533 23496 23498
20955 23536 23535 23498 23499
20956 23537 23536 23499 23500
20957 23538 23537 23500 23501
20958 23539 23538 23501 23502
20959 23540 23539 23502 23503
20960 23541 23540 23503 23504
20961 23542 23541 23504 23505
20962 23543 23542 23505 23506
20963 23544 23543 23506 23507
20964 23545 23544 23507 23508
20965 23546 23545 23508 23509
20966 23547 23546 23509 23510
20967 23548 23547 23510 23511
20968 23549 23548 23511 23512
20969 23550 23549 23512 23513
20970 23551 23550 23513 23514
20971 23552 23551 23514 23515
20972 23553 23552 23515 23516
20973 23554 23553 23516 23517
20974 23555 23554 23517 23518
20975 23556 23555 23518 23519
20976 23557 23556 23519 23520
20977 23558 23557 23520 23521
20978 23559 23558 23521 23522
20979 23560 23559 23522 23523
20980 23561 23560 23523 23524
20981 23562 23561 23524 23525
20982 23563 23562 23525 23526
20983 23564 23563 23526 23527
20984 23565 23564 23527 23528
20985 23566 23565 23528 23529
20986 23567 23566 23529 23530
20987 23568 23567 23530 23531
20988 23569 23568 23531 23532
20989 23570 23571 23534 23533
20990 23572 23570 23533 23535
20991 23573 23572 23535 23536
20992 23574 23573 23536 23537
20993 23575 23574 23537 23538
20994 23576 23575 23538 23539
20995 23577 23576 23539 23540
20996 23578 23577 23540 23541
20997 23579 23578 23541 23542
20998 23580 23579 23542 23543
20999 23581 23580 23543 23544
21000 23582 23581 23544 23545
21001 23583 23582 23545 23546
21002 23584 23583 23546 23547
21003 23585 23584 23547 23548
21004 23586 23585 23548 23549
21005 23587 23586 23549 23550
21006 23588 23587 23550 23551
21007 23589 23588 23551 23552
21008 23590 23589 23552 23553
21009 23591 23590 23553 23554
21010 23592 23591 23554 23555
21011 23593 23592 23555 23556
21012 23594 23593 23556 23557
21013 23595 23594 23557 23558
21014 23596 23595 23558 23559
21015 23597 23596 23559 23560
21016 23598 23597 23560 23561
21017 23599 23598 23561 23562
21018 23600 23599 23562 23563
21019 23601 23600 23563 23564
21020 23602 23601 23564 23565
21021 23603 23602 23565 23566
21022 23604 23603 23566 23567
21023 23605 23604 23567 23568
21024 23606 23605 23568 23569
21025 23607 23608 23571 23570
21026 23609 23607 23570 23572
21027 23610 23609 23572 23573
21028 23611 23610 23573 23574
21029 23612 23611 23574 23575
21030 23613 23612 23575 23576
21031 23614 23613 23576 23577
21032 23615 23614 23577 23578
21033 23616 23615 23578 23579
21034 23617 23616 23579 23580
21035 23618 23617 23580 23581
21036 23619 23618 23581 23582
21037 23620 23619 23582 23583
21038 23621 23620 23583 23584
21039 23622 23621 23584 23585
21040 23623 23622 23585 23586
21041 23624 23623 23586 23587
21042 23625 23624 23587 23588
21043 23626 23625 23588 23589
21044 23627 23626 23589 23590
21045 23628 23627 23590 23591
21046 23629 23628 23591 23592
21047 23630 23629 23592 23593
21048 23631 23630 23593 23594
21049 23632 23631 23594 23595
21050 23633 23632 23595 23596
21051 23634 23633 23596 23597
21052 23635 23634 23597 23598
21053 23636 23635 23598 23599
21054 23637 23636 23599 23600
21055 23638 23637 23600 23601
21056 23639 23638 23601 23602
21057 23640 23639 23602 23603
21058 23641 23640 23603 23604
21059 23642 23641 23604 23605
21060 23643 23642 23605 23606
21061 23644 23645 23608 23607
21062 23646 23644 23607 23609
21063 23647 23646 23609 23610
21064 23648 23647 23610 23611
21065 23649 23648 23611 23612
21066 23650 23649 23612 23613
21067 23651 23650 23613 23614
21068 23652 23651 23614 23615
21069 23653 23652 23615 23616
21070 23654 23653 23616 23617
21071 23655 23654 23617 23618
21072 23656 23655 23618 23619
21073 23657 23656 23619 23620
21074 23658 23657 23620 23621
21075 23659 23658 23621 23622
21076 23660 23659 23622 23623
21077 23661 23660 23623 23624
21078 23662 23661 23624 23625
21079 23663 23662 23625 23626
21080 23664 23663 23626 23627
21081 23665 23664 23627 23628
21082 23666 23665 23628 23629
21083 23667 23666 23629 23630
21084 23668 23667 23630 23631
21085 23669 23668 23631 23632
21086 23670 23669 23632 23633
21087 23671 23670 23633 23634
21088 23672 23671 23634 23635
21089 23673 23672 23635 23636
21090 23674 23673 23636 23637
21091 23675 23674 23637 23638
21092 23676 23675 23638 23639
21093 23677 23676 23639 23640
21094 23678 23677 23640 23641
21095 23679 23678 23641 23642
21096 23680 23679 23642 23643
21097 23681 23682 23645 23644
21098 23683 23681 23644 23646
21099 23684 23683 23646 23647
21100 23685 23684 23647 23648
21101 23686 23685 23648 23649
21102 23687 23686 23649 23650
21103 23688 23687 23650 23651
21104 23689 23688 23651 23652
21105 23690 23689 23652 23653
21106 23691 23690 23653 23654
21107 23692 23691 23654 23655
21108 23693 23692 23655 23656
21109 23694 23693 23656 23657
21110 23695 23694 23657 23658
21111 23696 23695 23658 23659
21112 23697 23696 23659 23660
21113 23698 23697 23660 23661
21114 23699 23698 23661 23662
21115 23700 23699 23662 23663
21116 23701 23700 23663 23664
21117 23702 23701 23664 23665
21118 23703 23702 23665 23666
21119 23704 23703 23666 23667
21120 23705 23704 23667 23668
21121 23706 23705 23668 23669
21122 23707 23706 23669 23670
21123 23708 23707 23670 23671
21124 23709 23708 23671 23672
21125 23710 23709 23672 23673
21126 23711 23710 23673 23674
21127 23712 23711 23674 23675
21128 23713 23712 23675 23676
21129 23714 23713 23676 23677
21130 23715 23714 23677 23678
21131 23716 23715 23678 23679
21132 23717 23716 23679 23680
21133 23718 23719 23682 23681
21134 23720 23718 23681 23683
21135 23721 23720 23683 23684
21136 23722 23721 23684 23685
21137 23723 23722 23685 23686
21138 23724 23723 23686 23687
21139 23725 23724 23687 23688
21140 23726 23725 23688 23689
21141 23727 23726 23689 23690
21142 23728 23727 23690 23691
21143 23729 23728 23691 23692
21144 23730 23729 23692 23693
21145 23731 23730 23693 23694
21146 23732 23731 23694 23695
21147 23733 23732 23695 23696
21148 23734 23733 23696 23697
21149 23735 23734 23697 23698
21150 23736 23735 23698 23699
21151 23737 23736 23699 23700
21152 23738 23737 23700 23701
21153 23739 23738 23701 23702
21154 23740 23739 23702 23703
21155 23741 23740 23703 23704
21156 23742 23741 23704 23705
21157 23743 23742 23705 23706
21158 23744 23743 23706 23707
21159 23745 23744 23707 23708
21160 23746 23745 23708 23709
21161 23747 23746 23709 23710
21162 23748 23747 23710 23711
21163 23749 23748 23711 23712
21164 23750 23749 23712 23713
21165 23751 23750 23713 23714
21166 23752 23751 23714 23715
21167 23753 23752 23715 23716
21168 23754 23753 23716 23717
21169 23755 23756 23719 23718
21170 23757 23755 23718 23720
21171 23758 23757 23720 23721
21172 23759 23758 23721 23722
21173 23760 23759 23722 23723
21174 23761 23760 23723 23724
21175 23762 23761 23724 23725
21176 23763 23762 23725 23726
21177 23764 23763 23726 23727
21178 23765 23764 23727 23728
21179 23766 23765 23728 23729
21180 23767 23766 23729 23730
21181 23768 23767 23730 23731
21182 23769 23768 23731 23732
21183 23770 23769 23732 23733
21184 23771 23770 23733 23734
21185 23772 23771 23734 23735
21186 23773 23772 23735 23736
21187 23774 23773 23736 23737
21188 23775 23774 23737 23738
21189 23776 23775 23738 23739
21190 23777 23776 23739 23740
21191 23778 23777 23740 23741
21192 23779 23778 23741 23742
21193 23780 23779 23742 23743
21194 23781 23780 23743 23744
21195 23782 23781 23744 23745
21196 23783 23782 23745 23746
21197 23784 23783 23746 23747
21198 23785 23784 23747 23748
21199 23786 23785 23748 23749
21200 23787 23786 23749 23750
21201 23788 23787 23750 23751
21202 23789 23788 23751 23752
21203 23790 23789 23752 23753
21204 23791 23790 23753 23754
21205 23792 23793 23756 23755
21206 23794 23792 23755 23757
21207 23795 23794 23757 23758
21208 23796 23795 23758 23759
21209 23797 23796 23759 23760
21210 23798 23797 23760 23761
21211 23799 23798 23761 23762
21212 23800 23799 23762 23763
21213 23801 23800 23763 23764
21214 23802 23801 23764 23765
21215 23803 23802 23765 23766
21216 23804 23803 23766 23767
21217 23805 23804 23767 23768
21218 23806 23805 23768 23769
21219 23807 23806 23769 23770
21220 23808 23807 23770 23771
21221 23809 23808 23771 23772
21222 23810 23809 23772 23773
21223 23811 23810 23773 23774
21224 23812 23811 23774 23775
21225 23813 23812 23775 23776
21226 23814 23813 23776 23777
21227 23815 23814 23777 23778
21228 23816 23815 23778 23779
21229 23817 23816 23779 23780
21230 23818 23817 23780 23781
21231 23819 23818 23781 23782
21232 23820 23819 23782 23783
21233 23821 23820 23783 23784
21234 23822 23821 23784 23785
21235 23823 23822 23785 23786
21236 23824 23823 23786 23787
21237 23825 23824 23787 23788
21238 23826 23825 23788 23789
21239 23827 23826 23789 23790
21240 23828 23827 23790 23791
21241 23829 23830 23793 23792
21242 23831 23829 23792 23794
21243 23832 23831 23794 23795
21244 23833 23832 23795 23796
21245 23834 23833 23796 23797
21246 23835 23834 23797 23798
21247 23836 23835 23798 23799
21248 23837 23836 23799 23800
21249 23838 23837 23800 23801
21250 23839 23838 23801 23802
21251 23840 23839 23802 23803
21252 23841 23840 23803 23804
21253 23842 23841 23804 23805
21254 23843 23842 23805 23806
21255 23844 23843 23806 23807
21256 23845 23844 23807 23808
21257 23846 23845 23808 23809
21258 23847 23846 23809 23810
21259 23848 23847 23810 23811
21260 23849 23848 23811 23812
21261 23850 23849 23812 23813
21262 23851 23850 23813 23814
21263 23852 23851 23814 23815
21264 23853 23852 23815 23816
21265 23854 23853 23816 23817
21266 23855 23854 23817 23818
21267 23856 23855 23818 23819
21268 23857 23856 23819 23820
21269 23858 23857 23820 23821
21270 23859 23858 23821 23822
21271 23860 23859 23822 23823
21272 23861 23860 23823 23824
21273 23862 23861 23824 23825
21274 23863 23862 23825 23826
21275 23864 23863 23826 23827
21276 23865 23864 23827 23828
21277 23866 23867 23830 23829
21278 23868 23866 23829 23831
21279 23869 23868 23831 23832
21280 23870 23869 23832 23833
21281 23871 23870 23833 23834
21282 23872 23871 23834 23835
21283 23873 23872 23835 23836
21284 23874 23873 23836 23837
21285 23875 23874 23837 23838
21286 23876 23875 23838 23839
21287 23877 23876 23839 23840
21288 23878 23877 23840 23841
21289 23879 23878 23841 23842
21290 23880 23879 23842 23843
21291 23881 23880 23843 23844
21292 23882 23881 23844 23845
21293 23883 23882 23845 23846
21294 23884 23883 23846 23847
21295 23885 23884 23847 23848
21296 23886 23885 23848 23849
21297 23887 23886 23849 23850
21298 23888 23887 23850 23851
21299 23889 23888 23851 23852
21300 23890 23889 23852 23853
21301 23891 23890 23853 23854
21302 23892 23891 23854 23855
21303 23893 23892 23855 23856
21304 23894 23893 23856 23857
21305 23895 23894 23857 23858
21306 23896 23895 23858 23859
21307 23897 23896 23859 23860
21308 23898 23897 23860 23861
21309 23899 23898 23861 23862
21310 23900 23899 23862 23863
21311 23901 23900 23863 23864
21312 23902 23901 23864 23865
21313 23903 23904 23867 23866
21314 23905 23903 23866 23868
21315 23906 23905 23868 23869
21316 23907 23906 23869 23870
21317 23908 23907 23870 23871
21318 23909 23908 23871 23872
21319 23910 23909 23872 23873
21320 23911 23910 23873 23874
21321 23912 23911 23874 23875
21322 23913 23912 23875 23876
21323 23914 23913 23876 23877
21324 23915 23914 23877 23878
21325 23916 23915 23878 23879
21326 23917 23916 23879 23880
21327 23918 23917 23880 23881
21328 23919 23918 23881 23882
21329 23920 23919 23882 23883
21330 23921 23920 23883 23884
21331 23922 23921 23884 23885
21332 23923 23922 23885 23886
21333 23924 23923 23886 23887
21334 23925 23924 23887 23888
21335 23926 23925 23888 23889
21336 23927 23926 23889 23890
21337 23928 23927 23890 23891
21338 23929 23928 23891 23892
21339 23930 23929 23892 23893
21340 23931 23930 23893 23894
21341 23932 23931 23894 23895
21342 23933 23932 23895 23896
21343 23934 23933 23896 23897
21344 23935 23934 23897 23898
21345 23936 23935 23898 23899
21346 23937 23936 23899 23900
21347 23938 23937 23900 23901
21348 23939 23938 23901 23902
21349 23940 23941 23904 23903
21350 23942 23940 23903 23905
21351 23943 23942 23905 23906
21352 23944 23943 23906 23907
21353 23945 23944 23907 23908
21354 23946 23945 23908 23909
21355 23947 23946 23909 23910
21356 23948 23947 23910 23911
21357 23949 23948 23911 23912
21358 23950 23949 23912 23913
21359 23951 23950 23913 23914
21360 23952 23951 23914 23915
21361 23953 23952 23915 23916
21362 23954 23953 23916 23917
21363 23955 23954 23917 23918
21364 23956 23955 23918 23919
21365 23957 23956 23919 23920
21366 23958 23957 23920 23921
21367 23959 23958 23921 23922
21368 23960 23959 23922 23923
21369 23961 23960 23923 23924
21370 23962 23961 23924 23925
21371 23963 23962 23925 23926
21372 23964 23963 23926 23927
21373 23965 23964 23927 23928
21374 23966 23965 23928 23929
21375 23967 23966 23929 23930
21376 23968 23967 23930 23931
21377 23969 23968 23931 23932
21378 23970 23969 23932 23933
21379 23971 23970 23933 23934
21380 23972 23971 23934 23935
21381 23973 23972 23935 23936
21382 23974 23973 23936 23937
21383 23975 23974 23937 23938
21384 23976 23975 23938 23939
21385 23977 23978 23941 23940
21386 23979 23977 23940 23942
21387 23980 23979 23942 23943
21388 23981 23980 23943 23944
21389 23982 23981 23944 23945
21390 23983 23982 23945 23946
21391 23984 23983 23946 23947
21392 23985 23984 23947 23948
21393 23986 23985 23948 23949
21394 23987 23986 23949 23950
21395 23988 23987 23950 23951
21396 23989 23988 23951 23952
21397 23990 23989 23952 23953
21398 23991 23990 23953 23954
21399 23992 23991 23954 23955
21400 23993 23992 23955 23956
21401 23994 23993 23956 23957
21402 23995 23994 23957 23958
21403 23996 23995 23958 23959
21404 23997 23996 23959 23960
21405 23998 23997 23960 23961
21406 23999 23998 23961 23962
21407 24000 23999 23962 23963
21408 24001 24000 23963 23964
21409 24002 24001 23964 23965
21410 24003 24002 23965 23966
21411 24004 24003 23966 23967
21412 24005 24004 23967 23968
21413 24006 24005 23968 23969
21414 24007 24006 23969 23970
21415 24008 24007 23970 23971
21416 24009 24008 23971 23972
21417 24010 24009 23972 23973
21418 24011 24010 23973 23974
21419 24012 24011 23974 23975
21420 24013 24012 23975 23976
21421 24014 24015 23978 23977
21422 24016 24014 23977 23979
21423 24017 24016 23979 23980
21424 24018 24017 23980 23981
21425 24019 24018 23981 23982
21426 24020 24019 23982 23983
21427 24021 24020 23983 23984
21428 24022 24021 23984 23985
21429 24023 24022 23985 23986
21430 24024 24023 23986 23987
21431 24025 24024 23987 23988
21432 24026 24025 23988 23989
21433 24027 24026 23989 23990
21434 24028 24027 23990 23991
21435 24029 24028 23991 23992
21436 24030 24029 23992 23993
21437 24031 24030 23993 23994
21438 24032 24031 23994 23995
21439 24033 24032 23995 23996
21440 24034 24033 23996 23997
21441 24035 24034 23997 23998
21442 24036 24035 23998 23999
21443 24037 24036 23999 24000
21444 24038 24037 24000 24001
21445 24039 24038 24001 24002
21446 24040 24039 24002 24003
21447 24041 24040 24003 24004
21448 24042 24041 24004 24005
21449 24043 24042 24005 24006
21450 24044 24043 24006 24007
21451 24045 24044 24007 24008
21452 24046 24045 24008 24009
21453 24047 24046 24009 24010
21454 24048 24047 24010 24011
21455 24049 24048 24011 24012
21456 24050 24049 24012 24013
21457 24051 24052 24015 24014
21458 24053 24051 24014 24016
21459 24054 24053 24016 24017
21460 24055 24054 24017 24018
21461 24056 24055 24018 24019
21462 24057 24056 24019 24020
21463 24058 24057 24020 24021
21464 24059 24058 24021 24022
21465 24060 24059 24022 24023
21466 24061 24060 24023 24024
21467 24062 24061 24024 24025
21468 24063 24062 24025 24026
21469 24064 24063 24026 24027
21470 24065 24064 24027 24028
21471 24066 24065 24028 24029
21472 24067 24066 24029 24030
21473 24068 24067 24030 24031
21474 24069 24068 24031 24032
21475 24070 24069 24032 24033
21476 24071 24070 24033 24034
21477 24072 24071 24034 24035
21478 24073 24072 24035 24036
21479 24074 24073 24036 24037
21480 24075 24074 24037 24038
21481 24076 24075 24038 24039
21482 24077 24076 24039 24040
21483 24078 24077 24040 24041
21484 24079 24078 24041 24042
21485 24080 24079 24042 24043
21486 24081 24080 24043 24044
21487 24082 24081 24044 24045
21488 24083 24082 24045 24046
21489 24084 24083 24046 24047
21490 24085 24084 24047 24048
21491 24086 24085 24048 24049
21492 24087 24086 24049 24050
21493 24088 24089 24052 24051
21494 24090 24088 24051 24053
21495 24091 24090 24053 24054
21496 24092 24091 24054 24055
21497 24093 24092 24055 24056
21498 24094 24093 24056 24057
21499 24095 24094 24057 24058
21500 24096 24095 24058 24059
21501 24097 24096 24059 24060
21502 24098 24097 24060 24061
21503 24099 24098 24061 24062
21504 24100 24099 24062 24063
21505 24101 24100 24063 24064
21506 24102 24101 24064 24065
21507 24103 24102 24065 24066
21508 24104 24103 24066 24067
21509 24105 24104 24067 24068
21510 24106 24105 24068 24069
21511 24107 24106 24069 24070
21512 24108 24107 24070 24071
21513 24109 24108 24071 24072
21514 24110 24109 24072 24073
21515 24111 24110 24073 24074
21516 24112 24111 24074 24075
21517 24113 24112 24075 24076
21518 24114 24113 24076 24077
21519 24115 24114 24077 24078
21520 24116 24115 24078 24079
21521 24117 24116 24079 24080
21522 24118 24117 24080 24081
21523 24119 24118 24081 24082
21524 24120 24119 24082 24083
21525 24121 24120 24083 24084
21526 24122 24121 24084 24085
21527 24123 24122 24085 24086
21528 24124 24123 24086 24087
21529 24125 24126 24089 24088
21530 24127 24125 24088 24090
21531 24128 24127 24090 24091
21532 24129 24128 24091 24092
21533 24130 24129 24092 24093
21534 24131 24130 24093 24094
21535 24132 24131 24094 24095
21536 24133 24132 24095 24096
21537 24134 24133 24096 24097
21538 24135 24134 24097 24098
21539 24136 24135 24098 24099
21540 24137 24136 24099 24100
21541 24138 24137 24100 24101
21542 24139 24138 24101 24102
21543 24140 24139 24102 24103
21544 24141 24140 24103 24104
21545 24142 24141 24104 24105
21546 24143 24142 24105 24106
21547 24144 24143 24106 24107
21548 24145 24144 24107 24108
21549 24146 24145 24108 24109
21550 24147 24146 24109 24110
21551 24148 24147 24110 24111
21552 24149 24148 24111 24112
21553 24150 24149 24112 24113
21554 24151 24150 24113 24114
21555 24152 24151 24114 24115
21556 24153 24152 24115 24116
21557 24154 24153 24116 24117
21558 24155 24154 24117 24118
21559 24156 24155 24118 24119
21560 24157 24156 24119 24120
21561 24158 24157 24120 24121
21562 24159 24158 24121 24122
21563 24160 24159 24122 24123
21564 24161 24160 24123 24124
21565 24162 24163 24126 24125
21566 24164 24162 24125 24127
21567 24165 24164 24127 24128
21568 24166 24165 24128 24129
21569 24167 24166 24129 24130
21570 24168 24167 24130 24131
21571 24169 24168 24131 24132
21572 24170 24169 24132 24133
21573 24171 24170 24133 24134
21574 24172 24171 24134 24135
21575 24173 24172 24135 24136
21576 24174 24173 24136 24137
21577 24175 24174 24137 24138
21578 24176 24175 24138 24139
21579 24177 24176 24139 24140
21580 24178 24177 24140 24141
21581 24179 24178 24141 24142
21582 24180 24179 24142 24143
21583 24181 24180 24143 24144
21584 24182 24181 24144 24145
21585 24183 24182 24145 24146
21586 24184 24183 24146 24147
21587 24185 24184 24147 24148
21588 24186 24185 24148 24149
21589 24187 24186 24149 24150
21590 24188 24187 24150 24151
21591 24189 24188 24151 24152
21592 24190 24189 24152 24153
21593 24191 24190 24153 24154
21594 24192 24191 24154 24155
21595 24193 24192 24155 24156
21596 24194 24193 24156 24157
21597 24195 24194 24157 24158
21598 24196 24195 24158 24159
21599 24197 24196 24159 24160
21600 24198 24197 24160 24161
21601 24199 24200 24163 24162
21602 24201 24199 24162 24164
21603 24202 24201 24164 24165
21604 24203 24202 24165 24166
21605 24204 24203 24166 24167
21606 24205 24204 24167 24168
21607 24206 24205 24168 24169
21608 24207 24206 24169 24170
21609 24208 24207 24170 24171
21610 24209 24208 24171 24172
21611 24210 24209 24172 24173
21612 24211 24210 24173 24174
21613 24212 24211 24174 24175
21614 24213 24212 24175 24176
21615 24214 24213 24176 24177
21616 24215 24214 24177 24178
21617 24216 24215 24178 24179
21618 24217 24216 24179 24180
21619 24218 24217 24180 24181
21620 24219 24218 24181 24182
21621 24220 24219 24182 24183
21622 24221 24220 24183 24184
21623 24222 24221 24184 24185
21624 24223 24222 24185 24186
21625 24224 24223 24186 24187
21626 24225 24224 24187 24188
21627 24226 24225 24188 24189
21628 24227 24226 24189 24190
21629 24228 24227 24190 24191
21630 24229 24228 24191 24192
21631 24230 24229 24192 24193
21632 24231 24230 24193 24194
21633 24232 24231 24194 24195
21634 24233 24232 24195 24196
21635 24234 24233 24196 24197
21636 24235 24234 24197 24198
21637 24236 24237 24200 24199
21638 24238 24236 24199 24201
21639 24239 24238 24201 24202
21640 24240 24239 24202 24203
21641 24241 24240 24203 24204
21642 24242 24241 24204 24205
21643 24243 24242 24205 24206
21644 24244 24243 24206 24207
21645 24245 24244 24207 24208
21646 24246 24245 24208 24209
21647 24247 24246 24209 24210
21648 24248 24247 24210 24211
21649 24249 24248 24211 24212
21650 24250 24249 24212 24213
21651 24251 24250 24213 24214
21652 24252 24251 24214 24215
21653 24253 24252 24215 24216
21654 24254 24253 24216 24217
21655 24255 24254 24217 24218
21656 24256 24255 24218 24219
21657 24257 24256 24219 24220
21658 24258 24257 24220 24221
21659 24259 24258 24221 24222
21660 24260 24259 24222 24223
21661 24261 24260 24223 24224
21662 24262 24261 24224 24225
21663 24263 24262 24225 24226
21664 24264 24263 24226 24227
21665 24265 24264 24227 24228
21666 24266 24265 24228 24229
21667 24267 24266 24229 24230
21668 24268 24267 24230 24231
21669 24269 24268 24231 24232
21670 24270 24269 24232 24233
21671 24271 24270 24233 24234
21672 24272 24271 24234 24235
21673 24273 24274 24237 24236
21674 24275 24273 24236 24238
21675 24276 24275 24238 24239
21676 24277 24276 24239 24240
21677 24278 24277 24240 24241
21678 24279 24278 24241 24242
21679 24280 24279 24242 24243
21680 24281 24280 24243 24244
21681 24282 24281 24244 24245
21682 24283 24282 24245 24246
21683 24284 24283 24246 24247
21684 24285 24284 24247 24248
21685 24286 24285 24248 24249
21686 24287 24286 24249 24250
21687 24288 24287 24250 24251
21688 24289 24288 24251 24252
21689 24290 24289 24252 24253
21690 24291 24290 24253 24254
21691 24292 24291 24254 24255
21692 24293 24292 24255 24256
21693 24294 24293 24256 24257
21694 24295 24294 24257 24258
21695 24296 24295 24258 24259
21696 24297 24296 24259 24260
21697 24298 24297 24260 24261
21698 24299 24298 24261 24262
21699 24300 24299 24262 24263
21700 24301 24300 24263 24264
21701 24302 24301 24264 24265
21702 24303 24302 24265 24266
21703 24304 24303 24266 24267
21704 24305 24304 24267 24268
21705 24306 24305 24268 24269
21706 24307 24306 24269 24270
21707 24308 24307 24270 24271
21708 24309 24308 24271 24272
21709 24310 24311 24274 24273
21710 24312 24310 24273 24275
21711 24313 24312 24275 24276
21712 24314 24313 24276 24277
21713 24315 24314 24277 24278
21714 24316 24315 24278 24279
21715 24317 24316 24279 24280
21716 24318 24317 24280 24281
21717 24319 24318 24281 24282
21718 24320 24319 24282 24283
21719 24321 24320 24283 24284
21720 24322 24321 24284 24285
21721 24323 24322 24285 24286
21722 24324 24323 24286 24287
21723 24325 24324 24287 24288
21724 24326 24325 24288 24289
21725 24327 24326 24289 24290
21726 24328 24327 24290 24291
21727 24329 24328 24291 24292
21728 24330 24329 24292 24293
21729 24331 24330 24293 24294
21730 24332 24331 24294 24295
21731 24333 24332 24295 24296
21732 24334 24333 24296 24297
21733 24335 24334 24297 24298
21734 24336 24335 24298 24299
21735 24337 24336 24299 24300
21736 24338 24337 24300 24301
21737 24339 24338 24301 24302
21738 24340 24339 24302 24303
21739 24341 24340 24303 24304
21740 24342 24341 24304 24305
21741 24343 24342 24305 24306
21742 24344 24343 24306 24307
21743 24345 24344 24307 24308
21744 24346 24345 24308 24309
21745 24347 24348 24311 24310
21746 24349 24347 24310 24312
21747 24350 24349 24312 24313
21748 24351 24350 24313 24314
21749 24352 24351 24314 24315
21750 24353 24352 24315 24316
21751 24354 24353 24316 24317
21752 24355 24354 24317 24318
21753 24356 24355 24318 24319
21754 24357 24356 24319 24320
21755 24358 24357 24320 24321
21756 24359 24358 24321 24322
21757 24360 24359 24322 24323
21758 24361 24360 24323 24324
21759 24362 24361 24324 24325
21760 24363 24362 24325 24326
21761 24364 24363 24326 24327
21762 24365 24364 24327 24328
21763 24366 24365 24328 24329
21764 24367 24366 24329 24330
21765 24368 24367 24330 24331
21766 24369 24368 24331 24332
21767 24370 24369 24332 24333
21768 24371 24370 24333 24334
21769 24372 24371 24334 24335
21770 24373 24372 24335 24336
21771 24374 24373 24336 24337
21772 24375 24374 24337 24338
21773 24376 24375 24338 24339
21774 24377 24376 24339 24340
21775 24378 24377 24340 24341
21776 24379 24378 24341 24342
21777 24380 24379 24342 24343
21778 24381 24380 24343 24344
21779 24382 24381 24344 24345
21780 24383 24382 24345 24346
21781 24384 24385 24348 24347
21782 24386 24384 24347 24349
21783 24387 24386 24349 24350
21784 24388 24387 24350 24351
21785 24389 24388 24351 24352
21786 24390 24389 24352 24353
21787 24391 24390 24353 24354
21788 24392 24391 24354 24355
21789 24393 24392 24355 24356
21790 24394 24393 24356 24357
21791 24395 24394 24357 24358
21792 24396 24395 24358 24359
21793 24397 24396 24359 24360
21794 24398 24397 24360 24361
21795 24399 24398 24361 24362
21796 24400 24399 24362 24363
21797 24401 24400 24363 24364
21798 24402 24401 24364 24365
21799 24403 24402 24365 24366
21800 24404 24403 24366 24367
21801 24405 24404 24367 24368
21802 24406 24405 24368 24369
21803 24407 24406 24369 24370
21804 24408 24407 24370 24371
21805 24409 24408 24371 24372
21806 24410 24409 24372 24373
21807 24411 24410 24373 24374
21808 24412 24411 24374 24375
21809 24413 24412 24375 24376
21810 24414 24413 24376 24377
21811 24415 24414 24377 24378
21812 24416 24415 24378 24379
21813 24417 24416 24379 24380
21814 24418 24417 24380 24381
21815 24419 24418 24381 24382
21816 24420 24419 24382 24383
21817 24421 24422 24385 24384
21818 24423 24421 24384 24386
21819 24424 24423 24386 24387
21820 24425 24424 24387 24388
21821 24426 24425 24388 24389
21822 24427 24426 24389 24390
21823 24428 24427 24390 24391
21824 24429 24428 24391 24392
21825 24430 24429 24392 24393
21826 24431 24430 24393 24394
21827 24432 24431 24394 24395
21828 24433 24432 24395 24396
21829 24434 24433 24396 24397
21830 24435 24434 24397 24398
21831 24436 24435 24398 24399
21832 24437 24436 24399 24400
21833 24438 24437 24400 24401
21834 24439 24438 24401 24402
21835 24440 24439 24402 24403
21836 24441 24440 24403 24404
21837 24442 24441 24404 24405
21838 24443 24442 24405 24406
21839 24444 24443 24406 24407
21840 24445 24444 24407 24408
21841 24446 24445 24408 24409
21842 24447 24446 24409 24410
21843 24448 24447 24410 24411
21844 24449 24448 24411 24412
21845 24450 24449 24412 24413
21846 24451 24450 24413 24414
21847 24452 24451 24414 24415
21848 24453 24452 24415 24416
21849 24454 24453 24416 24417
21850 24455 24454 24417 24418
21851 24456 24455 24418 24419
21852 24457 24456 24419 24420
21853 24458 24459 24422 24421
21854 24460 24458 24421 24423
21855 24461 24460 24423 24424
21856 24462 24461 24424 24425
21857 24463 24462 24425 24426
21858 24464 24463 24426 24427
21859 24465 24464 24427 24428
21860 24466 24465 24428 24429
21861 24467 24466 24429 24430
21862 24468 24467 24430 24431
21863 24469 24468 24431 24432
21864 24470 24469 24432 24433
21865 24471 24470 24433 24434
21866 24472 24471 24434 24435
21867 24473 24472 24435 24436
21868 24474 24473 24436 24437
21869 24475 24474 24437 24438
21870 24476 24475 24438 24439
21871 24477 24476 24439 24440
21872 24478 24477 24440 24441
21873 24479 24478 24441 24442
21874 24480 24479 24442 24443
21875 24481 24480 24443 24444
21876 24482 24481 24444 24445
21877 24483 24482 24445 24446
21878 24484 24483 24446 24447
21879 24485 24484 24447 24448
21880 24486 24485 24448 24449
21881 24487 24486 24449 24450
21882 24488 24487 24450 24451
21883 24489 24488 24451 24452
21884 24490 24489 24452 24453
21885 24491 24490 24453 24454
21886 24492 24491 24454 24455
21887 24493 24492 24455 24456
21888 24494 24493 24456 24457
21889 24495 24496 24459 24458
21890 24497 24495 24458 24460
21891 24498 24497 24460 24461
21892 24499 24498 24461 24462
21893 24500 24499 24462 24463
21894 24501 24500 24463 24464
21895 24502 24501 24464 24465
21896 24503 24502 24465 24466
21897 24504 24503 24466 24467
21898 24505 24504 24467 24468
21899 24506 24505 24468 24469
21900 24507 24506 24469 24470
21901 24508 24507 24470 24471
21902 24509 24508 24471 24472
21903 24510 24509 24472 24473
21904 24511 24510 24473 24474
21905 24512 24511 24474 24475
21906 24513 24512 24475 24476
21907 24514 24513 24476 24477
21908 24515 24514 24477 24478
21909 24516 24515 24478 24479
21910 24517 24516 24479 24480
21911 24518 24517 24480 24481
21912 24519 24518 24481 24482
21913 24520 24519 24482 24483
21914 24521 24520 24483 24484
21915 24522 24521 24484 24485
21916 24523 24522 24485 24486
21917 24524 24523 24486 24487
21918 24525 24524 24487 24488
21919 24526 24525 24488 24489
21920 24527 24526 24489 24490
21921 24528 24527 24490 24491
21922 24529 24528 24491 24492
21923 24530 24529 24492 24493
21924 24531 24530 24493 24494
21925 24532 24533 24496 24495
21926 24534 24532 24495 24497
21927 24535 24534 24497 24498
21928 24536 24535 24498 24499
21929 24537 24536 24499 24500
21930 24538 24537 24500 24501
21931 24539 24538 24501 24502
21932 24540 24539 24502 24503
21933 24541 24540 24503 24504
21934 24542 24541 24504 24505
21935 24543 24542 24505 24506
21936 24544 24543 24506 24507
21937 24545 24544 24507 24508
21938 24546 24545 24508 24509
21939 24547 24546 24509 24510
21940 24548 24547 24510 24511
21941 24549 24548 24511 24512
21942 24550 24549 24512 24513
21943 24551 24550 24513 24514
21944 24552 24551 24514 24515
21945 24553 24552 24515 24516
21946 24554 24553 24516 24517
21947 24555 24554 24517 24518
21948 24556 24555 24518 24519
21949 24557 24556 24519 24520
21950 24558 24557 24520 24521
21951 24559 24558 24521 24522
21952 24560 24559 24522 24523
21953 24561 24560 24523 24524
21954 24562 24561 24524 24525
21955 24563 24562 24525 24526
21956 24564 24563 24526 24527
21957 24565 24564 24527 24528
21958 24566 24565 24528 24529
21959 24567 24566 24529 24530
21960 24568 24567 24530 24531
21961 24569 24570 24533 24532
21962 24571 24569 24532 24534
21963 24572 24571 24534 24535
21964 24573 24572 24535 24536
21965 24574 24573 24536 24537
21966 24575 24574 24537 24538
21967 24576 24575 24538 24539
21968 24577 24576 24539 24540
21969 24578 24577 24540 24541
21970 24579 24578 24541 24542
21971 24580 24579 24542 24543
21972 24581 24580 24543 24544
21973 24582 24581 24544 24545
21974 24583 24582 24545 24546
21975 24584 24583 24546 24547
21976 24585 24584 24547 24548
21977 24586 24585 24548 24549
21978 24587 24586 24549 24550
21979 24588 24587 24550 24551
21980 24589 24588 24551 24552
21981 24590 24589 24552 24553
21982 24591 24590 24553 24554
21983 24592 24591 24554 24555
21984 24593 24592 24555 24556
21985 24594 24593 24556 24557
21986 24595 24594 24557 24558
21987 24596 24595 24558 24559
21988 24597 24596 24559 24560
21989 24598 24597 24560 24561
21990 24599 24598 24561 24562
21991 24600 24599 24562 24563
21992 24601 24600 24563 24564
21993 24602 24601 24564 24565
21994 24603 24602 24565 24566
21995 24604 24603 24566 24567
21996 24605 24604 24567 24568
21997 24606 24607 24570 24569
21998 24608 24606 24569 24571
21999 24609 24608 24571 24572
22000 24610 24609 24572 24573
22001 24611 24610 24573 24574
22002 24612 24611 24574 24575
22003 24613 24612 24575 24576
22004 24614 24613 24576 24577
22005 24615 24614 24577 24578
22006 24616 24615 24578 24579
22007 24617 24616 24579 24580
22008 24618 24617 24580 24581
22009 24619 24618 24581 24582
22010 24620 24619 24582 24583
22011 24621 24620 24583 24584
22012 24622 24621 24584 24585
22013 24623 24622 24585 24586
22014 24624 24623 24586 24587
22015 24625 24624 24587 24588
22016 24626 24625 24588 24589
22017 24627 24626 24589 24590
22018 24628 24627 24590 24591
22019 24629 24628 24591 24592
22020 24630 24629 24592 24593
22021 24631 24630 24593 24594
22022 24632 24631 24594 24595
22023 24633 24632 24595 24596
22024 24634 24633 24596 24597
22025 24635 24634 24597 24598
22026 24636 24635 24598 24599
22027 24637 24636 24599 24600
22028 24638 24637 24600 24601
22029 24639 24638 24601 24602
22030 24640 24639 24602 24603
22031 24641 24640 24603 24604
22032 24642 24641 24604 24605
