  -7.4950000e+01   6.8402667e+05
  -7.4900000e+01   6.8441151e+05
  -7.4850000e+01   6.8518066e+05
  -7.4800000e+01   6.8633306e+05
  -7.4750000e+01   6.8786714e+05
  -7.4700000e+01   6.8978079e+05
  -7.4650000e+01   6.9207139e+05
  -7.4600000e+01   6.9473579e+05
  -7.4550000e+01   6.9777034e+05
  -7.4500000e+01   7.0117087e+05
  -7.4450000e+01   7.0493272e+05
  -7.4400000e+01   7.0905071e+05
  -7.4350000e+01   7.1351918e+05
  -7.4300000e+01   7.1833199e+05
  -7.4250000e+01   7.2348251e+05
  -7.4200000e+01   7.2896365e+05
  -7.4150000e+01   7.3476786e+05
  -7.4100000e+01   7.4088713e+05
  -7.4050000e+01   7.4731301e+05
  -7.4000000e+01   7.5403663e+05
  -7.3950000e+01   7.6104868e+05
  -7.3900000e+01   7.6833946e+05
  -7.3850000e+01   7.7589886e+05
  -7.3800000e+01   7.8371639e+05
  -7.3750000e+01   7.9178119e+05
  -7.3700000e+01   8.0008203e+05
  -7.3650000e+01   8.0860735e+05
  -7.3600000e+01   8.1734526e+05
  -7.3550000e+01   8.2628352e+05
  -7.3500000e+01   8.3540964e+05
  -7.3450000e+01   8.4471079e+05
  -7.3400000e+01   8.5417391e+05
  -7.3350000e+01   8.6378565e+05
  -7.3300000e+01   8.7353246e+05
  -7.3250000e+01   8.8340052e+05
  -7.3200000e+01   8.9337584e+05
  -7.3150000e+01   9.0344422e+05
  -7.3100000e+01   9.1359129e+05
  -7.3050000e+01   9.2380252e+05
  -7.3000000e+01   9.3406326e+05
  -7.2950000e+01   9.4435870e+05
  -7.2900000e+01   9.5467396e+05
  -7.2850000e+01   9.6499406e+05
  -7.2800000e+01   9.7530394e+05
  -7.2750000e+01   9.8558850e+05
  -7.2700000e+01   9.9583261e+05
  -7.2650000e+01   1.0060211e+06
  -7.2600000e+01   1.0161388e+06
  -7.2550000e+01   1.0261706e+06
  -7.2500000e+01   1.0361015e+06
  -7.2450000e+01   1.0459162e+06
  -7.2400000e+01   1.0555999e+06
  -7.2350000e+01   1.0651376e+06
  -7.2300000e+01   1.0745147e+06
  -7.2250000e+01   1.0837163e+06
  -7.2200000e+01   1.0927279e+06
  -7.2150000e+01   1.1015352e+06
  -7.2100000e+01   1.1101240e+06
  -7.2050000e+01   1.1184801e+06
  -7.2000000e+01   1.1265898e+06
  -7.1950000e+01   1.1344395e+06
  -7.1900000e+01   1.1420156e+06
  -7.1850000e+01   1.1493052e+06
  -7.1800000e+01   1.1562953e+06
  -7.1750000e+01   1.1629732e+06
  -7.1700000e+01   1.1693267e+06
  -7.1650000e+01   1.1753436e+06
  -7.1600000e+01   1.1810123e+06
  -7.1550000e+01   1.1863212e+06
  -7.1500000e+01   1.1912595e+06
  -7.1450000e+01   1.1958161e+06
  -7.1400000e+01   1.1999809e+06
  -7.1350000e+01   1.2037438e+06
  -7.1300000e+01   1.2070951e+06
  -7.1250000e+01   1.2100256e+06
  -7.1200000e+01   1.2125263e+06
  -7.1150000e+01   1.2145888e+06
  -7.1100000e+01   1.2162051e+06
  -7.1050000e+01   1.2173675e+06
  -7.1000000e+01   1.2180687e+06
  -7.0950000e+01   1.2183019e+06
  -7.0900000e+01   1.2180608e+06
  -7.0850000e+01   1.2173395e+06
  -7.0800000e+01   1.2161324e+06
  -7.0750000e+01   1.2144345e+06
  -7.0700000e+01   1.2122412e+06
  -7.0650000e+01   1.2095483e+06
  -7.0600000e+01   1.2063522e+06
  -7.0550000e+01   1.2026497e+06
  -7.0500000e+01   1.1984379e+06
  -7.0450000e+01   1.1937146e+06
  -7.0400000e+01   1.1884779e+06
  -7.0350000e+01   1.1827264e+06
  -7.0300000e+01   1.1764592e+06
  -7.0250000e+01   1.1696758e+06
  -7.0200000e+01   1.1623761e+06
  -7.0150000e+01   1.1545607e+06
  -7.0100000e+01   1.1462303e+06
  -7.0050000e+01   1.1373863e+06
  -7.0000000e+01   1.1280306e+06
  -6.9950000e+01   1.1181652e+06
  -6.9900000e+01   1.1077929e+06
  -6.9850000e+01   1.0969167e+06
  -6.9800000e+01   1.0855402e+06
  -6.9750000e+01   1.0736672e+06
  -6.9700000e+01   1.0613021e+06
  -6.9650000e+01   1.0484496e+06
  -6.9600000e+01   1.0351149e+06
  -6.9550000e+01   1.0213036e+06
  -6.9500000e+01   1.0070214e+06
  -6.9450000e+01   9.9227481e+05
  -6.9400000e+01   9.7707041e+05
  -6.9350000e+01   9.6141523e+05
  -6.9300000e+01   9.4531664e+05
  -6.9250000e+01   9.2878238e+05
  -6.9200000e+01   9.1182049e+05
  -6.9150000e+01   8.9443935e+05
  -6.9100000e+01   8.7664764e+05
  -6.9050000e+01   8.5845435e+05
  -6.9000000e+01   8.3986878e+05
  -6.8950000e+01   8.2090048e+05
  -6.8900000e+01   8.0155929e+05
  -6.8850000e+01   7.8185532e+05
  -6.8800000e+01   7.6179891e+05
  -6.8750000e+01   7.4140065e+05
  -6.8700000e+01   7.2067135e+05
  -6.8650000e+01   6.9962205e+05
  -6.8600000e+01   6.7826399e+05
  -6.8550000e+01   6.5660860e+05
  -6.8500000e+01   6.3466748e+05
  -6.8450000e+01   6.1245243e+05
  -6.8400000e+01   5.8997539e+05
  -6.8350000e+01   5.6724845e+05
  -6.8300000e+01   5.4428383e+05
  -6.8250000e+01   5.2109390e+05
  -6.8200000e+01   4.9769111e+05
  -6.8150000e+01   4.7408802e+05
  -6.8100000e+01   4.5029731e+05
  -6.8050000e+01   4.2633170e+05
  -6.8000000e+01   4.0220399e+05
  -6.7950000e+01   3.7792704e+05
  -6.7900000e+01   3.5351377e+05
  -6.7850000e+01   3.2897709e+05
  -6.7800000e+01   3.0432998e+05
  -6.7750000e+01   2.7958541e+05
  -6.7700000e+01   2.5475635e+05
  -6.7650000e+01   2.2985576e+05
  -6.7600000e+01   2.0489660e+05
  -6.7550000e+01   1.7989177e+05
  -6.7500000e+01   1.5485415e+05
  -6.7450000e+01   1.2979656e+05
  -6.7400000e+01   1.0473177e+05
  -6.7350000e+01   7.9672481e+04
  -6.7300000e+01   5.4631301e+04
  -6.7250000e+01   2.9620760e+04
  -6.7200000e+01   4.6532907e+03
  -6.7150000e+01  -2.0258784e+04
  -6.7100000e+01  -4.5103253e+04
  -6.7050000e+01  -6.9868030e+04
  -6.7000000e+01  -9.4541162e+04
  -6.6950000e+01  -1.1911083e+05
  -6.6900000e+01  -1.4356537e+05
  -6.6850000e+01  -1.6789327e+05
  -6.6800000e+01  -1.9208319e+05
  -6.6750000e+01  -2.1612393e+05
  -6.6700000e+01  -2.4000451e+05
  -6.6650000e+01  -2.6371409e+05
  -6.6600000e+01  -2.8724207e+05
  -6.6550000e+01  -3.1057800e+05
  -6.6500000e+01  -3.3371166e+05
  -6.6450000e+01  -3.5663303e+05
  -6.6400000e+01  -3.7933231e+05
  -6.6350000e+01  -4.0179992e+05
  -6.6300000e+01  -4.2402650e+05
  -6.6250000e+01  -4.4600293e+05
  -6.6200000e+01  -4.6772032e+05
  -6.6150000e+01  -4.8917003e+05
  -6.6100000e+01  -5.1034365e+05
  -6.6050000e+01  -5.3123303e+05
  -6.6000000e+01  -5.5183028e+05
  -6.5950000e+01  -5.7212775e+05
  -6.5900000e+01  -5.9211807e+05
  -6.5850000e+01  -6.1179413e+05
  -6.5800000e+01  -6.3114909e+05
  -6.5750000e+01  -6.5017637e+05
  -6.5700000e+01  -6.6886968e+05
  -6.5650000e+01  -6.8722301e+05
  -6.5600000e+01  -7.0523062e+05
  -6.5550000e+01  -7.2288705e+05
  -6.5500000e+01  -7.4018715e+05
  -6.5450000e+01  -7.5712603e+05
  -6.5400000e+01  -7.7369911e+05
  -6.5350000e+01  -7.8990209e+05
  -6.5300000e+01  -8.0573098e+05
  -6.5250000e+01  -8.2118206e+05
  -6.5200000e+01  -8.3625193e+05
  -6.5150000e+01  -8.5093747e+05
  -6.5100000e+01  -8.6523588e+05
  -6.5050000e+01  -8.7914464e+05
  -6.5000000e+01  -8.9266155e+05
  -6.4950000e+01  -9.0578469e+05
  -6.4900000e+01  -9.1851246e+05
  -6.4850000e+01  -9.3084356e+05
  -6.4800000e+01  -9.4277698e+05
  -6.4750000e+01  -9.5431203e+05
  -6.4700000e+01  -9.6544831e+05
  -6.4650000e+01  -9.7618574e+05
  -6.4600000e+01  -9.8652452e+05
  -6.4550000e+01  -9.9646516e+05
  -6.4500000e+01  -1.0060085e+06
  -6.4450000e+01  -1.0151556e+06
  -6.4400000e+01  -1.0239079e+06
  -6.4350000e+01  -1.0322671e+06
  -6.4300000e+01  -1.0402353e+06
  -6.4250000e+01  -1.0478147e+06
  -6.4200000e+01  -1.0550079e+06
  -6.4150000e+01  -1.0618178e+06
  -6.4100000e+01  -1.0682477e+06
  -6.4050000e+01  -1.0743009e+06
  -6.4000000e+01  -1.0799812e+06
  -6.3950000e+01  -1.0852927e+06
  -6.3900000e+01  -1.0902398e+06
  -6.3850000e+01  -1.0948269e+06
  -6.3800000e+01  -1.0990590e+06
  -6.3750000e+01  -1.1029412e+06
  -6.3700000e+01  -1.1064790e+06
  -6.3650000e+01  -1.1096780e+06
  -6.3600000e+01  -1.1125442e+06
  -6.3550000e+01  -1.1150839e+06
  -6.3500000e+01  -1.1173034e+06
  -6.3450000e+01  -1.1192095e+06
  -6.3400000e+01  -1.1208091e+06
  -6.3350000e+01  -1.1221096e+06
  -6.3300000e+01  -1.1231182e+06
  -6.3250000e+01  -1.1238427e+06
  -6.3200000e+01  -1.1242911e+06
  -6.3150000e+01  -1.1244714e+06
  -6.3100000e+01  -1.1243919e+06
  -6.3050000e+01  -1.1240613e+06
  -6.3000000e+01  -1.1234883e+06
  -6.2950000e+01  -1.1226819e+06
  -6.2900000e+01  -1.1216512e+06
  -6.2850000e+01  -1.1204055e+06
  -6.2800000e+01  -1.1189545e+06
  -6.2750000e+01  -1.1173077e+06
  -6.2700000e+01  -1.1154751e+06
  -6.2650000e+01  -1.1134667e+06
  -6.2600000e+01  -1.1112926e+06
  -6.2550000e+01  -1.1089632e+06
  -6.2500000e+01  -1.1064888e+06
  -6.2450000e+01  -1.1038801e+06
  -6.2400000e+01  -1.1011478e+06
  -6.2350000e+01  -1.0983026e+06
  -6.2300000e+01  -1.0953555e+06
  -6.2250000e+01  -1.0923175e+06
  -6.2200000e+01  -1.0891995e+06
  -6.2150000e+01  -1.0860128e+06
  -6.2100000e+01  -1.0827685e+06
  -6.2050000e+01  -1.0794780e+06
  -6.2000000e+01  -1.0761524e+06
  -6.1950000e+01  -1.0728032e+06
  -6.1900000e+01  -1.0694416e+06
  -6.1850000e+01  -1.0660790e+06
  -6.1800000e+01  -1.0627269e+06
  -6.1750000e+01  -1.0593964e+06
  -6.1700000e+01  -1.0560990e+06
  -6.1650000e+01  -1.0528459e+06
  -6.1600000e+01  -1.0496484e+06
  -6.1550000e+01  -1.0465176e+06
  -6.1500000e+01  -1.0434646e+06
  -6.1450000e+01  -1.0405005e+06
  -6.1400000e+01  -1.0376362e+06
  -6.1350000e+01  -1.0348825e+06
  -6.1300000e+01  -1.0322501e+06
  -6.1250000e+01  -1.0297497e+06
  -6.1200000e+01  -1.0273915e+06
  -6.1150000e+01  -1.0251860e+06
  -6.1100000e+01  -1.0231433e+06
  -6.1050000e+01  -1.0212731e+06
  -6.1000000e+01  -1.0195854e+06
  -6.0950000e+01  -1.0180897e+06
  -6.0900000e+01  -1.0167951e+06
  -6.0850000e+01  -1.0157110e+06
  -6.0800000e+01  -1.0148460e+06
  -6.0750000e+01  -1.0142088e+06
  -6.0700000e+01  -1.0138078e+06
  -6.0650000e+01  -1.0136509e+06
  -6.0600000e+01  -1.0137459e+06
  -6.0550000e+01  -1.0141004e+06
  -6.0500000e+01  -1.0147214e+06
  -6.0450000e+01  -1.0156158e+06
  -6.0400000e+01  -1.0167901e+06
  -6.0350000e+01  -1.0182504e+06
  -6.0300000e+01  -1.0200025e+06
  -6.0250000e+01  -1.0220519e+06
  -6.0200000e+01  -1.0244035e+06
  -6.0150000e+01  -1.0270621e+06
  -6.0100000e+01  -1.0300318e+06
  -6.0050000e+01  -1.0333167e+06
  -6.0000000e+01  -1.0369200e+06
  -5.9950000e+01  -1.0408449e+06
  -5.9900000e+01  -1.0450939e+06
  -5.9850000e+01  -1.0496691e+06
  -5.9800000e+01  -1.0545723e+06
  -5.9750000e+01  -1.0598047e+06
  -5.9700000e+01  -1.0653671e+06
  -5.9650000e+01  -1.0712597e+06
  -5.9600000e+01  -1.0774825e+06
  -5.9550000e+01  -1.0840348e+06
  -5.9500000e+01  -1.0909155e+06
  -5.9450000e+01  -1.0981230e+06
  -5.9400000e+01  -1.1056551e+06
  -5.9350000e+01  -1.1135093e+06
  -5.9300000e+01  -1.1216825e+06
  -5.9250000e+01  -1.1301711e+06
  -5.9200000e+01  -1.1389709e+06
  -5.9150000e+01  -1.1480775e+06
  -5.9100000e+01  -1.1574857e+06
  -5.9050000e+01  -1.1671899e+06
  -5.9000000e+01  -1.1771840e+06
  -5.8950000e+01  -1.1874614e+06
  -5.8900000e+01  -1.1980149e+06
  -5.8850000e+01  -1.2088371e+06
  -5.8800000e+01  -1.2199197e+06
  -5.8750000e+01  -1.2312543e+06
  -5.8700000e+01  -1.2428317e+06
  -5.8650000e+01  -1.2546423e+06
  -5.8600000e+01  -1.2666763e+06
  -5.8550000e+01  -1.2789230e+06
  -5.8500000e+01  -1.2913715e+06
  -5.8450000e+01  -1.3040104e+06
  -5.8400000e+01  -1.3168279e+06
  -5.8350000e+01  -1.3298116e+06
  -5.8300000e+01  -1.3429489e+06
  -5.8250000e+01  -1.3562266e+06
  -5.8200000e+01  -1.3696312e+06
  -5.8150000e+01  -1.3831487e+06
  -5.8100000e+01  -1.3967648e+06
  -5.8050000e+01  -1.4104649e+06
  -5.8000000e+01  -1.4242338e+06
  -5.7950000e+01  -1.4380563e+06
  -5.7900000e+01  -1.4519165e+06
  -5.7850000e+01  -1.4657985e+06
  -5.7800000e+01  -1.4796858e+06
  -5.7750000e+01  -1.4935620e+06
  -5.7700000e+01  -1.5074101e+06
  -5.7650000e+01  -1.5212129e+06
  -5.7600000e+01  -1.5349532e+06
  -5.7550000e+01  -1.5486132e+06
  -5.7500000e+01  -1.5621753e+06
  -5.7450000e+01  -1.5756215e+06
  -5.7400000e+01  -1.5889336e+06
  -5.7350000e+01  -1.6020934e+06
  -5.7300000e+01  -1.6150825e+06
  -5.7250000e+01  -1.6278825e+06
  -5.7200000e+01  -1.6404747e+06
  -5.7150000e+01  -1.6528405e+06
  -5.7100000e+01  -1.6649613e+06
  -5.7050000e+01  -1.6768184e+06
  -5.7000000e+01  -1.6883930e+06
  -5.6950000e+01  -1.6996667e+06
  -5.6900000e+01  -1.7106206e+06
  -5.6850000e+01  -1.7212364e+06
  -5.6800000e+01  -1.7314955e+06
  -5.6750000e+01  -1.7413796e+06
  -5.6700000e+01  -1.7508705e+06
  -5.6650000e+01  -1.7599501e+06
  -5.6600000e+01  -1.7686005e+06
  -5.6550000e+01  -1.7768042e+06
  -5.6500000e+01  -1.7845435e+06
  -5.6450000e+01  -1.7918013e+06
  -5.6400000e+01  -1.7985607e+06
  -5.6350000e+01  -1.8048049e+06
  -5.6300000e+01  -1.8105176e+06
  -5.6250000e+01  -1.8156827e+06
  -5.6200000e+01  -1.8202846e+06
  -5.6150000e+01  -1.8243078e+06
  -5.6100000e+01  -1.8277376e+06
  -5.6050000e+01  -1.8305592e+06
  -5.6000000e+01  -1.8327587e+06
  -5.5950000e+01  -1.8343223e+06
  -5.5900000e+01  -1.8352368e+06
  -5.5850000e+01  -1.8354895e+06
  -5.5800000e+01  -1.8350682e+06
  -5.5750000e+01  -1.8339611e+06
  -5.5700000e+01  -1.8321571e+06
  -5.5650000e+01  -1.8296455e+06
  -5.5600000e+01  -1.8264162e+06
  -5.5550000e+01  -1.8224597e+06
  -5.5500000e+01  -1.8177672e+06
  -5.5450000e+01  -1.8123302e+06
  -5.5400000e+01  -1.8061411e+06
  -5.5350000e+01  -1.7991928e+06
  -5.5300000e+01  -1.7914789e+06
  -5.5250000e+01  -1.7829935e+06
  -5.5200000e+01  -1.7737316e+06
  -5.5150000e+01  -1.7636887e+06
  -5.5100000e+01  -1.7528611e+06
  -5.5050000e+01  -1.7412454e+06
  -5.5000000e+01  -1.7288395e+06
  -5.4950000e+01  -1.7156415e+06
  -5.4900000e+01  -1.7016504e+06
  -5.4850000e+01  -1.6868660e+06
  -5.4800000e+01  -1.6712885e+06
  -5.4750000e+01  -1.6549190e+06
  -5.4700000e+01  -1.6377594e+06
  -5.4650000e+01  -1.6198122e+06
  -5.4600000e+01  -1.6010806e+06
  -5.4550000e+01  -1.5815685e+06
  -5.4500000e+01  -1.5612805e+06
  -5.4450000e+01  -1.5402220e+06
  -5.4400000e+01  -1.5183990e+06
  -5.4350000e+01  -1.4958182e+06
  -5.4300000e+01  -1.4724871e+06
  -5.4250000e+01  -1.4484137e+06
  -5.4200000e+01  -1.4236068e+06
  -5.4150000e+01  -1.3980758e+06
  -5.4100000e+01  -1.3718308e+06
  -5.4050000e+01  -1.3448827e+06
  -5.4000000e+01  -1.3172426e+06
  -5.3950000e+01  -1.2889228e+06
  -5.3900000e+01  -1.2599356e+06
  -5.3850000e+01  -1.2302945e+06
  -5.3800000e+01  -1.2000131e+06
  -5.3750000e+01  -1.1691059e+06
  -5.3700000e+01  -1.1375877e+06
  -5.3650000e+01  -1.1054741e+06
  -5.3600000e+01  -1.0727810e+06
  -5.3550000e+01  -1.0395250e+06
  -5.3500000e+01  -1.0057229e+06
  -5.3450000e+01  -9.7139239e+05
  -5.3400000e+01  -9.3655123e+05
  -5.3350000e+01  -9.0121780e+05
  -5.3300000e+01  -8.6541086e+05
  -5.3250000e+01  -8.2914955e+05
  -5.3200000e+01  -7.9245340e+05
  -5.3150000e+01  -7.5534225e+05
  -5.3100000e+01  -7.1783631e+05
  -5.3050000e+01  -6.7995608e+05
  -5.3000000e+01  -6.4172233e+05
  -5.2950000e+01  -6.0315610e+05
  -5.2900000e+01  -5.6427867e+05
  -5.2850000e+01  -5.2511152e+05
  -5.2800000e+01  -4.8567635e+05
  -5.2750000e+01  -4.4599498e+05
  -5.2700000e+01  -4.0608940e+05
  -5.2650000e+01  -3.6598173e+05
  -5.2600000e+01  -3.2569415e+05
  -5.2550000e+01  -2.8524893e+05
  -5.2500000e+01  -2.4466838e+05
  -5.2450000e+01  -2.0397483e+05
  -5.2400000e+01  -1.6319063e+05
  -5.2350000e+01  -1.2233806e+05
  -5.2300000e+01  -8.1439374e+04
  -5.2250000e+01  -4.0516758e+04
  -5.2200000e+01   4.0771321e+02
  -5.2150000e+01   4.1312082e+04
  -5.2100000e+01   8.2174536e+04
  -5.2050000e+01   1.2297343e+05
  -5.2000000e+01   1.6368731e+05
  -5.1950000e+01   2.0429493e+05
  -5.1900000e+01   2.4477528e+05
  -5.1850000e+01   2.8510760e+05
  -5.1800000e+01   3.2527143e+05
  -5.1750000e+01   3.6524657e+05
  -5.1700000e+01   4.0501317e+05
  -5.1650000e+01   4.4455169e+05
  -5.1600000e+01   4.8384296e+05
  -5.1550000e+01   5.2286818e+05
  -5.1500000e+01   5.6160895e+05
  -5.1450000e+01   6.0004725e+05
  -5.1400000e+01   6.3816553e+05
  -5.1350000e+01   6.7594665e+05
  -5.1300000e+01   7.1337392e+05
  -5.1250000e+01   7.5043115e+05
  -5.1200000e+01   7.8710261e+05
  -5.1150000e+01   8.2337310e+05
  -5.1100000e+01   8.5922788e+05
  -5.1050000e+01   8.9465279e+05
  -5.1000000e+01   9.2963416e+05
  -5.0950000e+01   9.6415889e+05
  -5.0900000e+01   9.9821442e+05
  -5.0850000e+01   1.0317888e+06
  -5.0800000e+01   1.0648705e+06
  -5.0750000e+01   1.0974488e+06
  -5.0700000e+01   1.1295133e+06
  -5.0650000e+01   1.1610545e+06
  -5.0600000e+01   1.1920632e+06
  -5.0550000e+01   1.2225310e+06
  -5.0500000e+01   1.2524500e+06
  -5.0450000e+01   1.2818129e+06
  -5.0400000e+01   1.3106131e+06
  -5.0350000e+01   1.3388444e+06
  -5.0300000e+01   1.3665015e+06
  -5.0250000e+01   1.3935796e+06
  -5.0200000e+01   1.4200742e+06
  -5.0150000e+01   1.4459820e+06
  -5.0100000e+01   1.4712997e+06
  -5.0050000e+01   1.4960250e+06
  -5.0000000e+01   1.5201560e+06
  -4.9950000e+01   1.5436915e+06
  -4.9900000e+01   1.5666307e+06
  -4.9850000e+01   1.5889737e+06
  -4.9800000e+01   1.6107207e+06
  -4.9750000e+01   1.6318730e+06
  -4.9700000e+01   1.6524319e+06
  -4.9650000e+01   1.6723998e+06
  -4.9600000e+01   1.6917791e+06
  -4.9550000e+01   1.7105732e+06
  -4.9500000e+01   1.7287856e+06
  -4.9450000e+01   1.7464207e+06
  -4.9400000e+01   1.7634829e+06
  -4.9350000e+01   1.7799776e+06
  -4.9300000e+01   1.7959104e+06
  -4.9250000e+01   1.8112873e+06
  -4.9200000e+01   1.8261148e+06
  -4.9150000e+01   1.8403999e+06
  -4.9100000e+01   1.8541500e+06
  -4.9050000e+01   1.8673728e+06
  -4.9000000e+01   1.8800764e+06
  -4.8950000e+01   1.8922694e+06
  -4.8900000e+01   1.9039605e+06
  -4.8850000e+01   1.9151591e+06
  -4.8800000e+01   1.9258746e+06
  -4.8750000e+01   1.9361168e+06
  -4.8700000e+01   1.9458958e+06
  -4.8650000e+01   1.9552221e+06
  -4.8600000e+01   1.9641063e+06
  -4.8550000e+01   1.9725593e+06
  -4.8500000e+01   1.9805921e+06
  -4.8450000e+01   1.9882161e+06
  -4.8400000e+01   1.9954429e+06
  -4.8350000e+01   2.0022841e+06
  -4.8300000e+01   2.0087515e+06
  -4.8250000e+01   2.0148572e+06
  -4.8200000e+01   2.0206133e+06
  -4.8150000e+01   2.0260320e+06
  -4.8100000e+01   2.0311256e+06
  -4.8050000e+01   2.0359067e+06
  -4.8000000e+01   2.0403876e+06
  -4.7950000e+01   2.0445809e+06
  -4.7900000e+01   2.0484991e+06
  -4.7850000e+01   2.0521550e+06
  -4.7800000e+01   2.0555609e+06
  -4.7750000e+01   2.0587296e+06
  -4.7700000e+01   2.0616737e+06
  -4.7650000e+01   2.0644055e+06
  -4.7600000e+01   2.0669377e+06
  -4.7550000e+01   2.0692827e+06
  -4.7500000e+01   2.0714527e+06
  -4.7450000e+01   2.0734601e+06
  -4.7400000e+01   2.0753170e+06
  -4.7350000e+01   2.0770355e+06
  -4.7300000e+01   2.0786275e+06
  -4.7250000e+01   2.0801047e+06
  -4.7200000e+01   2.0814789e+06
  -4.7150000e+01   2.0827615e+06
  -4.7100000e+01   2.0839638e+06
  -4.7050000e+01   2.0850971e+06
  -4.7000000e+01   2.0861722e+06
  -4.6950000e+01   2.0872000e+06
  -4.6900000e+01   2.0881910e+06
  -4.6850000e+01   2.0891556e+06
  -4.6800000e+01   2.0901040e+06
  -4.6750000e+01   2.0910461e+06
  -4.6700000e+01   2.0919916e+06
  -4.6650000e+01   2.0929499e+06
  -4.6600000e+01   2.0939303e+06
  -4.6550000e+01   2.0949417e+06
  -4.6500000e+01   2.0959929e+06
  -4.6450000e+01   2.0970923e+06
  -4.6400000e+01   2.0982481e+06
  -4.6350000e+01   2.0994682e+06
  -4.6300000e+01   2.1007603e+06
  -4.6250000e+01   2.1021317e+06
  -4.6200000e+01   2.1035896e+06
  -4.6150000e+01   2.1051407e+06
  -4.6100000e+01   2.1067915e+06
  -4.6050000e+01   2.1085483e+06
  -4.6000000e+01   2.1104170e+06
  -4.5950000e+01   2.1124032e+06
  -4.5900000e+01   2.1145124e+06
  -4.5850000e+01   2.1167494e+06
  -4.5800000e+01   2.1191192e+06
  -4.5750000e+01   2.1216260e+06
  -4.5700000e+01   2.1242740e+06
  -4.5650000e+01   2.1270672e+06
  -4.5600000e+01   2.1300089e+06
  -4.5550000e+01   2.1331024e+06
  -4.5500000e+01   2.1363506e+06
  -4.5450000e+01   2.1397562e+06
  -4.5400000e+01   2.1433213e+06
  -4.5350000e+01   2.1470481e+06
  -4.5300000e+01   2.1509381e+06
  -4.5250000e+01   2.1549927e+06
  -4.5200000e+01   2.1592130e+06
  -4.5150000e+01   2.1635997e+06
  -4.5100000e+01   2.1681533e+06
  -4.5050000e+01   2.1728739e+06
  -4.5000000e+01   2.1777612e+06
  -4.4950000e+01   2.1828148e+06
  -4.4900000e+01   2.1880339e+06
  -4.4850000e+01   2.1934173e+06
  -4.4800000e+01   2.1989637e+06
  -4.4750000e+01   2.2046712e+06
  -4.4700000e+01   2.2105378e+06
  -4.4650000e+01   2.2165612e+06
  -4.4600000e+01   2.2227387e+06
  -4.4550000e+01   2.2290672e+06
  -4.4500000e+01   2.2355436e+06
  -4.4450000e+01   2.2421641e+06
  -4.4400000e+01   2.2489248e+06
  -4.4350000e+01   2.2558215e+06
  -4.4300000e+01   2.2628497e+06
  -4.4250000e+01   2.2700044e+06
  -4.4200000e+01   2.2772805e+06
  -4.4150000e+01   2.2846725e+06
  -4.4100000e+01   2.2921746e+06
  -4.4050000e+01   2.2997807e+06
  -4.4000000e+01   2.3074842e+06
  -4.3950000e+01   2.3152786e+06
  -4.3900000e+01   2.3231566e+06
  -4.3850000e+01   2.3311108e+06
  -4.3800000e+01   2.3391337e+06
  -4.3750000e+01   2.3472171e+06
  -4.3700000e+01   2.3553526e+06
  -4.3650000e+01   2.3635318e+06
  -4.3600000e+01   2.3717454e+06
  -4.3550000e+01   2.3799843e+06
  -4.3500000e+01   2.3882388e+06
  -4.3450000e+01   2.3964990e+06
  -4.3400000e+01   2.4047547e+06
  -4.3350000e+01   2.4129951e+06
  -4.3300000e+01   2.4212096e+06
  -4.3250000e+01   2.4293868e+06
  -4.3200000e+01   2.4375152e+06
  -4.3150000e+01   2.4455829e+06
  -4.3100000e+01   2.4535780e+06
  -4.3050000e+01   2.4614878e+06
  -4.3000000e+01   2.4692995e+06
  -4.2950000e+01   2.4770003e+06
  -4.2900000e+01   2.4845766e+06
  -4.2850000e+01   2.4920147e+06
  -4.2800000e+01   2.4993007e+06
  -4.2750000e+01   2.5064204e+06
  -4.2700000e+01   2.5133590e+06
  -4.2650000e+01   2.5201019e+06
  -4.2600000e+01   2.5266339e+06
  -4.2550000e+01   2.5329395e+06
  -4.2500000e+01   2.5390030e+06
  -4.2450000e+01   2.5448086e+06
  -4.2400000e+01   2.5503400e+06
  -4.2350000e+01   2.5555808e+06
  -4.2300000e+01   2.5605143e+06
  -4.2250000e+01   2.5651235e+06
  -4.2200000e+01   2.5693913e+06
  -4.2150000e+01   2.5733002e+06
  -4.2100000e+01   2.5768328e+06
  -4.2050000e+01   2.5799712e+06
  -4.2000000e+01   2.5826974e+06
  -4.1950000e+01   2.5849933e+06
  -4.1900000e+01   2.5868405e+06
  -4.1850000e+01   2.5882207e+06
  -4.1800000e+01   2.5891151e+06
  -4.1750000e+01   2.5895050e+06
  -4.1700000e+01   2.5893717e+06
  -4.1650000e+01   2.5886960e+06
  -4.1600000e+01   2.5874591e+06
  -4.1550000e+01   2.5856417e+06
  -4.1500000e+01   2.5832249e+06
  -4.1450000e+01   2.5801893e+06
  -4.1400000e+01   2.5765157e+06
  -4.1350000e+01   2.5721851e+06
  -4.1300000e+01   2.5671782e+06
  -4.1250000e+01   2.5614758e+06
  -4.1200000e+01   2.5550590e+06
  -4.1150000e+01   2.5479086e+06
  -4.1100000e+01   2.5400060e+06
  -4.1050000e+01   2.5313321e+06
  -4.1000000e+01   2.5218686e+06
  -4.0950000e+01   2.5115968e+06
  -4.0900000e+01   2.5004986e+06
  -4.0850000e+01   2.4885559e+06
  -4.0800000e+01   2.4757509e+06
  -4.0750000e+01   2.4620660e+06
  -4.0700000e+01   2.4474840e+06
  -4.0650000e+01   2.4319879e+06
  -4.0600000e+01   2.4155611e+06
  -4.0550000e+01   2.3981874e+06
  -4.0500000e+01   2.3798508e+06
  -4.0450000e+01   2.3605359e+06
  -4.0400000e+01   2.3402276e+06
  -4.0350000e+01   2.3189115e+06
  -4.0300000e+01   2.2965733e+06
  -4.0250000e+01   2.2731996e+06
  -4.0200000e+01   2.2487774e+06
  -4.0150000e+01   2.2232940e+06
  -4.0100000e+01   2.1967377e+06
  -4.0050000e+01   2.1690972e+06
  -4.0000000e+01   2.1403618e+06
  -3.9950000e+01   2.1105217e+06
  -3.9900000e+01   2.0795675e+06
  -3.9850000e+01   2.0474908e+06
  -3.9800000e+01   2.0142836e+06
  -3.9750000e+01   1.9799389e+06
  -3.9700000e+01   1.9444505e+06
  -3.9650000e+01   1.9078130e+06
  -3.9600000e+01   1.8700216e+06
  -3.9550000e+01   1.8310727e+06
  -3.9500000e+01   1.7909633e+06
  -3.9450000e+01   1.7496914e+06
  -3.9400000e+01   1.7072560e+06
  -3.9350000e+01   1.6636569e+06
  -3.9300000e+01   1.6188949e+06
  -3.9250000e+01   1.5729718e+06
  -3.9200000e+01   1.5258903e+06
  -3.9150000e+01   1.4776542e+06
  -3.9100000e+01   1.4282682e+06
  -3.9050000e+01   1.3777382e+06
  -3.9000000e+01   1.3260711e+06
  -3.8950000e+01   1.2732746e+06
  -3.8900000e+01   1.2193578e+06
  -3.8850000e+01   1.1643307e+06
  -3.8800000e+01   1.1082043e+06
  -3.8750000e+01   1.0509910e+06
  -3.8700000e+01   9.9270397e+05
  -3.8650000e+01   9.3335759e+05
  -3.8600000e+01   8.7296737e+05
  -3.8550000e+01   8.1154987e+05
  -3.8500000e+01   7.4912277e+05
  -3.8450000e+01   6.8570485e+05
  -3.8400000e+01   6.2131597e+05
  -3.8350000e+01   5.5597709e+05
  -3.8300000e+01   4.8971026e+05
  -3.8250000e+01   4.2253858e+05
  -3.8200000e+01   3.5448625e+05
  -3.8150000e+01   2.8557849e+05
  -3.8100000e+01   2.1584159e+05
  -3.8050000e+01   1.4530287e+05
  -3.8000000e+01   7.3990647e+04
  -3.7950000e+01   1.9342470e+03
  -3.7900000e+01  -7.0836024e+04
  -3.7850000e+01  -1.4428890e+05
  -3.7800000e+01  -2.1839218e+05
  -3.7750000e+01  -2.9311274e+05
  -3.7700000e+01  -3.6841658e+05
  -3.7650000e+01  -4.4426881e+05
  -3.7600000e+01  -5.2063373e+05
  -3.7550000e+01  -5.9747481e+05
  -3.7500000e+01  -6.7475475e+05
  -3.7450000e+01  -7.5243551e+05
  -3.7400000e+01  -8.3047831e+05
  -3.7350000e+01  -9.0884372e+05
  -3.7300000e+01  -9.8749165e+05
  -3.7250000e+01  -1.0663814e+06
  -3.7200000e+01  -1.1454717e+06
  -3.7150000e+01  -1.2247208e+06
  -3.7100000e+01  -1.3040864e+06
  -3.7050000e+01  -1.3835258e+06
  -3.7000000e+01  -1.4629958e+06
  -3.6950000e+01  -1.5424530e+06
  -3.6900000e+01  -1.6218535e+06
  -3.6850000e+01  -1.7011533e+06
  -3.6800000e+01  -1.7803081e+06
  -3.6750000e+01  -1.8592733e+06
  -3.6700000e+01  -1.9380045e+06
  -3.6650000e+01  -2.0164568e+06
  -3.6600000e+01  -2.0945857e+06
  -3.6550000e+01  -2.1723464e+06
  -3.6500000e+01  -2.2496943e+06
  -3.6450000e+01  -2.3265849e+06
  -3.6400000e+01  -2.4029738e+06
  -3.6350000e+01  -2.4788170e+06
  -3.6300000e+01  -2.5540707e+06
  -3.6250000e+01  -2.6286912e+06
  -3.6200000e+01  -2.7026355e+06
  -3.6150000e+01  -2.7758610e+06
  -3.6100000e+01  -2.8483253e+06
  -3.6050000e+01  -2.9199867e+06
  -3.6000000e+01  -2.9908042e+06
  -3.5950000e+01  -3.0607374e+06
  -3.5900000e+01  -3.1297463e+06
  -3.5850000e+01  -3.1977919e+06
  -3.5800000e+01  -3.2648359e+06
  -3.5750000e+01  -3.3308410e+06
  -3.5700000e+01  -3.3957704e+06
  -3.5650000e+01  -3.4595886e+06
  -3.5600000e+01  -3.5222608e+06
  -3.5550000e+01  -3.5837533e+06
  -3.5500000e+01  -3.6440335e+06
  -3.5450000e+01  -3.7030699e+06
  -3.5400000e+01  -3.7608321e+06
  -3.5350000e+01  -3.8172909e+06
  -3.5300000e+01  -3.8724182e+06
  -3.5250000e+01  -3.9261873e+06
  -3.5200000e+01  -3.9785727e+06
  -3.5150000e+01  -4.0295503e+06
  -3.5100000e+01  -4.0790972e+06
  -3.5050000e+01  -4.1271922e+06
  -3.5000000e+01  -4.1738151e+06
  -3.4950000e+01  -4.2189475e+06
  -3.4900000e+01  -4.2625721e+06
  -3.4850000e+01  -4.3046735e+06
  -3.4800000e+01  -4.3452375e+06
  -3.4750000e+01  -4.3842516e+06
  -3.4700000e+01  -4.4217046e+06
  -3.4650000e+01  -4.4575872e+06
  -3.4600000e+01  -4.4918915e+06
  -3.4550000e+01  -4.5246110e+06
  -3.4500000e+01  -4.5557412e+06
  -3.4450000e+01  -4.5852788e+06
  -3.4400000e+01  -4.6132224e+06
  -3.4350000e+01  -4.6395720e+06
  -3.4300000e+01  -4.6643293e+06
  -3.4250000e+01  -4.6874976e+06
  -3.4200000e+01  -4.7090817e+06
  -3.4150000e+01  -4.7290881e+06
  -3.4100000e+01  -4.7475248e+06
  -3.4050000e+01  -4.7644014e+06
  -3.4000000e+01  -4.7797291e+06
  -3.3950000e+01  -4.7935206e+06
  -3.3900000e+01  -4.8057901e+06
  -3.3850000e+01  -4.8165532e+06
  -3.3800000e+01  -4.8258271e+06
  -3.3750000e+01  -4.8336304e+06
  -3.3700000e+01  -4.8399831e+06
  -3.3650000e+01  -4.8449068e+06
  -3.3600000e+01  -4.8484241e+06
  -3.3550000e+01  -4.8505591e+06
  -3.3500000e+01  -4.8513372e+06
  -3.3450000e+01  -4.8507850e+06
  -3.3400000e+01  -4.8489305e+06
  -3.3350000e+01  -4.8458025e+06
  -3.3300000e+01  -4.8414313e+06
  -3.3250000e+01  -4.8358480e+06
  -3.3200000e+01  -4.8290849e+06
  -3.3150000e+01  -4.8211752e+06
  -3.3100000e+01  -4.8121531e+06
  -3.3050000e+01  -4.8020537e+06
  -3.3000000e+01  -4.7909127e+06
  -3.2950000e+01  -4.7787669e+06
  -3.2900000e+01  -4.7656537e+06
  -3.2850000e+01  -4.7516111e+06
  -3.2800000e+01  -4.7366778e+06
  -3.2750000e+01  -4.7208929e+06
  -3.2700000e+01  -4.7042962e+06
  -3.2650000e+01  -4.6869278e+06
  -3.2600000e+01  -4.6688283e+06
  -3.2550000e+01  -4.6500383e+06
  -3.2500000e+01  -4.6305991e+06
  -3.2450000e+01  -4.6105519e+06
  -3.2400000e+01  -4.5899380e+06
  -3.2350000e+01  -4.5687990e+06
  -3.2300000e+01  -4.5471762e+06
  -3.2250000e+01  -4.5251110e+06
  -3.2200000e+01  -4.5026448e+06
  -3.2150000e+01  -4.4798186e+06
  -3.2100000e+01  -4.4566733e+06
  -3.2050000e+01  -4.4332494e+06
  -3.2000000e+01  -4.4095871e+06
  -3.1950000e+01  -4.3857260e+06
  -3.1900000e+01  -4.3617056e+06
  -3.1850000e+01  -4.3375645e+06
  -3.1800000e+01  -4.3133407e+06
  -3.1750000e+01  -4.2890719e+06
  -3.1700000e+01  -4.2647946e+06
  -3.1650000e+01  -4.2405450e+06
  -3.1600000e+01  -4.2163581e+06
  -3.1550000e+01  -4.1922682e+06
  -3.1500000e+01  -4.1683088e+06
  -3.1450000e+01  -4.1445122e+06
  -3.1400000e+01  -4.1209097e+06
  -3.1350000e+01  -4.0975318e+06
  -3.1300000e+01  -4.0744076e+06
  -3.1250000e+01  -4.0515652e+06
  -3.1200000e+01  -4.0290315e+06
  -3.1150000e+01  -4.0068321e+06
  -3.1100000e+01  -3.9849914e+06
  -3.1050000e+01  -3.9635326e+06
  -3.1000000e+01  -3.9424775e+06
  -3.0950000e+01  -3.9218464e+06
  -3.0900000e+01  -3.9016584e+06
  -3.0850000e+01  -3.8819312e+06
  -3.0800000e+01  -3.8626810e+06
  -3.0750000e+01  -3.8439226e+06
  -3.0700000e+01  -3.8256692e+06
  -3.0650000e+01  -3.8079327e+06
  -3.0600000e+01  -3.7907235e+06
  -3.0550000e+01  -3.7740503e+06
  -3.0500000e+01  -3.7579206e+06
  -3.0450000e+01  -3.7423400e+06
  -3.0400000e+01  -3.7273129e+06
  -3.0350000e+01  -3.7128421e+06
  -3.0300000e+01  -3.6989287e+06
  -3.0250000e+01  -3.6855726e+06
  -3.0200000e+01  -3.6727719e+06
  -3.0150000e+01  -3.6605234e+06
  -3.0100000e+01  -3.6488223e+06
  -3.0050000e+01  -3.6376624e+06
  -3.0000000e+01  -3.6270359e+06
  -2.9950000e+01  -3.6169337e+06
  -2.9900000e+01  -3.6073453e+06
  -2.9850000e+01  -3.5982588e+06
  -2.9800000e+01  -3.5896607e+06
  -2.9750000e+01  -3.5815365e+06
  -2.9700000e+01  -3.5738701e+06
  -2.9650000e+01  -3.5666442e+06
  -2.9600000e+01  -3.5598404e+06
  -2.9550000e+01  -3.5534390e+06
  -2.9500000e+01  -3.5474188e+06
  -2.9450000e+01  -3.5417580e+06
  -2.9400000e+01  -3.5364334e+06
  -2.9350000e+01  -3.5314206e+06
  -2.9300000e+01  -3.5266945e+06
  -2.9250000e+01  -3.5222287e+06
  -2.9200000e+01  -3.5179962e+06
  -2.9150000e+01  -3.5139689e+06
  -2.9100000e+01  -3.5101179e+06
  -2.9050000e+01  -3.5064135e+06
  -2.9000000e+01  -3.5028252e+06
  -2.8950000e+01  -3.4993221e+06
  -2.8900000e+01  -3.4958722e+06
  -2.8850000e+01  -3.4924433e+06
  -2.8800000e+01  -3.4890024e+06
  -2.8750000e+01  -3.4855163e+06
  -2.8700000e+01  -3.4819510e+06
  -2.8650000e+01  -3.4782725e+06
  -2.8600000e+01  -3.4744461e+06
  -2.8550000e+01  -3.4704370e+06
  -2.8500000e+01  -3.4662104e+06
  -2.8450000e+01  -3.4617309e+06
  -2.8400000e+01  -3.4569632e+06
  -2.8350000e+01  -3.4518720e+06
  -2.8300000e+01  -3.4464218e+06
  -2.8250000e+01  -3.4405773e+06
  -2.8200000e+01  -3.4343031e+06
  -2.8150000e+01  -3.4275642e+06
  -2.8100000e+01  -3.4203255e+06
  -2.8050000e+01  -3.4125522e+06
  -2.8000000e+01  -3.4042099e+06
  -2.7950000e+01  -3.3952644e+06
  -2.7900000e+01  -3.3856817e+06
  -2.7850000e+01  -3.3754286e+06
  -2.7800000e+01  -3.3644719e+06
  -2.7750000e+01  -3.3527793e+06
  -2.7700000e+01  -3.3403186e+06
  -2.7650000e+01  -3.3270585e+06
  -2.7600000e+01  -3.3129680e+06
  -2.7550000e+01  -3.2980170e+06
  -2.7500000e+01  -3.2821757e+06
  -2.7450000e+01  -3.2654154e+06
  -2.7400000e+01  -3.2477077e+06
  -2.7350000e+01  -3.2290252e+06
  -2.7300000e+01  -3.2093412e+06
  -2.7250000e+01  -3.1886296e+06
  -2.7200000e+01  -3.1668654e+06
  -2.7150000e+01  -3.1440242e+06
  -2.7100000e+01  -3.1200824e+06
  -2.7050000e+01  -3.0950174e+06
  -2.7000000e+01  -3.0688074e+06
  -2.6950000e+01  -3.0414313e+06
  -2.6900000e+01  -3.0128691e+06
  -2.6850000e+01  -2.9831016e+06
  -2.6800000e+01  -2.9521104e+06
  -2.6750000e+01  -2.9198780e+06
  -2.6700000e+01  -2.8863880e+06
  -2.6650000e+01  -2.8516246e+06
  -2.6600000e+01  -2.8155730e+06
  -2.6550000e+01  -2.7782193e+06
  -2.6500000e+01  -2.7395503e+06
  -2.6450000e+01  -2.6995538e+06
  -2.6400000e+01  -2.6582186e+06
  -2.6350000e+01  -2.6155340e+06
  -2.6300000e+01  -2.5714902e+06
  -2.6250000e+01  -2.5260785e+06
  -2.6200000e+01  -2.4792906e+06
  -2.6150000e+01  -2.4311193e+06
  -2.6100000e+01  -2.3815578e+06
  -2.6050000e+01  -2.3306003e+06
  -2.6000000e+01  -2.2782416e+06
  -2.5950000e+01  -2.2244774e+06
  -2.5900000e+01  -2.1693037e+06
  -2.5850000e+01  -2.1127174e+06
  -2.5800000e+01  -2.0547159e+06
  -2.5750000e+01  -1.9952974e+06
  -2.5700000e+01  -1.9344604e+06
  -2.5650000e+01  -1.8722040e+06
  -2.5600000e+01  -1.8085280e+06
  -2.5550000e+01  -1.7434325e+06
  -2.5500000e+01  -1.6769183e+06
  -2.5450000e+01  -1.6089862e+06
  -2.5400000e+01  -1.5396379e+06
  -2.5350000e+01  -1.4688752e+06
  -2.5300000e+01  -1.3967004e+06
  -2.5250000e+01  -1.3231160e+06
  -2.5200000e+01  -1.2481250e+06
  -2.5150000e+01  -1.1717305e+06
  -2.5100000e+01  -1.0939360e+06
  -2.5050000e+01  -1.0147453e+06
  -2.5000000e+01  -9.3416225e+05
  -2.4950000e+01  -8.5219101e+05
  -2.4900000e+01  -7.6883594e+05
  -2.4850000e+01  -6.8410154e+05
  -2.4800000e+01  -5.9799250e+05
  -2.4750000e+01  -5.1051365e+05
  -2.4700000e+01  -4.2166994e+05
  -2.4650000e+01  -3.3146644e+05
  -2.4600000e+01  -2.3990835e+05
  -2.4550000e+01  -1.4700097e+05
  -2.4500000e+01  -5.2749702e+04
  -2.4450000e+01   4.2839958e+04
  -2.4400000e+01   1.3976241e+05
  -2.4350000e+01   2.3801196e+05
  -2.4300000e+01   3.3758281e+05
  -2.4250000e+01   4.3846906e+05
  -2.4200000e+01   5.4066469e+05
  -2.4150000e+01   6.4416356e+05
  -2.4100000e+01   7.4895939e+05
  -2.4050000e+01   8.5504577e+05
  -2.4000000e+01   9.6241610e+05
  -2.3950000e+01   1.0710636e+06
  -2.3900000e+01   1.1809813e+06
  -2.3850000e+01   1.2921620e+06
  -2.3800000e+01   1.4045982e+06
  -2.3750000e+01   1.5182823e+06
  -2.3700000e+01   1.6332060e+06
  -2.3650000e+01   1.7493611e+06
  -2.3600000e+01   1.8667388e+06
  -2.3550000e+01   1.9853299e+06
  -2.3500000e+01   2.1051247e+06
  -2.3450000e+01   2.2261131e+06
  -2.3400000e+01   2.3482845e+06
  -2.3350000e+01   2.4716276e+06
  -2.3300000e+01   2.5961306e+06
  -2.3250000e+01   2.7217808e+06
  -2.3200000e+01   2.8485651e+06
  -2.3150000e+01   2.9764694e+06
  -2.3100000e+01   3.1054788e+06
  -2.3050000e+01   3.2355777e+06
  -2.3000000e+01   3.3667494e+06
  -2.2950000e+01   3.4989762e+06
  -2.2900000e+01   3.6322395e+06
  -2.2850000e+01   3.7665194e+06
  -2.2800000e+01   3.9017950e+06
  -2.2750000e+01   4.0380443e+06
  -2.2700000e+01   4.1752437e+06
  -2.2650000e+01   4.3133685e+06
  -2.2600000e+01   4.4523926e+06
  -2.2550000e+01   4.5922885e+06
  -2.2500000e+01   4.7330270e+06
  -2.2450000e+01   4.8745775e+06
  -2.2400000e+01   5.0169078e+06
  -2.2350000e+01   5.1599839e+06
  -2.2300000e+01   5.3037703e+06
  -2.2250000e+01   5.4482295e+06
  -2.2200000e+01   5.5933223e+06
  -2.2150000e+01   5.7390076e+06
  -2.2100000e+01   5.8852424e+06
  -2.2050000e+01   6.0319816e+06
  -2.2000000e+01   6.1791783e+06
  -2.1950000e+01   6.3267833e+06
  -2.1900000e+01   6.4747457e+06
  -2.1850000e+01   6.6230120e+06
  -2.1800000e+01   6.7715269e+06
  -2.1750000e+01   6.9202327e+06
  -2.1700000e+01   7.0690697e+06
  -2.1650000e+01   7.2179757e+06
  -2.1600000e+01   7.3668865e+06
  -2.1550000e+01   7.5157355e+06
  -2.1500000e+01   7.6644538e+06
  -2.1450000e+01   7.8129703e+06
  -2.1400000e+01   7.9612115e+06
  -2.1350000e+01   8.1091018e+06
  -2.1300000e+01   8.2565632e+06
  -2.1250000e+01   8.4035153e+06
  -2.1200000e+01   8.5498758e+06
  -2.1150000e+01   8.6955598e+06
  -2.1100000e+01   8.8404805e+06
  -2.1050000e+01   8.9845487e+06
  -2.1000000e+01   9.1276732e+06
  -2.0950000e+01   9.2697607e+06
  -2.0900000e+01   9.4107159e+06
  -2.0850000e+01   9.5504413e+06
  -2.0800000e+01   9.6888377e+06
  -2.0750000e+01   9.8258039e+06
  -2.0700000e+01   9.9612371e+06
  -2.0650000e+01   1.0095033e+07
  -2.0600000e+01   1.0227084e+07
  -2.0550000e+01   1.0357284e+07
  -2.0500000e+01   1.0485522e+07
  -2.0450000e+01   1.0611689e+07
  -2.0400000e+01   1.0735672e+07
  -2.0350000e+01   1.0857359e+07
  -2.0300000e+01   1.0976635e+07
  -2.0250000e+01   1.1093385e+07
  -2.0200000e+01   1.1207494e+07
  -2.0150000e+01   1.1318846e+07
  -2.0100000e+01   1.1427323e+07
  -2.0050000e+01   1.1532808e+07
  -2.0000000e+01   1.1635184e+07
  -1.9950000e+01   1.1734334e+07
  -1.9900000e+01   1.1830140e+07
  -1.9850000e+01   1.1922485e+07
  -1.9800000e+01   1.2011252e+07
  -1.9750000e+01   1.2096325e+07
  -1.9700000e+01   1.2177589e+07
  -1.9650000e+01   1.2254930e+07
  -1.9600000e+01   1.2328234e+07
  -1.9550000e+01   1.2397390e+07
  -1.9500000e+01   1.2462286e+07
  -1.9450000e+01   1.2522815e+07
  -1.9400000e+01   1.2578870e+07
  -1.9350000e+01   1.2630345e+07
  -1.9300000e+01   1.2677139e+07
  -1.9250000e+01   1.2719151e+07
  -1.9200000e+01   1.2756284e+07
  -1.9150000e+01   1.2788444e+07
  -1.9100000e+01   1.2815539e+07
  -1.9050000e+01   1.2837481e+07
  -1.9000000e+01   1.2854186e+07
  -1.8950000e+01   1.2865573e+07
  -1.8900000e+01   1.2871564e+07
  -1.8850000e+01   1.2872088e+07
  -1.8800000e+01   1.2867074e+07
  -1.8750000e+01   1.2856459e+07
  -1.8700000e+01   1.2840184e+07
  -1.8650000e+01   1.2818193e+07
  -1.8600000e+01   1.2790438e+07
  -1.8550000e+01   1.2756873e+07
  -1.8500000e+01   1.2717460e+07
  -1.8450000e+01   1.2672165e+07
  -1.8400000e+01   1.2620960e+07
  -1.8350000e+01   1.2563824e+07
  -1.8300000e+01   1.2500741e+07
  -1.8250000e+01   1.2431701e+07
  -1.8200000e+01   1.2356702e+07
  -1.8150000e+01   1.2275746e+07
  -1.8100000e+01   1.2188843e+07
  -1.8050000e+01   1.2096011e+07
  -1.8000000e+01   1.1997273e+07
  -1.7950000e+01   1.1892659e+07
  -1.7900000e+01   1.1782208e+07
  -1.7850000e+01   1.1665963e+07
  -1.7800000e+01   1.1543978e+07
  -1.7750000e+01   1.1416312e+07
  -1.7700000e+01   1.1283031e+07
  -1.7650000e+01   1.1144210e+07
  -1.7600000e+01   1.0999931e+07
  -1.7550000e+01   1.0850282e+07
  -1.7500000e+01   1.0695362e+07
  -1.7450000e+01   1.0535273e+07
  -1.7400000e+01   1.0370129e+07
  -1.7350000e+01   1.0200049e+07
  -1.7300000e+01   1.0025159e+07
  -1.7250000e+01   9.8455949e+06
  -1.7200000e+01   9.6614972e+06
  -1.7150000e+01   9.4730156e+06
  -1.7100000e+01   9.2803066e+06
  -1.7050000e+01   9.0835338e+06
  -1.7000000e+01   8.8828677e+06
  -1.6950000e+01   8.6784861e+06
  -1.6900000e+01   8.4705735e+06
  -1.6850000e+01   8.2593209e+06
  -1.6800000e+01   8.0449260e+06
  -1.6750000e+01   7.8275927e+06
  -1.6700000e+01   7.6075314e+06
  -1.6650000e+01   7.3849580e+06
  -1.6600000e+01   7.1600945e+06
  -1.6550000e+01   6.9331683e+06
  -1.6500000e+01   6.7044121e+06
  -1.6450000e+01   6.4740638e+06
  -1.6400000e+01   6.2423659e+06
  -1.6350000e+01   6.0095655e+06
  -1.6300000e+01   5.7759139e+06
  -1.6250000e+01   5.5416664e+06
  -1.6200000e+01   5.3070819e+06
  -1.6150000e+01   5.0724226e+06
  -1.6100000e+01   4.8379536e+06
  -1.6050000e+01   4.6039427e+06
  -1.6000000e+01   4.3706600e+06
  -1.5950000e+01   4.1383775e+06
  -1.5900000e+01   3.9073687e+06
  -1.5850000e+01   3.6779083e+06
  -1.5800000e+01   3.4502716e+06
  -1.5750000e+01   3.2247346e+06
  -1.5700000e+01   3.0015729e+06
  -1.5650000e+01   2.7810619e+06
  -1.5600000e+01   2.5634759e+06
  -1.5550000e+01   2.3490880e+06
  -1.5500000e+01   2.1381696e+06
  -1.5450000e+01   1.9309899e+06
  -1.5400000e+01   1.7278153e+06
  -1.5350000e+01   1.5289094e+06
  -1.5300000e+01   1.3345320e+06
  -1.5250000e+01   1.1449391e+06
  -1.5200000e+01   9.6038219e+05
  -1.5150000e+01   7.8110781e+05
  -1.5100000e+01   6.0735723e+05
  -1.5050000e+01   4.3936583e+05
  -1.5000000e+01   2.7736277e+05
  -1.4950000e+01   1.2157043e+05
  -1.4900000e+01  -2.7795972e+04
  -1.4850000e+01  -1.7052885e+05
  -1.4800000e+01  -3.0642873e+05
  -1.4750000e+01  -4.3530465e+05
  -1.4700000e+01  -5.5697461e+05
  -1.4650000e+01  -6.7126603e+05
  -1.4600000e+01  -7.7801614e+05
  -1.4550000e+01  -8.7707240e+05
  -1.4500000e+01  -9.6829296e+05
  -1.4450000e+01  -1.0515470e+06
  -1.4400000e+01  -1.1267151e+06
  -1.4350000e+01  -1.1936897e+06
  -1.4300000e+01  -1.2523756e+06
  -1.4250000e+01  -1.3026897e+06
  -1.4200000e+01  -1.3445623e+06
  -1.4150000e+01  -1.3779367e+06
  -1.4100000e+01  -1.4027695e+06
  -1.4050000e+01  -1.4190317e+06
  -1.4000000e+01  -1.4267078e+06
  -1.3950000e+01  -1.4257971e+06
  -1.3900000e+01  -1.4163135e+06
  -1.3850000e+01  -1.3982857e+06
  -1.3800000e+01  -1.3717574e+06
  -1.3750000e+01  -1.3367877e+06
  -1.3700000e+01  -1.2934511e+06
  -1.3650000e+01  -1.2418380e+06
  -1.3600000e+01  -1.1820541e+06
  -1.3550000e+01  -1.1142212e+06
  -1.3500000e+01  -1.0384773e+06
  -1.3450000e+01  -9.5497591e+05
  -1.3400000e+01  -8.6388707e+05
  -1.3350000e+01  -7.6539673e+05
  -1.3300000e+01  -6.5970697e+05
  -1.3250000e+01  -5.4703598e+05
  -1.3200000e+01  -4.2761796e+05
  -1.3150000e+01  -3.0170308e+05
  -1.3100000e+01  -1.6955740e+05
  -1.3050000e+01  -3.1462687e+04
  -1.3000000e+01   1.1228366e+05
  -1.2950000e+01   2.6136884e+05
  -1.2900000e+01   4.1546481e+05
  -1.2850000e+01   5.7422854e+05
  -1.2800000e+01   7.3730224e+05
  -1.2750000e+01   9.0431363e+05
  -1.2700000e+01   1.0748763e+06
  -1.2650000e+01   1.2485899e+06
  -1.2600000e+01   1.4250407e+06
  -1.2550000e+01   1.6038017e+06
  -1.2500000e+01   1.7844334e+06
  -1.2450000e+01   1.9664839e+06
  -1.2400000e+01   2.1494894e+06
  -1.2350000e+01   2.3329749e+06
  -1.2300000e+01   2.5164543e+06
  -1.2250000e+01   2.6994315e+06
  -1.2200000e+01   2.8814004e+06
  -1.2150000e+01   3.0618458e+06
  -1.2100000e+01   3.2402439e+06
  -1.2050000e+01   3.4160628e+06
  -1.2000000e+01   3.5887633e+06
  -1.1950000e+01   3.7577995e+06
  -1.1900000e+01   3.9226197e+06
  -1.1850000e+01   4.0826665e+06
  -1.1800000e+01   4.2373782e+06
  -1.1750000e+01   4.3861892e+06
  -1.1700000e+01   4.5285306e+06
  -1.1650000e+01   4.6638314e+06
  -1.1600000e+01   4.7915189e+06
  -1.1550000e+01   4.9110197e+06
  -1.1500000e+01   5.0217604e+06
  -1.1450000e+01   5.1231686e+06
  -1.1400000e+01   5.2146735e+06
  -1.1350000e+01   5.2957069e+06
  -1.1300000e+01   5.3657040e+06
  -1.1250000e+01   5.4241042e+06
  -1.1200000e+01   5.4703524e+06
  -1.1150000e+01   5.5038991e+06
  -1.1100000e+01   5.5242020e+06
  -1.1050000e+01   5.5307265e+06
  -1.1000000e+01   5.5229466e+06
  -1.0950000e+01   5.5003462e+06
  -1.0900000e+01   5.4624193e+06
  -1.0850000e+01   5.4086715e+06
  -1.0800000e+01   5.3386207e+06
  -1.0750000e+01   5.2517976e+06
  -1.0700000e+01   5.1477474e+06
  -1.0650000e+01   5.0260298e+06
  -1.0600000e+01   4.8862204e+06
  -1.0550000e+01   4.7279114e+06
  -1.0500000e+01   4.5507126e+06
  -1.0450000e+01   4.3542519e+06
  -1.0400000e+01   4.1381763e+06
  -1.0350000e+01   3.9021530e+06
  -1.0300000e+01   3.6458696e+06
  -1.0250000e+01   3.3690354e+06
  -1.0200000e+01   3.0713818e+06
  -1.0150000e+01   2.7526635e+06
  -1.0100000e+01   2.4126584e+06
  -1.0050000e+01   2.0511694e+06
  -1.0000000e+01   1.6680240e+06
  -9.9500000e+00   1.2630757e+06
  -9.9000000e+00   8.3620429e+05
  -9.8500000e+00   3.8731653e+05
  -9.8000000e+00  -8.3653295e+04
  -9.7500000e+00  -5.7674284e+05
  -9.7000000e+00  -1.0919612e+06
  -9.6500000e+00  -1.6292883e+06
  -9.6000000e+00  -2.1886746e+06
  -9.5500000e+00  -2.7700408e+06
  -9.5000000e+00  -3.3732771e+06
  -9.4500000e+00  -3.9982430e+06
  -9.4000000e+00  -4.6447671e+06
  -9.3500000e+00  -5.3126469e+06
  -9.3000000e+00  -6.0016481e+06
  -9.2500000e+00  -6.7115051e+06
  -9.2000000e+00  -7.4419201e+06
  -9.1500000e+00  -8.1925635e+06
  -9.1000000e+00  -8.9630737e+06
  -9.0500000e+00  -9.7530570e+06
  -9.0000000e+00  -1.0562087e+07
  -8.9500000e+00  -1.1389707e+07
  -8.9000000e+00  -1.2235426e+07
  -8.8500000e+00  -1.3098723e+07
  -8.8000000e+00  -1.3979045e+07
  -8.7500000e+00  -1.4875806e+07
  -8.7000000e+00  -1.5788391e+07
  -8.6500000e+00  -1.6716153e+07
  -8.6000000e+00  -1.7658415e+07
  -8.5500000e+00  -1.8614468e+07
  -8.5000000e+00  -1.9583576e+07
  -8.4500000e+00  -2.0564972e+07
  -8.4000000e+00  -2.1557861e+07
  -8.3500000e+00  -2.2561419e+07
  -8.3000000e+00  -2.3574795e+07
  -8.2500000e+00  -2.4597112e+07
  -8.2000000e+00  -2.5627464e+07
  -8.1500000e+00  -2.6664923e+07
  -8.1000000e+00  -2.7708534e+07
  -8.0500000e+00  -2.8757318e+07
  -8.0000000e+00  -2.9810274e+07
  -7.9500000e+00  -3.0866377e+07
  -7.9000000e+00  -3.1924584e+07
  -7.8500000e+00  -3.2983829e+07
  -7.8000000e+00  -3.4043027e+07
  -7.7500000e+00  -3.5101075e+07
  -7.7000000e+00  -3.6156853e+07
  -7.6500000e+00  -3.7209226e+07
  -7.6000000e+00  -3.8257041e+07
  -7.5500000e+00  -3.9299135e+07
  -7.5000000e+00  -4.0334329e+07
  -7.4500000e+00  -4.1361435e+07
  -7.4000000e+00  -4.2379254e+07
  -7.3500000e+00  -4.3386577e+07
  -7.3000000e+00  -4.4382191e+07
  -7.2500000e+00  -4.5364873e+07
  -7.2000000e+00  -4.6333398e+07
  -7.1500000e+00  -4.7286535e+07
  -7.1000000e+00  -4.8223052e+07
  -7.0500000e+00  -4.9141719e+07
  -7.0000000e+00  -5.0041302e+07
  -6.9500000e+00  -5.0920572e+07
  -6.9000000e+00  -5.1778304e+07
  -6.8500000e+00  -5.2613277e+07
  -6.8000000e+00  -5.3424278e+07
  -6.7500000e+00  -5.4210099e+07
  -6.7000000e+00  -5.4969546e+07
  -6.6500000e+00  -5.5701433e+07
  -6.6000000e+00  -5.6404586e+07
  -6.5500000e+00  -5.7077848e+07
  -6.5000000e+00  -5.7720075e+07
  -6.4500000e+00  -5.8330141e+07
  -6.4000000e+00  -5.8906938e+07
  -6.3500000e+00  -5.9449379e+07
  -6.3000000e+00  -5.9956397e+07
  -6.2500000e+00  -6.0426949e+07
  -6.2000000e+00  -6.0860015e+07
  -6.1500000e+00  -6.1254602e+07
  -6.1000000e+00  -6.1609744e+07
  -6.0500000e+00  -6.1924502e+07
  -6.0000000e+00  -6.2197968e+07
  -5.9500000e+00  -6.2429265e+07
  -5.9000000e+00  -6.2617549e+07
  -5.8500000e+00  -6.2762009e+07
  -5.8000000e+00  -6.2861869e+07
  -5.7500000e+00  -6.2916390e+07
  -5.7000000e+00  -6.2924869e+07
  -5.6500000e+00  -6.2886642e+07
  -5.6000000e+00  -6.2801087e+07
  -5.5500000e+00  -6.2667619e+07
  -5.5000000e+00  -6.2485698e+07
  -5.4500000e+00  -6.2254824e+07
  -5.4000000e+00  -6.1974544e+07
  -5.3500000e+00  -6.1644448e+07
  -5.3000000e+00  -6.1264170e+07
  -5.2500000e+00  -6.0833394e+07
  -5.2000000e+00  -6.0351848e+07
  -5.1500000e+00  -5.9819309e+07
  -5.1000000e+00  -5.9235603e+07
  -5.0500000e+00  -5.8600606e+07
  -5.0000000e+00  -5.7914241e+07
  -4.9500000e+00  -5.7176485e+07
  -4.9000000e+00  -5.6387362e+07
  -4.8500000e+00  -5.5546951e+07
  -4.8000000e+00  -5.4655379e+07
  -4.7500000e+00  -5.3712827e+07
  -4.7000000e+00  -5.2719529e+07
  -4.6500000e+00  -5.1675768e+07
  -4.6000000e+00  -5.0581883e+07
  -4.5500000e+00  -4.9438262e+07
  -4.5000000e+00  -4.8245349e+07
  -4.4500000e+00  -4.7003638e+07
  -4.4000000e+00  -4.5713676e+07
  -4.3500000e+00  -4.4376062e+07
  -4.3000000e+00  -4.2991448e+07
  -4.2500000e+00  -4.1560535e+07
  -4.2000000e+00  -4.0084078e+07
  -4.1500000e+00  -3.8562882e+07
  -4.1000000e+00  -3.6997800e+07
  -4.0500000e+00  -3.5389739e+07
  -4.0000000e+00  -3.3739651e+07
  -3.9500000e+00  -3.2048540e+07
  -3.9000000e+00  -3.0317454e+07
  -3.8500000e+00  -2.8547493e+07
  -3.8000000e+00  -2.6739797e+07
  -3.7500000e+00  -2.4895557e+07
  -3.7000000e+00  -2.3016005e+07
  -3.6500000e+00  -2.1102417e+07
  -3.6000000e+00  -1.9156111e+07
  -3.5500000e+00  -1.7178447e+07
  -3.5000000e+00  -1.5170823e+07
  -3.4500000e+00  -1.3134679e+07
  -3.4000000e+00  -1.1071488e+07
  -3.3500000e+00  -8.9827638e+06
  -3.3000000e+00  -6.8700511e+06
  -3.2500000e+00  -4.7349297e+06
  -3.2000000e+00  -2.5790111e+06
  -3.1500000e+00  -4.0393672e+05
  -3.1000000e+00   1.7886228e+06
  -3.0500000e+00   3.9969700e+06
  -3.0000000e+00   6.2193816e+06
  -2.9500000e+00   8.4541105e+06
  -2.9000000e+00   1.0699387e+07
  -2.8500000e+00   1.2953423e+07
  -2.8000000e+00   1.5214407e+07
  -2.7500000e+00   1.7480517e+07
  -2.7000000e+00   1.9749910e+07
  -2.6500000e+00   2.2020732e+07
  -2.6000000e+00   2.4291120e+07
  -2.5500000e+00   2.6559198e+07
  -2.5000000e+00   2.8823083e+07
  -2.4500000e+00   3.1080888e+07
  -2.4000000e+00   3.3330720e+07
  -2.3500000e+00   3.5570686e+07
  -2.3000000e+00   3.7798893e+07
  -2.2500000e+00   4.0013448e+07
  -2.2000000e+00   4.2212464e+07
  -2.1500000e+00   4.4394061e+07
  -2.1000000e+00   4.6556364e+07
  -2.0500000e+00   4.8697509e+07
  -2.0000000e+00   5.0815645e+07
  -1.9500000e+00   5.2908935e+07
  -1.9000000e+00   5.4975555e+07
  -1.8500000e+00   5.7013702e+07
  -1.8000000e+00   5.9021591e+07
  -1.7500000e+00   6.0997458e+07
  -1.7000000e+00   6.2939565e+07
  -1.6500000e+00   6.4846195e+07
  -1.6000000e+00   6.6715662e+07
  -1.5500000e+00   6.8546306e+07
  -1.5000000e+00   7.0336501e+07
  -1.4500000e+00   7.2084651e+07
  -1.4000000e+00   7.3789193e+07
  -1.3500000e+00   7.5448604e+07
  -1.3000000e+00   7.7061394e+07
  -1.2500000e+00   7.8626115e+07
  -1.2000000e+00   8.0141360e+07
  -1.1500000e+00   8.1605761e+07
  -1.1000000e+00   8.3017996e+07
  -1.0500000e+00   8.4376789e+07
  -1.0000000e+00   8.5680909e+07
  -9.5000000e-01   8.6929174e+07
  -9.0000000e-01   8.8120449e+07
  -8.5000000e-01   8.9253651e+07
  -8.0000000e-01   9.0327750e+07
  -7.5000000e-01   9.1341765e+07
  -7.0000000e-01   9.2294773e+07
  -6.5000000e-01   9.3185904e+07
  -6.0000000e-01   9.4014341e+07
  -5.5000000e-01   9.4779329e+07
  -5.0000000e-01   9.5480167e+07
  -4.5000000e-01   9.6116212e+07
  -4.0000000e-01   9.6686882e+07
  -3.5000000e-01   9.7191654e+07
  -3.0000000e-01   9.7630064e+07
  -2.5000000e-01   9.8001710e+07
  -2.0000000e-01   9.8306251e+07
  -1.5000000e-01   9.8543407e+07
  -1.0000000e-01   9.8712960e+07
  -5.0000000e-02   9.8814754e+07
   0.0000000e+00   9.8848695e+07
   5.0000000e-02   9.8814754e+07
   1.0000000e-01   9.8712960e+07
   1.5000000e-01   9.8543407e+07
   2.0000000e-01   9.8306251e+07
   2.5000000e-01   9.8001710e+07
   3.0000000e-01   9.7630064e+07
   3.5000000e-01   9.7191654e+07
   4.0000000e-01   9.6686882e+07
   4.5000000e-01   9.6116212e+07
   5.0000000e-01   9.5480167e+07
   5.5000000e-01   9.4779329e+07
   6.0000000e-01   9.4014341e+07
   6.5000000e-01   9.3185904e+07
   7.0000000e-01   9.2294773e+07
   7.5000000e-01   9.1341765e+07
   8.0000000e-01   9.0327750e+07
   8.5000000e-01   8.9253651e+07
   9.0000000e-01   8.8120449e+07
   9.5000000e-01   8.6929174e+07
   1.0000000e+00   8.5680909e+07
   1.0500000e+00   8.4376789e+07
   1.1000000e+00   8.3017996e+07
   1.1500000e+00   8.1605761e+07
   1.2000000e+00   8.0141360e+07
   1.2500000e+00   7.8626115e+07
   1.3000000e+00   7.7061394e+07
   1.3500000e+00   7.5448604e+07
   1.4000000e+00   7.3789193e+07
   1.4500000e+00   7.2084651e+07
   1.5000000e+00   7.0336501e+07
   1.5500000e+00   6.8546306e+07
   1.6000000e+00   6.6715662e+07
   1.6500000e+00   6.4846195e+07
   1.7000000e+00   6.2939565e+07
   1.7500000e+00   6.0997458e+07
   1.8000000e+00   5.9021591e+07
   1.8500000e+00   5.7013702e+07
   1.9000000e+00   5.4975555e+07
   1.9500000e+00   5.2908935e+07
   2.0000000e+00   5.0815645e+07
   2.0500000e+00   4.8697509e+07
   2.1000000e+00   4.6556364e+07
   2.1500000e+00   4.4394061e+07
   2.2000000e+00   4.2212464e+07
   2.2500000e+00   4.0013448e+07
   2.3000000e+00   3.7798893e+07
   2.3500000e+00   3.5570686e+07
   2.4000000e+00   3.3330720e+07
   2.4500000e+00   3.1080888e+07
   2.5000000e+00   2.8823083e+07
   2.5500000e+00   2.6559198e+07
   2.6000000e+00   2.4291120e+07
   2.6500000e+00   2.2020732e+07
   2.7000000e+00   1.9749910e+07
   2.7500000e+00   1.7480517e+07
   2.8000000e+00   1.5214407e+07
   2.8500000e+00   1.2953423e+07
   2.9000000e+00   1.0699387e+07
   2.9500000e+00   8.4541105e+06
   3.0000000e+00   6.2193816e+06
   3.0500000e+00   3.9969700e+06
   3.1000000e+00   1.7886228e+06
   3.1500000e+00  -4.0393672e+05
   3.2000000e+00  -2.5790111e+06
   3.2500000e+00  -4.7349297e+06
   3.3000000e+00  -6.8700511e+06
   3.3500000e+00  -8.9827638e+06
   3.4000000e+00  -1.1071488e+07
   3.4500000e+00  -1.3134679e+07
   3.5000000e+00  -1.5170823e+07
   3.5500000e+00  -1.7178447e+07
   3.6000000e+00  -1.9156111e+07
   3.6500000e+00  -2.1102417e+07
   3.7000000e+00  -2.3016005e+07
   3.7500000e+00  -2.4895557e+07
   3.8000000e+00  -2.6739797e+07
   3.8500000e+00  -2.8547493e+07
   3.9000000e+00  -3.0317454e+07
   3.9500000e+00  -3.2048540e+07
   4.0000000e+00  -3.3739651e+07
   4.0500000e+00  -3.5389739e+07
   4.1000000e+00  -3.6997800e+07
   4.1500000e+00  -3.8562882e+07
   4.2000000e+00  -4.0084078e+07
   4.2500000e+00  -4.1560535e+07
   4.3000000e+00  -4.2991448e+07
   4.3500000e+00  -4.4376062e+07
   4.4000000e+00  -4.5713676e+07
   4.4500000e+00  -4.7003638e+07
   4.5000000e+00  -4.8245349e+07
   4.5500000e+00  -4.9438262e+07
   4.6000000e+00  -5.0581883e+07
   4.6500000e+00  -5.1675768e+07
   4.7000000e+00  -5.2719529e+07
   4.7500000e+00  -5.3712827e+07
   4.8000000e+00  -5.4655379e+07
   4.8500000e+00  -5.5546951e+07
   4.9000000e+00  -5.6387362e+07
   4.9500000e+00  -5.7176485e+07
   5.0000000e+00  -5.7914241e+07
   5.0500000e+00  -5.8600606e+07
   5.1000000e+00  -5.9235603e+07
   5.1500000e+00  -5.9819309e+07
   5.2000000e+00  -6.0351848e+07
   5.2500000e+00  -6.0833394e+07
   5.3000000e+00  -6.1264170e+07
   5.3500000e+00  -6.1644448e+07
   5.4000000e+00  -6.1974544e+07
   5.4500000e+00  -6.2254824e+07
   5.5000000e+00  -6.2485698e+07
   5.5500000e+00  -6.2667619e+07
   5.6000000e+00  -6.2801087e+07
   5.6500000e+00  -6.2886642e+07
   5.7000000e+00  -6.2924869e+07
   5.7500000e+00  -6.2916390e+07
   5.8000000e+00  -6.2861869e+07
   5.8500000e+00  -6.2762009e+07
   5.9000000e+00  -6.2617549e+07
   5.9500000e+00  -6.2429265e+07
   6.0000000e+00  -6.2197968e+07
   6.0500000e+00  -6.1924502e+07
   6.1000000e+00  -6.1609744e+07
   6.1500000e+00  -6.1254602e+07
   6.2000000e+00  -6.0860015e+07
   6.2500000e+00  -6.0426949e+07
   6.3000000e+00  -5.9956397e+07
   6.3500000e+00  -5.9449379e+07
   6.4000000e+00  -5.8906938e+07
   6.4500000e+00  -5.8330141e+07
   6.5000000e+00  -5.7720075e+07
   6.5500000e+00  -5.7077848e+07
   6.6000000e+00  -5.6404586e+07
   6.6500000e+00  -5.5701433e+07
   6.7000000e+00  -5.4969546e+07
   6.7500000e+00  -5.4210099e+07
   6.8000000e+00  -5.3424278e+07
   6.8500000e+00  -5.2613277e+07
   6.9000000e+00  -5.1778304e+07
   6.9500000e+00  -5.0920572e+07
   7.0000000e+00  -5.0041302e+07
   7.0500000e+00  -4.9141719e+07
   7.1000000e+00  -4.8223052e+07
   7.1500000e+00  -4.7286535e+07
   7.2000000e+00  -4.6333398e+07
   7.2500000e+00  -4.5364873e+07
   7.3000000e+00  -4.4382191e+07
   7.3500000e+00  -4.3386577e+07
   7.4000000e+00  -4.2379254e+07
   7.4500000e+00  -4.1361435e+07
   7.5000000e+00  -4.0334329e+07
   7.5500000e+00  -3.9299135e+07
   7.6000000e+00  -3.8257041e+07
   7.6500000e+00  -3.7209226e+07
   7.7000000e+00  -3.6156853e+07
   7.7500000e+00  -3.5101075e+07
   7.8000000e+00  -3.4043027e+07
   7.8500000e+00  -3.2983829e+07
   7.9000000e+00  -3.1924584e+07
   7.9500000e+00  -3.0866377e+07
   8.0000000e+00  -2.9810274e+07
   8.0500000e+00  -2.8757318e+07
   8.1000000e+00  -2.7708534e+07
   8.1500000e+00  -2.6664923e+07
   8.2000000e+00  -2.5627464e+07
   8.2500000e+00  -2.4597112e+07
   8.3000000e+00  -2.3574795e+07
   8.3500000e+00  -2.2561419e+07
   8.4000000e+00  -2.1557861e+07
   8.4500000e+00  -2.0564972e+07
   8.5000000e+00  -1.9583576e+07
   8.5500000e+00  -1.8614468e+07
   8.6000000e+00  -1.7658415e+07
   8.6500000e+00  -1.6716153e+07
   8.7000000e+00  -1.5788391e+07
   8.7500000e+00  -1.4875806e+07
   8.8000000e+00  -1.3979045e+07
   8.8500000e+00  -1.3098723e+07
   8.9000000e+00  -1.2235426e+07
   8.9500000e+00  -1.1389707e+07
   9.0000000e+00  -1.0562087e+07
   9.0500000e+00  -9.7530570e+06
   9.1000000e+00  -8.9630737e+06
   9.1500000e+00  -8.1925635e+06
   9.2000000e+00  -7.4419201e+06
   9.2500000e+00  -6.7115051e+06
   9.3000000e+00  -6.0016481e+06
   9.3500000e+00  -5.3126469e+06
   9.4000000e+00  -4.6447671e+06
   9.4500000e+00  -3.9982430e+06
   9.5000000e+00  -3.3732771e+06
   9.5500000e+00  -2.7700408e+06
   9.6000000e+00  -2.1886746e+06
   9.6500000e+00  -1.6292883e+06
   9.7000000e+00  -1.0919612e+06
   9.7500000e+00  -5.7674284e+05
   9.8000000e+00  -8.3653295e+04
   9.8500000e+00   3.8731653e+05
   9.9000000e+00   8.3620429e+05
   9.9500000e+00   1.2630757e+06
   1.0000000e+01   1.6680240e+06
   1.0050000e+01   2.0511694e+06
   1.0100000e+01   2.4126584e+06
   1.0150000e+01   2.7526635e+06
   1.0200000e+01   3.0713818e+06
   1.0250000e+01   3.3690354e+06
   1.0300000e+01   3.6458696e+06
   1.0350000e+01   3.9021530e+06
   1.0400000e+01   4.1381763e+06
   1.0450000e+01   4.3542519e+06
   1.0500000e+01   4.5507126e+06
   1.0550000e+01   4.7279114e+06
   1.0600000e+01   4.8862204e+06
   1.0650000e+01   5.0260298e+06
   1.0700000e+01   5.1477474e+06
   1.0750000e+01   5.2517976e+06
   1.0800000e+01   5.3386207e+06
   1.0850000e+01   5.4086715e+06
   1.0900000e+01   5.4624193e+06
   1.0950000e+01   5.5003462e+06
   1.1000000e+01   5.5229466e+06
   1.1050000e+01   5.5307265e+06
   1.1100000e+01   5.5242020e+06
   1.1150000e+01   5.5038991e+06
   1.1200000e+01   5.4703524e+06
   1.1250000e+01   5.4241042e+06
   1.1300000e+01   5.3657040e+06
   1.1350000e+01   5.2957069e+06
   1.1400000e+01   5.2146735e+06
   1.1450000e+01   5.1231686e+06
   1.1500000e+01   5.0217604e+06
   1.1550000e+01   4.9110197e+06
   1.1600000e+01   4.7915189e+06
   1.1650000e+01   4.6638314e+06
   1.1700000e+01   4.5285306e+06
   1.1750000e+01   4.3861892e+06
   1.1800000e+01   4.2373782e+06
   1.1850000e+01   4.0826665e+06
   1.1900000e+01   3.9226197e+06
   1.1950000e+01   3.7577995e+06
   1.2000000e+01   3.5887633e+06
   1.2050000e+01   3.4160628e+06
   1.2100000e+01   3.2402439e+06
   1.2150000e+01   3.0618458e+06
   1.2200000e+01   2.8814004e+06
   1.2250000e+01   2.6994315e+06
   1.2300000e+01   2.5164543e+06
   1.2350000e+01   2.3329749e+06
   1.2400000e+01   2.1494894e+06
   1.2450000e+01   1.9664839e+06
   1.2500000e+01   1.7844334e+06
   1.2550000e+01   1.6038017e+06
   1.2600000e+01   1.4250407e+06
   1.2650000e+01   1.2485899e+06
   1.2700000e+01   1.0748763e+06
   1.2750000e+01   9.0431363e+05
   1.2800000e+01   7.3730224e+05
   1.2850000e+01   5.7422854e+05
   1.2900000e+01   4.1546481e+05
   1.2950000e+01   2.6136884e+05
   1.3000000e+01   1.1228366e+05
   1.3050000e+01  -3.1462687e+04
   1.3100000e+01  -1.6955740e+05
   1.3150000e+01  -3.0170308e+05
   1.3200000e+01  -4.2761796e+05
   1.3250000e+01  -5.4703598e+05
   1.3300000e+01  -6.5970697e+05
   1.3350000e+01  -7.6539673e+05
   1.3400000e+01  -8.6388707e+05
   1.3450000e+01  -9.5497591e+05
   1.3500000e+01  -1.0384773e+06
   1.3550000e+01  -1.1142212e+06
   1.3600000e+01  -1.1820541e+06
   1.3650000e+01  -1.2418380e+06
   1.3700000e+01  -1.2934511e+06
   1.3750000e+01  -1.3367877e+06
   1.3800000e+01  -1.3717574e+06
   1.3850000e+01  -1.3982857e+06
   1.3900000e+01  -1.4163135e+06
   1.3950000e+01  -1.4257971e+06
   1.4000000e+01  -1.4267078e+06
   1.4050000e+01  -1.4190317e+06
   1.4100000e+01  -1.4027695e+06
   1.4150000e+01  -1.3779367e+06
   1.4200000e+01  -1.3445623e+06
   1.4250000e+01  -1.3026897e+06
   1.4300000e+01  -1.2523756e+06
   1.4350000e+01  -1.1936897e+06
   1.4400000e+01  -1.1267151e+06
   1.4450000e+01  -1.0515470e+06
   1.4500000e+01  -9.6829296e+05
   1.4550000e+01  -8.7707240e+05
   1.4600000e+01  -7.7801614e+05
   1.4650000e+01  -6.7126603e+05
   1.4700000e+01  -5.5697461e+05
   1.4750000e+01  -4.3530465e+05
   1.4800000e+01  -3.0642873e+05
   1.4850000e+01  -1.7052885e+05
   1.4900000e+01  -2.7795972e+04
   1.4950000e+01   1.2157043e+05
   1.5000000e+01   2.7736277e+05
   1.5050000e+01   4.3936583e+05
   1.5100000e+01   6.0735723e+05
   1.5150000e+01   7.8110781e+05
   1.5200000e+01   9.6038219e+05
   1.5250000e+01   1.1449391e+06
   1.5300000e+01   1.3345320e+06
   1.5350000e+01   1.5289094e+06
   1.5400000e+01   1.7278153e+06
   1.5450000e+01   1.9309899e+06
   1.5500000e+01   2.1381696e+06
   1.5550000e+01   2.3490880e+06
   1.5600000e+01   2.5634759e+06
   1.5650000e+01   2.7810619e+06
   1.5700000e+01   3.0015729e+06
   1.5750000e+01   3.2247346e+06
   1.5800000e+01   3.4502716e+06
   1.5850000e+01   3.6779083e+06
   1.5900000e+01   3.9073687e+06
   1.5950000e+01   4.1383775e+06
   1.6000000e+01   4.3706600e+06
   1.6050000e+01   4.6039427e+06
   1.6100000e+01   4.8379536e+06
   1.6150000e+01   5.0724226e+06
   1.6200000e+01   5.3070819e+06
   1.6250000e+01   5.5416664e+06
   1.6300000e+01   5.7759139e+06
   1.6350000e+01   6.0095655e+06
   1.6400000e+01   6.2423659e+06
   1.6450000e+01   6.4740638e+06
   1.6500000e+01   6.7044121e+06
   1.6550000e+01   6.9331683e+06
   1.6600000e+01   7.1600945e+06
   1.6650000e+01   7.3849580e+06
   1.6700000e+01   7.6075314e+06
   1.6750000e+01   7.8275927e+06
   1.6800000e+01   8.0449260e+06
   1.6850000e+01   8.2593209e+06
   1.6900000e+01   8.4705735e+06
   1.6950000e+01   8.6784861e+06
   1.7000000e+01   8.8828677e+06
   1.7050000e+01   9.0835338e+06
   1.7100000e+01   9.2803066e+06
   1.7150000e+01   9.4730156e+06
   1.7200000e+01   9.6614972e+06
   1.7250000e+01   9.8455949e+06
   1.7300000e+01   1.0025159e+07
   1.7350000e+01   1.0200049e+07
   1.7400000e+01   1.0370129e+07
   1.7450000e+01   1.0535273e+07
   1.7500000e+01   1.0695362e+07
   1.7550000e+01   1.0850282e+07
   1.7600000e+01   1.0999931e+07
   1.7650000e+01   1.1144210e+07
   1.7700000e+01   1.1283031e+07
   1.7750000e+01   1.1416312e+07
   1.7800000e+01   1.1543978e+07
   1.7850000e+01   1.1665963e+07
   1.7900000e+01   1.1782208e+07
   1.7950000e+01   1.1892659e+07
   1.8000000e+01   1.1997273e+07
   1.8050000e+01   1.2096011e+07
   1.8100000e+01   1.2188843e+07
   1.8150000e+01   1.2275746e+07
   1.8200000e+01   1.2356702e+07
   1.8250000e+01   1.2431701e+07
   1.8300000e+01   1.2500741e+07
   1.8350000e+01   1.2563824e+07
   1.8400000e+01   1.2620960e+07
   1.8450000e+01   1.2672165e+07
   1.8500000e+01   1.2717460e+07
   1.8550000e+01   1.2756873e+07
   1.8600000e+01   1.2790438e+07
   1.8650000e+01   1.2818193e+07
   1.8700000e+01   1.2840184e+07
   1.8750000e+01   1.2856459e+07
   1.8800000e+01   1.2867074e+07
   1.8850000e+01   1.2872088e+07
   1.8900000e+01   1.2871564e+07
   1.8950000e+01   1.2865573e+07
   1.9000000e+01   1.2854186e+07
   1.9050000e+01   1.2837481e+07
   1.9100000e+01   1.2815539e+07
   1.9150000e+01   1.2788444e+07
   1.9200000e+01   1.2756284e+07
   1.9250000e+01   1.2719151e+07
   1.9300000e+01   1.2677139e+07
   1.9350000e+01   1.2630345e+07
   1.9400000e+01   1.2578870e+07
   1.9450000e+01   1.2522815e+07
   1.9500000e+01   1.2462286e+07
   1.9550000e+01   1.2397390e+07
   1.9600000e+01   1.2328234e+07
   1.9650000e+01   1.2254930e+07
   1.9700000e+01   1.2177589e+07
   1.9750000e+01   1.2096325e+07
   1.9800000e+01   1.2011252e+07
   1.9850000e+01   1.1922485e+07
   1.9900000e+01   1.1830140e+07
   1.9950000e+01   1.1734334e+07
   2.0000000e+01   1.1635184e+07
   2.0050000e+01   1.1532808e+07
   2.0100000e+01   1.1427323e+07
   2.0150000e+01   1.1318846e+07
   2.0200000e+01   1.1207494e+07
   2.0250000e+01   1.1093385e+07
   2.0300000e+01   1.0976635e+07
   2.0350000e+01   1.0857359e+07
   2.0400000e+01   1.0735672e+07
   2.0450000e+01   1.0611689e+07
   2.0500000e+01   1.0485522e+07
   2.0550000e+01   1.0357284e+07
   2.0600000e+01   1.0227084e+07
   2.0650000e+01   1.0095033e+07
   2.0700000e+01   9.9612371e+06
   2.0750000e+01   9.8258039e+06
   2.0800000e+01   9.6888377e+06
   2.0850000e+01   9.5504413e+06
   2.0900000e+01   9.4107159e+06
   2.0950000e+01   9.2697607e+06
   2.1000000e+01   9.1276732e+06
   2.1050000e+01   8.9845487e+06
   2.1100000e+01   8.8404805e+06
   2.1150000e+01   8.6955598e+06
   2.1200000e+01   8.5498758e+06
   2.1250000e+01   8.4035153e+06
   2.1300000e+01   8.2565632e+06
   2.1350000e+01   8.1091018e+06
   2.1400000e+01   7.9612115e+06
   2.1450000e+01   7.8129703e+06
   2.1500000e+01   7.6644538e+06
   2.1550000e+01   7.5157355e+06
   2.1600000e+01   7.3668865e+06
   2.1650000e+01   7.2179757e+06
   2.1700000e+01   7.0690697e+06
   2.1750000e+01   6.9202327e+06
   2.1800000e+01   6.7715269e+06
   2.1850000e+01   6.6230120e+06
   2.1900000e+01   6.4747457e+06
   2.1950000e+01   6.3267833e+06
   2.2000000e+01   6.1791783e+06
   2.2050000e+01   6.0319816e+06
   2.2100000e+01   5.8852424e+06
   2.2150000e+01   5.7390076e+06
   2.2200000e+01   5.5933223e+06
   2.2250000e+01   5.4482295e+06
   2.2300000e+01   5.3037703e+06
   2.2350000e+01   5.1599839e+06
   2.2400000e+01   5.0169078e+06
   2.2450000e+01   4.8745775e+06
   2.2500000e+01   4.7330270e+06
   2.2550000e+01   4.5922885e+06
   2.2600000e+01   4.4523926e+06
   2.2650000e+01   4.3133685e+06
   2.2700000e+01   4.1752437e+06
   2.2750000e+01   4.0380443e+06
   2.2800000e+01   3.9017950e+06
   2.2850000e+01   3.7665194e+06
   2.2900000e+01   3.6322395e+06
   2.2950000e+01   3.4989762e+06
   2.3000000e+01   3.3667494e+06
   2.3050000e+01   3.2355777e+06
   2.3100000e+01   3.1054788e+06
   2.3150000e+01   2.9764694e+06
   2.3200000e+01   2.8485651e+06
   2.3250000e+01   2.7217808e+06
   2.3300000e+01   2.5961306e+06
   2.3350000e+01   2.4716276e+06
   2.3400000e+01   2.3482845e+06
   2.3450000e+01   2.2261131e+06
   2.3500000e+01   2.1051247e+06
   2.3550000e+01   1.9853299e+06
   2.3600000e+01   1.8667388e+06
   2.3650000e+01   1.7493611e+06
   2.3700000e+01   1.6332060e+06
   2.3750000e+01   1.5182823e+06
   2.3800000e+01   1.4045982e+06
   2.3850000e+01   1.2921620e+06
   2.3900000e+01   1.1809813e+06
   2.3950000e+01   1.0710636e+06
   2.4000000e+01   9.6241610e+05
   2.4050000e+01   8.5504577e+05
   2.4100000e+01   7.4895939e+05
   2.4150000e+01   6.4416356e+05
   2.4200000e+01   5.4066469e+05
   2.4250000e+01   4.3846906e+05
   2.4300000e+01   3.3758281e+05
   2.4350000e+01   2.3801196e+05
   2.4400000e+01   1.3976241e+05
   2.4450000e+01   4.2839958e+04
   2.4500000e+01  -5.2749702e+04
   2.4550000e+01  -1.4700097e+05
   2.4600000e+01  -2.3990835e+05
   2.4650000e+01  -3.3146644e+05
   2.4700000e+01  -4.2166994e+05
   2.4750000e+01  -5.1051365e+05
   2.4800000e+01  -5.9799250e+05
   2.4850000e+01  -6.8410154e+05
   2.4900000e+01  -7.6883594e+05
   2.4950000e+01  -8.5219101e+05
   2.5000000e+01  -9.3416225e+05
   2.5050000e+01  -1.0147453e+06
   2.5100000e+01  -1.0939360e+06
   2.5150000e+01  -1.1717305e+06
   2.5200000e+01  -1.2481250e+06
   2.5250000e+01  -1.3231160e+06
   2.5300000e+01  -1.3967004e+06
   2.5350000e+01  -1.4688752e+06
   2.5400000e+01  -1.5396379e+06
   2.5450000e+01  -1.6089862e+06
   2.5500000e+01  -1.6769183e+06
   2.5550000e+01  -1.7434325e+06
   2.5600000e+01  -1.8085280e+06
   2.5650000e+01  -1.8722040e+06
   2.5700000e+01  -1.9344604e+06
   2.5750000e+01  -1.9952974e+06
   2.5800000e+01  -2.0547159e+06
   2.5850000e+01  -2.1127174e+06
   2.5900000e+01  -2.1693037e+06
   2.5950000e+01  -2.2244774e+06
   2.6000000e+01  -2.2782416e+06
   2.6050000e+01  -2.3306003e+06
   2.6100000e+01  -2.3815578e+06
   2.6150000e+01  -2.4311193e+06
   2.6200000e+01  -2.4792906e+06
   2.6250000e+01  -2.5260785e+06
   2.6300000e+01  -2.5714902e+06
   2.6350000e+01  -2.6155340e+06
   2.6400000e+01  -2.6582186e+06
   2.6450000e+01  -2.6995538e+06
   2.6500000e+01  -2.7395503e+06
   2.6550000e+01  -2.7782193e+06
   2.6600000e+01  -2.8155730e+06
   2.6650000e+01  -2.8516246e+06
   2.6700000e+01  -2.8863880e+06
   2.6750000e+01  -2.9198780e+06
   2.6800000e+01  -2.9521104e+06
   2.6850000e+01  -2.9831016e+06
   2.6900000e+01  -3.0128691e+06
   2.6950000e+01  -3.0414313e+06
   2.7000000e+01  -3.0688074e+06
   2.7050000e+01  -3.0950174e+06
   2.7100000e+01  -3.1200824e+06
   2.7150000e+01  -3.1440242e+06
   2.7200000e+01  -3.1668654e+06
   2.7250000e+01  -3.1886296e+06
   2.7300000e+01  -3.2093412e+06
   2.7350000e+01  -3.2290252e+06
   2.7400000e+01  -3.2477077e+06
   2.7450000e+01  -3.2654154e+06
   2.7500000e+01  -3.2821757e+06
   2.7550000e+01  -3.2980170e+06
   2.7600000e+01  -3.3129680e+06
   2.7650000e+01  -3.3270585e+06
   2.7700000e+01  -3.3403186e+06
   2.7750000e+01  -3.3527793e+06
   2.7800000e+01  -3.3644719e+06
   2.7850000e+01  -3.3754286e+06
   2.7900000e+01  -3.3856817e+06
   2.7950000e+01  -3.3952644e+06
   2.8000000e+01  -3.4042099e+06
   2.8050000e+01  -3.4125522e+06
   2.8100000e+01  -3.4203255e+06
   2.8150000e+01  -3.4275642e+06
   2.8200000e+01  -3.4343031e+06
   2.8250000e+01  -3.4405773e+06
   2.8300000e+01  -3.4464218e+06
   2.8350000e+01  -3.4518720e+06
   2.8400000e+01  -3.4569632e+06
   2.8450000e+01  -3.4617309e+06
   2.8500000e+01  -3.4662104e+06
   2.8550000e+01  -3.4704370e+06
   2.8600000e+01  -3.4744461e+06
   2.8650000e+01  -3.4782725e+06
   2.8700000e+01  -3.4819510e+06
   2.8750000e+01  -3.4855163e+06
   2.8800000e+01  -3.4890024e+06
   2.8850000e+01  -3.4924433e+06
   2.8900000e+01  -3.4958722e+06
   2.8950000e+01  -3.4993221e+06
   2.9000000e+01  -3.5028252e+06
   2.9050000e+01  -3.5064135e+06
   2.9100000e+01  -3.5101179e+06
   2.9150000e+01  -3.5139689e+06
   2.9200000e+01  -3.5179962e+06
   2.9250000e+01  -3.5222287e+06
   2.9300000e+01  -3.5266945e+06
   2.9350000e+01  -3.5314206e+06
   2.9400000e+01  -3.5364334e+06
   2.9450000e+01  -3.5417580e+06
   2.9500000e+01  -3.5474188e+06
   2.9550000e+01  -3.5534390e+06
   2.9600000e+01  -3.5598404e+06
   2.9650000e+01  -3.5666442e+06
   2.9700000e+01  -3.5738701e+06
   2.9750000e+01  -3.5815365e+06
   2.9800000e+01  -3.5896607e+06
   2.9850000e+01  -3.5982588e+06
   2.9900000e+01  -3.6073453e+06
   2.9950000e+01  -3.6169337e+06
   3.0000000e+01  -3.6270359e+06
   3.0050000e+01  -3.6376624e+06
   3.0100000e+01  -3.6488223e+06
   3.0150000e+01  -3.6605234e+06
   3.0200000e+01  -3.6727719e+06
   3.0250000e+01  -3.6855726e+06
   3.0300000e+01  -3.6989287e+06
   3.0350000e+01  -3.7128421e+06
   3.0400000e+01  -3.7273129e+06
   3.0450000e+01  -3.7423400e+06
   3.0500000e+01  -3.7579206e+06
   3.0550000e+01  -3.7740503e+06
   3.0600000e+01  -3.7907235e+06
   3.0650000e+01  -3.8079327e+06
   3.0700000e+01  -3.8256692e+06
   3.0750000e+01  -3.8439226e+06
   3.0800000e+01  -3.8626810e+06
   3.0850000e+01  -3.8819312e+06
   3.0900000e+01  -3.9016584e+06
   3.0950000e+01  -3.9218464e+06
   3.1000000e+01  -3.9424775e+06
   3.1050000e+01  -3.9635326e+06
   3.1100000e+01  -3.9849914e+06
   3.1150000e+01  -4.0068321e+06
   3.1200000e+01  -4.0290315e+06
   3.1250000e+01  -4.0515652e+06
   3.1300000e+01  -4.0744076e+06
   3.1350000e+01  -4.0975318e+06
   3.1400000e+01  -4.1209097e+06
   3.1450000e+01  -4.1445122e+06
   3.1500000e+01  -4.1683088e+06
   3.1550000e+01  -4.1922682e+06
   3.1600000e+01  -4.2163581e+06
   3.1650000e+01  -4.2405450e+06
   3.1700000e+01  -4.2647946e+06
   3.1750000e+01  -4.2890719e+06
   3.1800000e+01  -4.3133407e+06
   3.1850000e+01  -4.3375645e+06
   3.1900000e+01  -4.3617056e+06
   3.1950000e+01  -4.3857260e+06
   3.2000000e+01  -4.4095871e+06
   3.2050000e+01  -4.4332494e+06
   3.2100000e+01  -4.4566733e+06
   3.2150000e+01  -4.4798186e+06
   3.2200000e+01  -4.5026448e+06
   3.2250000e+01  -4.5251110e+06
   3.2300000e+01  -4.5471762e+06
   3.2350000e+01  -4.5687990e+06
   3.2400000e+01  -4.5899380e+06
   3.2450000e+01  -4.6105519e+06
   3.2500000e+01  -4.6305991e+06
   3.2550000e+01  -4.6500383e+06
   3.2600000e+01  -4.6688283e+06
   3.2650000e+01  -4.6869278e+06
   3.2700000e+01  -4.7042962e+06
   3.2750000e+01  -4.7208929e+06
   3.2800000e+01  -4.7366778e+06
   3.2850000e+01  -4.7516111e+06
   3.2900000e+01  -4.7656537e+06
   3.2950000e+01  -4.7787669e+06
   3.3000000e+01  -4.7909127e+06
   3.3050000e+01  -4.8020537e+06
   3.3100000e+01  -4.8121531e+06
   3.3150000e+01  -4.8211752e+06
   3.3200000e+01  -4.8290849e+06
   3.3250000e+01  -4.8358480e+06
   3.3300000e+01  -4.8414313e+06
   3.3350000e+01  -4.8458025e+06
   3.3400000e+01  -4.8489305e+06
   3.3450000e+01  -4.8507850e+06
   3.3500000e+01  -4.8513372e+06
   3.3550000e+01  -4.8505591e+06
   3.3600000e+01  -4.8484241e+06
   3.3650000e+01  -4.8449068e+06
   3.3700000e+01  -4.8399831e+06
   3.3750000e+01  -4.8336304e+06
   3.3800000e+01  -4.8258271e+06
   3.3850000e+01  -4.8165532e+06
   3.3900000e+01  -4.8057901e+06
   3.3950000e+01  -4.7935206e+06
   3.4000000e+01  -4.7797291e+06
   3.4050000e+01  -4.7644014e+06
   3.4100000e+01  -4.7475248e+06
   3.4150000e+01  -4.7290881e+06
   3.4200000e+01  -4.7090817e+06
   3.4250000e+01  -4.6874976e+06
   3.4300000e+01  -4.6643293e+06
   3.4350000e+01  -4.6395720e+06
   3.4400000e+01  -4.6132224e+06
   3.4450000e+01  -4.5852788e+06
   3.4500000e+01  -4.5557412e+06
   3.4550000e+01  -4.5246110e+06
   3.4600000e+01  -4.4918915e+06
   3.4650000e+01  -4.4575872e+06
   3.4700000e+01  -4.4217046e+06
   3.4750000e+01  -4.3842516e+06
   3.4800000e+01  -4.3452375e+06
   3.4850000e+01  -4.3046735e+06
   3.4900000e+01  -4.2625721e+06
   3.4950000e+01  -4.2189475e+06
   3.5000000e+01  -4.1738151e+06
   3.5050000e+01  -4.1271922e+06
   3.5100000e+01  -4.0790972e+06
   3.5150000e+01  -4.0295503e+06
   3.5200000e+01  -3.9785727e+06
   3.5250000e+01  -3.9261873e+06
   3.5300000e+01  -3.8724182e+06
   3.5350000e+01  -3.8172909e+06
   3.5400000e+01  -3.7608321e+06
   3.5450000e+01  -3.7030699e+06
   3.5500000e+01  -3.6440335e+06
   3.5550000e+01  -3.5837533e+06
   3.5600000e+01  -3.5222608e+06
   3.5650000e+01  -3.4595886e+06
   3.5700000e+01  -3.3957704e+06
   3.5750000e+01  -3.3308410e+06
   3.5800000e+01  -3.2648359e+06
   3.5850000e+01  -3.1977919e+06
   3.5900000e+01  -3.1297463e+06
   3.5950000e+01  -3.0607374e+06
   3.6000000e+01  -2.9908042e+06
   3.6050000e+01  -2.9199867e+06
   3.6100000e+01  -2.8483253e+06
   3.6150000e+01  -2.7758610e+06
   3.6200000e+01  -2.7026355e+06
   3.6250000e+01  -2.6286912e+06
   3.6300000e+01  -2.5540707e+06
   3.6350000e+01  -2.4788170e+06
   3.6400000e+01  -2.4029738e+06
   3.6450000e+01  -2.3265849e+06
   3.6500000e+01  -2.2496943e+06
   3.6550000e+01  -2.1723464e+06
   3.6600000e+01  -2.0945857e+06
   3.6650000e+01  -2.0164568e+06
   3.6700000e+01  -1.9380045e+06
   3.6750000e+01  -1.8592733e+06
   3.6800000e+01  -1.7803081e+06
   3.6850000e+01  -1.7011533e+06
   3.6900000e+01  -1.6218535e+06
   3.6950000e+01  -1.5424530e+06
   3.7000000e+01  -1.4629958e+06
   3.7050000e+01  -1.3835258e+06
   3.7100000e+01  -1.3040864e+06
   3.7150000e+01  -1.2247208e+06
   3.7200000e+01  -1.1454717e+06
   3.7250000e+01  -1.0663814e+06
   3.7300000e+01  -9.8749165e+05
   3.7350000e+01  -9.0884372e+05
   3.7400000e+01  -8.3047831e+05
   3.7450000e+01  -7.5243551e+05
   3.7500000e+01  -6.7475475e+05
   3.7550000e+01  -5.9747481e+05
   3.7600000e+01  -5.2063373e+05
   3.7650000e+01  -4.4426881e+05
   3.7700000e+01  -3.6841658e+05
   3.7750000e+01  -2.9311274e+05
   3.7800000e+01  -2.1839218e+05
   3.7850000e+01  -1.4428890e+05
   3.7900000e+01  -7.0836024e+04
   3.7950000e+01   1.9342470e+03
   3.8000000e+01   7.3990647e+04
   3.8050000e+01   1.4530287e+05
   3.8100000e+01   2.1584159e+05
   3.8150000e+01   2.8557849e+05
   3.8200000e+01   3.5448625e+05
   3.8250000e+01   4.2253858e+05
   3.8300000e+01   4.8971026e+05
   3.8350000e+01   5.5597709e+05
   3.8400000e+01   6.2131597e+05
   3.8450000e+01   6.8570485e+05
   3.8500000e+01   7.4912277e+05
   3.8550000e+01   8.1154987e+05
   3.8600000e+01   8.7296737e+05
   3.8650000e+01   9.3335759e+05
   3.8700000e+01   9.9270397e+05
   3.8750000e+01   1.0509910e+06
   3.8800000e+01   1.1082043e+06
   3.8850000e+01   1.1643307e+06
   3.8900000e+01   1.2193578e+06
   3.8950000e+01   1.2732746e+06
   3.9000000e+01   1.3260711e+06
   3.9050000e+01   1.3777382e+06
   3.9100000e+01   1.4282682e+06
   3.9150000e+01   1.4776542e+06
   3.9200000e+01   1.5258903e+06
   3.9250000e+01   1.5729718e+06
   3.9300000e+01   1.6188949e+06
   3.9350000e+01   1.6636569e+06
   3.9400000e+01   1.7072560e+06
   3.9450000e+01   1.7496914e+06
   3.9500000e+01   1.7909633e+06
   3.9550000e+01   1.8310727e+06
   3.9600000e+01   1.8700216e+06
   3.9650000e+01   1.9078130e+06
   3.9700000e+01   1.9444505e+06
   3.9750000e+01   1.9799389e+06
   3.9800000e+01   2.0142836e+06
   3.9850000e+01   2.0474908e+06
   3.9900000e+01   2.0795675e+06
   3.9950000e+01   2.1105217e+06
   4.0000000e+01   2.1403618e+06
   4.0050000e+01   2.1690972e+06
   4.0100000e+01   2.1967377e+06
   4.0150000e+01   2.2232940e+06
   4.0200000e+01   2.2487774e+06
   4.0250000e+01   2.2731996e+06
   4.0300000e+01   2.2965733e+06
   4.0350000e+01   2.3189115e+06
   4.0400000e+01   2.3402276e+06
   4.0450000e+01   2.3605359e+06
   4.0500000e+01   2.3798508e+06
   4.0550000e+01   2.3981874e+06
   4.0600000e+01   2.4155611e+06
   4.0650000e+01   2.4319879e+06
   4.0700000e+01   2.4474840e+06
   4.0750000e+01   2.4620660e+06
   4.0800000e+01   2.4757509e+06
   4.0850000e+01   2.4885559e+06
   4.0900000e+01   2.5004986e+06
   4.0950000e+01   2.5115968e+06
   4.1000000e+01   2.5218686e+06
   4.1050000e+01   2.5313321e+06
   4.1100000e+01   2.5400060e+06
   4.1150000e+01   2.5479086e+06
   4.1200000e+01   2.5550590e+06
   4.1250000e+01   2.5614758e+06
   4.1300000e+01   2.5671782e+06
   4.1350000e+01   2.5721851e+06
   4.1400000e+01   2.5765157e+06
   4.1450000e+01   2.5801893e+06
   4.1500000e+01   2.5832249e+06
   4.1550000e+01   2.5856417e+06
   4.1600000e+01   2.5874591e+06
   4.1650000e+01   2.5886960e+06
   4.1700000e+01   2.5893717e+06
   4.1750000e+01   2.5895050e+06
   4.1800000e+01   2.5891151e+06
   4.1850000e+01   2.5882207e+06
   4.1900000e+01   2.5868405e+06
   4.1950000e+01   2.5849933e+06
   4.2000000e+01   2.5826974e+06
   4.2050000e+01   2.5799712e+06
   4.2100000e+01   2.5768328e+06
   4.2150000e+01   2.5733002e+06
   4.2200000e+01   2.5693913e+06
   4.2250000e+01   2.5651235e+06
   4.2300000e+01   2.5605143e+06
   4.2350000e+01   2.5555808e+06
   4.2400000e+01   2.5503400e+06
   4.2450000e+01   2.5448086e+06
   4.2500000e+01   2.5390030e+06
   4.2550000e+01   2.5329395e+06
   4.2600000e+01   2.5266339e+06
   4.2650000e+01   2.5201019e+06
   4.2700000e+01   2.5133590e+06
   4.2750000e+01   2.5064204e+06
   4.2800000e+01   2.4993007e+06
   4.2850000e+01   2.4920147e+06
   4.2900000e+01   2.4845766e+06
   4.2950000e+01   2.4770003e+06
   4.3000000e+01   2.4692995e+06
   4.3050000e+01   2.4614878e+06
   4.3100000e+01   2.4535780e+06
   4.3150000e+01   2.4455829e+06
   4.3200000e+01   2.4375152e+06
   4.3250000e+01   2.4293868e+06
   4.3300000e+01   2.4212096e+06
   4.3350000e+01   2.4129951e+06
   4.3400000e+01   2.4047547e+06
   4.3450000e+01   2.3964990e+06
   4.3500000e+01   2.3882388e+06
   4.3550000e+01   2.3799843e+06
   4.3600000e+01   2.3717454e+06
   4.3650000e+01   2.3635318e+06
   4.3700000e+01   2.3553526e+06
   4.3750000e+01   2.3472171e+06
   4.3800000e+01   2.3391337e+06
   4.3850000e+01   2.3311108e+06
   4.3900000e+01   2.3231566e+06
   4.3950000e+01   2.3152786e+06
   4.4000000e+01   2.3074842e+06
   4.4050000e+01   2.2997807e+06
   4.4100000e+01   2.2921746e+06
   4.4150000e+01   2.2846725e+06
   4.4200000e+01   2.2772805e+06
   4.4250000e+01   2.2700044e+06
   4.4300000e+01   2.2628497e+06
   4.4350000e+01   2.2558215e+06
   4.4400000e+01   2.2489248e+06
   4.4450000e+01   2.2421641e+06
   4.4500000e+01   2.2355436e+06
   4.4550000e+01   2.2290672e+06
   4.4600000e+01   2.2227387e+06
   4.4650000e+01   2.2165612e+06
   4.4700000e+01   2.2105378e+06
   4.4750000e+01   2.2046712e+06
   4.4800000e+01   2.1989637e+06
   4.4850000e+01   2.1934173e+06
   4.4900000e+01   2.1880339e+06
   4.4950000e+01   2.1828148e+06
   4.5000000e+01   2.1777612e+06
   4.5050000e+01   2.1728739e+06
   4.5100000e+01   2.1681533e+06
   4.5150000e+01   2.1635997e+06
   4.5200000e+01   2.1592130e+06
   4.5250000e+01   2.1549927e+06
   4.5300000e+01   2.1509381e+06
   4.5350000e+01   2.1470481e+06
   4.5400000e+01   2.1433213e+06
   4.5450000e+01   2.1397562e+06
   4.5500000e+01   2.1363506e+06
   4.5550000e+01   2.1331024e+06
   4.5600000e+01   2.1300089e+06
   4.5650000e+01   2.1270672e+06
   4.5700000e+01   2.1242740e+06
   4.5750000e+01   2.1216260e+06
   4.5800000e+01   2.1191192e+06
   4.5850000e+01   2.1167494e+06
   4.5900000e+01   2.1145124e+06
   4.5950000e+01   2.1124032e+06
   4.6000000e+01   2.1104170e+06
   4.6050000e+01   2.1085483e+06
   4.6100000e+01   2.1067915e+06
   4.6150000e+01   2.1051407e+06
   4.6200000e+01   2.1035896e+06
   4.6250000e+01   2.1021317e+06
   4.6300000e+01   2.1007603e+06
   4.6350000e+01   2.0994682e+06
   4.6400000e+01   2.0982481e+06
   4.6450000e+01   2.0970923e+06
   4.6500000e+01   2.0959929e+06
   4.6550000e+01   2.0949417e+06
   4.6600000e+01   2.0939303e+06
   4.6650000e+01   2.0929499e+06
   4.6700000e+01   2.0919916e+06
   4.6750000e+01   2.0910461e+06
   4.6800000e+01   2.0901040e+06
   4.6850000e+01   2.0891556e+06
   4.6900000e+01   2.0881910e+06
   4.6950000e+01   2.0872000e+06
   4.7000000e+01   2.0861722e+06
   4.7050000e+01   2.0850971e+06
   4.7100000e+01   2.0839638e+06
   4.7150000e+01   2.0827615e+06
   4.7200000e+01   2.0814789e+06
   4.7250000e+01   2.0801047e+06
   4.7300000e+01   2.0786275e+06
   4.7350000e+01   2.0770355e+06
   4.7400000e+01   2.0753170e+06
   4.7450000e+01   2.0734601e+06
   4.7500000e+01   2.0714527e+06
   4.7550000e+01   2.0692827e+06
   4.7600000e+01   2.0669377e+06
   4.7650000e+01   2.0644055e+06
   4.7700000e+01   2.0616737e+06
   4.7750000e+01   2.0587296e+06
   4.7800000e+01   2.0555609e+06
   4.7850000e+01   2.0521550e+06
   4.7900000e+01   2.0484991e+06
   4.7950000e+01   2.0445809e+06
   4.8000000e+01   2.0403876e+06
   4.8050000e+01   2.0359067e+06
   4.8100000e+01   2.0311256e+06
   4.8150000e+01   2.0260320e+06
   4.8200000e+01   2.0206133e+06
   4.8250000e+01   2.0148572e+06
   4.8300000e+01   2.0087515e+06
   4.8350000e+01   2.0022841e+06
   4.8400000e+01   1.9954429e+06
   4.8450000e+01   1.9882161e+06
   4.8500000e+01   1.9805921e+06
   4.8550000e+01   1.9725593e+06
   4.8600000e+01   1.9641063e+06
   4.8650000e+01   1.9552221e+06
   4.8700000e+01   1.9458958e+06
   4.8750000e+01   1.9361168e+06
   4.8800000e+01   1.9258746e+06
   4.8850000e+01   1.9151591e+06
   4.8900000e+01   1.9039605e+06
   4.8950000e+01   1.8922694e+06
   4.9000000e+01   1.8800764e+06
   4.9050000e+01   1.8673728e+06
   4.9100000e+01   1.8541500e+06
   4.9150000e+01   1.8403999e+06
   4.9200000e+01   1.8261148e+06
   4.9250000e+01   1.8112873e+06
   4.9300000e+01   1.7959104e+06
   4.9350000e+01   1.7799776e+06
   4.9400000e+01   1.7634829e+06
   4.9450000e+01   1.7464207e+06
   4.9500000e+01   1.7287856e+06
   4.9550000e+01   1.7105732e+06
   4.9600000e+01   1.6917791e+06
   4.9650000e+01   1.6723998e+06
   4.9700000e+01   1.6524319e+06
   4.9750000e+01   1.6318730e+06
   4.9800000e+01   1.6107207e+06
   4.9850000e+01   1.5889737e+06
   4.9900000e+01   1.5666307e+06
   4.9950000e+01   1.5436915e+06
   5.0000000e+01   1.5201560e+06
   5.0050000e+01   1.4960250e+06
   5.0100000e+01   1.4712997e+06
   5.0150000e+01   1.4459820e+06
   5.0200000e+01   1.4200742e+06
   5.0250000e+01   1.3935796e+06
   5.0300000e+01   1.3665015e+06
   5.0350000e+01   1.3388444e+06
   5.0400000e+01   1.3106131e+06
   5.0450000e+01   1.2818129e+06
   5.0500000e+01   1.2524500e+06
   5.0550000e+01   1.2225310e+06
   5.0600000e+01   1.1920632e+06
   5.0650000e+01   1.1610545e+06
   5.0700000e+01   1.1295133e+06
   5.0750000e+01   1.0974488e+06
   5.0800000e+01   1.0648705e+06
   5.0850000e+01   1.0317888e+06
   5.0900000e+01   9.9821442e+05
   5.0950000e+01   9.6415889e+05
   5.1000000e+01   9.2963416e+05
   5.1050000e+01   8.9465279e+05
   5.1100000e+01   8.5922788e+05
   5.1150000e+01   8.2337310e+05
   5.1200000e+01   7.8710261e+05
   5.1250000e+01   7.5043115e+05
   5.1300000e+01   7.1337392e+05
   5.1350000e+01   6.7594665e+05
   5.1400000e+01   6.3816553e+05
   5.1450000e+01   6.0004725e+05
   5.1500000e+01   5.6160895e+05
   5.1550000e+01   5.2286818e+05
   5.1600000e+01   4.8384296e+05
   5.1650000e+01   4.4455169e+05
   5.1700000e+01   4.0501317e+05
   5.1750000e+01   3.6524657e+05
   5.1800000e+01   3.2527143e+05
   5.1850000e+01   2.8510760e+05
   5.1900000e+01   2.4477528e+05
   5.1950000e+01   2.0429493e+05
   5.2000000e+01   1.6368731e+05
   5.2050000e+01   1.2297343e+05
   5.2100000e+01   8.2174536e+04
   5.2150000e+01   4.1312082e+04
   5.2200000e+01   4.0771321e+02
   5.2250000e+01  -4.0516758e+04
   5.2300000e+01  -8.1439374e+04
   5.2350000e+01  -1.2233806e+05
   5.2400000e+01  -1.6319063e+05
   5.2450000e+01  -2.0397483e+05
   5.2500000e+01  -2.4466838e+05
   5.2550000e+01  -2.8524893e+05
   5.2600000e+01  -3.2569415e+05
   5.2650000e+01  -3.6598173e+05
   5.2700000e+01  -4.0608940e+05
   5.2750000e+01  -4.4599498e+05
   5.2800000e+01  -4.8567635e+05
   5.2850000e+01  -5.2511152e+05
   5.2900000e+01  -5.6427867e+05
   5.2950000e+01  -6.0315610e+05
   5.3000000e+01  -6.4172233e+05
   5.3050000e+01  -6.7995608e+05
   5.3100000e+01  -7.1783631e+05
   5.3150000e+01  -7.5534225e+05
   5.3200000e+01  -7.9245340e+05
   5.3250000e+01  -8.2914955e+05
   5.3300000e+01  -8.6541086e+05
   5.3350000e+01  -9.0121780e+05
   5.3400000e+01  -9.3655123e+05
   5.3450000e+01  -9.7139239e+05
   5.3500000e+01  -1.0057229e+06
   5.3550000e+01  -1.0395250e+06
   5.3600000e+01  -1.0727810e+06
   5.3650000e+01  -1.1054741e+06
   5.3700000e+01  -1.1375877e+06
   5.3750000e+01  -1.1691059e+06
   5.3800000e+01  -1.2000131e+06
   5.3850000e+01  -1.2302945e+06
   5.3900000e+01  -1.2599356e+06
   5.3950000e+01  -1.2889228e+06
   5.4000000e+01  -1.3172426e+06
   5.4050000e+01  -1.3448827e+06
   5.4100000e+01  -1.3718308e+06
   5.4150000e+01  -1.3980758e+06
   5.4200000e+01  -1.4236068e+06
   5.4250000e+01  -1.4484137e+06
   5.4300000e+01  -1.4724871e+06
   5.4350000e+01  -1.4958182e+06
   5.4400000e+01  -1.5183990e+06
   5.4450000e+01  -1.5402220e+06
   5.4500000e+01  -1.5612805e+06
   5.4550000e+01  -1.5815685e+06
   5.4600000e+01  -1.6010806e+06
   5.4650000e+01  -1.6198122e+06
   5.4700000e+01  -1.6377594e+06
   5.4750000e+01  -1.6549190e+06
   5.4800000e+01  -1.6712885e+06
   5.4850000e+01  -1.6868660e+06
   5.4900000e+01  -1.7016504e+06
   5.4950000e+01  -1.7156415e+06
   5.5000000e+01  -1.7288395e+06
   5.5050000e+01  -1.7412454e+06
   5.5100000e+01  -1.7528611e+06
   5.5150000e+01  -1.7636887e+06
   5.5200000e+01  -1.7737316e+06
   5.5250000e+01  -1.7829935e+06
   5.5300000e+01  -1.7914789e+06
   5.5350000e+01  -1.7991928e+06
   5.5400000e+01  -1.8061411e+06
   5.5450000e+01  -1.8123302e+06
   5.5500000e+01  -1.8177672e+06
   5.5550000e+01  -1.8224597e+06
   5.5600000e+01  -1.8264162e+06
   5.5650000e+01  -1.8296455e+06
   5.5700000e+01  -1.8321571e+06
   5.5750000e+01  -1.8339611e+06
   5.5800000e+01  -1.8350682e+06
   5.5850000e+01  -1.8354895e+06
   5.5900000e+01  -1.8352368e+06
   5.5950000e+01  -1.8343223e+06
   5.6000000e+01  -1.8327587e+06
   5.6050000e+01  -1.8305592e+06
   5.6100000e+01  -1.8277376e+06
   5.6150000e+01  -1.8243078e+06
   5.6200000e+01  -1.8202846e+06
   5.6250000e+01  -1.8156827e+06
   5.6300000e+01  -1.8105176e+06
   5.6350000e+01  -1.8048049e+06
   5.6400000e+01  -1.7985607e+06
   5.6450000e+01  -1.7918013e+06
   5.6500000e+01  -1.7845435e+06
   5.6550000e+01  -1.7768042e+06
   5.6600000e+01  -1.7686005e+06
   5.6650000e+01  -1.7599501e+06
   5.6700000e+01  -1.7508705e+06
   5.6750000e+01  -1.7413796e+06
   5.6800000e+01  -1.7314955e+06
   5.6850000e+01  -1.7212364e+06
   5.6900000e+01  -1.7106206e+06
   5.6950000e+01  -1.6996667e+06
   5.7000000e+01  -1.6883930e+06
   5.7050000e+01  -1.6768184e+06
   5.7100000e+01  -1.6649613e+06
   5.7150000e+01  -1.6528405e+06
   5.7200000e+01  -1.6404747e+06
   5.7250000e+01  -1.6278825e+06
   5.7300000e+01  -1.6150825e+06
   5.7350000e+01  -1.6020934e+06
   5.7400000e+01  -1.5889336e+06
   5.7450000e+01  -1.5756215e+06
   5.7500000e+01  -1.5621753e+06
   5.7550000e+01  -1.5486132e+06
   5.7600000e+01  -1.5349532e+06
   5.7650000e+01  -1.5212129e+06
   5.7700000e+01  -1.5074101e+06
   5.7750000e+01  -1.4935620e+06
   5.7800000e+01  -1.4796858e+06
   5.7850000e+01  -1.4657985e+06
   5.7900000e+01  -1.4519165e+06
   5.7950000e+01  -1.4380563e+06
   5.8000000e+01  -1.4242338e+06
   5.8050000e+01  -1.4104649e+06
   5.8100000e+01  -1.3967648e+06
   5.8150000e+01  -1.3831487e+06
   5.8200000e+01  -1.3696312e+06
   5.8250000e+01  -1.3562266e+06
   5.8300000e+01  -1.3429489e+06
   5.8350000e+01  -1.3298116e+06
   5.8400000e+01  -1.3168279e+06
   5.8450000e+01  -1.3040104e+06
   5.8500000e+01  -1.2913715e+06
   5.8550000e+01  -1.2789230e+06
   5.8600000e+01  -1.2666763e+06
   5.8650000e+01  -1.2546423e+06
   5.8700000e+01  -1.2428317e+06
   5.8750000e+01  -1.2312543e+06
   5.8800000e+01  -1.2199197e+06
   5.8850000e+01  -1.2088371e+06
   5.8900000e+01  -1.1980149e+06
   5.8950000e+01  -1.1874614e+06
   5.9000000e+01  -1.1771840e+06
   5.9050000e+01  -1.1671899e+06
   5.9100000e+01  -1.1574857e+06
   5.9150000e+01  -1.1480775e+06
   5.9200000e+01  -1.1389709e+06
   5.9250000e+01  -1.1301711e+06
   5.9300000e+01  -1.1216825e+06
   5.9350000e+01  -1.1135093e+06
   5.9400000e+01  -1.1056551e+06
   5.9450000e+01  -1.0981230e+06
   5.9500000e+01  -1.0909155e+06
   5.9550000e+01  -1.0840348e+06
   5.9600000e+01  -1.0774825e+06
   5.9650000e+01  -1.0712597e+06
   5.9700000e+01  -1.0653671e+06
   5.9750000e+01  -1.0598047e+06
   5.9800000e+01  -1.0545723e+06
   5.9850000e+01  -1.0496691e+06
   5.9900000e+01  -1.0450939e+06
   5.9950000e+01  -1.0408449e+06
   6.0000000e+01  -1.0369200e+06
   6.0050000e+01  -1.0333167e+06
   6.0100000e+01  -1.0300318e+06
   6.0150000e+01  -1.0270621e+06
   6.0200000e+01  -1.0244035e+06
   6.0250000e+01  -1.0220519e+06
   6.0300000e+01  -1.0200025e+06
   6.0350000e+01  -1.0182504e+06
   6.0400000e+01  -1.0167901e+06
   6.0450000e+01  -1.0156158e+06
   6.0500000e+01  -1.0147214e+06
   6.0550000e+01  -1.0141004e+06
   6.0600000e+01  -1.0137459e+06
   6.0650000e+01  -1.0136509e+06
   6.0700000e+01  -1.0138078e+06
   6.0750000e+01  -1.0142088e+06
   6.0800000e+01  -1.0148460e+06
   6.0850000e+01  -1.0157110e+06
   6.0900000e+01  -1.0167951e+06
   6.0950000e+01  -1.0180897e+06
   6.1000000e+01  -1.0195854e+06
   6.1050000e+01  -1.0212731e+06
   6.1100000e+01  -1.0231433e+06
   6.1150000e+01  -1.0251860e+06
   6.1200000e+01  -1.0273915e+06
   6.1250000e+01  -1.0297497e+06
   6.1300000e+01  -1.0322501e+06
   6.1350000e+01  -1.0348825e+06
   6.1400000e+01  -1.0376362e+06
   6.1450000e+01  -1.0405005e+06
   6.1500000e+01  -1.0434646e+06
   6.1550000e+01  -1.0465176e+06
   6.1600000e+01  -1.0496484e+06
   6.1650000e+01  -1.0528459e+06
   6.1700000e+01  -1.0560990e+06
   6.1750000e+01  -1.0593964e+06
   6.1800000e+01  -1.0627269e+06
   6.1850000e+01  -1.0660790e+06
   6.1900000e+01  -1.0694416e+06
   6.1950000e+01  -1.0728032e+06
   6.2000000e+01  -1.0761524e+06
   6.2050000e+01  -1.0794780e+06
   6.2100000e+01  -1.0827685e+06
   6.2150000e+01  -1.0860128e+06
   6.2200000e+01  -1.0891995e+06
   6.2250000e+01  -1.0923175e+06
   6.2300000e+01  -1.0953555e+06
   6.2350000e+01  -1.0983026e+06
   6.2400000e+01  -1.1011478e+06
   6.2450000e+01  -1.1038801e+06
   6.2500000e+01  -1.1064888e+06
   6.2550000e+01  -1.1089632e+06
   6.2600000e+01  -1.1112926e+06
   6.2650000e+01  -1.1134667e+06
   6.2700000e+01  -1.1154751e+06
   6.2750000e+01  -1.1173077e+06
   6.2800000e+01  -1.1189545e+06
   6.2850000e+01  -1.1204055e+06
   6.2900000e+01  -1.1216512e+06
   6.2950000e+01  -1.1226819e+06
   6.3000000e+01  -1.1234883e+06
   6.3050000e+01  -1.1240613e+06
   6.3100000e+01  -1.1243919e+06
   6.3150000e+01  -1.1244714e+06
   6.3200000e+01  -1.1242911e+06
   6.3250000e+01  -1.1238427e+06
   6.3300000e+01  -1.1231182e+06
   6.3350000e+01  -1.1221096e+06
   6.3400000e+01  -1.1208091e+06
   6.3450000e+01  -1.1192095e+06
   6.3500000e+01  -1.1173034e+06
   6.3550000e+01  -1.1150839e+06
   6.3600000e+01  -1.1125442e+06
   6.3650000e+01  -1.1096780e+06
   6.3700000e+01  -1.1064790e+06
   6.3750000e+01  -1.1029412e+06
   6.3800000e+01  -1.0990590e+06
   6.3850000e+01  -1.0948269e+06
   6.3900000e+01  -1.0902398e+06
   6.3950000e+01  -1.0852927e+06
   6.4000000e+01  -1.0799812e+06
   6.4050000e+01  -1.0743009e+06
   6.4100000e+01  -1.0682477e+06
   6.4150000e+01  -1.0618178e+06
   6.4200000e+01  -1.0550079e+06
   6.4250000e+01  -1.0478147e+06
   6.4300000e+01  -1.0402353e+06
   6.4350000e+01  -1.0322671e+06
   6.4400000e+01  -1.0239079e+06
   6.4450000e+01  -1.0151556e+06
   6.4500000e+01  -1.0060085e+06
   6.4550000e+01  -9.9646516e+05
   6.4600000e+01  -9.8652452e+05
   6.4650000e+01  -9.7618574e+05
   6.4700000e+01  -9.6544831e+05
   6.4750000e+01  -9.5431203e+05
   6.4800000e+01  -9.4277698e+05
   6.4850000e+01  -9.3084356e+05
   6.4900000e+01  -9.1851246e+05
   6.4950000e+01  -9.0578469e+05
   6.5000000e+01  -8.9266155e+05
   6.5050000e+01  -8.7914464e+05
   6.5100000e+01  -8.6523588e+05
   6.5150000e+01  -8.5093747e+05
   6.5200000e+01  -8.3625193e+05
   6.5250000e+01  -8.2118206e+05
   6.5300000e+01  -8.0573098e+05
   6.5350000e+01  -7.8990209e+05
   6.5400000e+01  -7.7369911e+05
   6.5450000e+01  -7.5712603e+05
   6.5500000e+01  -7.4018715e+05
   6.5550000e+01  -7.2288705e+05
   6.5600000e+01  -7.0523062e+05
   6.5650000e+01  -6.8722301e+05
   6.5700000e+01  -6.6886968e+05
   6.5750000e+01  -6.5017637e+05
   6.5800000e+01  -6.3114909e+05
   6.5850000e+01  -6.1179413e+05
   6.5900000e+01  -5.9211807e+05
   6.5950000e+01  -5.7212775e+05
   6.6000000e+01  -5.5183028e+05
   6.6050000e+01  -5.3123303e+05
   6.6100000e+01  -5.1034365e+05
   6.6150000e+01  -4.8917003e+05
   6.6200000e+01  -4.6772032e+05
   6.6250000e+01  -4.4600293e+05
   6.6300000e+01  -4.2402650e+05
   6.6350000e+01  -4.0179992e+05
   6.6400000e+01  -3.7933231e+05
   6.6450000e+01  -3.5663303e+05
   6.6500000e+01  -3.3371166e+05
   6.6550000e+01  -3.1057800e+05
   6.6600000e+01  -2.8724207e+05
   6.6650000e+01  -2.6371409e+05
   6.6700000e+01  -2.4000451e+05
   6.6750000e+01  -2.1612393e+05
   6.6800000e+01  -1.9208319e+05
   6.6850000e+01  -1.6789327e+05
   6.6900000e+01  -1.4356537e+05
   6.6950000e+01  -1.1911083e+05
   6.7000000e+01  -9.4541162e+04
   6.7050000e+01  -6.9868030e+04
   6.7100000e+01  -4.5103253e+04
   6.7150000e+01  -2.0258784e+04
   6.7200000e+01   4.6532907e+03
   6.7250000e+01   2.9620760e+04
   6.7300000e+01   5.4631301e+04
   6.7350000e+01   7.9672481e+04
   6.7400000e+01   1.0473177e+05
   6.7450000e+01   1.2979656e+05
   6.7500000e+01   1.5485415e+05
   6.7550000e+01   1.7989177e+05
   6.7600000e+01   2.0489660e+05
   6.7650000e+01   2.2985576e+05
   6.7700000e+01   2.5475635e+05
   6.7750000e+01   2.7958541e+05
   6.7800000e+01   3.0432998e+05
   6.7850000e+01   3.2897709e+05
   6.7900000e+01   3.5351377e+05
   6.7950000e+01   3.7792704e+05
   6.8000000e+01   4.0220399e+05
   6.8050000e+01   4.2633170e+05
   6.8100000e+01   4.5029731e+05
   6.8150000e+01   4.7408802e+05
   6.8200000e+01   4.9769111e+05
   6.8250000e+01   5.2109390e+05
   6.8300000e+01   5.4428383e+05
   6.8350000e+01   5.6724845e+05
   6.8400000e+01   5.8997539e+05
   6.8450000e+01   6.1245243e+05
   6.8500000e+01   6.3466748e+05
   6.8550000e+01   6.5660860e+05
   6.8600000e+01   6.7826399e+05
   6.8650000e+01   6.9962205e+05
   6.8700000e+01   7.2067135e+05
   6.8750000e+01   7.4140065e+05
   6.8800000e+01   7.6179891e+05
   6.8850000e+01   7.8185532e+05
   6.8900000e+01   8.0155929e+05
   6.8950000e+01   8.2090048e+05
   6.9000000e+01   8.3986878e+05
   6.9050000e+01   8.5845435e+05
   6.9100000e+01   8.7664764e+05
   6.9150000e+01   8.9443935e+05
   6.9200000e+01   9.1182049e+05
   6.9250000e+01   9.2878238e+05
   6.9300000e+01   9.4531664e+05
   6.9350000e+01   9.6141523e+05
   6.9400000e+01   9.7707041e+05
   6.9450000e+01   9.9227481e+05
   6.9500000e+01   1.0070214e+06
   6.9550000e+01   1.0213036e+06
   6.9600000e+01   1.0351149e+06
   6.9650000e+01   1.0484496e+06
   6.9700000e+01   1.0613021e+06
   6.9750000e+01   1.0736672e+06
   6.9800000e+01   1.0855402e+06
   6.9850000e+01   1.0969167e+06
   6.9900000e+01   1.1077929e+06
   6.9950000e+01   1.1181652e+06
   7.0000000e+01   1.1280306e+06
   7.0050000e+01   1.1373863e+06
   7.0100000e+01   1.1462303e+06
   7.0150000e+01   1.1545607e+06
   7.0200000e+01   1.1623761e+06
   7.0250000e+01   1.1696758e+06
   7.0300000e+01   1.1764592e+06
   7.0350000e+01   1.1827264e+06
   7.0400000e+01   1.1884779e+06
   7.0450000e+01   1.1937146e+06
   7.0500000e+01   1.1984379e+06
   7.0550000e+01   1.2026497e+06
   7.0600000e+01   1.2063522e+06
   7.0650000e+01   1.2095483e+06
   7.0700000e+01   1.2122412e+06
   7.0750000e+01   1.2144345e+06
   7.0800000e+01   1.2161324e+06
   7.0850000e+01   1.2173395e+06
   7.0900000e+01   1.2180608e+06
   7.0950000e+01   1.2183019e+06
   7.1000000e+01   1.2180687e+06
   7.1050000e+01   1.2173675e+06
   7.1100000e+01   1.2162051e+06
   7.1150000e+01   1.2145888e+06
   7.1200000e+01   1.2125263e+06
   7.1250000e+01   1.2100256e+06
   7.1300000e+01   1.2070951e+06
   7.1350000e+01   1.2037438e+06
   7.1400000e+01   1.1999809e+06
   7.1450000e+01   1.1958161e+06
   7.1500000e+01   1.1912595e+06
   7.1550000e+01   1.1863212e+06
   7.1600000e+01   1.1810123e+06
   7.1650000e+01   1.1753436e+06
   7.1700000e+01   1.1693267e+06
   7.1750000e+01   1.1629732e+06
   7.1800000e+01   1.1562953e+06
   7.1850000e+01   1.1493052e+06
   7.1900000e+01   1.1420156e+06
   7.1950000e+01   1.1344395e+06
   7.2000000e+01   1.1265898e+06
   7.2050000e+01   1.1184801e+06
   7.2100000e+01   1.1101240e+06
   7.2150000e+01   1.1015352e+06
   7.2200000e+01   1.0927279e+06
   7.2250000e+01   1.0837163e+06
   7.2300000e+01   1.0745147e+06
   7.2350000e+01   1.0651376e+06
   7.2400000e+01   1.0555999e+06
   7.2450000e+01   1.0459162e+06
   7.2500000e+01   1.0361015e+06
   7.2550000e+01   1.0261706e+06
   7.2600000e+01   1.0161388e+06
   7.2650000e+01   1.0060211e+06
   7.2700000e+01   9.9583261e+05
   7.2750000e+01   9.8558850e+05
   7.2800000e+01   9.7530394e+05
   7.2850000e+01   9.6499406e+05
   7.2900000e+01   9.5467396e+05
   7.2950000e+01   9.4435870e+05
   7.3000000e+01   9.3406326e+05
   7.3050000e+01   9.2380252e+05
   7.3100000e+01   9.1359129e+05
   7.3150000e+01   9.0344422e+05
   7.3200000e+01   8.9337584e+05
   7.3250000e+01   8.8340052e+05
   7.3300000e+01   8.7353246e+05
   7.3350000e+01   8.6378565e+05
   7.3400000e+01   8.5417391e+05
   7.3450000e+01   8.4471079e+05
   7.3500000e+01   8.3540964e+05
   7.3550000e+01   8.2628352e+05
   7.3600000e+01   8.1734526e+05
   7.3650000e+01   8.0860735e+05
   7.3700000e+01   8.0008203e+05
   7.3750000e+01   7.9178119e+05
   7.3800000e+01   7.8371639e+05
   7.3850000e+01   7.7589886e+05
   7.3900000e+01   7.6833946e+05
   7.3950000e+01   7.6104868e+05
   7.4000000e+01   7.5403663e+05
   7.4050000e+01   7.4731301e+05
   7.4100000e+01   7.4088713e+05
   7.4150000e+01   7.3476786e+05
   7.4200000e+01   7.2896365e+05
   7.4250000e+01   7.2348251e+05
   7.4300000e+01   7.1833199e+05
   7.4350000e+01   7.1351918e+05
   7.4400000e+01   7.0905071e+05
   7.4450000e+01   7.0493272e+05
   7.4500000e+01   7.0117087e+05
   7.4550000e+01   6.9777034e+05
   7.4600000e+01   6.9473579e+05
   7.4650000e+01   6.9207139e+05
   7.4700000e+01   6.8978079e+05
   7.4750000e+01   6.8786714e+05
   7.4800000e+01   6.8633306e+05
   7.4850000e+01   6.8518066e+05
   7.4900000e+01   6.8441151e+05
   7.4950000e+01   6.8402667e+05
