       256
1 34 579 593 50
2 579 580 594 593
3 580 581 595 594
4 581 582 596 595
5 582 583 597 596
6 583 584 598 597
7 584 585 599 598
8 585 307 322 599
129 50 593 600 51
130 593 594 601 600
131 594 595 602 601
132 595 596 603 602
133 596 597 604 603
134 597 598 605 604
135 598 599 606 605
136 599 322 321 606
257 51 600 607 52
258 600 601 608 607
259 601 602 609 608
260 602 603 610 609
261 603 604 611 610
262 604 605 612 611
263 605 606 613 612
264 606 321 320 613
385 52 607 614 53
386 607 608 615 614
387 608 609 616 615
388 609 610 617 616
389 610 611 618 617
390 611 612 619 618
391 612 613 620 619
392 613 320 319 620
513 53 614 621 54
514 614 615 622 621
515 615 616 623 622
516 616 617 624 623
517 617 618 625 624
518 618 619 626 625
519 619 620 627 626
520 620 319 318 627
641 54 621 628 55
642 621 622 629 628
643 622 623 630 629
644 623 624 631 630
645 624 625 632 631
646 625 626 633 632
647 626 627 634 633
648 627 318 317 634
769 55 628 635 56
770 628 629 636 635
771 629 630 637 636
772 630 631 638 637
773 631 632 639 638
774 632 633 640 639
775 633 634 641 640
776 634 317 316 641
897 56 635 642 57
898 635 636 643 642
899 636 637 644 643
900 637 638 645 644
901 638 639 646 645
902 639 640 647 646
903 640 641 648 647
904 641 316 315 648
1025 57 642 649 58
1026 642 643 650 649
1027 643 644 651 650
1028 644 645 652 651
1029 645 646 653 652
1030 646 647 654 653
1031 647 648 655 654
1032 648 315 314 655
1153 58 649 656 59
1154 649 650 657 656
1155 650 651 658 657
1156 651 652 659 658
1157 652 653 660 659
1158 653 654 661 660
1159 654 655 662 661
1160 655 314 313 662
1281 59 656 663 60
1282 656 657 664 663
1283 657 658 665 664
1284 658 659 666 665
1285 659 660 667 666
1286 660 661 668 667
1287 661 662 669 668
1288 662 313 312 669
1409 60 663 670 61
1410 663 664 671 670
1411 664 665 672 671
1412 665 666 673 672
1413 666 667 674 673
1414 667 668 675 674
1415 668 669 676 675
1416 669 312 311 676
1537 61 670 677 62
1538 670 671 678 677
1539 671 672 679 678
1540 672 673 680 679
1541 673 674 681 680
1542 674 675 682 681
1543 675 676 683 682
1544 676 311 310 683
1665 62 677 684 63
1666 677 678 685 684
1667 678 679 686 685
1668 679 680 687 686
1669 680 681 688 687
1670 681 682 689 688
1671 682 683 690 689
1672 683 310 309 690
1793 63 684 691 64
1794 684 685 692 691
1795 685 686 693 692
1796 686 687 694 693
1797 687 688 695 694
1798 688 689 696 695
1799 689 690 697 696
1800 690 309 308 697
1921 64 691 586 1
1922 691 692 587 586
1923 692 693 588 587
1924 693 694 589 588
1925 694 695 590 589
1926 695 696 591 590
1927 696 697 592 591
1928 697 308 291 592
2289 2924 2620 2603 2894
2290 2922 2621 2620 2924
2291 2920 2622 2621 2922
2292 2918 2623 2622 2920
2293 2916 2624 2623 2918
2294 2914 2625 2624 2916
2295 2912 2626 2625 2914
2296 2910 2627 2626 2912
2297 2908 2628 2627 2910
2298 2906 2629 2628 2908
2299 2904 2630 2629 2906
2300 2902 2631 2630 2904
2301 2900 2632 2631 2902
2302 2898 2633 2632 2900
2303 2896 2634 2633 2898
2304 2892 2619 2634 2896
2545 2923 2924 2894 2893
2546 2921 2922 2924 2923
2547 2919 2920 2922 2921
2548 2917 2918 2920 2919
2549 2915 2916 2918 2917
2550 2913 2914 2916 2915
2551 2911 2912 2914 2913
2552 2909 2910 2912 2911
2553 2907 2908 2910 2909
2554 2905 2906 2908 2907
2555 2903 2904 2906 2905
2556 2901 2902 2904 2903
2557 2899 2900 2902 2901
2558 2897 2898 2900 2899
2559 2895 2896 2898 2897
2560 2891 2892 2896 2895
2801 308 2923 2893 291
2802 309 2921 2923 308
2803 310 2919 2921 309
2804 311 2917 2919 310
2805 312 2915 2917 311
2806 313 2913 2915 312
2807 314 2911 2913 313
2808 315 2909 2911 314
2809 316 2907 2909 315
2810 317 2905 2907 316
2811 318 2903 2905 317
2812 319 2901 2903 318
2813 320 2899 2901 319
2814 321 2897 2899 320
2815 322 2895 2897 321
2816 307 2891 2895 322
3057 3791 3487 3470 3761
3058 3789 3488 3487 3791
3059 3787 3489 3488 3789
3060 3785 3490 3489 3787
3061 3783 3491 3490 3785
3062 3781 3492 3491 3783
3063 3779 3493 3492 3781
3064 3777 3494 3493 3779
3065 3775 3495 3494 3777
3066 3773 3496 3495 3775
3067 3771 3497 3496 3773
3068 3769 3498 3497 3771
3069 3767 3499 3498 3769
3070 3765 3500 3499 3767
3071 3763 3501 3500 3765
3072 3759 3486 3501 3763
3313 3790 3791 3761 3760
3314 3788 3789 3791 3790
3315 3786 3787 3789 3788
3316 3784 3785 3787 3786
3317 3782 3783 3785 3784
3318 3780 3781 3783 3782
3319 3778 3779 3781 3780
3320 3776 3777 3779 3778
3321 3774 3775 3777 3776
3322 3772 3773 3775 3774
3323 3770 3771 3773 3772
3324 3768 3769 3771 3770
3325 3766 3767 3769 3768
3326 3764 3765 3767 3766
3327 3762 3763 3765 3764
3328 3758 3759 3763 3762
3569 2620 3790 3760 2603
3570 2621 3788 3790 2620
3571 2622 3786 3788 2621
3572 2623 3784 3786 2622
3573 2624 3782 3784 2623
3574 2625 3780 3782 2624
3575 2626 3778 3780 2625
3576 2627 3776 3778 2626
3577 2628 3774 3776 2627
3578 2629 3772 3774 2628
3579 2630 3770 3772 2629
3580 2631 3768 3770 2630
3581 2632 3766 3768 2631
3582 2633 3764 3766 2632
3583 2634 3762 3764 2633
3584 2619 3758 3762 2634
3825 4641 4354 4337 4626
3826 4640 4355 4354 4641
3827 4639 4356 4355 4640
3828 4638 4357 4356 4639
3829 4637 4358 4357 4638
3830 4636 4359 4358 4637
3831 4635 4360 4359 4636
3832 4634 4361 4360 4635
3833 4633 4362 4361 4634
3834 4632 4363 4362 4633
3835 4631 4364 4363 4632
3836 4630 4365 4364 4631
3837 4629 4366 4365 4630
3838 4628 4367 4366 4629
3839 4627 4368 4367 4628
3840 4625 4353 4368 4627
4081 3487 4641 4626 3470
4082 3488 4640 4641 3487
4083 3489 4639 4640 3488
4084 3490 4638 4639 3489
4085 3491 4637 4638 3490
4086 3492 4636 4637 3491
4087 3493 4635 4636 3492
4088 3494 4634 4635 3493
4089 3495 4633 4634 3494
4090 3496 4632 4633 3495
4091 3497 4631 4632 3496
4092 3498 4630 4631 3497
4093 3499 4629 4630 3498
4094 3500 4628 4629 3499
4095 3501 4627 4628 3500
4096 3486 4625 4627 3501
