       256
121 33 915 698 18
122 915 916 699 698
123 916 917 700 699
124 917 918 701 700
125 918 919 702 701
126 919 920 703 702
127 920 921 704 703
128 921 339 323 704
249 32 908 915 33
250 908 909 916 915
251 909 910 917 916
252 910 911 918 917
253 911 912 919 918
254 912 913 920 919
255 913 914 921 920
256 914 340 339 921
377 31 901 908 32
378 901 902 909 908
379 902 903 910 909
380 903 904 911 910
381 904 905 912 911
382 905 906 913 912
383 906 907 914 913
384 907 341 340 914
505 30 894 901 31
506 894 895 902 901
507 895 896 903 902
508 896 897 904 903
509 897 898 905 904
510 898 899 906 905
511 899 900 907 906
512 900 342 341 907
633 29 887 894 30
634 887 888 895 894
635 888 889 896 895
636 889 890 897 896
637 890 891 898 897
638 891 892 899 898
639 892 893 900 899
640 893 343 342 900
761 28 880 887 29
762 880 881 888 887
763 881 882 889 888
764 882 883 890 889
765 883 884 891 890
766 884 885 892 891
767 885 886 893 892
768 886 344 343 893
889 27 873 880 28
890 873 874 881 880
891 874 875 882 881
892 875 876 883 882
893 876 877 884 883
894 877 878 885 884
895 878 879 886 885
896 879 345 344 886
1017 26 866 873 27
1018 866 867 874 873
1019 867 868 875 874
1020 868 869 876 875
1021 869 870 877 876
1022 870 871 878 877
1023 871 872 879 878
1024 872 346 345 879
1145 25 859 866 26
1146 859 860 867 866
1147 860 861 868 867
1148 861 862 869 868
1149 862 863 870 869
1150 863 864 871 870
1151 864 865 872 871
1152 865 347 346 872
1273 24 852 859 25
1274 852 853 860 859
1275 853 854 861 860
1276 854 855 862 861
1277 855 856 863 862
1278 856 857 864 863
1279 857 858 865 864
1280 858 348 347 865
1401 23 845 852 24
1402 845 846 853 852
1403 846 847 854 853
1404 847 848 855 854
1405 848 849 856 855
1406 849 850 857 856
1407 850 851 858 857
1408 851 349 348 858
1529 22 838 845 23
1530 838 839 846 845
1531 839 840 847 846
1532 840 841 848 847
1533 841 842 849 848
1534 842 843 850 849
1535 843 844 851 850
1536 844 350 349 851
1657 21 831 838 22
1658 831 832 839 838
1659 832 833 840 839
1660 833 834 841 840
1661 834 835 842 841
1662 835 836 843 842
1663 836 837 844 843
1664 837 351 350 844
1785 20 824 831 21
1786 824 825 832 831
1787 825 826 833 832
1788 826 827 834 833
1789 827 828 835 834
1790 828 829 836 835
1791 829 830 837 836
1792 830 352 351 837
1913 19 817 824 20
1914 817 818 825 824
1915 818 819 826 825
1916 819 820 827 826
1917 820 821 828 827
1918 821 822 829 828
1919 822 823 830 829
1920 823 353 352 830
2041 2 810 817 19
2042 810 811 818 817
2043 811 812 819 818
2044 812 813 820 819
2045 813 814 821 820
2046 814 815 822 821
2047 815 816 823 822
2048 816 290 353 823
2049 2958 2602 2665 2960
2050 2960 2665 2664 2962
2051 2962 2664 2663 2964
2052 2964 2663 2662 2966
2053 2966 2662 2661 2968
2054 2968 2661 2660 2970
2055 2970 2660 2659 2972
2056 2972 2659 2658 2974
2057 2974 2658 2657 2976
2058 2976 2657 2656 2978
2059 2978 2656 2655 2980
2060 2980 2655 2654 2982
2061 2982 2654 2653 2984
2062 2984 2653 2652 2986
2063 2986 2652 2651 2988
2064 2988 2651 2635 2926
2305 2957 2958 2960 2959
2306 2959 2960 2962 2961
2307 2961 2962 2964 2963
2308 2963 2964 2966 2965
2309 2965 2966 2968 2967
2310 2967 2968 2970 2969
2311 2969 2970 2972 2971
2312 2971 2972 2974 2973
2313 2973 2974 2976 2975
2314 2975 2976 2978 2977
2315 2977 2978 2980 2979
2316 2979 2980 2982 2981
2317 2981 2982 2984 2983
2318 2983 2984 2986 2985
2319 2985 2986 2988 2987
2320 2987 2988 2926 2925
2561 290 2957 2959 353
2562 353 2959 2961 352
2563 352 2961 2963 351
2564 351 2963 2965 350
2565 350 2965 2967 349
2566 349 2967 2969 348
2567 348 2969 2971 347
2568 347 2971 2973 346
2569 346 2973 2975 345
2570 345 2975 2977 344
2571 344 2977 2979 343
2572 343 2979 2981 342
2573 342 2981 2983 341
2574 341 2983 2985 340
2575 340 2985 2987 339
2576 339 2987 2925 323
2817 3825 3469 3532 3827
2818 3827 3532 3531 3829
2819 3829 3531 3530 3831
2820 3831 3530 3529 3833
2821 3833 3529 3528 3835
2822 3835 3528 3527 3837
2823 3837 3527 3526 3839
2824 3839 3526 3525 3841
2825 3841 3525 3524 3843
2826 3843 3524 3523 3845
2827 3845 3523 3522 3847
2828 3847 3522 3521 3849
2829 3849 3521 3520 3851
2830 3851 3520 3519 3853
2831 3853 3519 3518 3855
2832 3855 3518 3502 3793
3073 3824 3825 3827 3826
3074 3826 3827 3829 3828
3075 3828 3829 3831 3830
3076 3830 3831 3833 3832
3077 3832 3833 3835 3834
3078 3834 3835 3837 3836
3079 3836 3837 3839 3838
3080 3838 3839 3841 3840
3081 3840 3841 3843 3842
3082 3842 3843 3845 3844
3083 3844 3845 3847 3846
3084 3846 3847 3849 3848
3085 3848 3849 3851 3850
3086 3850 3851 3853 3852
3087 3852 3853 3855 3854
3088 3854 3855 3793 3792
3329 2602 3824 3826 2665
3330 2665 3826 3828 2664
3331 2664 3828 3830 2663
3332 2663 3830 3832 2662
3333 2662 3832 3834 2661
3334 2661 3834 3836 2660
3335 2660 3836 3838 2659
3336 2659 3838 3840 2658
3337 2658 3840 3842 2657
3338 2657 3842 3844 2656
3339 2656 3844 3846 2655
3340 2655 3846 3848 2654
3341 2654 3848 3850 2653
3342 2653 3850 3852 2652
3343 2652 3852 3854 2651
3344 2651 3854 3792 2635
3585 4658 4336 4399 4659
3586 4659 4399 4398 4660
3587 4660 4398 4397 4661
3588 4661 4397 4396 4662
3589 4662 4396 4395 4663
3590 4663 4395 4394 4664
3591 4664 4394 4393 4665
3592 4665 4393 4392 4666
3593 4666 4392 4391 4667
3594 4667 4391 4390 4668
3595 4668 4390 4389 4669
3596 4669 4389 4388 4670
3597 4670 4388 4387 4671
3598 4671 4387 4386 4672
3599 4672 4386 4385 4673
3600 4673 4385 4369 4642
3841 3469 4658 4659 3532
3842 3532 4659 4660 3531
3843 3531 4660 4661 3530
3844 3530 4661 4662 3529
3845 3529 4662 4663 3528
3846 3528 4663 4664 3527
3847 3527 4664 4665 3526
3848 3526 4665 4666 3525
3849 3525 4666 4667 3524
3850 3524 4667 4668 3523
3851 3523 4668 4669 3522
3852 3522 4669 4670 3521
3853 3521 4670 4671 3520
3854 3520 4671 4672 3519
3855 3519 4672 4673 3518
3856 3518 4673 4642 3502
