         1          1
         2          1
         3          1
         4          1
         5          1
         6          1
         7          1
         8          1
         9          1
        10          1
        11          1
        12          1
        13          1
        14          1
        15          1
        16          1
        17          1
        18          1
        19          1
        20          1
        21          1
        22          1
        23          1
        24          1
        25          1
        26          1
        27          1
        28          1
        29          1
        30          1
        31          1
        32          1
        33          1
        34          1
        35          1
        36          1
        37          1
        38          1
        39          1
        40          1
        41          1
        42          1
        43          1
        44          1
        45          1
        46          1
        47          1
        48          1
        49          1
        50          1
        51          1
        52          1
        53          1
        54          1
        55          1
        56          1
        57          1
        58          1
        59          1
        60          1
        61          1
        62          1
        63          1
        64          1
        65          1
        66          1
        67          1
        68          1
        69          1
        70          1
        71          1
        72          1
        73          1
        74          1
        75          1
        76          1
        77          1
        78          1
        79          1
        80          1
        81          1
        82          1
        83          1
        84          1
        85          1
        86          1
        87          1
        88          1
        89          1
        90          1
        91          1
        92          1
        93          1
        94          1
        95          1
        96          1
        97          1
        98          1
        99          1
       100          1
       101          1
       102          1
       103          1
       104          1
       105          1
       106          1
       107          1
       108          1
       109          1
       110          1
       111          1
       112          1
       113          1
       114          1
       115          1
       116          1
       117          1
       118          1
       119          1
       120          1
       121          1
       122          1
       123          1
       124          1
       125          1
       126          1
       127          1
       128          1
       129          1
       130          1
       131          1
       132          1
       133          1
       134          1
       135          1
       136          1
       137          1
       138          1
       139          1
       140          1
       141          1
       142          1
       143          1
       144          1
       145          1
       146          1
       147          1
       148          1
       149          1
       150          1
       151          1
       152          1
       153          1
       154          1
       155          1
       156          1
       157          1
       158          1
       159          1
       160          1
       161          1
       162          1
       163          1
       164          1
       165          1
       166          1
       167          1
       168          1
       169          1
       170          1
       171          1
       172          1
       173          1
       174          1
       175          1
       176          1
       177          1
       178          1
       179          1
       180          1
       181          1
       182          1
       183          1
       184          1
       185          1
       186          1
       187          1
       188          1
       189          1
       190          1
       191          1
       192          1
       193          1
       194          1
       195          1
       196          1
       197          1
       198          1
       199          1
       200          1
       201          1
       202          1
       203          1
       204          1
       205          1
       206          1
       207          1
       208          1
       209          1
       210          1
       211          1
       212          1
       213          1
       214          1
       215          1
       216          1
       217          1
       218          1
       219          1
       220          1
       221          1
       222          1
       223          1
       224          1
       225          1
       226          1
       227          1
       228          1
       229          1
       230          1
       231          1
       232          1
       233          1
       234          1
       235          1
       236          1
       237          1
       238          1
       239          1
       240          1
       241          1
       242          1
       243          1
       244          1
       245          1
       246          1
       247          1
       248          1
       249          1
       250          1
       251          1
       252          1
       253          1
       254          1
       255          1
       256          1
       257          1
       258          1
       259          1
       260          1
       261          1
       262          1
       263          1
       264          1
       265          1
       266          1
       267          1
       268          1
       269          1
       270          1
       271          1
       272          1
       273          1
       274          1
       275          1
       276          1
       277          1
       278          1
       279          1
       280          1
       281          1
       282          1
       283          1
       284          1
       285          1
       286          1
       287          1
       288          1
       289          1
       290          1
       291          1
       292          1
       293          1
       294          1
       295          1
       296          1
       297          1
       298          1
       299          1
       300          1
       301          1
       302          1
       303          1
       304          1
       305          1
       306          1
       307          1
       308          1
       309          1
       310          1
       311          1
       312          1
       313          1
       314          1
       315          1
       316          1
       317          1
       318          1
       319          1
       320          1
       321          1
       322          1
       323          1
       324          1
       325          1
       326          1
       327          1
       328          1
       329          1
       330          1
       331          1
       332          1
       333          1
       334          1
       335          1
       336          1
       337          1
       338          1
       339          1
       340          1
       341          1
       342          1
       343          1
       344          1
       345          1
       346          1
       347          1
       348          1
       349          1
       350          1
       351          1
       352          1
       353          1
       354          1
       355          1
       356          1
       357          1
       358          1
       359          1
       360          1
       361          1
       362          1
       363          1
       364          1
       365          1
       366          1
       367          1
       368          1
       369          1
       370          1
       371          1
       372          1
       373          1
       374          1
       375          1
       376          1
       377          1
       378          1
       379          1
       380          1
       381          1
       382          1
       383          1
       384          1
       385          1
       386          1
       387          1
       388          1
       389          1
       390          1
       391          1
       392          1
       393          1
       394          1
       395          1
       396          1
       397          1
       398          1
       399          1
       400          1
       401          1
       402          1
       403          1
       404          1
       405          1
       406          1
       407          1
       408          1
       409          1
       410          1
       411          1
       412          1
       413          1
       414          1
       415          1
       416          1
       417          1
       418          1
       419          1
       420          1
       421          1
       422          1
       423          1
       424          1
       425          1
       426          1
       427          1
       428          1
       429          1
       430          1
       431          1
       432          1
       433          1
       434          1
       435          1
       436          1
       437          1
       438          1
       439          1
       440          1
       441          1
       442          1
       443          1
       444          1
       445          1
       446          1
       447          1
       448          1
       449          1
       450          1
       451          1
       452          1
       453          1
       454          1
       455          1
       456          1
       457          1
       458          1
       459          1
       460          1
       461          1
       462          1
       463          1
       464          1
       465          1
       466          1
       467          1
       468          1
       469          1
       470          1
       471          1
       472          1
       473          1
       474          1
       475          1
       476          1
       477          1
       478          1
       479          1
       480          1
       481          1
       482          1
       483          1
       484          1
       485          1
       486          1
       487          1
       488          1
       489          1
       490          1
       491          1
       492          1
       493          1
       494          1
       495          1
       496          1
       497          1
       498          1
       499          1
       500          1
       501          1
       502          1
       503          1
       504          1
       505          1
       506          1
       507          1
       508          1
       509          1
       510          1
       511          1
       512          1
       513          1
       514          1
       515          1
       516          1
       517          1
       518          1
       519          1
       520          1
       521          1
       522          1
       523          1
       524          1
       525          1
       526          1
       527          1
       528          1
       529          1
       530          1
       531          1
       532          1
       533          1
       534          1
       535          1
       536          1
       537          1
       538          1
       539          1
       540          1
       541          1
       542          1
       543          1
       544          1
       545          1
       546          1
       547          1
       548          1
       549          1
       550          1
       551          1
       552          1
       553          1
       554          1
       555          1
       556          1
       557          1
       558          1
       559          1
       560          1
       561          1
       562          1
       563          1
       564          1
       565          1
       566          1
       567          1
       568          1
       569          1
       570          1
       571          1
       572          1
       573          1
       574          1
       575          1
       576          1
       577          1
       578          1
       579          1
       580          1
       581          1
       582          1
       583          1
       584          1
       585          1
       586          1
       587          1
       588          1
       589          1
       590          1
       591          1
       592          1
       593          1
       594          1
       595          1
       596          1
       597          1
       598          1
       599          1
       600          1
       601          1
       602          1
       603          1
       604          1
       605          1
       606          1
       607          1
       608          1
       609          1
       610          1
       611          1
       612          1
       613          1
       614          1
       615          1
       616          1
       617          1
       618          1
       619          1
       620          1
       621          1
       622          1
       623          1
       624          1
       625          1
       626          1
       627          1
       628          1
       629          1
       630          1
       631          1
       632          1
       633          1
       634          1
       635          1
       636          1
       637          1
       638          1
       639          1
       640          1
       641          1
       642          1
       643          1
       644          1
       645          1
       646          1
       647          1
       648          1
       649          1
       650          1
       651          1
       652          1
       653          1
       654          1
       655          1
       656          1
       657          1
       658          1
       659          1
       660          1
       661          1
       662          1
       663          1
       664          1
       665          1
       666          1
       667          1
       668          1
       669          1
       670          1
       671          1
       672          1
       673          1
       674          1
       675          1
       676          1
       677          1
       678          1
       679          1
       680          1
       681          1
       682          1
       683          1
       684          1
       685          1
       686          1
       687          1
       688          1
       689          1
       690          1
       691          1
       692          1
       693          1
       694          1
       695          1
       696          1
       697          1
       698          1
       699          1
       700          1
       701          1
       702          1
       703          1
       704          1
       705          1
       706          1
       707          1
       708          1
       709          1
       710          1
       711          1
       712          1
       713          1
       714          1
       715          1
       716          1
       717          1
       718          1
       719          1
       720          1
       721          1
       722          1
       723          1
       724          1
       725          1
       726          1
       727          1
       728          1
       729          1
       730          1
       731          1
       732          1
       733          1
       734          1
       735          1
       736          1
       737          1
       738          1
       739          1
       740          1
       741          1
       742          1
       743          1
       744          1
       745          1
       746          1
       747          1
       748          1
       749          1
       750          1
       751          1
       752          1
       753          1
       754          1
       755          1
       756          1
       757          1
       758          1
       759          1
       760          1
       761          1
       762          1
       763          1
       764          1
       765          1
       766          1
       767          1
       768          1
       769          1
       770          1
       771          1
       772          1
       773          1
       774          1
       775          1
       776          1
       777          1
       778          1
       779          1
       780          1
       781          1
       782          1
       783          1
       784          1
       785          1
       786          1
       787          1
       788          1
       789          1
       790          1
       791          1
       792          1
       793          1
       794          1
       795          1
       796          1
       797          1
       798          1
       799          1
       800          1
       801          1
       802          1
       803          1
       804          1
       805          1
       806          1
       807          1
       808          1
       809          1
       810          1
       811          1
       812          1
       813          1
       814          1
       815          1
       816          1
       817          1
       818          1
       819          1
       820          1
       821          1
       822          1
       823          1
       824          1
       825          1
       826          1
       827          1
       828          1
       829          1
       830          1
       831          1
       832          1
       833          1
       834          1
       835          1
       836          1
       837          1
       838          1
       839          1
       840          1
       841          1
       842          1
       843          1
       844          1
       845          1
       846          1
       847          1
       848          1
       849          1
       850          1
       851          1
       852          1
       853          1
       854          1
       855          1
       856          1
       857          1
       858          1
       859          1
       860          1
       861          1
       862          1
       863          1
       864          1
       865          1
       866          1
       867          1
       868          1
       869          1
       870          1
       871          1
       872          1
       873          1
       874          1
       875          1
       876          1
       877          1
       878          1
       879          1
       880          1
       881          1
       882          1
       883          1
       884          1
       885          1
       886          1
       887          1
       888          1
       889          1
       890          1
       891          1
       892          1
       893          1
       894          1
       895          1
       896          1
       897          1
       898          1
       899          1
       900          1
       901          1
       902          1
       903          1
       904          1
       905          1
       906          1
       907          1
       908          1
       909          1
       910          1
       911          1
       912          1
       913          1
       914          1
       915          1
       916          1
       917          1
       918          1
       919          1
       920          1
       921          1
       922          1
       923          1
       924          1
       925          1
       926          1
       927          1
       928          1
       929          1
       930          1
       931          1
       932          1
       933          1
       934          1
       935          1
       936          1
       937          1
       938          1
       939          1
       940          1
       941          1
       942          1
       943          1
       944          1
       945          1
       946          1
       947          1
       948          1
       949          1
       950          1
       951          1
       952          1
       953          1
       954          1
       955          1
       956          1
       957          1
       958          1
       959          1
       960          1
       961          1
       962          1
       963          1
       964          1
       965          1
       966          1
       967          1
       968          1
       969          1
       970          1
       971          1
       972          1
       973          1
       974          1
       975          1
       976          1
       977          1
       978          1
       979          1
       980          1
       981          1
       982          1
       983          1
       984          1
       985          1
       986          1
       987          1
       988          1
       989          1
       990          1
       991          1
       992          1
       993          1
       994          1
       995          1
       996          1
       997          1
       998          1
       999          1
      1000          1
      1001          1
      1002          1
      1003          1
      1004          1
      1005          1
      1006          1
      1007          1
      1008          1
      1009          1
      1010          1
      1011          1
      1012          1
      1013          1
      1014          1
      1015          1
      1016          1
      1017          1
      1018          1
      1019          1
      1020          1
      1021          1
      1022          1
      1023          1
      1024          1
      1025          1
      1026          1
      1027          1
      1028          1
      1029          1
      1030          1
      1031          1
      1032          1
      1033          1
      1034          1
      1035          1
      1036          1
      1037          1
      1038          1
      1039          1
      1040          1
      1041          1
      1042          1
      1043          1
      1044          1
      1045          1
      1046          1
      1047          1
      1048          1
      1049          1
      1050          1
      1051          1
      1052          1
      1053          1
      1054          1
      1055          1
      1056          1
      1057          1
      1058          1
      1059          1
      1060          1
      1061          1
      1062          1
      1063          1
      1064          1
      1065          1
      1066          1
      1067          1
      1068          1
      1069          1
      1070          1
      1071          1
      1072          1
      1073          1
      1074          1
      1075          1
      1076          1
      1077          1
      1078          1
      1079          1
      1080          1
      1081          1
      1082          1
      1083          1
      1084          1
      1085          1
      1086          1
      1087          1
      1088          1
      1089          1
      1090          1
      1091          1
      1092          1
      1093          1
      1094          1
      1095          1
      1096          1
      1097          1
      1098          1
      1099          1
      1100          1
      1101          1
      1102          1
      1103          1
      1104          1
      1105          1
      1106          1
      1107          1
      1108          1
      1109          1
      1110          1
      1111          1
      1112          1
      1113          1
      1114          1
      1115          1
      1116          1
      1117          1
      1118          1
      1119          1
      1120          1
      1121          1
      1122          1
      1123          1
      1124          1
      1125          1
      1126          1
      1127          1
      1128          1
      1129          1
      1130          1
      1131          1
      1132          1
      1133          1
      1134          1
      1135          1
      1136          1
      1137          1
      1138          1
      1139          1
      1140          1
      1141          1
      1142          1
      1143          1
      1144          1
      1145          1
      1146          1
      1147          1
      1148          1
      1149          1
      1150          1
      1151          1
      1152          1
      1153          1
      1154          1
      1155          1
      1156          1
      1157          1
      1158          1
      1159          1
      1160          1
      1161          1
      1162          1
      1163          1
      1164          1
      1165          1
      1166          1
      1167          1
      1168          1
      1169          1
      1170          1
      1171          1
      1172          1
      1173          1
      1174          1
      1175          1
      1176          1
      1177          1
      1178          1
      1179          1
      1180          1
      1181          1
      1182          1
      1183          1
      1184          1
      1185          1
      1186          1
      1187          1
      1188          1
      1189          1
      1190          1
      1191          1
      1192          1
      1193          1
      1194          1
      1195          1
      1196          1
      1197          1
      1198          1
      1199          1
      1200          1
      1201          1
      1202          1
      1203          1
      1204          1
      1205          1
      1206          1
      1207          1
      1208          1
      1209          1
      1210          1
      1211          1
      1212          1
      1213          1
      1214          1
      1215          1
      1216          1
      1217          1
      1218          1
      1219          1
      1220          1
      1221          1
      1222          1
      1223          1
      1224          1
      1225          1
      1226          1
      1227          1
      1228          1
      1229          1
      1230          1
      1231          1
      1232          1
      1233          1
      1234          1
      1235          1
      1236          1
      1237          1
      1238          1
      1239          1
      1240          1
      1241          1
      1242          1
      1243          1
      1244          1
      1245          1
      1246          1
      1247          1
      1248          1
      1249          1
      1250          1
      1251          1
      1252          1
      1253          1
      1254          1
      1255          1
      1256          1
      1257          1
      1258          1
      1259          1
      1260          1
      1261          1
      1262          1
      1263          1
      1264          1
      1265          1
      1266          1
      1267          1
      1268          1
      1269          1
      1270          1
      1271          1
      1272          1
      1273          1
      1274          1
      1275          1
      1276          1
      1277          1
      1278          1
      1279          1
      1280          1
      1281          1
      1282          1
      1283          1
      1284          1
      1285          1
      1286          1
      1287          1
      1288          1
      1289          1
      1290          1
      1291          1
      1292          1
      1293          1
      1294          1
      1295          1
      1296          1
      1297          1
      1298          1
      1299          1
      1300          1
      1301          1
      1302          1
      1303          1
      1304          1
      1305          1
      1306          1
      1307          1
      1308          1
      1309          1
      1310          1
      1311          1
      1312          1
      1313          1
      1314          1
      1315          1
      1316          1
      1317          1
      1318          1
      1319          1
      1320          1
      1321          1
      1322          1
      1323          1
      1324          1
      1325          1
      1326          1
      1327          1
      1328          1
      1329          1
      1330          1
      1331          1
      1332          1
      1333          1
      1334          1
      1335          1
      1336          1
      1337          1
      1338          1
      1339          1
      1340          1
      1341          1
      1342          1
      1343          1
      1344          1
      1345          1
      1346          1
      1347          1
      1348          1
      1349          1
      1350          1
      1351          1
      1352          1
      1353          1
      1354          1
      1355          1
      1356          1
      1357          1
      1358          1
      1359          1
      1360          1
      1361          1
      1362          1
      1363          1
      1364          1
      1365          1
      1366          1
      1367          1
      1368          1
      1369          1
      1370          1
      1371          1
      1372          1
      1373          1
      1374          1
      1375          1
      1376          1
      1377          1
      1378          1
      1379          1
      1380          1
      1381          1
      1382          1
      1383          1
      1384          1
      1385          1
      1386          1
      1387          1
      1388          1
      1389          1
      1390          1
      1391          1
      1392          1
      1393          1
      1394          1
      1395          1
      1396          1
      1397          1
      1398          1
      1399          1
      1400          1
      1401          1
      1402          1
      1403          1
      1404          1
      1405          1
      1406          1
      1407          1
      1408          1
      1409          1
      1410          1
      1411          1
      1412          1
      1413          1
      1414          1
      1415          1
      1416          1
      1417          1
      1418          1
      1419          1
      1420          1
      1421          1
      1422          1
      1423          1
      1424          1
      1425          1
      1426          1
      1427          1
      1428          1
      1429          1
      1430          1
      1431          1
      1432          1
      1433          1
      1434          1
      1435          1
      1436          1
      1437          1
      1438          1
      1439          1
      1440          1
      1441          1
      1442          1
      1443          1
      1444          1
      1445          1
      1446          1
      1447          1
      1448          1
      1449          1
      1450          1
      1451          1
      1452          1
      1453          1
      1454          1
      1455          1
      1456          1
      1457          1
      1458          1
      1459          1
      1460          1
      1461          1
      1462          1
      1463          1
      1464          1
      1465          1
      1466          1
      1467          1
      1468          1
      1469          1
      1470          1
      1471          1
      1472          1
      1473          1
      1474          1
      1475          1
      1476          1
      1477          1
      1478          1
      1479          1
      1480          1
      1481          1
      1482          1
      1483          1
      1484          1
      1485          1
      1486          1
      1487          1
      1488          1
      1489          1
      1490          1
      1491          1
      1492          1
      1493          1
      1494          1
      1495          1
      1496          1
      1497          1
      1498          1
      1499          1
      1500          1
      1501          1
      1502          1
      1503          1
      1504          1
      1505          1
      1506          1
      1507          1
      1508          1
      1509          1
      1510          1
      1511          1
      1512          1
      1513          1
      1514          1
      1515          1
      1516          1
      1517          1
      1518          1
      1519          1
      1520          1
      1521          1
      1522          1
      1523          1
      1524          1
      1525          1
      1526          1
      1527          1
      1528          1
      1529          1
      1530          1
      1531          1
      1532          1
      1533          1
      1534          1
      1535          1
      1536          1
      1537          1
      1538          1
      1539          1
      1540          1
      1541          1
      1542          1
      1543          1
      1544          1
      1545          1
      1546          1
      1547          1
      1548          1
      1549          1
      1550          1
      1551          1
      1552          1
      1553          1
      1554          1
      1555          1
      1556          1
      1557          1
      1558          1
      1559          1
      1560          1
      1561          1
      1562          1
      1563          1
      1564          1
      1565          1
      1566          1
      1567          1
      1568          1
      1569          1
      1570          1
      1571          1
      1572          1
      1573          1
      1574          1
      1575          1
      1576          1
      1577          1
      1578          1
      1579          1
      1580          1
      1581          1
      1582          1
      1583          1
      1584          1
      1585          1
      1586          1
      1587          1
      1588          1
      1589          1
      1590          1
      1591          1
      1592          1
      1593          1
      1594          1
      1595          1
      1596          1
      1597          1
      1598          1
      1599          1
      1600          1
      1601          1
      1602          1
      1603          1
      1604          1
      1605          1
      1606          1
      1607          1
      1608          1
      1609          1
      1610          1
      1611          1
      1612          1
      1613          1
      1614          1
      1615          1
      1616          1
      1617          1
      1618          1
      1619          1
      1620          1
      1621          1
      1622          1
      1623          1
      1624          1
      1625          1
      1626          1
      1627          1
      1628          1
      1629          1
      1630          1
      1631          1
      1632          1
      1633          1
      1634          1
      1635          1
      1636          1
      1637          1
      1638          1
      1639          1
      1640          1
      1641          1
      1642          1
      1643          1
      1644          1
      1645          1
      1646          1
      1647          1
      1648          1
      1649          1
      1650          1
      1651          1
      1652          1
      1653          1
      1654          1
      1655          1
      1656          1
      1657          1
      1658          1
      1659          1
      1660          1
      1661          1
      1662          1
      1663          1
      1664          1
      1665          1
      1666          1
      1667          1
      1668          1
      1669          1
      1670          1
      1671          1
      1672          1
      1673          1
      1674          1
      1675          1
      1676          1
      1677          1
      1678          1
      1679          1
      1680          1
      1681          1
      1682          1
      1683          1
      1684          1
      1685          1
      1686          1
      1687          1
      1688          1
      1689          1
      1690          1
      1691          1
      1692          1
      1693          1
      1694          1
      1695          1
      1696          1
      1697          1
      1698          1
      1699          1
      1700          1
      1701          1
      1702          1
      1703          1
      1704          1
      1705          1
      1706          1
      1707          1
      1708          1
      1709          1
      1710          1
      1711          1
      1712          1
      1713          1
      1714          1
      1715          1
      1716          1
      1717          1
      1718          1
      1719          1
      1720          1
      1721          1
      1722          1
      1723          1
      1724          1
      1725          1
      1726          1
      1727          1
      1728          1
      1729          1
      1730          1
      1731          1
      1732          1
      1733          1
      1734          1
      1735          1
      1736          1
      1737          1
      1738          1
      1739          1
      1740          1
      1741          1
      1742          1
      1743          1
      1744          1
      1745          1
      1746          1
      1747          1
      1748          1
      1749          1
      1750          1
      1751          1
      1752          1
      1753          1
      1754          1
      1755          1
      1756          1
      1757          1
      1758          1
      1759          1
      1760          1
      1761          1
      1762          1
      1763          1
      1764          1
      1765          1
      1766          1
      1767          1
      1768          1
      1769          1
      1770          1
      1771          1
      1772          1
      1773          1
      1774          1
      1775          1
      1776          1
      1777          1
      1778          1
      1779          1
      1780          1
      1781          1
      1782          1
      1783          1
      1784          1
      1785          1
      1786          1
      1787          1
      1788          1
      1789          1
      1790          1
      1791          1
      1792          1
      1793          1
      1794          1
      1795          1
      1796          1
      1797          1
      1798          1
      1799          1
      1800          1
      1801          1
      1802          1
      1803          1
      1804          1
      1805          1
      1806          1
      1807          1
      1808          1
      1809          1
      1810          1
      1811          1
      1812          1
      1813          1
      1814          1
      1815          1
      1816          1
      1817          1
      1818          1
      1819          1
      1820          1
      1821          1
      1822          1
      1823          1
      1824          1
      1825          1
      1826          1
      1827          1
      1828          1
      1829          1
      1830          1
      1831          1
      1832          1
      1833          1
      1834          1
      1835          1
      1836          1
      1837          1
      1838          1
      1839          1
      1840          1
      1841          1
      1842          1
      1843          1
      1844          1
      1845          1
      1846          1
      1847          1
      1848          1
      1849          1
      1850          1
      1851          1
      1852          1
      1853          1
      1854          1
      1855          1
      1856          1
      1857          1
      1858          1
      1859          1
      1860          1
      1861          1
      1862          1
      1863          1
      1864          1
      1865          1
      1866          1
      1867          1
      1868          1
      1869          1
      1870          1
      1871          1
      1872          1
      1873          1
      1874          1
      1875          1
      1876          1
      1877          1
      1878          1
      1879          1
      1880          1
      1881          1
      1882          1
      1883          1
      1884          1
      1885          1
      1886          1
      1887          1
      1888          1
      1889          1
      1890          1
      1891          1
      1892          1
      1893          1
      1894          1
      1895          1
      1896          1
      1897          1
      1898          1
      1899          1
      1900          1
      1901          1
      1902          1
      1903          1
      1904          1
      1905          1
      1906          1
      1907          1
      1908          1
      1909          1
      1910          1
      1911          1
      1912          1
      1913          1
      1914          1
      1915          1
      1916          1
      1917          1
      1918          1
      1919          1
      1920          1
      1921          1
      1922          1
      1923          1
      1924          1
      1925          1
      1926          1
      1927          1
      1928          1
      1929          1
      1930          1
      1931          1
      1932          1
      1933          1
      1934          1
      1935          1
      1936          1
      1937          1
      1938          1
      1939          1
      1940          1
      1941          1
      1942          1
      1943          1
      1944          1
      1945          1
      1946          1
      1947          1
      1948          1
      1949          1
      1950          1
      1951          1
      1952          1
      1953          1
      1954          1
      1955          1
      1956          1
      1957          1
      1958          1
      1959          1
      1960          1
      1961          1
      1962          1
      1963          1
      1964          1
      1965          1
      1966          1
      1967          1
      1968          1
      1969          1
      1970          1
      1971          1
      1972          1
      1973          1
      1974          1
      1975          1
      1976          1
      1977          1
      1978          1
      1979          1
      1980          1
      1981          1
      1982          1
      1983          1
      1984          1
      1985          1
      1986          1
      1987          1
      1988          1
      1989          1
      1990          1
      1991          1
      1992          1
      1993          1
      1994          1
      1995          1
      1996          1
      1997          1
      1998          1
      1999          1
      2000          1
      2001          1
      2002          1
      2003          1
      2004          1
      2005          1
      2006          1
      2007          1
      2008          1
      2009          1
      2010          1
      2011          1
      2012          1
      2013          1
      2014          1
      2015          1
      2016          1
      2017          1
      2018          1
      2019          1
      2020          1
      2021          1
      2022          1
      2023          1
      2024          1
      2025          1
      2026          1
      2027          1
      2028          1
      2029          1
      2030          1
      2031          1
      2032          1
      2033          1
      2034          1
      2035          1
      2036          1
      2037          1
      2038          1
      2039          1
      2040          1
      2041          1
      2042          1
      2043          1
      2044          1
      2045          1
      2046          1
      2047          1
      2048          1
      2049          2
      2050          2
      2051          2
      2052          2
      2053          2
      2054          2
      2055          2
      2056          2
      2057          2
      2058          2
      2059          2
      2060          2
      2061          2
      2062          2
      2063          2
      2064          2
      2065          2
      2066          2
      2067          2
      2068          2
      2069          2
      2070          2
      2071          2
      2072          2
      2073          2
      2074          2
      2075          2
      2076          2
      2077          2
      2078          2
      2079          2
      2080          2
      2081          2
      2082          2
      2083          2
      2084          2
      2085          2
      2086          2
      2087          2
      2088          2
      2089          2
      2090          2
      2091          2
      2092          2
      2093          2
      2094          2
      2095          2
      2096          2
      2097          2
      2098          2
      2099          2
      2100          2
      2101          2
      2102          2
      2103          2
      2104          2
      2105          2
      2106          2
      2107          2
      2108          2
      2109          2
      2110          2
      2111          2
      2112          2
      2113          2
      2114          2
      2115          2
      2116          2
      2117          2
      2118          2
      2119          2
      2120          2
      2121          2
      2122          2
      2123          2
      2124          2
      2125          2
      2126          2
      2127          2
      2128          2
      2129          2
      2130          2
      2131          2
      2132          2
      2133          2
      2134          2
      2135          2
      2136          2
      2137          2
      2138          2
      2139          2
      2140          2
      2141          2
      2142          2
      2143          2
      2144          2
      2145          2
      2146          2
      2147          2
      2148          2
      2149          2
      2150          2
      2151          2
      2152          2
      2153          2
      2154          2
      2155          2
      2156          2
      2157          2
      2158          2
      2159          2
      2160          2
      2161          2
      2162          2
      2163          2
      2164          2
      2165          2
      2166          2
      2167          2
      2168          2
      2169          2
      2170          2
      2171          2
      2172          2
      2173          2
      2174          2
      2175          2
      2176          2
      2177          2
      2178          2
      2179          2
      2180          2
      2181          2
      2182          2
      2183          2
      2184          2
      2185          2
      2186          2
      2187          2
      2188          2
      2189          2
      2190          2
      2191          2
      2192          2
      2193          2
      2194          2
      2195          2
      2196          2
      2197          2
      2198          2
      2199          2
      2200          2
      2201          2
      2202          2
      2203          2
      2204          2
      2205          2
      2206          2
      2207          2
      2208          2
      2209          2
      2210          2
      2211          2
      2212          2
      2213          2
      2214          2
      2215          2
      2216          2
      2217          2
      2218          2
      2219          2
      2220          2
      2221          2
      2222          2
      2223          2
      2224          2
      2225          2
      2226          2
      2227          2
      2228          2
      2229          2
      2230          2
      2231          2
      2232          2
      2233          2
      2234          2
      2235          2
      2236          2
      2237          2
      2238          2
      2239          2
      2240          2
      2241          2
      2242          2
      2243          2
      2244          2
      2245          2
      2246          2
      2247          2
      2248          2
      2249          2
      2250          2
      2251          2
      2252          2
      2253          2
      2254          2
      2255          2
      2256          2
      2257          2
      2258          2
      2259          2
      2260          2
      2261          2
      2262          2
      2263          2
      2264          2
      2265          2
      2266          2
      2267          2
      2268          2
      2269          2
      2270          2
      2271          2
      2272          2
      2273          2
      2274          2
      2275          2
      2276          2
      2277          2
      2278          2
      2279          2
      2280          2
      2281          2
      2282          2
      2283          2
      2284          2
      2285          2
      2286          2
      2287          2
      2288          2
      2289          2
      2290          2
      2291          2
      2292          2
      2293          2
      2294          2
      2295          2
      2296          2
      2297          2
      2298          2
      2299          2
      2300          2
      2301          2
      2302          2
      2303          2
      2304          2
      2305          2
      2306          2
      2307          2
      2308          2
      2309          2
      2310          2
      2311          2
      2312          2
      2313          2
      2314          2
      2315          2
      2316          2
      2317          2
      2318          2
      2319          2
      2320          2
      2321          2
      2322          2
      2323          2
      2324          2
      2325          2
      2326          2
      2327          2
      2328          2
      2329          2
      2330          2
      2331          2
      2332          2
      2333          2
      2334          2
      2335          2
      2336          2
      2337          2
      2338          2
      2339          2
      2340          2
      2341          2
      2342          2
      2343          2
      2344          2
      2345          2
      2346          2
      2347          2
      2348          2
      2349          2
      2350          2
      2351          2
      2352          2
      2353          2
      2354          2
      2355          2
      2356          2
      2357          2
      2358          2
      2359          2
      2360          2
      2361          2
      2362          2
      2363          2
      2364          2
      2365          2
      2366          2
      2367          2
      2368          2
      2369          2
      2370          2
      2371          2
      2372          2
      2373          2
      2374          2
      2375          2
      2376          2
      2377          2
      2378          2
      2379          2
      2380          2
      2381          2
      2382          2
      2383          2
      2384          2
      2385          2
      2386          2
      2387          2
      2388          2
      2389          2
      2390          2
      2391          2
      2392          2
      2393          2
      2394          2
      2395          2
      2396          2
      2397          2
      2398          2
      2399          2
      2400          2
      2401          2
      2402          2
      2403          2
      2404          2
      2405          2
      2406          2
      2407          2
      2408          2
      2409          2
      2410          2
      2411          2
      2412          2
      2413          2
      2414          2
      2415          2
      2416          2
      2417          2
      2418          2
      2419          2
      2420          2
      2421          2
      2422          2
      2423          2
      2424          2
      2425          2
      2426          2
      2427          2
      2428          2
      2429          2
      2430          2
      2431          2
      2432          2
      2433          2
      2434          2
      2435          2
      2436          2
      2437          2
      2438          2
      2439          2
      2440          2
      2441          2
      2442          2
      2443          2
      2444          2
      2445          2
      2446          2
      2447          2
      2448          2
      2449          2
      2450          2
      2451          2
      2452          2
      2453          2
      2454          2
      2455          2
      2456          2
      2457          2
      2458          2
      2459          2
      2460          2
      2461          2
      2462          2
      2463          2
      2464          2
      2465          2
      2466          2
      2467          2
      2468          2
      2469          2
      2470          2
      2471          2
      2472          2
      2473          2
      2474          2
      2475          2
      2476          2
      2477          2
      2478          2
      2479          2
      2480          2
      2481          2
      2482          2
      2483          2
      2484          2
      2485          2
      2486          2
      2487          2
      2488          2
      2489          2
      2490          2
      2491          2
      2492          2
      2493          2
      2494          2
      2495          2
      2496          2
      2497          2
      2498          2
      2499          2
      2500          2
      2501          2
      2502          2
      2503          2
      2504          2
      2505          2
      2506          2
      2507          2
      2508          2
      2509          2
      2510          2
      2511          2
      2512          2
      2513          2
      2514          2
      2515          2
      2516          2
      2517          2
      2518          2
      2519          2
      2520          2
      2521          2
      2522          2
      2523          2
      2524          2
      2525          2
      2526          2
      2527          2
      2528          2
      2529          2
      2530          2
      2531          2
      2532          2
      2533          2
      2534          2
      2535          2
      2536          2
      2537          2
      2538          2
      2539          2
      2540          2
      2541          2
      2542          2
      2543          2
      2544          2
      2545          2
      2546          2
      2547          2
      2548          2
      2549          2
      2550          2
      2551          2
      2552          2
      2553          2
      2554          2
      2555          2
      2556          2
      2557          2
      2558          2
      2559          2
      2560          2
      2561          2
      2562          2
      2563          2
      2564          2
      2565          2
      2566          2
      2567          2
      2568          2
      2569          2
      2570          2
      2571          2
      2572          2
      2573          2
      2574          2
      2575          2
      2576          2
      2577          2
      2578          2
      2579          2
      2580          2
      2581          2
      2582          2
      2583          2
      2584          2
      2585          2
      2586          2
      2587          2
      2588          2
      2589          2
      2590          2
      2591          2
      2592          2
      2593          2
      2594          2
      2595          2
      2596          2
      2597          2
      2598          2
      2599          2
      2600          2
      2601          2
      2602          2
      2603          2
      2604          2
      2605          2
      2606          2
      2607          2
      2608          2
      2609          2
      2610          2
      2611          2
      2612          2
      2613          2
      2614          2
      2615          2
      2616          2
      2617          2
      2618          2
      2619          2
      2620          2
      2621          2
      2622          2
      2623          2
      2624          2
      2625          2
      2626          2
      2627          2
      2628          2
      2629          2
      2630          2
      2631          2
      2632          2
      2633          2
      2634          2
      2635          2
      2636          2
      2637          2
      2638          2
      2639          2
      2640          2
      2641          2
      2642          2
      2643          2
      2644          2
      2645          2
      2646          2
      2647          2
      2648          2
      2649          2
      2650          2
      2651          2
      2652          2
      2653          2
      2654          2
      2655          2
      2656          2
      2657          2
      2658          2
      2659          2
      2660          2
      2661          2
      2662          2
      2663          2
      2664          2
      2665          2
      2666          2
      2667          2
      2668          2
      2669          2
      2670          2
      2671          2
      2672          2
      2673          2
      2674          2
      2675          2
      2676          2
      2677          2
      2678          2
      2679          2
      2680          2
      2681          2
      2682          2
      2683          2
      2684          2
      2685          2
      2686          2
      2687          2
      2688          2
      2689          2
      2690          2
      2691          2
      2692          2
      2693          2
      2694          2
      2695          2
      2696          2
      2697          2
      2698          2
      2699          2
      2700          2
      2701          2
      2702          2
      2703          2
      2704          2
      2705          2
      2706          2
      2707          2
      2708          2
      2709          2
      2710          2
      2711          2
      2712          2
      2713          2
      2714          2
      2715          2
      2716          2
      2717          2
      2718          2
      2719          2
      2720          2
      2721          2
      2722          2
      2723          2
      2724          2
      2725          2
      2726          2
      2727          2
      2728          2
      2729          2
      2730          2
      2731          2
      2732          2
      2733          2
      2734          2
      2735          2
      2736          2
      2737          2
      2738          2
      2739          2
      2740          2
      2741          2
      2742          2
      2743          2
      2744          2
      2745          2
      2746          2
      2747          2
      2748          2
      2749          2
      2750          2
      2751          2
      2752          2
      2753          2
      2754          2
      2755          2
      2756          2
      2757          2
      2758          2
      2759          2
      2760          2
      2761          2
      2762          2
      2763          2
      2764          2
      2765          2
      2766          2
      2767          2
      2768          2
      2769          2
      2770          2
      2771          2
      2772          2
      2773          2
      2774          2
      2775          2
      2776          2
      2777          2
      2778          2
      2779          2
      2780          2
      2781          2
      2782          2
      2783          2
      2784          2
      2785          2
      2786          2
      2787          2
      2788          2
      2789          2
      2790          2
      2791          2
      2792          2
      2793          2
      2794          2
      2795          2
      2796          2
      2797          2
      2798          2
      2799          2
      2800          2
      2801          2
      2802          2
      2803          2
      2804          2
      2805          2
      2806          2
      2807          2
      2808          2
      2809          2
      2810          2
      2811          2
      2812          2
      2813          2
      2814          2
      2815          2
      2816          2
      2817          3
      2818          3
      2819          3
      2820          3
      2821          3
      2822          3
      2823          3
      2824          3
      2825          3
      2826          3
      2827          3
      2828          3
      2829          3
      2830          3
      2831          3
      2832          3
      2833          3
      2834          3
      2835          3
      2836          3
      2837          3
      2838          3
      2839          3
      2840          3
      2841          3
      2842          3
      2843          3
      2844          3
      2845          3
      2846          3
      2847          3
      2848          3
      2849          3
      2850          3
      2851          3
      2852          3
      2853          3
      2854          3
      2855          3
      2856          3
      2857          3
      2858          3
      2859          3
      2860          3
      2861          3
      2862          3
      2863          3
      2864          3
      2865          3
      2866          3
      2867          3
      2868          3
      2869          3
      2870          3
      2871          3
      2872          3
      2873          3
      2874          3
      2875          3
      2876          3
      2877          3
      2878          3
      2879          3
      2880          3
      2881          3
      2882          3
      2883          3
      2884          3
      2885          3
      2886          3
      2887          3
      2888          3
      2889          3
      2890          3
      2891          3
      2892          3
      2893          3
      2894          3
      2895          3
      2896          3
      2897          3
      2898          3
      2899          3
      2900          3
      2901          3
      2902          3
      2903          3
      2904          3
      2905          3
      2906          3
      2907          3
      2908          3
      2909          3
      2910          3
      2911          3
      2912          3
      2913          3
      2914          3
      2915          3
      2916          3
      2917          3
      2918          3
      2919          3
      2920          3
      2921          3
      2922          3
      2923          3
      2924          3
      2925          3
      2926          3
      2927          3
      2928          3
      2929          3
      2930          3
      2931          3
      2932          3
      2933          3
      2934          3
      2935          3
      2936          3
      2937          3
      2938          3
      2939          3
      2940          3
      2941          3
      2942          3
      2943          3
      2944          3
      2945          3
      2946          3
      2947          3
      2948          3
      2949          3
      2950          3
      2951          3
      2952          3
      2953          3
      2954          3
      2955          3
      2956          3
      2957          3
      2958          3
      2959          3
      2960          3
      2961          3
      2962          3
      2963          3
      2964          3
      2965          3
      2966          3
      2967          3
      2968          3
      2969          3
      2970          3
      2971          3
      2972          3
      2973          3
      2974          3
      2975          3
      2976          3
      2977          3
      2978          3
      2979          3
      2980          3
      2981          3
      2982          3
      2983          3
      2984          3
      2985          3
      2986          3
      2987          3
      2988          3
      2989          3
      2990          3
      2991          3
      2992          3
      2993          3
      2994          3
      2995          3
      2996          3
      2997          3
      2998          3
      2999          3
      3000          3
      3001          3
      3002          3
      3003          3
      3004          3
      3005          3
      3006          3
      3007          3
      3008          3
      3009          3
      3010          3
      3011          3
      3012          3
      3013          3
      3014          3
      3015          3
      3016          3
      3017          3
      3018          3
      3019          3
      3020          3
      3021          3
      3022          3
      3023          3
      3024          3
      3025          3
      3026          3
      3027          3
      3028          3
      3029          3
      3030          3
      3031          3
      3032          3
      3033          3
      3034          3
      3035          3
      3036          3
      3037          3
      3038          3
      3039          3
      3040          3
      3041          3
      3042          3
      3043          3
      3044          3
      3045          3
      3046          3
      3047          3
      3048          3
      3049          3
      3050          3
      3051          3
      3052          3
      3053          3
      3054          3
      3055          3
      3056          3
      3057          3
      3058          3
      3059          3
      3060          3
      3061          3
      3062          3
      3063          3
      3064          3
      3065          3
      3066          3
      3067          3
      3068          3
      3069          3
      3070          3
      3071          3
      3072          3
      3073          3
      3074          3
      3075          3
      3076          3
      3077          3
      3078          3
      3079          3
      3080          3
      3081          3
      3082          3
      3083          3
      3084          3
      3085          3
      3086          3
      3087          3
      3088          3
      3089          3
      3090          3
      3091          3
      3092          3
      3093          3
      3094          3
      3095          3
      3096          3
      3097          3
      3098          3
      3099          3
      3100          3
      3101          3
      3102          3
      3103          3
      3104          3
      3105          3
      3106          3
      3107          3
      3108          3
      3109          3
      3110          3
      3111          3
      3112          3
      3113          3
      3114          3
      3115          3
      3116          3
      3117          3
      3118          3
      3119          3
      3120          3
      3121          3
      3122          3
      3123          3
      3124          3
      3125          3
      3126          3
      3127          3
      3128          3
      3129          3
      3130          3
      3131          3
      3132          3
      3133          3
      3134          3
      3135          3
      3136          3
      3137          3
      3138          3
      3139          3
      3140          3
      3141          3
      3142          3
      3143          3
      3144          3
      3145          3
      3146          3
      3147          3
      3148          3
      3149          3
      3150          3
      3151          3
      3152          3
      3153          3
      3154          3
      3155          3
      3156          3
      3157          3
      3158          3
      3159          3
      3160          3
      3161          3
      3162          3
      3163          3
      3164          3
      3165          3
      3166          3
      3167          3
      3168          3
      3169          3
      3170          3
      3171          3
      3172          3
      3173          3
      3174          3
      3175          3
      3176          3
      3177          3
      3178          3
      3179          3
      3180          3
      3181          3
      3182          3
      3183          3
      3184          3
      3185          3
      3186          3
      3187          3
      3188          3
      3189          3
      3190          3
      3191          3
      3192          3
      3193          3
      3194          3
      3195          3
      3196          3
      3197          3
      3198          3
      3199          3
      3200          3
      3201          3
      3202          3
      3203          3
      3204          3
      3205          3
      3206          3
      3207          3
      3208          3
      3209          3
      3210          3
      3211          3
      3212          3
      3213          3
      3214          3
      3215          3
      3216          3
      3217          3
      3218          3
      3219          3
      3220          3
      3221          3
      3222          3
      3223          3
      3224          3
      3225          3
      3226          3
      3227          3
      3228          3
      3229          3
      3230          3
      3231          3
      3232          3
      3233          3
      3234          3
      3235          3
      3236          3
      3237          3
      3238          3
      3239          3
      3240          3
      3241          3
      3242          3
      3243          3
      3244          3
      3245          3
      3246          3
      3247          3
      3248          3
      3249          3
      3250          3
      3251          3
      3252          3
      3253          3
      3254          3
      3255          3
      3256          3
      3257          3
      3258          3
      3259          3
      3260          3
      3261          3
      3262          3
      3263          3
      3264          3
      3265          3
      3266          3
      3267          3
      3268          3
      3269          3
      3270          3
      3271          3
      3272          3
      3273          3
      3274          3
      3275          3
      3276          3
      3277          3
      3278          3
      3279          3
      3280          3
      3281          3
      3282          3
      3283          3
      3284          3
      3285          3
      3286          3
      3287          3
      3288          3
      3289          3
      3290          3
      3291          3
      3292          3
      3293          3
      3294          3
      3295          3
      3296          3
      3297          3
      3298          3
      3299          3
      3300          3
      3301          3
      3302          3
      3303          3
      3304          3
      3305          3
      3306          3
      3307          3
      3308          3
      3309          3
      3310          3
      3311          3
      3312          3
      3313          3
      3314          3
      3315          3
      3316          3
      3317          3
      3318          3
      3319          3
      3320          3
      3321          3
      3322          3
      3323          3
      3324          3
      3325          3
      3326          3
      3327          3
      3328          3
      3329          3
      3330          3
      3331          3
      3332          3
      3333          3
      3334          3
      3335          3
      3336          3
      3337          3
      3338          3
      3339          3
      3340          3
      3341          3
      3342          3
      3343          3
      3344          3
      3345          3
      3346          3
      3347          3
      3348          3
      3349          3
      3350          3
      3351          3
      3352          3
      3353          3
      3354          3
      3355          3
      3356          3
      3357          3
      3358          3
      3359          3
      3360          3
      3361          3
      3362          3
      3363          3
      3364          3
      3365          3
      3366          3
      3367          3
      3368          3
      3369          3
      3370          3
      3371          3
      3372          3
      3373          3
      3374          3
      3375          3
      3376          3
      3377          3
      3378          3
      3379          3
      3380          3
      3381          3
      3382          3
      3383          3
      3384          3
      3385          3
      3386          3
      3387          3
      3388          3
      3389          3
      3390          3
      3391          3
      3392          3
      3393          3
      3394          3
      3395          3
      3396          3
      3397          3
      3398          3
      3399          3
      3400          3
      3401          3
      3402          3
      3403          3
      3404          3
      3405          3
      3406          3
      3407          3
      3408          3
      3409          3
      3410          3
      3411          3
      3412          3
      3413          3
      3414          3
      3415          3
      3416          3
      3417          3
      3418          3
      3419          3
      3420          3
      3421          3
      3422          3
      3423          3
      3424          3
      3425          3
      3426          3
      3427          3
      3428          3
      3429          3
      3430          3
      3431          3
      3432          3
      3433          3
      3434          3
      3435          3
      3436          3
      3437          3
      3438          3
      3439          3
      3440          3
      3441          3
      3442          3
      3443          3
      3444          3
      3445          3
      3446          3
      3447          3
      3448          3
      3449          3
      3450          3
      3451          3
      3452          3
      3453          3
      3454          3
      3455          3
      3456          3
      3457          3
      3458          3
      3459          3
      3460          3
      3461          3
      3462          3
      3463          3
      3464          3
      3465          3
      3466          3
      3467          3
      3468          3
      3469          3
      3470          3
      3471          3
      3472          3
      3473          3
      3474          3
      3475          3
      3476          3
      3477          3
      3478          3
      3479          3
      3480          3
      3481          3
      3482          3
      3483          3
      3484          3
      3485          3
      3486          3
      3487          3
      3488          3
      3489          3
      3490          3
      3491          3
      3492          3
      3493          3
      3494          3
      3495          3
      3496          3
      3497          3
      3498          3
      3499          3
      3500          3
      3501          3
      3502          3
      3503          3
      3504          3
      3505          3
      3506          3
      3507          3
      3508          3
      3509          3
      3510          3
      3511          3
      3512          3
      3513          3
      3514          3
      3515          3
      3516          3
      3517          3
      3518          3
      3519          3
      3520          3
      3521          3
      3522          3
      3523          3
      3524          3
      3525          3
      3526          3
      3527          3
      3528          3
      3529          3
      3530          3
      3531          3
      3532          3
      3533          3
      3534          3
      3535          3
      3536          3
      3537          3
      3538          3
      3539          3
      3540          3
      3541          3
      3542          3
      3543          3
      3544          3
      3545          3
      3546          3
      3547          3
      3548          3
      3549          3
      3550          3
      3551          3
      3552          3
      3553          3
      3554          3
      3555          3
      3556          3
      3557          3
      3558          3
      3559          3
      3560          3
      3561          3
      3562          3
      3563          3
      3564          3
      3565          3
      3566          3
      3567          3
      3568          3
      3569          3
      3570          3
      3571          3
      3572          3
      3573          3
      3574          3
      3575          3
      3576          3
      3577          3
      3578          3
      3579          3
      3580          3
      3581          3
      3582          3
      3583          3
      3584          3
      3585          4
      3586          4
      3587          4
      3588          4
      3589          4
      3590          4
      3591          4
      3592          4
      3593          4
      3594          4
      3595          4
      3596          4
      3597          4
      3598          4
      3599          4
      3600          4
      3601          4
      3602          4
      3603          4
      3604          4
      3605          4
      3606          4
      3607          4
      3608          4
      3609          4
      3610          4
      3611          4
      3612          4
      3613          4
      3614          4
      3615          4
      3616          4
      3617          4
      3618          4
      3619          4
      3620          4
      3621          4
      3622          4
      3623          4
      3624          4
      3625          4
      3626          4
      3627          4
      3628          4
      3629          4
      3630          4
      3631          4
      3632          4
      3633          4
      3634          4
      3635          4
      3636          4
      3637          4
      3638          4
      3639          4
      3640          4
      3641          4
      3642          4
      3643          4
      3644          4
      3645          4
      3646          4
      3647          4
      3648          4
      3649          4
      3650          4
      3651          4
      3652          4
      3653          4
      3654          4
      3655          4
      3656          4
      3657          4
      3658          4
      3659          4
      3660          4
      3661          4
      3662          4
      3663          4
      3664          4
      3665          4
      3666          4
      3667          4
      3668          4
      3669          4
      3670          4
      3671          4
      3672          4
      3673          4
      3674          4
      3675          4
      3676          4
      3677          4
      3678          4
      3679          4
      3680          4
      3681          4
      3682          4
      3683          4
      3684          4
      3685          4
      3686          4
      3687          4
      3688          4
      3689          4
      3690          4
      3691          4
      3692          4
      3693          4
      3694          4
      3695          4
      3696          4
      3697          4
      3698          4
      3699          4
      3700          4
      3701          4
      3702          4
      3703          4
      3704          4
      3705          4
      3706          4
      3707          4
      3708          4
      3709          4
      3710          4
      3711          4
      3712          4
      3713          4
      3714          4
      3715          4
      3716          4
      3717          4
      3718          4
      3719          4
      3720          4
      3721          4
      3722          4
      3723          4
      3724          4
      3725          4
      3726          4
      3727          4
      3728          4
      3729          4
      3730          4
      3731          4
      3732          4
      3733          4
      3734          4
      3735          4
      3736          4
      3737          4
      3738          4
      3739          4
      3740          4
      3741          4
      3742          4
      3743          4
      3744          4
      3745          4
      3746          4
      3747          4
      3748          4
      3749          4
      3750          4
      3751          4
      3752          4
      3753          4
      3754          4
      3755          4
      3756          4
      3757          4
      3758          4
      3759          4
      3760          4
      3761          4
      3762          4
      3763          4
      3764          4
      3765          4
      3766          4
      3767          4
      3768          4
      3769          4
      3770          4
      3771          4
      3772          4
      3773          4
      3774          4
      3775          4
      3776          4
      3777          4
      3778          4
      3779          4
      3780          4
      3781          4
      3782          4
      3783          4
      3784          4
      3785          4
      3786          4
      3787          4
      3788          4
      3789          4
      3790          4
      3791          4
      3792          4
      3793          4
      3794          4
      3795          4
      3796          4
      3797          4
      3798          4
      3799          4
      3800          4
      3801          4
      3802          4
      3803          4
      3804          4
      3805          4
      3806          4
      3807          4
      3808          4
      3809          4
      3810          4
      3811          4
      3812          4
      3813          4
      3814          4
      3815          4
      3816          4
      3817          4
      3818          4
      3819          4
      3820          4
      3821          4
      3822          4
      3823          4
      3824          4
      3825          4
      3826          4
      3827          4
      3828          4
      3829          4
      3830          4
      3831          4
      3832          4
      3833          4
      3834          4
      3835          4
      3836          4
      3837          4
      3838          4
      3839          4
      3840          4
      3841          4
      3842          4
      3843          4
      3844          4
      3845          4
      3846          4
      3847          4
      3848          4
      3849          4
      3850          4
      3851          4
      3852          4
      3853          4
      3854          4
      3855          4
      3856          4
      3857          4
      3858          4
      3859          4
      3860          4
      3861          4
      3862          4
      3863          4
      3864          4
      3865          4
      3866          4
      3867          4
      3868          4
      3869          4
      3870          4
      3871          4
      3872          4
      3873          4
      3874          4
      3875          4
      3876          4
      3877          4
      3878          4
      3879          4
      3880          4
      3881          4
      3882          4
      3883          4
      3884          4
      3885          4
      3886          4
      3887          4
      3888          4
      3889          4
      3890          4
      3891          4
      3892          4
      3893          4
      3894          4
      3895          4
      3896          4
      3897          4
      3898          4
      3899          4
      3900          4
      3901          4
      3902          4
      3903          4
      3904          4
      3905          4
      3906          4
      3907          4
      3908          4
      3909          4
      3910          4
      3911          4
      3912          4
      3913          4
      3914          4
      3915          4
      3916          4
      3917          4
      3918          4
      3919          4
      3920          4
      3921          4
      3922          4
      3923          4
      3924          4
      3925          4
      3926          4
      3927          4
      3928          4
      3929          4
      3930          4
      3931          4
      3932          4
      3933          4
      3934          4
      3935          4
      3936          4
      3937          4
      3938          4
      3939          4
      3940          4
      3941          4
      3942          4
      3943          4
      3944          4
      3945          4
      3946          4
      3947          4
      3948          4
      3949          4
      3950          4
      3951          4
      3952          4
      3953          4
      3954          4
      3955          4
      3956          4
      3957          4
      3958          4
      3959          4
      3960          4
      3961          4
      3962          4
      3963          4
      3964          4
      3965          4
      3966          4
      3967          4
      3968          4
      3969          4
      3970          4
      3971          4
      3972          4
      3973          4
      3974          4
      3975          4
      3976          4
      3977          4
      3978          4
      3979          4
      3980          4
      3981          4
      3982          4
      3983          4
      3984          4
      3985          4
      3986          4
      3987          4
      3988          4
      3989          4
      3990          4
      3991          4
      3992          4
      3993          4
      3994          4
      3995          4
      3996          4
      3997          4
      3998          4
      3999          4
      4000          4
      4001          4
      4002          4
      4003          4
      4004          4
      4005          4
      4006          4
      4007          4
      4008          4
      4009          4
      4010          4
      4011          4
      4012          4
      4013          4
      4014          4
      4015          4
      4016          4
      4017          4
      4018          4
      4019          4
      4020          4
      4021          4
      4022          4
      4023          4
      4024          4
      4025          4
      4026          4
      4027          4
      4028          4
      4029          4
      4030          4
      4031          4
      4032          4
      4033          4
      4034          4
      4035          4
      4036          4
      4037          4
      4038          4
      4039          4
      4040          4
      4041          4
      4042          4
      4043          4
      4044          4
      4045          4
      4046          4
      4047          4
      4048          4
      4049          4
      4050          4
      4051          4
      4052          4
      4053          4
      4054          4
      4055          4
      4056          4
      4057          4
      4058          4
      4059          4
      4060          4
      4061          4
      4062          4
      4063          4
      4064          4
      4065          4
      4066          4
      4067          4
      4068          4
      4069          4
      4070          4
      4071          4
      4072          4
      4073          4
      4074          4
      4075          4
      4076          4
      4077          4
      4078          4
      4079          4
      4080          4
      4081          4
      4082          4
      4083          4
      4084          4
      4085          4
      4086          4
      4087          4
      4088          4
      4089          4
      4090          4
      4091          4
      4092          4
      4093          4
      4094          4
      4095          4
      4096          4
