576
561 73 4359 3294 38
562 4359 4360 3295 3294
563 4360 4361 3296 3295
564 4361 4362 3297 3296
565 4362 4363 3298 3297
566 4363 4364 3299 3298
567 4364 4365 3300 3299
568 4365 4366 3301 3300
569 4366 4367 3302 3301
570 4367 4368 3303 3302
571 4368 4369 3304 3303
572 4369 4370 3305 3304
573 4370 4371 3306 3305
574 4371 4372 3307 3306
575 4372 4373 3308 3307
576 4373 1479 1443 3308
1137 72 4344 4359 73
1138 4344 4345 4360 4359
1139 4345 4346 4361 4360
1140 4346 4347 4362 4361
1141 4347 4348 4363 4362
1142 4348 4349 4364 4363
1143 4349 4350 4365 4364
1144 4350 4351 4366 4365
1145 4351 4352 4367 4366
1146 4352 4353 4368 4367
1147 4353 4354 4369 4368
1148 4354 4355 4370 4369
1149 4355 4356 4371 4370
1150 4356 4357 4372 4371
1151 4357 4358 4373 4372
1152 4358 1480 1479 4373
1713 71 4329 4344 72
1714 4329 4330 4345 4344
1715 4330 4331 4346 4345
1716 4331 4332 4347 4346
1717 4332 4333 4348 4347
1718 4333 4334 4349 4348
1719 4334 4335 4350 4349
1720 4335 4336 4351 4350
1721 4336 4337 4352 4351
1722 4337 4338 4353 4352
1723 4338 4339 4354 4353
1724 4339 4340 4355 4354
1725 4340 4341 4356 4355
1726 4341 4342 4357 4356
1727 4342 4343 4358 4357
1728 4343 1481 1480 4358
2289 70 4314 4329 71
2290 4314 4315 4330 4329
2291 4315 4316 4331 4330
2292 4316 4317 4332 4331
2293 4317 4318 4333 4332
2294 4318 4319 4334 4333
2295 4319 4320 4335 4334
2296 4320 4321 4336 4335
2297 4321 4322 4337 4336
2298 4322 4323 4338 4337
2299 4323 4324 4339 4338
2300 4324 4325 4340 4339
2301 4325 4326 4341 4340
2302 4326 4327 4342 4341
2303 4327 4328 4343 4342
2304 4328 1482 1481 4343
2865 69 4299 4314 70
2866 4299 4300 4315 4314
2867 4300 4301 4316 4315
2868 4301 4302 4317 4316
2869 4302 4303 4318 4317
2870 4303 4304 4319 4318
2871 4304 4305 4320 4319
2872 4305 4306 4321 4320
2873 4306 4307 4322 4321
2874 4307 4308 4323 4322
2875 4308 4309 4324 4323
2876 4309 4310 4325 4324
2877 4310 4311 4326 4325
2878 4311 4312 4327 4326
2879 4312 4313 4328 4327
2880 4313 1483 1482 4328
3441 68 4284 4299 69
3442 4284 4285 4300 4299
3443 4285 4286 4301 4300
3444 4286 4287 4302 4301
3445 4287 4288 4303 4302
3446 4288 4289 4304 4303
3447 4289 4290 4305 4304
3448 4290 4291 4306 4305
3449 4291 4292 4307 4306
3450 4292 4293 4308 4307
3451 4293 4294 4309 4308
3452 4294 4295 4310 4309
3453 4295 4296 4311 4310
3454 4296 4297 4312 4311
3455 4297 4298 4313 4312
3456 4298 1484 1483 4313
4017 67 4269 4284 68
4018 4269 4270 4285 4284
4019 4270 4271 4286 4285
4020 4271 4272 4287 4286
4021 4272 4273 4288 4287
4022 4273 4274 4289 4288
4023 4274 4275 4290 4289
4024 4275 4276 4291 4290
4025 4276 4277 4292 4291
4026 4277 4278 4293 4292
4027 4278 4279 4294 4293
4028 4279 4280 4295 4294
4029 4280 4281 4296 4295
4030 4281 4282 4297 4296
4031 4282 4283 4298 4297
4032 4283 1485 1484 4298
4593 66 4254 4269 67
4594 4254 4255 4270 4269
4595 4255 4256 4271 4270
4596 4256 4257 4272 4271
4597 4257 4258 4273 4272
4598 4258 4259 4274 4273
4599 4259 4260 4275 4274
4600 4260 4261 4276 4275
4601 4261 4262 4277 4276
4602 4262 4263 4278 4277
4603 4263 4264 4279 4278
4604 4264 4265 4280 4279
4605 4265 4266 4281 4280
4606 4266 4267 4282 4281
4607 4267 4268 4283 4282
4608 4268 1486 1485 4283
5169 65 4239 4254 66
5170 4239 4240 4255 4254
5171 4240 4241 4256 4255
5172 4241 4242 4257 4256
5173 4242 4243 4258 4257
5174 4243 4244 4259 4258
5175 4244 4245 4260 4259
5176 4245 4246 4261 4260
5177 4246 4247 4262 4261
5178 4247 4248 4263 4262
5179 4248 4249 4264 4263
5180 4249 4250 4265 4264
5181 4250 4251 4266 4265
5182 4251 4252 4267 4266
5183 4252 4253 4268 4267
5184 4253 1487 1486 4268
5745 64 4224 4239 65
5746 4224 4225 4240 4239
5747 4225 4226 4241 4240
5748 4226 4227 4242 4241
5749 4227 4228 4243 4242
5750 4228 4229 4244 4243
5751 4229 4230 4245 4244
5752 4230 4231 4246 4245
5753 4231 4232 4247 4246
5754 4232 4233 4248 4247
5755 4233 4234 4249 4248
5756 4234 4235 4250 4249
5757 4235 4236 4251 4250
5758 4236 4237 4252 4251
5759 4237 4238 4253 4252
5760 4238 1488 1487 4253
6321 63 4209 4224 64
6322 4209 4210 4225 4224
6323 4210 4211 4226 4225
6324 4211 4212 4227 4226
6325 4212 4213 4228 4227
6326 4213 4214 4229 4228
6327 4214 4215 4230 4229
6328 4215 4216 4231 4230
6329 4216 4217 4232 4231
6330 4217 4218 4233 4232
6331 4218 4219 4234 4233
6332 4219 4220 4235 4234
6333 4220 4221 4236 4235
6334 4221 4222 4237 4236
6335 4222 4223 4238 4237
6336 4223 1489 1488 4238
6897 62 4194 4209 63
6898 4194 4195 4210 4209
6899 4195 4196 4211 4210
6900 4196 4197 4212 4211
6901 4197 4198 4213 4212
6902 4198 4199 4214 4213
6903 4199 4200 4215 4214
6904 4200 4201 4216 4215
6905 4201 4202 4217 4216
6906 4202 4203 4218 4217
6907 4203 4204 4219 4218
6908 4204 4205 4220 4219
6909 4205 4206 4221 4220
6910 4206 4207 4222 4221
6911 4207 4208 4223 4222
6912 4208 1490 1489 4223
7473 61 4179 4194 62
7474 4179 4180 4195 4194
7475 4180 4181 4196 4195
7476 4181 4182 4197 4196
7477 4182 4183 4198 4197
7478 4183 4184 4199 4198
7479 4184 4185 4200 4199
7480 4185 4186 4201 4200
7481 4186 4187 4202 4201
7482 4187 4188 4203 4202
7483 4188 4189 4204 4203
7484 4189 4190 4205 4204
7485 4190 4191 4206 4205
7486 4191 4192 4207 4206
7487 4192 4193 4208 4207
7488 4193 1491 1490 4208
8049 60 4164 4179 61
8050 4164 4165 4180 4179
8051 4165 4166 4181 4180
8052 4166 4167 4182 4181
8053 4167 4168 4183 4182
8054 4168 4169 4184 4183
8055 4169 4170 4185 4184
8056 4170 4171 4186 4185
8057 4171 4172 4187 4186
8058 4172 4173 4188 4187
8059 4173 4174 4189 4188
8060 4174 4175 4190 4189
8061 4175 4176 4191 4190
8062 4176 4177 4192 4191
8063 4177 4178 4193 4192
8064 4178 1492 1491 4193
8625 59 4149 4164 60
8626 4149 4150 4165 4164
8627 4150 4151 4166 4165
8628 4151 4152 4167 4166
8629 4152 4153 4168 4167
8630 4153 4154 4169 4168
8631 4154 4155 4170 4169
8632 4155 4156 4171 4170
8633 4156 4157 4172 4171
8634 4157 4158 4173 4172
8635 4158 4159 4174 4173
8636 4159 4160 4175 4174
8637 4160 4161 4176 4175
8638 4161 4162 4177 4176
8639 4162 4163 4178 4177
8640 4163 1493 1492 4178
9201 58 4134 4149 59
9202 4134 4135 4150 4149
9203 4135 4136 4151 4150
9204 4136 4137 4152 4151
9205 4137 4138 4153 4152
9206 4138 4139 4154 4153
9207 4139 4140 4155 4154
9208 4140 4141 4156 4155
9209 4141 4142 4157 4156
9210 4142 4143 4158 4157
9211 4143 4144 4159 4158
9212 4144 4145 4160 4159
9213 4145 4146 4161 4160
9214 4146 4147 4162 4161
9215 4147 4148 4163 4162
9216 4148 1494 1493 4163
9777 57 4119 4134 58
9778 4119 4120 4135 4134
9779 4120 4121 4136 4135
9780 4121 4122 4137 4136
9781 4122 4123 4138 4137
9782 4123 4124 4139 4138
9783 4124 4125 4140 4139
9784 4125 4126 4141 4140
9785 4126 4127 4142 4141
9786 4127 4128 4143 4142
9787 4128 4129 4144 4143
9788 4129 4130 4145 4144
9789 4130 4131 4146 4145
9790 4131 4132 4147 4146
9791 4132 4133 4148 4147
9792 4133 1495 1494 4148
10353 56 4104 4119 57
10354 4104 4105 4120 4119
10355 4105 4106 4121 4120
10356 4106 4107 4122 4121
10357 4107 4108 4123 4122
10358 4108 4109 4124 4123
10359 4109 4110 4125 4124
10360 4110 4111 4126 4125
10361 4111 4112 4127 4126
10362 4112 4113 4128 4127
10363 4113 4114 4129 4128
10364 4114 4115 4130 4129
10365 4115 4116 4131 4130
10366 4116 4117 4132 4131
10367 4117 4118 4133 4132
10368 4118 1496 1495 4133
10929 55 4089 4104 56
10930 4089 4090 4105 4104
10931 4090 4091 4106 4105
10932 4091 4092 4107 4106
10933 4092 4093 4108 4107
10934 4093 4094 4109 4108
10935 4094 4095 4110 4109
10936 4095 4096 4111 4110
10937 4096 4097 4112 4111
10938 4097 4098 4113 4112
10939 4098 4099 4114 4113
10940 4099 4100 4115 4114
10941 4100 4101 4116 4115
10942 4101 4102 4117 4116
10943 4102 4103 4118 4117
10944 4103 1497 1496 4118
11505 54 4074 4089 55
11506 4074 4075 4090 4089
11507 4075 4076 4091 4090
11508 4076 4077 4092 4091
11509 4077 4078 4093 4092
11510 4078 4079 4094 4093
11511 4079 4080 4095 4094
11512 4080 4081 4096 4095
11513 4081 4082 4097 4096
11514 4082 4083 4098 4097
11515 4083 4084 4099 4098
11516 4084 4085 4100 4099
11517 4085 4086 4101 4100
11518 4086 4087 4102 4101
11519 4087 4088 4103 4102
11520 4088 1498 1497 4103
12081 53 4059 4074 54
12082 4059 4060 4075 4074
12083 4060 4061 4076 4075
12084 4061 4062 4077 4076
12085 4062 4063 4078 4077
12086 4063 4064 4079 4078
12087 4064 4065 4080 4079
12088 4065 4066 4081 4080
12089 4066 4067 4082 4081
12090 4067 4068 4083 4082
12091 4068 4069 4084 4083
12092 4069 4070 4085 4084
12093 4070 4071 4086 4085
12094 4071 4072 4087 4086
12095 4072 4073 4088 4087
12096 4073 1499 1498 4088
12657 52 4044 4059 53
12658 4044 4045 4060 4059
12659 4045 4046 4061 4060
12660 4046 4047 4062 4061
12661 4047 4048 4063 4062
12662 4048 4049 4064 4063
12663 4049 4050 4065 4064
12664 4050 4051 4066 4065
12665 4051 4052 4067 4066
12666 4052 4053 4068 4067
12667 4053 4054 4069 4068
12668 4054 4055 4070 4069
12669 4055 4056 4071 4070
12670 4056 4057 4072 4071
12671 4057 4058 4073 4072
12672 4058 1500 1499 4073
13233 51 4029 4044 52
13234 4029 4030 4045 4044
13235 4030 4031 4046 4045
13236 4031 4032 4047 4046
13237 4032 4033 4048 4047
13238 4033 4034 4049 4048
13239 4034 4035 4050 4049
13240 4035 4036 4051 4050
13241 4036 4037 4052 4051
13242 4037 4038 4053 4052
13243 4038 4039 4054 4053
13244 4039 4040 4055 4054
13245 4040 4041 4056 4055
13246 4041 4042 4057 4056
13247 4042 4043 4058 4057
13248 4043 1501 1500 4058
13809 50 4014 4029 51
13810 4014 4015 4030 4029
13811 4015 4016 4031 4030
13812 4016 4017 4032 4031
13813 4017 4018 4033 4032
13814 4018 4019 4034 4033
13815 4019 4020 4035 4034
13816 4020 4021 4036 4035
13817 4021 4022 4037 4036
13818 4022 4023 4038 4037
13819 4023 4024 4039 4038
13820 4024 4025 4040 4039
13821 4025 4026 4041 4040
13822 4026 4027 4042 4041
13823 4027 4028 4043 4042
13824 4028 1502 1501 4043
14385 49 3999 4014 50
14386 3999 4000 4015 4014
14387 4000 4001 4016 4015
14388 4001 4002 4017 4016
14389 4002 4003 4018 4017
14390 4003 4004 4019 4018
14391 4004 4005 4020 4019
14392 4005 4006 4021 4020
14393 4006 4007 4022 4021
14394 4007 4008 4023 4022
14395 4008 4009 4024 4023
14396 4009 4010 4025 4024
14397 4010 4011 4026 4025
14398 4011 4012 4027 4026
14399 4012 4013 4028 4027
14400 4013 1503 1502 4028
14961 48 3984 3999 49
14962 3984 3985 4000 3999
14963 3985 3986 4001 4000
14964 3986 3987 4002 4001
14965 3987 3988 4003 4002
14966 3988 3989 4004 4003
14967 3989 3990 4005 4004
14968 3990 3991 4006 4005
14969 3991 3992 4007 4006
14970 3992 3993 4008 4007
14971 3993 3994 4009 4008
14972 3994 3995 4010 4009
14973 3995 3996 4011 4010
14974 3996 3997 4012 4011
14975 3997 3998 4013 4012
14976 3998 1504 1503 4013
15537 47 3969 3984 48
15538 3969 3970 3985 3984
15539 3970 3971 3986 3985
15540 3971 3972 3987 3986
15541 3972 3973 3988 3987
15542 3973 3974 3989 3988
15543 3974 3975 3990 3989
15544 3975 3976 3991 3990
15545 3976 3977 3992 3991
15546 3977 3978 3993 3992
15547 3978 3979 3994 3993
15548 3979 3980 3995 3994
15549 3980 3981 3996 3995
15550 3981 3982 3997 3996
15551 3982 3983 3998 3997
15552 3983 1505 1504 3998
16113 46 3954 3969 47
16114 3954 3955 3970 3969
16115 3955 3956 3971 3970
16116 3956 3957 3972 3971
16117 3957 3958 3973 3972
16118 3958 3959 3974 3973
16119 3959 3960 3975 3974
16120 3960 3961 3976 3975
16121 3961 3962 3977 3976
16122 3962 3963 3978 3977
16123 3963 3964 3979 3978
16124 3964 3965 3980 3979
16125 3965 3966 3981 3980
16126 3966 3967 3982 3981
16127 3967 3968 3983 3982
16128 3968 1506 1505 3983
16689 45 3939 3954 46
16690 3939 3940 3955 3954
16691 3940 3941 3956 3955
16692 3941 3942 3957 3956
16693 3942 3943 3958 3957
16694 3943 3944 3959 3958
16695 3944 3945 3960 3959
16696 3945 3946 3961 3960
16697 3946 3947 3962 3961
16698 3947 3948 3963 3962
16699 3948 3949 3964 3963
16700 3949 3950 3965 3964
16701 3950 3951 3966 3965
16702 3951 3952 3967 3966
16703 3952 3953 3968 3967
16704 3953 1507 1506 3968
17265 44 3924 3939 45
17266 3924 3925 3940 3939
17267 3925 3926 3941 3940
17268 3926 3927 3942 3941
17269 3927 3928 3943 3942
17270 3928 3929 3944 3943
17271 3929 3930 3945 3944
17272 3930 3931 3946 3945
17273 3931 3932 3947 3946
17274 3932 3933 3948 3947
17275 3933 3934 3949 3948
17276 3934 3935 3950 3949
17277 3935 3936 3951 3950
17278 3936 3937 3952 3951
17279 3937 3938 3953 3952
17280 3938 1508 1507 3953
17841 43 3909 3924 44
17842 3909 3910 3925 3924
17843 3910 3911 3926 3925
17844 3911 3912 3927 3926
17845 3912 3913 3928 3927
17846 3913 3914 3929 3928
17847 3914 3915 3930 3929
17848 3915 3916 3931 3930
17849 3916 3917 3932 3931
17850 3917 3918 3933 3932
17851 3918 3919 3934 3933
17852 3919 3920 3935 3934
17853 3920 3921 3936 3935
17854 3921 3922 3937 3936
17855 3922 3923 3938 3937
17856 3923 1509 1508 3938
18417 42 3894 3909 43
18418 3894 3895 3910 3909
18419 3895 3896 3911 3910
18420 3896 3897 3912 3911
18421 3897 3898 3913 3912
18422 3898 3899 3914 3913
18423 3899 3900 3915 3914
18424 3900 3901 3916 3915
18425 3901 3902 3917 3916
18426 3902 3903 3918 3917
18427 3903 3904 3919 3918
18428 3904 3905 3920 3919
18429 3905 3906 3921 3920
18430 3906 3907 3922 3921
18431 3907 3908 3923 3922
18432 3908 1510 1509 3923
18993 41 3879 3894 42
18994 3879 3880 3895 3894
18995 3880 3881 3896 3895
18996 3881 3882 3897 3896
18997 3882 3883 3898 3897
18998 3883 3884 3899 3898
18999 3884 3885 3900 3899
19000 3885 3886 3901 3900
19001 3886 3887 3902 3901
19002 3887 3888 3903 3902
19003 3888 3889 3904 3903
19004 3889 3890 3905 3904
19005 3890 3891 3906 3905
19006 3891 3892 3907 3906
19007 3892 3893 3908 3907
19008 3893 1511 1510 3908
19569 40 3864 3879 41
19570 3864 3865 3880 3879
19571 3865 3866 3881 3880
19572 3866 3867 3882 3881
19573 3867 3868 3883 3882
19574 3868 3869 3884 3883
19575 3869 3870 3885 3884
19576 3870 3871 3886 3885
19577 3871 3872 3887 3886
19578 3872 3873 3888 3887
19579 3873 3874 3889 3888
19580 3874 3875 3890 3889
19581 3875 3876 3891 3890
19582 3876 3877 3892 3891
19583 3877 3878 3893 3892
19584 3878 1512 1511 3893
20145 39 3849 3864 40
20146 3849 3850 3865 3864
20147 3850 3851 3866 3865
20148 3851 3852 3867 3866
20149 3852 3853 3868 3867
20150 3853 3854 3869 3868
20151 3854 3855 3870 3869
20152 3855 3856 3871 3870
20153 3856 3857 3872 3871
20154 3857 3858 3873 3872
20155 3858 3859 3874 3873
20156 3859 3860 3875 3874
20157 3860 3861 3876 3875
20158 3861 3862 3877 3876
20159 3862 3863 3878 3877
20160 3863 1513 1512 3878
20721 2 3834 3849 39
20722 3834 3835 3850 3849
20723 3835 3836 3851 3850
20724 3836 3837 3852 3851
20725 3837 3838 3853 3852
20726 3838 3839 3854 3853
20727 3839 3840 3855 3854
20728 3840 3841 3856 3855
20729 3841 3842 3857 3856
20730 3842 3843 3858 3857
20731 3843 3844 3859 3858
20732 3844 3845 3860 3859
20733 3845 3846 3861 3860
20734 3846 3847 3862 3861
20735 3847 3848 3863 3862
20736 3848 1370 1513 3863
