       800
1 1149 1344 2094 1174
2 1174 2094 2133 1173
3 1173 2133 2172 1172
4 1172 2172 2211 1171
5 1171 2211 2250 1170
6 1170 2250 2289 1169
7 1169 2289 2328 1168
8 1168 2328 2367 1167
9 1167 2367 2406 1166
10 1166 2406 2445 1165
11 1165 2445 2484 1164
12 1164 2484 550 534
13 1344 1345 2095 2094
14 2094 2095 2134 2133
15 2133 2134 2173 2172
16 2172 2173 2212 2211
17 2211 2212 2251 2250
18 2250 2251 2290 2289
19 2289 2290 2329 2328
20 2328 2329 2368 2367
21 2367 2368 2407 2406
22 2406 2407 2446 2445
23 2445 2446 2485 2484
24 2484 2485 551 550
25 1345 1346 2096 2095
26 2095 2096 2135 2134
27 2134 2135 2174 2173
28 2173 2174 2213 2212
29 2212 2213 2252 2251
30 2251 2252 2291 2290
31 2290 2291 2330 2329
32 2329 2330 2369 2368
33 2368 2369 2408 2407
34 2407 2408 2447 2446
35 2446 2447 2486 2485
36 2485 2486 552 551
37 1346 1347 2097 2096
38 2096 2097 2136 2135
39 2135 2136 2175 2174
40 2174 2175 2214 2213
41 2213 2214 2253 2252
42 2252 2253 2292 2291
43 2291 2292 2331 2330
44 2330 2331 2370 2369
45 2369 2370 2409 2408
46 2408 2409 2448 2447
47 2447 2448 2487 2486
48 2486 2487 553 552
49 1347 1348 2098 2097
50 2097 2098 2137 2136
51 2136 2137 2176 2175
52 2175 2176 2215 2214
53 2214 2215 2254 2253
54 2253 2254 2293 2292
55 2292 2293 2332 2331
56 2331 2332 2371 2370
57 2370 2371 2410 2409
58 2409 2410 2449 2448
59 2448 2449 2488 2487
60 2487 2488 554 553
61 1348 1349 2099 2098
62 2098 2099 2138 2137
63 2137 2138 2177 2176
64 2176 2177 2216 2215
65 2215 2216 2255 2254
66 2254 2255 2294 2293
67 2293 2294 2333 2332
68 2332 2333 2372 2371
69 2371 2372 2411 2410
70 2410 2411 2450 2449
71 2449 2450 2489 2488
72 2488 2489 555 554
73 1349 1350 2100 2099
74 2099 2100 2139 2138
75 2138 2139 2178 2177
76 2177 2178 2217 2216
77 2216 2217 2256 2255
78 2255 2256 2295 2294
79 2294 2295 2334 2333
80 2333 2334 2373 2372
81 2372 2373 2412 2411
82 2411 2412 2451 2450
83 2450 2451 2490 2489
84 2489 2490 556 555
85 1350 1351 2101 2100
86 2100 2101 2140 2139
87 2139 2140 2179 2178
88 2178 2179 2218 2217
89 2217 2218 2257 2256
90 2256 2257 2296 2295
91 2295 2296 2335 2334
92 2334 2335 2374 2373
93 2373 2374 2413 2412
94 2412 2413 2452 2451
95 2451 2452 2491 2490
96 2490 2491 557 556
97 1351 1352 2102 2101
98 2101 2102 2141 2140
99 2140 2141 2180 2179
100 2179 2180 2219 2218
101 2218 2219 2258 2257
102 2257 2258 2297 2296
103 2296 2297 2336 2335
104 2335 2336 2375 2374
105 2374 2375 2414 2413
106 2413 2414 2453 2452
107 2452 2453 2492 2491
108 2491 2492 558 557
109 1352 1353 2103 2102
110 2102 2103 2142 2141
111 2141 2142 2181 2180
112 2180 2181 2220 2219
113 2219 2220 2259 2258
114 2258 2259 2298 2297
115 2297 2298 2337 2336
116 2336 2337 2376 2375
117 2375 2376 2415 2414
118 2414 2415 2454 2453
119 2453 2454 2493 2492
120 2492 2493 559 558
121 1353 1354 2104 2103
122 2103 2104 2143 2142
123 2142 2143 2182 2181
124 2181 2182 2221 2220
125 2220 2221 2260 2259
126 2259 2260 2299 2298
127 2298 2299 2338 2337
128 2337 2338 2377 2376
129 2376 2377 2416 2415
130 2415 2416 2455 2454
131 2454 2455 2494 2493
132 2493 2494 560 559
133 1354 1355 2105 2104
134 2104 2105 2144 2143
135 2143 2144 2183 2182
136 2182 2183 2222 2221
137 2221 2222 2261 2260
138 2260 2261 2300 2299
139 2299 2300 2339 2338
140 2338 2339 2378 2377
141 2377 2378 2417 2416
142 2416 2417 2456 2455
143 2455 2456 2495 2494
144 2494 2495 561 560
145 1355 1356 2106 2105
146 2105 2106 2145 2144
147 2144 2145 2184 2183
148 2183 2184 2223 2222
149 2222 2223 2262 2261
150 2261 2262 2301 2300
151 2300 2301 2340 2339
152 2339 2340 2379 2378
153 2378 2379 2418 2417
154 2417 2418 2457 2456
155 2456 2457 2496 2495
156 2495 2496 562 561
157 1356 1357 2107 2106
158 2106 2107 2146 2145
159 2145 2146 2185 2184
160 2184 2185 2224 2223
161 2223 2224 2263 2262
162 2262 2263 2302 2301
163 2301 2302 2341 2340
164 2340 2341 2380 2379
165 2379 2380 2419 2418
166 2418 2419 2458 2457
167 2457 2458 2497 2496
168 2496 2497 563 562
169 1357 1358 2108 2107
170 2107 2108 2147 2146
171 2146 2147 2186 2185
172 2185 2186 2225 2224
173 2224 2225 2264 2263
174 2263 2264 2303 2302
175 2302 2303 2342 2341
176 2341 2342 2381 2380
177 2380 2381 2420 2419
178 2419 2420 2459 2458
179 2458 2459 2498 2497
180 2497 2498 564 563
181 1358 1359 2109 2108
182 2108 2109 2148 2147
183 2147 2148 2187 2186
184 2186 2187 2226 2225
185 2225 2226 2265 2264
186 2264 2265 2304 2303
187 2303 2304 2343 2342
188 2342 2343 2382 2381
189 2381 2382 2421 2420
190 2420 2421 2460 2459
191 2459 2460 2499 2498
192 2498 2499 565 564
193 1359 1360 2110 2109
194 2109 2110 2149 2148
195 2148 2149 2188 2187
196 2187 2188 2227 2226
197 2226 2227 2266 2265
198 2265 2266 2305 2304
199 2304 2305 2344 2343
200 2343 2344 2383 2382
201 2382 2383 2422 2421
202 2421 2422 2461 2460
203 2460 2461 2500 2499
204 2499 2500 566 565
205 1360 1361 2111 2110
206 2110 2111 2150 2149
207 2149 2150 2189 2188
208 2188 2189 2228 2227
209 2227 2228 2267 2266
210 2266 2267 2306 2305
211 2305 2306 2345 2344
212 2344 2345 2384 2383
213 2383 2384 2423 2422
214 2422 2423 2462 2461
215 2461 2462 2501 2500
216 2500 2501 567 566
217 1361 1362 2112 2111
218 2111 2112 2151 2150
219 2150 2151 2190 2189
220 2189 2190 2229 2228
221 2228 2229 2268 2267
222 2267 2268 2307 2306
223 2306 2307 2346 2345
224 2345 2346 2385 2384
225 2384 2385 2424 2423
226 2423 2424 2463 2462
227 2462 2463 2502 2501
228 2501 2502 568 567
229 1362 1363 2113 2112
230 2112 2113 2152 2151
231 2151 2152 2191 2190
232 2190 2191 2230 2229
233 2229 2230 2269 2268
234 2268 2269 2308 2307
235 2307 2308 2347 2346
236 2346 2347 2386 2385
237 2385 2386 2425 2424
238 2424 2425 2464 2463
239 2463 2464 2503 2502
240 2502 2503 569 568
241 1363 1364 2114 2113
242 2113 2114 2153 2152
243 2152 2153 2192 2191
244 2191 2192 2231 2230
245 2230 2231 2270 2269
246 2269 2270 2309 2308
247 2308 2309 2348 2347
248 2347 2348 2387 2386
249 2386 2387 2426 2425
250 2425 2426 2465 2464
251 2464 2465 2504 2503
252 2503 2504 570 569
253 1364 1365 2115 2114
254 2114 2115 2154 2153
255 2153 2154 2193 2192
256 2192 2193 2232 2231
257 2231 2232 2271 2270
258 2270 2271 2310 2309
259 2309 2310 2349 2348
260 2348 2349 2388 2387
261 2387 2388 2427 2426
262 2426 2427 2466 2465
263 2465 2466 2505 2504
264 2504 2505 571 570
265 1365 1366 2116 2115
266 2115 2116 2155 2154
267 2154 2155 2194 2193
268 2193 2194 2233 2232
269 2232 2233 2272 2271
270 2271 2272 2311 2310
271 2310 2311 2350 2349
272 2349 2350 2389 2388
273 2388 2389 2428 2427
274 2427 2428 2467 2466
275 2466 2467 2506 2505
276 2505 2506 572 571
277 1366 1367 2117 2116
278 2116 2117 2156 2155
279 2155 2156 2195 2194
280 2194 2195 2234 2233
281 2233 2234 2273 2272
282 2272 2273 2312 2311
283 2311 2312 2351 2350
284 2350 2351 2390 2389
285 2389 2390 2429 2428
286 2428 2429 2468 2467
287 2467 2468 2507 2506
288 2506 2507 573 572
289 1367 1368 2118 2117
290 2117 2118 2157 2156
291 2156 2157 2196 2195
292 2195 2196 2235 2234
293 2234 2235 2274 2273
294 2273 2274 2313 2312
295 2312 2313 2352 2351
296 2351 2352 2391 2390
297 2390 2391 2430 2429
298 2429 2430 2469 2468
299 2468 2469 2508 2507
300 2507 2508 574 573
301 1368 1369 2119 2118
302 2118 2119 2158 2157
303 2157 2158 2197 2196
304 2196 2197 2236 2235
305 2235 2236 2275 2274
306 2274 2275 2314 2313
307 2313 2314 2353 2352
308 2352 2353 2392 2391
309 2391 2392 2431 2430
310 2430 2431 2470 2469
311 2469 2470 2509 2508
312 2508 2509 575 574
313 1369 1370 2120 2119
314 2119 2120 2159 2158
315 2158 2159 2198 2197
316 2197 2198 2237 2236
317 2236 2237 2276 2275
318 2275 2276 2315 2314
319 2314 2315 2354 2353
320 2353 2354 2393 2392
321 2392 2393 2432 2431
322 2431 2432 2471 2470
323 2470 2471 2510 2509
324 2509 2510 576 575
325 1370 1371 2121 2120
326 2120 2121 2160 2159
327 2159 2160 2199 2198
328 2198 2199 2238 2237
329 2237 2238 2277 2276
330 2276 2277 2316 2315
331 2315 2316 2355 2354
332 2354 2355 2394 2393
333 2393 2394 2433 2432
334 2432 2433 2472 2471
335 2471 2472 2511 2510
336 2510 2511 577 576
337 1371 1372 2122 2121
338 2121 2122 2161 2160
339 2160 2161 2200 2199
340 2199 2200 2239 2238
341 2238 2239 2278 2277
342 2277 2278 2317 2316
343 2316 2317 2356 2355
344 2355 2356 2395 2394
345 2394 2395 2434 2433
346 2433 2434 2473 2472
347 2472 2473 2512 2511
348 2511 2512 578 577
349 1372 1373 2123 2122
350 2122 2123 2162 2161
351 2161 2162 2201 2200
352 2200 2201 2240 2239
353 2239 2240 2279 2278
354 2278 2279 2318 2317
355 2317 2318 2357 2356
356 2356 2357 2396 2395
357 2395 2396 2435 2434
358 2434 2435 2474 2473
359 2473 2474 2513 2512
360 2512 2513 579 578
361 1373 1374 2124 2123
362 2123 2124 2163 2162
363 2162 2163 2202 2201
364 2201 2202 2241 2240
365 2240 2241 2280 2279
366 2279 2280 2319 2318
367 2318 2319 2358 2357
368 2357 2358 2397 2396
369 2396 2397 2436 2435
370 2435 2436 2475 2474
371 2474 2475 2514 2513
372 2513 2514 580 579
373 1374 1375 2125 2124
374 2124 2125 2164 2163
375 2163 2164 2203 2202
376 2202 2203 2242 2241
377 2241 2242 2281 2280
378 2280 2281 2320 2319
379 2319 2320 2359 2358
380 2358 2359 2398 2397
381 2397 2398 2437 2436
382 2436 2437 2476 2475
383 2475 2476 2515 2514
384 2514 2515 581 580
385 1375 1376 2126 2125
386 2125 2126 2165 2164
387 2164 2165 2204 2203
388 2203 2204 2243 2242
389 2242 2243 2282 2281
390 2281 2282 2321 2320
391 2320 2321 2360 2359
392 2359 2360 2399 2398
393 2398 2399 2438 2437
394 2437 2438 2477 2476
395 2476 2477 2516 2515
396 2515 2516 582 581
397 1376 1377 2127 2126
398 2126 2127 2166 2165
399 2165 2166 2205 2204
400 2204 2205 2244 2243
401 2243 2244 2283 2282
402 2282 2283 2322 2321
403 2321 2322 2361 2360
404 2360 2361 2400 2399
405 2399 2400 2439 2438
406 2438 2439 2478 2477
407 2477 2478 2517 2516
408 2516 2517 583 582
409 1377 1378 2128 2127
410 2127 2128 2167 2166
411 2166 2167 2206 2205
412 2205 2206 2245 2244
413 2244 2245 2284 2283
414 2283 2284 2323 2322
415 2322 2323 2362 2361
416 2361 2362 2401 2400
417 2400 2401 2440 2439
418 2439 2440 2479 2478
419 2478 2479 2518 2517
420 2517 2518 584 583
421 1378 1379 2129 2128
422 2128 2129 2168 2167
423 2167 2168 2207 2206
424 2206 2207 2246 2245
425 2245 2246 2285 2284
426 2284 2285 2324 2323
427 2323 2324 2363 2362
428 2362 2363 2402 2401
429 2401 2402 2441 2440
430 2440 2441 2480 2479
431 2479 2480 2519 2518
432 2518 2519 585 584
433 1379 1380 2130 2129
434 2129 2130 2169 2168
435 2168 2169 2208 2207
436 2207 2208 2247 2246
437 2246 2247 2286 2285
438 2285 2286 2325 2324
439 2324 2325 2364 2363
440 2363 2364 2403 2402
441 2402 2403 2442 2441
442 2441 2442 2481 2480
443 2480 2481 2520 2519
444 2519 2520 586 585
445 1380 1381 2131 2130
446 2130 2131 2170 2169
447 2169 2170 2209 2208
448 2208 2209 2248 2247
449 2247 2248 2287 2286
450 2286 2287 2326 2325
451 2325 2326 2365 2364
452 2364 2365 2404 2403
453 2403 2404 2443 2442
454 2442 2443 2482 2481
455 2481 2482 2521 2520
456 2520 2521 587 586
457 1381 1382 2132 2131
458 2131 2132 2171 2170
459 2170 2171 2210 2209
460 2209 2210 2249 2248
461 2248 2249 2288 2287
462 2287 2288 2327 2326
463 2326 2327 2366 2365
464 2365 2366 2405 2404
465 2404 2405 2444 2443
466 2443 2444 2483 2482
467 2482 2483 2522 2521
468 2521 2522 588 587
469 1382 1329 1939 2132
470 2132 1939 1938 2171
471 2171 1938 1937 2210
472 2210 1937 1936 2249
473 2249 1936 1935 2288
474 2288 1935 1934 2327
475 2327 1934 1933 2366
476 2366 1933 1932 2405
477 2405 1932 1931 2444
478 2444 1931 1930 2483
479 2483 1930 1929 2522
480 2522 1929 549 588
14488 534 550 16569 16568
14489 16568 16569 16608 16567
14490 16567 16608 16566 16527
14578 550 551 16570 16569
14579 16569 16570 16609 16608
14580 16608 16609 16565 16566
14668 551 552 16571 16570
14669 16570 16571 16610 16609
14670 16609 16610 16564 16565
14758 552 553 16572 16571
14759 16571 16572 16611 16610
14760 16610 16611 16563 16564
14848 553 554 16573 16572
14849 16572 16573 16612 16611
14850 16611 16612 16562 16563
14938 554 555 16574 16573
14939 16573 16574 16613 16612
14940 16612 16613 16561 16562
15028 555 556 16575 16574
15029 16574 16575 16614 16613
15030 16613 16614 16560 16561
15118 556 557 16576 16575
15119 16575 16576 16615 16614
15120 16614 16615 16559 16560
15208 557 558 16577 16576
15209 16576 16577 16616 16615
15210 16615 16616 16558 16559
15298 558 559 16578 16577
15299 16577 16578 16617 16616
15300 16616 16617 16557 16558
15388 559 560 16579 16578
15389 16578 16579 16618 16617
15390 16617 16618 16556 16557
15478 560 561 16580 16579
15479 16579 16580 16619 16618
15480 16618 16619 16555 16556
15568 561 562 16581 16580
15569 16580 16581 16620 16619
15570 16619 16620 16554 16555
15658 562 563 16582 16581
15659 16581 16582 16621 16620
15660 16620 16621 16553 16554
15748 563 564 16583 16582
15749 16582 16583 16622 16621
15750 16621 16622 16552 16553
15838 564 565 16584 16583
15839 16583 16584 16623 16622
15840 16622 16623 16551 16552
15928 565 566 16585 16584
15929 16584 16585 16624 16623
15930 16623 16624 16550 16551
16018 566 567 16586 16585
16019 16585 16586 16625 16624
16020 16624 16625 16549 16550
16108 567 568 16587 16586
16109 16586 16587 16626 16625
16110 16625 16626 16548 16549
16198 568 569 16588 16587
16199 16587 16588 16627 16626
16200 16626 16627 16547 16548
16288 569 570 16589 16588
16289 16588 16589 16628 16627
16290 16627 16628 16546 16547
16378 570 571 16590 16589
16379 16589 16590 16629 16628
16380 16628 16629 16545 16546
16468 571 572 16591 16590
16469 16590 16591 16630 16629
16470 16629 16630 16544 16545
16558 572 573 16592 16591
16559 16591 16592 16631 16630
16560 16630 16631 16543 16544
16648 573 574 16593 16592
16649 16592 16593 16632 16631
16650 16631 16632 16542 16543
16738 574 575 16594 16593
16739 16593 16594 16633 16632
16740 16632 16633 16541 16542
16828 575 576 16595 16594
16829 16594 16595 16634 16633
16830 16633 16634 16540 16541
16918 576 577 16596 16595
16919 16595 16596 16635 16634
16920 16634 16635 16539 16540
17008 577 578 16597 16596
17009 16596 16597 16636 16635
17010 16635 16636 16538 16539
17098 578 579 16598 16597
17099 16597 16598 16637 16636
17100 16636 16637 16537 16538
17188 579 580 16599 16598
17189 16598 16599 16638 16637
17190 16637 16638 16536 16537
17278 580 581 16600 16599
17279 16599 16600 16639 16638
17280 16638 16639 16535 16536
17368 581 582 16601 16600
17369 16600 16601 16640 16639
17370 16639 16640 16534 16535
17458 582 583 16602 16601
17459 16601 16602 16641 16640
17460 16640 16641 16533 16534
17548 583 584 16603 16602
17549 16602 16603 16642 16641
17550 16641 16642 16532 16533
17638 584 585 16604 16603
17639 16603 16604 16643 16642
17640 16642 16643 16531 16532
17728 585 586 16605 16604
17729 16604 16605 16644 16643
17730 16643 16644 16530 16531
17818 586 587 16606 16605
17819 16605 16606 16645 16644
17820 16644 16645 16529 16530
17908 587 588 16607 16606
17909 16606 16607 16646 16645
17910 16645 16646 16528 16529
17998 588 549 16526 16607
17999 16607 16526 16525 16646
18000 16646 16525 16524 16528
18001 21772 22013 1344 1149
18002 21773 21974 22013 21772
18003 21774 21935 21974 21773
18004 21775 21896 21935 21774
18005 20338 20438 21896 21775
18151 22013 22014 1345 1344
18152 21974 21975 22014 22013
18153 21935 21936 21975 21974
18154 21896 21897 21936 21935
18155 20438 20439 21897 21896
18301 22014 22015 1346 1345
18302 21975 21976 22015 22014
18303 21936 21937 21976 21975
18304 21897 21898 21937 21936
18305 20439 20440 21898 21897
18451 22015 22016 1347 1346
18452 21976 21977 22016 22015
18453 21937 21938 21977 21976
18454 21898 21899 21938 21937
18455 20440 20441 21899 21898
18601 22016 22017 1348 1347
18602 21977 21978 22017 22016
18603 21938 21939 21978 21977
18604 21899 21900 21939 21938
18605 20441 20442 21900 21899
18751 22017 22018 1349 1348
18752 21978 21979 22018 22017
18753 21939 21940 21979 21978
18754 21900 21901 21940 21939
18755 20442 20443 21901 21900
18901 22018 22019 1350 1349
18902 21979 21980 22019 22018
18903 21940 21941 21980 21979
18904 21901 21902 21941 21940
18905 20443 20444 21902 21901
19051 22019 22020 1351 1350
19052 21980 21981 22020 22019
19053 21941 21942 21981 21980
19054 21902 21903 21942 21941
19055 20444 20445 21903 21902
19201 22020 22021 1352 1351
19202 21981 21982 22021 22020
19203 21942 21943 21982 21981
19204 21903 21904 21943 21942
19205 20445 20446 21904 21903
19351 22021 22022 1353 1352
19352 21982 21983 22022 22021
19353 21943 21944 21983 21982
19354 21904 21905 21944 21943
19355 20446 20447 21905 21904
19501 22022 22023 1354 1353
19502 21983 21984 22023 22022
19503 21944 21945 21984 21983
19504 21905 21906 21945 21944
19505 20447 20448 21906 21905
19651 22023 22024 1355 1354
19652 21984 21985 22024 22023
19653 21945 21946 21985 21984
19654 21906 21907 21946 21945
19655 20448 20449 21907 21906
19801 22024 22025 1356 1355
19802 21985 21986 22025 22024
19803 21946 21947 21986 21985
19804 21907 21908 21947 21946
19805 20449 20450 21908 21907
19951 22025 22026 1357 1356
19952 21986 21987 22026 22025
19953 21947 21948 21987 21986
19954 21908 21909 21948 21947
19955 20450 20451 21909 21908
20101 22026 22027 1358 1357
20102 21987 21988 22027 22026
20103 21948 21949 21988 21987
20104 21909 21910 21949 21948
20105 20451 20452 21910 21909
20251 22027 22028 1359 1358
20252 21988 21989 22028 22027
20253 21949 21950 21989 21988
20254 21910 21911 21950 21949
20255 20452 20453 21911 21910
20401 22028 22029 1360 1359
20402 21989 21990 22029 22028
20403 21950 21951 21990 21989
20404 21911 21912 21951 21950
20405 20453 20454 21912 21911
20551 22029 22030 1361 1360
20552 21990 21991 22030 22029
20553 21951 21952 21991 21990
20554 21912 21913 21952 21951
20555 20454 20455 21913 21912
20701 22030 22031 1362 1361
20702 21991 21992 22031 22030
20703 21952 21953 21992 21991
20704 21913 21914 21953 21952
20705 20455 20456 21914 21913
20851 22031 22032 1363 1362
20852 21992 21993 22032 22031
20853 21953 21954 21993 21992
20854 21914 21915 21954 21953
20855 20456 20457 21915 21914
21001 22032 22033 1364 1363
21002 21993 21994 22033 22032
21003 21954 21955 21994 21993
21004 21915 21916 21955 21954
21005 20457 20458 21916 21915
21151 22033 22034 1365 1364
21152 21994 21995 22034 22033
21153 21955 21956 21995 21994
21154 21916 21917 21956 21955
21155 20458 20459 21917 21916
21301 22034 22035 1366 1365
21302 21995 21996 22035 22034
21303 21956 21957 21996 21995
21304 21917 21918 21957 21956
21305 20459 20460 21918 21917
21451 22035 22036 1367 1366
21452 21996 21997 22036 22035
21453 21957 21958 21997 21996
21454 21918 21919 21958 21957
21455 20460 20461 21919 21918
21601 22036 22037 1368 1367
21602 21997 21998 22037 22036
21603 21958 21959 21998 21997
21604 21919 21920 21959 21958
21605 20461 20462 21920 21919
21751 22037 22038 1369 1368
21752 21998 21999 22038 22037
21753 21959 21960 21999 21998
21754 21920 21921 21960 21959
21755 20462 20463 21921 21920
21901 22038 22039 1370 1369
21902 21999 22000 22039 22038
21903 21960 21961 22000 21999
21904 21921 21922 21961 21960
21905 20463 20464 21922 21921
22051 22039 22040 1371 1370
22052 22000 22001 22040 22039
22053 21961 21962 22001 22000
22054 21922 21923 21962 21961
22055 20464 20465 21923 21922
22201 22040 22041 1372 1371
22202 22001 22002 22041 22040
22203 21962 21963 22002 22001
22204 21923 21924 21963 21962
22205 20465 20466 21924 21923
22351 22041 22042 1373 1372
22352 22002 22003 22042 22041
22353 21963 21964 22003 22002
22354 21924 21925 21964 21963
22355 20466 20467 21925 21924
22501 22042 22043 1374 1373
22502 22003 22004 22043 22042
22503 21964 21965 22004 22003
22504 21925 21926 21965 21964
22505 20467 20468 21926 21925
22651 22043 22044 1375 1374
22652 22004 22005 22044 22043
22653 21965 21966 22005 22004
22654 21926 21927 21966 21965
22655 20468 20469 21927 21926
22801 22044 22045 1376 1375
22802 22005 22006 22045 22044
22803 21966 21967 22006 22005
22804 21927 21928 21967 21966
22805 20469 20470 21928 21927
22951 22045 22046 1377 1376
22952 22006 22007 22046 22045
22953 21967 21968 22007 22006
22954 21928 21929 21968 21967
22955 20470 20471 21929 21928
23101 22046 22047 1378 1377
23102 22007 22008 22047 22046
23103 21968 21969 22008 22007
23104 21929 21930 21969 21968
23105 20471 20472 21930 21929
23251 22047 22048 1379 1378
23252 22008 22009 22048 22047
23253 21969 21970 22009 22008
23254 21930 21931 21970 21969
23255 20472 20473 21931 21930
23401 22048 22049 1380 1379
23402 22009 22010 22049 22048
23403 21970 21971 22010 22009
23404 21931 21932 21971 21970
23405 20473 20474 21932 21931
23551 22049 22050 1381 1380
23552 22010 22011 22050 22049
23553 21971 21972 22011 22010
23554 21932 21933 21972 21971
23555 20474 20475 21933 21932
23701 22050 22051 1382 1381
23702 22011 22012 22051 22050
23703 21972 21973 22012 22011
23704 21933 21934 21973 21972
23705 20475 20476 21934 21933
23851 22051 21892 1329 1382
23852 22012 21893 21892 22051
23853 21973 21894 21893 22012
23854 21934 21895 21894 21973
23855 20476 20408 21895 21934
