       800
7215 9803 9325 9324 9374
7230 9802 9803 9374 9373
7245 9801 9802 9373 9372
7260 9800 9801 9372 9371
7275 9799 9800 9371 9370
7290 9798 9799 9370 9369
7305 9797 9798 9369 9368
7320 9796 9797 9368 9367
7335 9795 9796 9367 9366
7350 9794 9795 9366 9365
7365 9793 9794 9365 9364
7380 9792 9793 9364 9363
7395 9791 9792 9363 9362
7410 9790 9791 9362 9361
7425 9789 9790 9361 9360
7440 9788 9789 9360 9359
7455 9787 9788 9359 9358
7470 9786 9787 9358 9357
7485 9785 9786 9357 9356
7500 9784 9785 9356 9355
7515 9783 9784 9355 9354
7530 9782 9783 9354 9353
7545 9781 9782 9353 9352
7560 9780 9781 9352 9351
7575 9779 9780 9351 9350
7590 9778 9779 9350 9349
7605 9777 9778 9349 9348
7620 9776 9777 9348 9347
7635 9775 9776 9347 9346
7650 9774 9775 9346 9345
7665 9773 9774 9345 9344
7680 9772 9773 9344 9343
7695 9771 9772 9343 9342
7710 9770 9771 9342 9341
7725 9769 9770 9341 9340
7740 9768 9769 9340 9339
7755 9767 9768 9339 9338
7770 9766 9767 9338 9337
7785 9765 9766 9337 9336
7800 8545 9765 9336 8544
7815 9764 9326 9325 9803
7830 9763 9764 9803 9802
7845 9762 9763 9802 9801
7860 9761 9762 9801 9800
7875 9760 9761 9800 9799
7890 9759 9760 9799 9798
7905 9758 9759 9798 9797
7920 9757 9758 9797 9796
7935 9756 9757 9796 9795
7950 9755 9756 9795 9794
7965 9754 9755 9794 9793
7980 9753 9754 9793 9792
7995 9752 9753 9792 9791
8010 9751 9752 9791 9790
8025 9750 9751 9790 9789
8040 9749 9750 9789 9788
8055 9748 9749 9788 9787
8070 9747 9748 9787 9786
8085 9746 9747 9786 9785
8100 9745 9746 9785 9784
8115 9744 9745 9784 9783
8130 9743 9744 9783 9782
8145 9742 9743 9782 9781
8160 9741 9742 9781 9780
8175 9740 9741 9780 9779
8190 9739 9740 9779 9778
8205 9738 9739 9778 9777
8220 9737 9738 9777 9776
8235 9736 9737 9776 9775
8250 9735 9736 9775 9774
8265 9734 9735 9774 9773
8280 9733 9734 9773 9772
8295 9732 9733 9772 9771
8310 9731 9732 9771 9770
8325 9730 9731 9770 9769
8340 9729 9730 9769 9768
8355 9728 9729 9768 9767
8370 9727 9728 9767 9766
8385 9726 9727 9766 9765
8400 8546 9726 9765 8545
8415 9725 9327 9326 9764
8430 9724 9725 9764 9763
8445 9723 9724 9763 9762
8460 9722 9723 9762 9761
8475 9721 9722 9761 9760
8490 9720 9721 9760 9759
8505 9719 9720 9759 9758
8520 9718 9719 9758 9757
8535 9717 9718 9757 9756
8550 9716 9717 9756 9755
8565 9715 9716 9755 9754
8580 9714 9715 9754 9753
8595 9713 9714 9753 9752
8610 9712 9713 9752 9751
8625 9711 9712 9751 9750
8640 9710 9711 9750 9749
8655 9709 9710 9749 9748
8670 9708 9709 9748 9747
8685 9707 9708 9747 9746
8700 9706 9707 9746 9745
8715 9705 9706 9745 9744
8730 9704 9705 9744 9743
8745 9703 9704 9743 9742
8760 9702 9703 9742 9741
8775 9701 9702 9741 9740
8790 9700 9701 9740 9739
8805 9699 9700 9739 9738
8820 9698 9699 9738 9737
8835 9697 9698 9737 9736
8850 9696 9697 9736 9735
8865 9695 9696 9735 9734
8880 9694 9695 9734 9733
8895 9693 9694 9733 9732
8910 9692 9693 9732 9731
8925 9691 9692 9731 9730
8940 9690 9691 9730 9729
8955 9689 9690 9729 9728
8970 9688 9689 9728 9727
8985 9687 9688 9727 9726
9000 8547 9687 9726 8546
9015 9686 9328 9327 9725
9030 9685 9686 9725 9724
9045 9684 9685 9724 9723
9060 9683 9684 9723 9722
9075 9682 9683 9722 9721
9090 9681 9682 9721 9720
9105 9680 9681 9720 9719
9120 9679 9680 9719 9718
9135 9678 9679 9718 9717
9150 9677 9678 9717 9716
9165 9676 9677 9716 9715
9180 9675 9676 9715 9714
9195 9674 9675 9714 9713
9210 9673 9674 9713 9712
9225 9672 9673 9712 9711
9240 9671 9672 9711 9710
9255 9670 9671 9710 9709
9270 9669 9670 9709 9708
9285 9668 9669 9708 9707
9300 9667 9668 9707 9706
9315 9666 9667 9706 9705
9330 9665 9666 9705 9704
9345 9664 9665 9704 9703
9360 9663 9664 9703 9702
9375 9662 9663 9702 9701
9390 9661 9662 9701 9700
9405 9660 9661 9700 9699
9420 9659 9660 9699 9698
9435 9658 9659 9698 9697
9450 9657 9658 9697 9696
9465 9656 9657 9696 9695
9480 9655 9656 9695 9694
9495 9654 9655 9694 9693
9510 9653 9654 9693 9692
9525 9652 9653 9692 9691
9540 9651 9652 9691 9690
9555 9650 9651 9690 9689
9570 9649 9650 9689 9688
9585 9648 9649 9688 9687
9600 8548 9648 9687 8547
9615 9647 9329 9328 9686
9630 9646 9647 9686 9685
9645 9645 9646 9685 9684
9660 9644 9645 9684 9683
9675 9643 9644 9683 9682
9690 9642 9643 9682 9681
9705 9641 9642 9681 9680
9720 9640 9641 9680 9679
9735 9639 9640 9679 9678
9750 9638 9639 9678 9677
9765 9637 9638 9677 9676
9780 9636 9637 9676 9675
9795 9635 9636 9675 9674
9810 9634 9635 9674 9673
9825 9633 9634 9673 9672
9840 9632 9633 9672 9671
9855 9631 9632 9671 9670
9870 9630 9631 9670 9669
9885 9629 9630 9669 9668
9900 9628 9629 9668 9667
9915 9627 9628 9667 9666
9930 9626 9627 9666 9665
9945 9625 9626 9665 9664
9960 9624 9625 9664 9663
9975 9623 9624 9663 9662
9990 9622 9623 9662 9661
10005 9621 9622 9661 9660
10020 9620 9621 9660 9659
10035 9619 9620 9659 9658
10050 9618 9619 9658 9657
10065 9617 9618 9657 9656
10080 9616 9617 9656 9655
10095 9615 9616 9655 9654
10110 9614 9615 9654 9653
10125 9613 9614 9653 9652
10140 9612 9613 9652 9651
10155 9611 9612 9651 9650
10170 9610 9611 9650 9649
10185 9609 9610 9649 9648
10200 8549 9609 9648 8548
10215 9608 9330 9329 9647
10230 9607 9608 9647 9646
10245 9606 9607 9646 9645
10260 9605 9606 9645 9644
10275 9604 9605 9644 9643
10290 9603 9604 9643 9642
10305 9602 9603 9642 9641
10320 9601 9602 9641 9640
10335 9600 9601 9640 9639
10350 9599 9600 9639 9638
10365 9598 9599 9638 9637
10380 9597 9598 9637 9636
10395 9596 9597 9636 9635
10410 9595 9596 9635 9634
10425 9594 9595 9634 9633
10440 9593 9594 9633 9632
10455 9592 9593 9632 9631
10470 9591 9592 9631 9630
10485 9590 9591 9630 9629
10500 9589 9590 9629 9628
10515 9588 9589 9628 9627
10530 9587 9588 9627 9626
10545 9586 9587 9626 9625
10560 9585 9586 9625 9624
10575 9584 9585 9624 9623
10590 9583 9584 9623 9622
10605 9582 9583 9622 9621
10620 9581 9582 9621 9620
10635 9580 9581 9620 9619
10650 9579 9580 9619 9618
10665 9578 9579 9618 9617
10680 9577 9578 9617 9616
10695 9576 9577 9616 9615
10710 9575 9576 9615 9614
10725 9574 9575 9614 9613
10740 9573 9574 9613 9612
10755 9572 9573 9612 9611
10770 9571 9572 9611 9610
10785 9570 9571 9610 9609
10800 8550 9570 9609 8549
10815 9569 9331 9330 9608
10830 9568 9569 9608 9607
10845 9567 9568 9607 9606
10860 9566 9567 9606 9605
10875 9565 9566 9605 9604
10890 9564 9565 9604 9603
10905 9563 9564 9603 9602
10920 9562 9563 9602 9601
10935 9561 9562 9601 9600
10950 9560 9561 9600 9599
10965 9559 9560 9599 9598
10980 9558 9559 9598 9597
10995 9557 9558 9597 9596
11010 9556 9557 9596 9595
11025 9555 9556 9595 9594
11040 9554 9555 9594 9593
11055 9553 9554 9593 9592
11070 9552 9553 9592 9591
11085 9551 9552 9591 9590
11100 9550 9551 9590 9589
11115 9549 9550 9589 9588
11130 9548 9549 9588 9587
11145 9547 9548 9587 9586
11160 9546 9547 9586 9585
11175 9545 9546 9585 9584
11190 9544 9545 9584 9583
11205 9543 9544 9583 9582
11220 9542 9543 9582 9581
11235 9541 9542 9581 9580
11250 9540 9541 9580 9579
11265 9539 9540 9579 9578
11280 9538 9539 9578 9577
11295 9537 9538 9577 9576
11310 9536 9537 9576 9575
11325 9535 9536 9575 9574
11340 9534 9535 9574 9573
11355 9533 9534 9573 9572
11370 9532 9533 9572 9571
11385 9531 9532 9571 9570
11400 8551 9531 9570 8550
11415 9530 9332 9331 9569
11430 9529 9530 9569 9568
11445 9528 9529 9568 9567
11460 9527 9528 9567 9566
11475 9526 9527 9566 9565
11490 9525 9526 9565 9564
11505 9524 9525 9564 9563
11520 9523 9524 9563 9562
11535 9522 9523 9562 9561
11550 9521 9522 9561 9560
11565 9520 9521 9560 9559
11580 9519 9520 9559 9558
11595 9518 9519 9558 9557
11610 9517 9518 9557 9556
11625 9516 9517 9556 9555
11640 9515 9516 9555 9554
11655 9514 9515 9554 9553
11670 9513 9514 9553 9552
11685 9512 9513 9552 9551
11700 9511 9512 9551 9550
11715 9510 9511 9550 9549
11730 9509 9510 9549 9548
11745 9508 9509 9548 9547
11760 9507 9508 9547 9546
11775 9506 9507 9546 9545
11790 9505 9506 9545 9544
11805 9504 9505 9544 9543
11820 9503 9504 9543 9542
11835 9502 9503 9542 9541
11850 9501 9502 9541 9540
11865 9500 9501 9540 9539
11880 9499 9500 9539 9538
11895 9498 9499 9538 9537
11910 9497 9498 9537 9536
11925 9496 9497 9536 9535
11940 9495 9496 9535 9534
11955 9494 9495 9534 9533
11970 9493 9494 9533 9532
11985 9492 9493 9532 9531
12000 8552 9492 9531 8551
12015 9491 9333 9332 9530
12030 9490 9491 9530 9529
12045 9489 9490 9529 9528
12060 9488 9489 9528 9527
12075 9487 9488 9527 9526
12090 9486 9487 9526 9525
12105 9485 9486 9525 9524
12120 9484 9485 9524 9523
12135 9483 9484 9523 9522
12150 9482 9483 9522 9521
12165 9481 9482 9521 9520
12180 9480 9481 9520 9519
12195 9479 9480 9519 9518
12210 9478 9479 9518 9517
12225 9477 9478 9517 9516
12240 9476 9477 9516 9515
12255 9475 9476 9515 9514
12270 9474 9475 9514 9513
12285 9473 9474 9513 9512
12300 9472 9473 9512 9511
12315 9471 9472 9511 9510
12330 9470 9471 9510 9509
12345 9469 9470 9509 9508
12360 9468 9469 9508 9507
12375 9467 9468 9507 9506
12390 9466 9467 9506 9505
12405 9465 9466 9505 9504
12420 9464 9465 9504 9503
12435 9463 9464 9503 9502
12450 9462 9463 9502 9501
12465 9461 9462 9501 9500
12480 9460 9461 9500 9499
12495 9459 9460 9499 9498
12510 9458 9459 9498 9497
12525 9457 9458 9497 9496
12540 9456 9457 9496 9495
12555 9455 9456 9495 9494
12570 9454 9455 9494 9493
12585 9453 9454 9493 9492
12600 8553 9453 9492 8552
12615 9452 9334 9333 9491
12630 9451 9452 9491 9490
12645 9450 9451 9490 9489
12660 9449 9450 9489 9488
12675 9448 9449 9488 9487
12690 9447 9448 9487 9486
12705 9446 9447 9486 9485
12720 9445 9446 9485 9484
12735 9444 9445 9484 9483
12750 9443 9444 9483 9482
12765 9442 9443 9482 9481
12780 9441 9442 9481 9480
12795 9440 9441 9480 9479
12810 9439 9440 9479 9478
12825 9438 9439 9478 9477
12840 9437 9438 9477 9476
12855 9436 9437 9476 9475
12870 9435 9436 9475 9474
12885 9434 9435 9474 9473
12900 9433 9434 9473 9472
12915 9432 9433 9472 9471
12930 9431 9432 9471 9470
12945 9430 9431 9470 9469
12960 9429 9430 9469 9468
12975 9428 9429 9468 9467
12990 9427 9428 9467 9466
13005 9426 9427 9466 9465
13020 9425 9426 9465 9464
13035 9424 9425 9464 9463
13050 9423 9424 9463 9462
13065 9422 9423 9462 9461
13080 9421 9422 9461 9460
13095 9420 9421 9460 9459
13110 9419 9420 9459 9458
13125 9418 9419 9458 9457
13140 9417 9418 9457 9456
13155 9416 9417 9456 9455
13170 9415 9416 9455 9454
13185 9414 9415 9454 9453
13200 8554 9414 9453 8553
13215 9413 9335 9334 9452
13230 9412 9413 9452 9451
13245 9411 9412 9451 9450
13260 9410 9411 9450 9449
13275 9409 9410 9449 9448
13290 9408 9409 9448 9447
13305 9407 9408 9447 9446
13320 9406 9407 9446 9445
13335 9405 9406 9445 9444
13350 9404 9405 9444 9443
13365 9403 9404 9443 9442
13380 9402 9403 9442 9441
13395 9401 9402 9441 9440
13410 9400 9401 9440 9439
13425 9399 9400 9439 9438
13440 9398 9399 9438 9437
13455 9397 9398 9437 9436
13470 9396 9397 9436 9435
13485 9395 9396 9435 9434
13500 9394 9395 9434 9433
13515 9393 9394 9433 9432
13530 9392 9393 9432 9431
13545 9391 9392 9431 9430
13560 9390 9391 9430 9429
13575 9389 9390 9429 9428
13590 9388 9389 9428 9427
13605 9387 9388 9427 9426
13620 9386 9387 9426 9425
13635 9385 9386 9425 9424
13650 9384 9385 9424 9423
13665 9383 9384 9423 9422
13680 9382 9383 9422 9421
13695 9381 9382 9421 9420
13710 9380 9381 9420 9419
13725 9379 9380 9419 9418
13740 9378 9379 9418 9417
13755 9377 9378 9417 9416
13770 9376 9377 9416 9415
13785 9375 9376 9415 9414
13800 8555 9375 9414 8554
13815 8777 8724 9335 9413
13830 8776 8777 9413 9412
13845 8775 8776 9412 9411
13860 8774 8775 9411 9410
13875 8773 8774 9410 9409
13890 8772 8773 9409 9408
13905 8771 8772 9408 9407
13920 8770 8771 9407 9406
13935 8769 8770 9406 9405
13950 8768 8769 9405 9404
13965 8767 8768 9404 9403
13980 8766 8767 9403 9402
13995 8765 8766 9402 9401
14010 8764 8765 9401 9400
14025 8763 8764 9400 9399
14040 8762 8763 9399 9398
14055 8761 8762 9398 9397
14070 8760 8761 9397 9396
14085 8759 8760 9396 9395
14100 8758 8759 9395 9394
14115 8757 8758 9394 9393
14130 8756 8757 9393 9392
14145 8755 8756 9392 9391
14160 8754 8755 9391 9390
14175 8753 8754 9390 9389
14190 8752 8753 9389 9388
14205 8751 8752 9388 9387
14220 8750 8751 9387 9386
14235 8749 8750 9386 9385
14250 8748 8749 9385 9384
14265 8747 8748 9384 9383
14280 8746 8747 9383 9382
14295 8745 8746 9382 9381
14310 8744 8745 9381 9380
14325 8743 8744 9380 9379
14340 8742 8743 9379 9378
14355 8741 8742 9378 9377
14370 8740 8741 9377 9376
14385 8739 8740 9376 9375
14400 8529 8739 9375 8555
14401 9374 9324 17938 17977
14402 17977 17938 17937 18016
14403 18016 17937 16737 16767
14491 9373 9374 17977 17976
14492 17976 17977 18016 18015
14493 18015 18016 16767 16768
14581 9372 9373 17976 17975
14582 17975 17976 18015 18014
14583 18014 18015 16768 16769
14671 9371 9372 17975 17974
14672 17974 17975 18014 18013
14673 18013 18014 16769 16770
14761 9370 9371 17974 17973
14762 17973 17974 18013 18012
14763 18012 18013 16770 16771
14851 9369 9370 17973 17972
14852 17972 17973 18012 18011
14853 18011 18012 16771 16772
14941 9368 9369 17972 17971
14942 17971 17972 18011 18010
14943 18010 18011 16772 16773
15031 9367 9368 17971 17970
15032 17970 17971 18010 18009
15033 18009 18010 16773 16774
15121 9366 9367 17970 17969
15122 17969 17970 18009 18008
15123 18008 18009 16774 16775
15211 9365 9366 17969 17968
15212 17968 17969 18008 18007
15213 18007 18008 16775 16776
15301 9364 9365 17968 17967
15302 17967 17968 18007 18006
15303 18006 18007 16776 16777
15391 9363 9364 17967 17966
15392 17966 17967 18006 18005
15393 18005 18006 16777 16778
15481 9362 9363 17966 17965
15482 17965 17966 18005 18004
15483 18004 18005 16778 16779
15571 9361 9362 17965 17964
15572 17964 17965 18004 18003
15573 18003 18004 16779 16780
15661 9360 9361 17964 17963
15662 17963 17964 18003 18002
15663 18002 18003 16780 16781
15751 9359 9360 17963 17962
15752 17962 17963 18002 18001
15753 18001 18002 16781 16782
15841 9358 9359 17962 17961
15842 17961 17962 18001 18000
15843 18000 18001 16782 16783
15931 9357 9358 17961 17960
15932 17960 17961 18000 17999
15933 17999 18000 16783 16784
16021 9356 9357 17960 17959
16022 17959 17960 17999 17998
16023 17998 17999 16784 16785
16111 9355 9356 17959 17958
16112 17958 17959 17998 17997
16113 17997 17998 16785 16786
16201 9354 9355 17958 17957
16202 17957 17958 17997 17996
16203 17996 17997 16786 16787
16291 9353 9354 17957 17956
16292 17956 17957 17996 17995
16293 17995 17996 16787 16788
16381 9352 9353 17956 17955
16382 17955 17956 17995 17994
16383 17994 17995 16788 16789
16471 9351 9352 17955 17954
16472 17954 17955 17994 17993
16473 17993 17994 16789 16790
16561 9350 9351 17954 17953
16562 17953 17954 17993 17992
16563 17992 17993 16790 16791
16651 9349 9350 17953 17952
16652 17952 17953 17992 17991
16653 17991 17992 16791 16792
16741 9348 9349 17952 17951
16742 17951 17952 17991 17990
16743 17990 17991 16792 16793
16831 9347 9348 17951 17950
16832 17950 17951 17990 17989
16833 17989 17990 16793 16794
16921 9346 9347 17950 17949
16922 17949 17950 17989 17988
16923 17988 17989 16794 16795
17011 9345 9346 17949 17948
17012 17948 17949 17988 17987
17013 17987 17988 16795 16796
17101 9344 9345 17948 17947
17102 17947 17948 17987 17986
17103 17986 17987 16796 16797
17191 9343 9344 17947 17946
17192 17946 17947 17986 17985
17193 17985 17986 16797 16798
17281 9342 9343 17946 17945
17282 17945 17946 17985 17984
17283 17984 17985 16798 16799
17371 9341 9342 17945 17944
17372 17944 17945 17984 17983
17373 17983 17984 16799 16800
17461 9340 9341 17944 17943
17462 17943 17944 17983 17982
17463 17982 17983 16800 16801
17551 9339 9340 17943 17942
17552 17942 17943 17982 17981
17553 17981 17982 16801 16802
17641 9338 9339 17942 17941
17642 17941 17942 17981 17980
17643 17980 17981 16802 16803
17731 9337 9338 17941 17940
17732 17940 17941 17980 17979
17733 17979 17980 16803 16804
17821 9336 9337 17940 17939
17822 17939 17940 17979 17978
17823 17978 17979 16804 16805
17911 8544 9336 17939 16649
17912 16649 17939 17978 16648
17913 16648 17978 16805 16647
18146 21771 21608 8724 8777
18147 21732 21609 21608 21771
18148 21693 21610 21609 21732
18149 21654 21611 21610 21693
18150 20407 20337 21611 21654
18296 21770 21771 8777 8776
18297 21731 21732 21771 21770
18298 21692 21693 21732 21731
18299 21653 21654 21693 21692
18300 20406 20407 21654 21653
18446 21769 21770 8776 8775
18447 21730 21731 21770 21769
18448 21691 21692 21731 21730
18449 21652 21653 21692 21691
18450 20405 20406 21653 21652
18596 21768 21769 8775 8774
18597 21729 21730 21769 21768
18598 21690 21691 21730 21729
18599 21651 21652 21691 21690
18600 20404 20405 21652 21651
18746 21767 21768 8774 8773
18747 21728 21729 21768 21767
18748 21689 21690 21729 21728
18749 21650 21651 21690 21689
18750 20403 20404 21651 21650
18896 21766 21767 8773 8772
18897 21727 21728 21767 21766
18898 21688 21689 21728 21727
18899 21649 21650 21689 21688
18900 20402 20403 21650 21649
19046 21765 21766 8772 8771
19047 21726 21727 21766 21765
19048 21687 21688 21727 21726
19049 21648 21649 21688 21687
19050 20401 20402 21649 21648
19196 21764 21765 8771 8770
19197 21725 21726 21765 21764
19198 21686 21687 21726 21725
19199 21647 21648 21687 21686
19200 20400 20401 21648 21647
19346 21763 21764 8770 8769
19347 21724 21725 21764 21763
19348 21685 21686 21725 21724
19349 21646 21647 21686 21685
19350 20399 20400 21647 21646
19496 21762 21763 8769 8768
19497 21723 21724 21763 21762
19498 21684 21685 21724 21723
19499 21645 21646 21685 21684
19500 20398 20399 21646 21645
19646 21761 21762 8768 8767
19647 21722 21723 21762 21761
19648 21683 21684 21723 21722
19649 21644 21645 21684 21683
19650 20397 20398 21645 21644
19796 21760 21761 8767 8766
19797 21721 21722 21761 21760
19798 21682 21683 21722 21721
19799 21643 21644 21683 21682
19800 20396 20397 21644 21643
19946 21759 21760 8766 8765
19947 21720 21721 21760 21759
19948 21681 21682 21721 21720
19949 21642 21643 21682 21681
19950 20395 20396 21643 21642
20096 21758 21759 8765 8764
20097 21719 21720 21759 21758
20098 21680 21681 21720 21719
20099 21641 21642 21681 21680
20100 20394 20395 21642 21641
20246 21757 21758 8764 8763
20247 21718 21719 21758 21757
20248 21679 21680 21719 21718
20249 21640 21641 21680 21679
20250 20393 20394 21641 21640
20396 21756 21757 8763 8762
20397 21717 21718 21757 21756
20398 21678 21679 21718 21717
20399 21639 21640 21679 21678
20400 20392 20393 21640 21639
20546 21755 21756 8762 8761
20547 21716 21717 21756 21755
20548 21677 21678 21717 21716
20549 21638 21639 21678 21677
20550 20391 20392 21639 21638
20696 21754 21755 8761 8760
20697 21715 21716 21755 21754
20698 21676 21677 21716 21715
20699 21637 21638 21677 21676
20700 20390 20391 21638 21637
20846 21753 21754 8760 8759
20847 21714 21715 21754 21753
20848 21675 21676 21715 21714
20849 21636 21637 21676 21675
20850 20389 20390 21637 21636
20996 21752 21753 8759 8758
20997 21713 21714 21753 21752
20998 21674 21675 21714 21713
20999 21635 21636 21675 21674
21000 20388 20389 21636 21635
21146 21751 21752 8758 8757
21147 21712 21713 21752 21751
21148 21673 21674 21713 21712
21149 21634 21635 21674 21673
21150 20387 20388 21635 21634
21296 21750 21751 8757 8756
21297 21711 21712 21751 21750
21298 21672 21673 21712 21711
21299 21633 21634 21673 21672
21300 20386 20387 21634 21633
21446 21749 21750 8756 8755
21447 21710 21711 21750 21749
21448 21671 21672 21711 21710
21449 21632 21633 21672 21671
21450 20385 20386 21633 21632
21596 21748 21749 8755 8754
21597 21709 21710 21749 21748
21598 21670 21671 21710 21709
21599 21631 21632 21671 21670
21600 20384 20385 21632 21631
21746 21747 21748 8754 8753
21747 21708 21709 21748 21747
21748 21669 21670 21709 21708
21749 21630 21631 21670 21669
21750 20383 20384 21631 21630
21896 21746 21747 8753 8752
21897 21707 21708 21747 21746
21898 21668 21669 21708 21707
21899 21629 21630 21669 21668
21900 20382 20383 21630 21629
22046 21745 21746 8752 8751
22047 21706 21707 21746 21745
22048 21667 21668 21707 21706
22049 21628 21629 21668 21667
22050 20381 20382 21629 21628
22196 21744 21745 8751 8750
22197 21705 21706 21745 21744
22198 21666 21667 21706 21705
22199 21627 21628 21667 21666
22200 20380 20381 21628 21627
22346 21743 21744 8750 8749
22347 21704 21705 21744 21743
22348 21665 21666 21705 21704
22349 21626 21627 21666 21665
22350 20379 20380 21627 21626
22496 21742 21743 8749 8748
22497 21703 21704 21743 21742
22498 21664 21665 21704 21703
22499 21625 21626 21665 21664
22500 20378 20379 21626 21625
22646 21741 21742 8748 8747
22647 21702 21703 21742 21741
22648 21663 21664 21703 21702
22649 21624 21625 21664 21663
22650 20377 20378 21625 21624
22796 21740 21741 8747 8746
22797 21701 21702 21741 21740
22798 21662 21663 21702 21701
22799 21623 21624 21663 21662
22800 20376 20377 21624 21623
22946 21739 21740 8746 8745
22947 21700 21701 21740 21739
22948 21661 21662 21701 21700
22949 21622 21623 21662 21661
22950 20375 20376 21623 21622
23096 21738 21739 8745 8744
23097 21699 21700 21739 21738
23098 21660 21661 21700 21699
23099 21621 21622 21661 21660
23100 20374 20375 21622 21621
23246 21737 21738 8744 8743
23247 21698 21699 21738 21737
23248 21659 21660 21699 21698
23249 21620 21621 21660 21659
23250 20373 20374 21621 21620
23396 21736 21737 8743 8742
23397 21697 21698 21737 21736
23398 21658 21659 21698 21697
23399 21619 21620 21659 21658
23400 20372 20373 21620 21619
23546 21735 21736 8742 8741
23547 21696 21697 21736 21735
23548 21657 21658 21697 21696
23549 21618 21619 21658 21657
23550 20371 20372 21619 21618
23696 21734 21735 8741 8740
23697 21695 21696 21735 21734
23698 21656 21657 21696 21695
23699 21617 21618 21657 21656
23700 20370 20371 21618 21617
23846 21733 21734 8740 8739
23847 21694 21695 21734 21733
23848 21655 21656 21695 21694
23849 21616 21617 21656 21655
23850 20369 20370 21617 21616
23996 21612 21733 8739 8529
23997 21613 21694 21733 21612
23998 21614 21655 21694 21613
23999 21615 21616 21655 21614
24000 20368 20369 21616 21615
