      1200
18005 20338 20367 20477 20438
18010 20367 20366 20478 20477
18015 20366 20365 20479 20478
18020 20365 20364 20480 20479
18025 20364 20363 20481 20480
18030 20363 20362 20482 20481
18035 20362 20361 20483 20482
18040 20361 20360 20484 20483
18045 20360 20359 20485 20484
18050 20359 20358 20486 20485
18055 20358 20357 20487 20486
18060 20357 20356 20488 20487
18065 20356 20355 20489 20488
18070 20355 20354 20490 20489
18075 20354 20353 20491 20490
18080 20353 20352 20492 20491
18085 20352 20351 20493 20492
18090 20351 20350 20494 20493
18095 20350 20349 20495 20494
18100 20349 20348 20496 20495
18105 20348 20347 20497 20496
18110 20347 20346 20498 20497
18115 20346 20345 20499 20498
18120 20345 20344 20500 20499
18125 20344 20343 20501 20500
18130 20343 20342 20502 20501
18135 20342 20341 20503 20502
18140 20341 20340 20504 20503
18145 20340 20339 20505 20504
18150 20339 20337 20407 20505
18155 20438 20477 20506 20439
18160 20477 20478 20507 20506
18165 20478 20479 20508 20507
18170 20479 20480 20509 20508
18175 20480 20481 20510 20509
18180 20481 20482 20511 20510
18185 20482 20483 20512 20511
18190 20483 20484 20513 20512
18195 20484 20485 20514 20513
18200 20485 20486 20515 20514
18205 20486 20487 20516 20515
18210 20487 20488 20517 20516
18215 20488 20489 20518 20517
18220 20489 20490 20519 20518
18225 20490 20491 20520 20519
18230 20491 20492 20521 20520
18235 20492 20493 20522 20521
18240 20493 20494 20523 20522
18245 20494 20495 20524 20523
18250 20495 20496 20525 20524
18255 20496 20497 20526 20525
18260 20497 20498 20527 20526
18265 20498 20499 20528 20527
18270 20499 20500 20529 20528
18275 20500 20501 20530 20529
18280 20501 20502 20531 20530
18285 20502 20503 20532 20531
18290 20503 20504 20533 20532
18295 20504 20505 20534 20533
18300 20505 20407 20406 20534
18305 20439 20506 20535 20440
18310 20506 20507 20536 20535
18315 20507 20508 20537 20536
18320 20508 20509 20538 20537
18325 20509 20510 20539 20538
18330 20510 20511 20540 20539
18335 20511 20512 20541 20540
18340 20512 20513 20542 20541
18345 20513 20514 20543 20542
18350 20514 20515 20544 20543
18355 20515 20516 20545 20544
18360 20516 20517 20546 20545
18365 20517 20518 20547 20546
18370 20518 20519 20548 20547
18375 20519 20520 20549 20548
18380 20520 20521 20550 20549
18385 20521 20522 20551 20550
18390 20522 20523 20552 20551
18395 20523 20524 20553 20552
18400 20524 20525 20554 20553
18405 20525 20526 20555 20554
18410 20526 20527 20556 20555
18415 20527 20528 20557 20556
18420 20528 20529 20558 20557
18425 20529 20530 20559 20558
18430 20530 20531 20560 20559
18435 20531 20532 20561 20560
18440 20532 20533 20562 20561
18445 20533 20534 20563 20562
18450 20534 20406 20405 20563
18455 20440 20535 20564 20441
18460 20535 20536 20565 20564
18465 20536 20537 20566 20565
18470 20537 20538 20567 20566
18475 20538 20539 20568 20567
18480 20539 20540 20569 20568
18485 20540 20541 20570 20569
18490 20541 20542 20571 20570
18495 20542 20543 20572 20571
18500 20543 20544 20573 20572
18505 20544 20545 20574 20573
18510 20545 20546 20575 20574
18515 20546 20547 20576 20575
18520 20547 20548 20577 20576
18525 20548 20549 20578 20577
18530 20549 20550 20579 20578
18535 20550 20551 20580 20579
18540 20551 20552 20581 20580
18545 20552 20553 20582 20581
18550 20553 20554 20583 20582
18555 20554 20555 20584 20583
18560 20555 20556 20585 20584
18565 20556 20557 20586 20585
18570 20557 20558 20587 20586
18575 20558 20559 20588 20587
18580 20559 20560 20589 20588
18585 20560 20561 20590 20589
18590 20561 20562 20591 20590
18595 20562 20563 20592 20591
18600 20563 20405 20404 20592
18605 20441 20564 20593 20442
18610 20564 20565 20594 20593
18615 20565 20566 20595 20594
18620 20566 20567 20596 20595
18625 20567 20568 20597 20596
18630 20568 20569 20598 20597
18635 20569 20570 20599 20598
18640 20570 20571 20600 20599
18645 20571 20572 20601 20600
18650 20572 20573 20602 20601
18655 20573 20574 20603 20602
18660 20574 20575 20604 20603
18665 20575 20576 20605 20604
18670 20576 20577 20606 20605
18675 20577 20578 20607 20606
18680 20578 20579 20608 20607
18685 20579 20580 20609 20608
18690 20580 20581 20610 20609
18695 20581 20582 20611 20610
18700 20582 20583 20612 20611
18705 20583 20584 20613 20612
18710 20584 20585 20614 20613
18715 20585 20586 20615 20614
18720 20586 20587 20616 20615
18725 20587 20588 20617 20616
18730 20588 20589 20618 20617
18735 20589 20590 20619 20618
18740 20590 20591 20620 20619
18745 20591 20592 20621 20620
18750 20592 20404 20403 20621
18755 20442 20593 20622 20443
18760 20593 20594 20623 20622
18765 20594 20595 20624 20623
18770 20595 20596 20625 20624
18775 20596 20597 20626 20625
18780 20597 20598 20627 20626
18785 20598 20599 20628 20627
18790 20599 20600 20629 20628
18795 20600 20601 20630 20629
18800 20601 20602 20631 20630
18805 20602 20603 20632 20631
18810 20603 20604 20633 20632
18815 20604 20605 20634 20633
18820 20605 20606 20635 20634
18825 20606 20607 20636 20635
18830 20607 20608 20637 20636
18835 20608 20609 20638 20637
18840 20609 20610 20639 20638
18845 20610 20611 20640 20639
18850 20611 20612 20641 20640
18855 20612 20613 20642 20641
18860 20613 20614 20643 20642
18865 20614 20615 20644 20643
18870 20615 20616 20645 20644
18875 20616 20617 20646 20645
18880 20617 20618 20647 20646
18885 20618 20619 20648 20647
18890 20619 20620 20649 20648
18895 20620 20621 20650 20649
18900 20621 20403 20402 20650
18905 20443 20622 20651 20444
18910 20622 20623 20652 20651
18915 20623 20624 20653 20652
18920 20624 20625 20654 20653
18925 20625 20626 20655 20654
18930 20626 20627 20656 20655
18935 20627 20628 20657 20656
18940 20628 20629 20658 20657
18945 20629 20630 20659 20658
18950 20630 20631 20660 20659
18955 20631 20632 20661 20660
18960 20632 20633 20662 20661
18965 20633 20634 20663 20662
18970 20634 20635 20664 20663
18975 20635 20636 20665 20664
18980 20636 20637 20666 20665
18985 20637 20638 20667 20666
18990 20638 20639 20668 20667
18995 20639 20640 20669 20668
19000 20640 20641 20670 20669
19005 20641 20642 20671 20670
19010 20642 20643 20672 20671
19015 20643 20644 20673 20672
19020 20644 20645 20674 20673
19025 20645 20646 20675 20674
19030 20646 20647 20676 20675
19035 20647 20648 20677 20676
19040 20648 20649 20678 20677
19045 20649 20650 20679 20678
19050 20650 20402 20401 20679
19055 20444 20651 20680 20445
19060 20651 20652 20681 20680
19065 20652 20653 20682 20681
19070 20653 20654 20683 20682
19075 20654 20655 20684 20683
19080 20655 20656 20685 20684
19085 20656 20657 20686 20685
19090 20657 20658 20687 20686
19095 20658 20659 20688 20687
19100 20659 20660 20689 20688
19105 20660 20661 20690 20689
19110 20661 20662 20691 20690
19115 20662 20663 20692 20691
19120 20663 20664 20693 20692
19125 20664 20665 20694 20693
19130 20665 20666 20695 20694
19135 20666 20667 20696 20695
19140 20667 20668 20697 20696
19145 20668 20669 20698 20697
19150 20669 20670 20699 20698
19155 20670 20671 20700 20699
19160 20671 20672 20701 20700
19165 20672 20673 20702 20701
19170 20673 20674 20703 20702
19175 20674 20675 20704 20703
19180 20675 20676 20705 20704
19185 20676 20677 20706 20705
19190 20677 20678 20707 20706
19195 20678 20679 20708 20707
19200 20679 20401 20400 20708
19205 20445 20680 20709 20446
19210 20680 20681 20710 20709
19215 20681 20682 20711 20710
19220 20682 20683 20712 20711
19225 20683 20684 20713 20712
19230 20684 20685 20714 20713
19235 20685 20686 20715 20714
19240 20686 20687 20716 20715
19245 20687 20688 20717 20716
19250 20688 20689 20718 20717
19255 20689 20690 20719 20718
19260 20690 20691 20720 20719
19265 20691 20692 20721 20720
19270 20692 20693 20722 20721
19275 20693 20694 20723 20722
19280 20694 20695 20724 20723
19285 20695 20696 20725 20724
19290 20696 20697 20726 20725
19295 20697 20698 20727 20726
19300 20698 20699 20728 20727
19305 20699 20700 20729 20728
19310 20700 20701 20730 20729
19315 20701 20702 20731 20730
19320 20702 20703 20732 20731
19325 20703 20704 20733 20732
19330 20704 20705 20734 20733
19335 20705 20706 20735 20734
19340 20706 20707 20736 20735
19345 20707 20708 20737 20736
19350 20708 20400 20399 20737
19355 20446 20709 20738 20447
19360 20709 20710 20739 20738
19365 20710 20711 20740 20739
19370 20711 20712 20741 20740
19375 20712 20713 20742 20741
19380 20713 20714 20743 20742
19385 20714 20715 20744 20743
19390 20715 20716 20745 20744
19395 20716 20717 20746 20745
19400 20717 20718 20747 20746
19405 20718 20719 20748 20747
19410 20719 20720 20749 20748
19415 20720 20721 20750 20749
19420 20721 20722 20751 20750
19425 20722 20723 20752 20751
19430 20723 20724 20753 20752
19435 20724 20725 20754 20753
19440 20725 20726 20755 20754
19445 20726 20727 20756 20755
19450 20727 20728 20757 20756
19455 20728 20729 20758 20757
19460 20729 20730 20759 20758
19465 20730 20731 20760 20759
19470 20731 20732 20761 20760
19475 20732 20733 20762 20761
19480 20733 20734 20763 20762
19485 20734 20735 20764 20763
19490 20735 20736 20765 20764
19495 20736 20737 20766 20765
19500 20737 20399 20398 20766
19505 20447 20738 20767 20448
19510 20738 20739 20768 20767
19515 20739 20740 20769 20768
19520 20740 20741 20770 20769
19525 20741 20742 20771 20770
19530 20742 20743 20772 20771
19535 20743 20744 20773 20772
19540 20744 20745 20774 20773
19545 20745 20746 20775 20774
19550 20746 20747 20776 20775
19555 20747 20748 20777 20776
19560 20748 20749 20778 20777
19565 20749 20750 20779 20778
19570 20750 20751 20780 20779
19575 20751 20752 20781 20780
19580 20752 20753 20782 20781
19585 20753 20754 20783 20782
19590 20754 20755 20784 20783
19595 20755 20756 20785 20784
19600 20756 20757 20786 20785
19605 20757 20758 20787 20786
19610 20758 20759 20788 20787
19615 20759 20760 20789 20788
19620 20760 20761 20790 20789
19625 20761 20762 20791 20790
19630 20762 20763 20792 20791
19635 20763 20764 20793 20792
19640 20764 20765 20794 20793
19645 20765 20766 20795 20794
19650 20766 20398 20397 20795
19655 20448 20767 20796 20449
19660 20767 20768 20797 20796
19665 20768 20769 20798 20797
19670 20769 20770 20799 20798
19675 20770 20771 20800 20799
19680 20771 20772 20801 20800
19685 20772 20773 20802 20801
19690 20773 20774 20803 20802
19695 20774 20775 20804 20803
19700 20775 20776 20805 20804
19705 20776 20777 20806 20805
19710 20777 20778 20807 20806
19715 20778 20779 20808 20807
19720 20779 20780 20809 20808
19725 20780 20781 20810 20809
19730 20781 20782 20811 20810
19735 20782 20783 20812 20811
19740 20783 20784 20813 20812
19745 20784 20785 20814 20813
19750 20785 20786 20815 20814
19755 20786 20787 20816 20815
19760 20787 20788 20817 20816
19765 20788 20789 20818 20817
19770 20789 20790 20819 20818
19775 20790 20791 20820 20819
19780 20791 20792 20821 20820
19785 20792 20793 20822 20821
19790 20793 20794 20823 20822
19795 20794 20795 20824 20823
19800 20795 20397 20396 20824
19805 20449 20796 20825 20450
19810 20796 20797 20826 20825
19815 20797 20798 20827 20826
19820 20798 20799 20828 20827
19825 20799 20800 20829 20828
19830 20800 20801 20830 20829
19835 20801 20802 20831 20830
19840 20802 20803 20832 20831
19845 20803 20804 20833 20832
19850 20804 20805 20834 20833
19855 20805 20806 20835 20834
19860 20806 20807 20836 20835
19865 20807 20808 20837 20836
19870 20808 20809 20838 20837
19875 20809 20810 20839 20838
19880 20810 20811 20840 20839
19885 20811 20812 20841 20840
19890 20812 20813 20842 20841
19895 20813 20814 20843 20842
19900 20814 20815 20844 20843
19905 20815 20816 20845 20844
19910 20816 20817 20846 20845
19915 20817 20818 20847 20846
19920 20818 20819 20848 20847
19925 20819 20820 20849 20848
19930 20820 20821 20850 20849
19935 20821 20822 20851 20850
19940 20822 20823 20852 20851
19945 20823 20824 20853 20852
19950 20824 20396 20395 20853
19955 20450 20825 20854 20451
19960 20825 20826 20855 20854
19965 20826 20827 20856 20855
19970 20827 20828 20857 20856
19975 20828 20829 20858 20857
19980 20829 20830 20859 20858
19985 20830 20831 20860 20859
19990 20831 20832 20861 20860
19995 20832 20833 20862 20861
20000 20833 20834 20863 20862
20005 20834 20835 20864 20863
20010 20835 20836 20865 20864
20015 20836 20837 20866 20865
20020 20837 20838 20867 20866
20025 20838 20839 20868 20867
20030 20839 20840 20869 20868
20035 20840 20841 20870 20869
20040 20841 20842 20871 20870
20045 20842 20843 20872 20871
20050 20843 20844 20873 20872
20055 20844 20845 20874 20873
20060 20845 20846 20875 20874
20065 20846 20847 20876 20875
20070 20847 20848 20877 20876
20075 20848 20849 20878 20877
20080 20849 20850 20879 20878
20085 20850 20851 20880 20879
20090 20851 20852 20881 20880
20095 20852 20853 20882 20881
20100 20853 20395 20394 20882
20105 20451 20854 20883 20452
20110 20854 20855 20884 20883
20115 20855 20856 20885 20884
20120 20856 20857 20886 20885
20125 20857 20858 20887 20886
20130 20858 20859 20888 20887
20135 20859 20860 20889 20888
20140 20860 20861 20890 20889
20145 20861 20862 20891 20890
20150 20862 20863 20892 20891
20155 20863 20864 20893 20892
20160 20864 20865 20894 20893
20165 20865 20866 20895 20894
20170 20866 20867 20896 20895
20175 20867 20868 20897 20896
20180 20868 20869 20898 20897
20185 20869 20870 20899 20898
20190 20870 20871 20900 20899
20195 20871 20872 20901 20900
20200 20872 20873 20902 20901
20205 20873 20874 20903 20902
20210 20874 20875 20904 20903
20215 20875 20876 20905 20904
20220 20876 20877 20906 20905
20225 20877 20878 20907 20906
20230 20878 20879 20908 20907
20235 20879 20880 20909 20908
20240 20880 20881 20910 20909
20245 20881 20882 20911 20910
20250 20882 20394 20393 20911
20255 20452 20883 20912 20453
20260 20883 20884 20913 20912
20265 20884 20885 20914 20913
20270 20885 20886 20915 20914
20275 20886 20887 20916 20915
20280 20887 20888 20917 20916
20285 20888 20889 20918 20917
20290 20889 20890 20919 20918
20295 20890 20891 20920 20919
20300 20891 20892 20921 20920
20305 20892 20893 20922 20921
20310 20893 20894 20923 20922
20315 20894 20895 20924 20923
20320 20895 20896 20925 20924
20325 20896 20897 20926 20925
20330 20897 20898 20927 20926
20335 20898 20899 20928 20927
20340 20899 20900 20929 20928
20345 20900 20901 20930 20929
20350 20901 20902 20931 20930
20355 20902 20903 20932 20931
20360 20903 20904 20933 20932
20365 20904 20905 20934 20933
20370 20905 20906 20935 20934
20375 20906 20907 20936 20935
20380 20907 20908 20937 20936
20385 20908 20909 20938 20937
20390 20909 20910 20939 20938
20395 20910 20911 20940 20939
20400 20911 20393 20392 20940
20405 20453 20912 20941 20454
20410 20912 20913 20942 20941
20415 20913 20914 20943 20942
20420 20914 20915 20944 20943
20425 20915 20916 20945 20944
20430 20916 20917 20946 20945
20435 20917 20918 20947 20946
20440 20918 20919 20948 20947
20445 20919 20920 20949 20948
20450 20920 20921 20950 20949
20455 20921 20922 20951 20950
20460 20922 20923 20952 20951
20465 20923 20924 20953 20952
20470 20924 20925 20954 20953
20475 20925 20926 20955 20954
20480 20926 20927 20956 20955
20485 20927 20928 20957 20956
20490 20928 20929 20958 20957
20495 20929 20930 20959 20958
20500 20930 20931 20960 20959
20505 20931 20932 20961 20960
20510 20932 20933 20962 20961
20515 20933 20934 20963 20962
20520 20934 20935 20964 20963
20525 20935 20936 20965 20964
20530 20936 20937 20966 20965
20535 20937 20938 20967 20966
20540 20938 20939 20968 20967
20545 20939 20940 20969 20968
20550 20940 20392 20391 20969
20555 20454 20941 20970 20455
20560 20941 20942 20971 20970
20565 20942 20943 20972 20971
20570 20943 20944 20973 20972
20575 20944 20945 20974 20973
20580 20945 20946 20975 20974
20585 20946 20947 20976 20975
20590 20947 20948 20977 20976
20595 20948 20949 20978 20977
20600 20949 20950 20979 20978
20605 20950 20951 20980 20979
20610 20951 20952 20981 20980
20615 20952 20953 20982 20981
20620 20953 20954 20983 20982
20625 20954 20955 20984 20983
20630 20955 20956 20985 20984
20635 20956 20957 20986 20985
20640 20957 20958 20987 20986
20645 20958 20959 20988 20987
20650 20959 20960 20989 20988
20655 20960 20961 20990 20989
20660 20961 20962 20991 20990
20665 20962 20963 20992 20991
20670 20963 20964 20993 20992
20675 20964 20965 20994 20993
20680 20965 20966 20995 20994
20685 20966 20967 20996 20995
20690 20967 20968 20997 20996
20695 20968 20969 20998 20997
20700 20969 20391 20390 20998
20705 20455 20970 20999 20456
20710 20970 20971 21000 20999
20715 20971 20972 21001 21000
20720 20972 20973 21002 21001
20725 20973 20974 21003 21002
20730 20974 20975 21004 21003
20735 20975 20976 21005 21004
20740 20976 20977 21006 21005
20745 20977 20978 21007 21006
20750 20978 20979 21008 21007
20755 20979 20980 21009 21008
20760 20980 20981 21010 21009
20765 20981 20982 21011 21010
20770 20982 20983 21012 21011
20775 20983 20984 21013 21012
20780 20984 20985 21014 21013
20785 20985 20986 21015 21014
20790 20986 20987 21016 21015
20795 20987 20988 21017 21016
20800 20988 20989 21018 21017
20805 20989 20990 21019 21018
20810 20990 20991 21020 21019
20815 20991 20992 21021 21020
20820 20992 20993 21022 21021
20825 20993 20994 21023 21022
20830 20994 20995 21024 21023
20835 20995 20996 21025 21024
20840 20996 20997 21026 21025
20845 20997 20998 21027 21026
20850 20998 20390 20389 21027
20855 20456 20999 21028 20457
20860 20999 21000 21029 21028
20865 21000 21001 21030 21029
20870 21001 21002 21031 21030
20875 21002 21003 21032 21031
20880 21003 21004 21033 21032
20885 21004 21005 21034 21033
20890 21005 21006 21035 21034
20895 21006 21007 21036 21035
20900 21007 21008 21037 21036
20905 21008 21009 21038 21037
20910 21009 21010 21039 21038
20915 21010 21011 21040 21039
20920 21011 21012 21041 21040
20925 21012 21013 21042 21041
20930 21013 21014 21043 21042
20935 21014 21015 21044 21043
20940 21015 21016 21045 21044
20945 21016 21017 21046 21045
20950 21017 21018 21047 21046
20955 21018 21019 21048 21047
20960 21019 21020 21049 21048
20965 21020 21021 21050 21049
20970 21021 21022 21051 21050
20975 21022 21023 21052 21051
20980 21023 21024 21053 21052
20985 21024 21025 21054 21053
20990 21025 21026 21055 21054
20995 21026 21027 21056 21055
21000 21027 20389 20388 21056
21005 20457 21028 21057 20458
21010 21028 21029 21058 21057
21015 21029 21030 21059 21058
21020 21030 21031 21060 21059
21025 21031 21032 21061 21060
21030 21032 21033 21062 21061
21035 21033 21034 21063 21062
21040 21034 21035 21064 21063
21045 21035 21036 21065 21064
21050 21036 21037 21066 21065
21055 21037 21038 21067 21066
21060 21038 21039 21068 21067
21065 21039 21040 21069 21068
21070 21040 21041 21070 21069
21075 21041 21042 21071 21070
21080 21042 21043 21072 21071
21085 21043 21044 21073 21072
21090 21044 21045 21074 21073
21095 21045 21046 21075 21074
21100 21046 21047 21076 21075
21105 21047 21048 21077 21076
21110 21048 21049 21078 21077
21115 21049 21050 21079 21078
21120 21050 21051 21080 21079
21125 21051 21052 21081 21080
21130 21052 21053 21082 21081
21135 21053 21054 21083 21082
21140 21054 21055 21084 21083
21145 21055 21056 21085 21084
21150 21056 20388 20387 21085
21155 20458 21057 21086 20459
21160 21057 21058 21087 21086
21165 21058 21059 21088 21087
21170 21059 21060 21089 21088
21175 21060 21061 21090 21089
21180 21061 21062 21091 21090
21185 21062 21063 21092 21091
21190 21063 21064 21093 21092
21195 21064 21065 21094 21093
21200 21065 21066 21095 21094
21205 21066 21067 21096 21095
21210 21067 21068 21097 21096
21215 21068 21069 21098 21097
21220 21069 21070 21099 21098
21225 21070 21071 21100 21099
21230 21071 21072 21101 21100
21235 21072 21073 21102 21101
21240 21073 21074 21103 21102
21245 21074 21075 21104 21103
21250 21075 21076 21105 21104
21255 21076 21077 21106 21105
21260 21077 21078 21107 21106
21265 21078 21079 21108 21107
21270 21079 21080 21109 21108
21275 21080 21081 21110 21109
21280 21081 21082 21111 21110
21285 21082 21083 21112 21111
21290 21083 21084 21113 21112
21295 21084 21085 21114 21113
21300 21085 20387 20386 21114
21305 20459 21086 21115 20460
21310 21086 21087 21116 21115
21315 21087 21088 21117 21116
21320 21088 21089 21118 21117
21325 21089 21090 21119 21118
21330 21090 21091 21120 21119
21335 21091 21092 21121 21120
21340 21092 21093 21122 21121
21345 21093 21094 21123 21122
21350 21094 21095 21124 21123
21355 21095 21096 21125 21124
21360 21096 21097 21126 21125
21365 21097 21098 21127 21126
21370 21098 21099 21128 21127
21375 21099 21100 21129 21128
21380 21100 21101 21130 21129
21385 21101 21102 21131 21130
21390 21102 21103 21132 21131
21395 21103 21104 21133 21132
21400 21104 21105 21134 21133
21405 21105 21106 21135 21134
21410 21106 21107 21136 21135
21415 21107 21108 21137 21136
21420 21108 21109 21138 21137
21425 21109 21110 21139 21138
21430 21110 21111 21140 21139
21435 21111 21112 21141 21140
21440 21112 21113 21142 21141
21445 21113 21114 21143 21142
21450 21114 20386 20385 21143
21455 20460 21115 21144 20461
21460 21115 21116 21145 21144
21465 21116 21117 21146 21145
21470 21117 21118 21147 21146
21475 21118 21119 21148 21147
21480 21119 21120 21149 21148
21485 21120 21121 21150 21149
21490 21121 21122 21151 21150
21495 21122 21123 21152 21151
21500 21123 21124 21153 21152
21505 21124 21125 21154 21153
21510 21125 21126 21155 21154
21515 21126 21127 21156 21155
21520 21127 21128 21157 21156
21525 21128 21129 21158 21157
21530 21129 21130 21159 21158
21535 21130 21131 21160 21159
21540 21131 21132 21161 21160
21545 21132 21133 21162 21161
21550 21133 21134 21163 21162
21555 21134 21135 21164 21163
21560 21135 21136 21165 21164
21565 21136 21137 21166 21165
21570 21137 21138 21167 21166
21575 21138 21139 21168 21167
21580 21139 21140 21169 21168
21585 21140 21141 21170 21169
21590 21141 21142 21171 21170
21595 21142 21143 21172 21171
21600 21143 20385 20384 21172
21605 20461 21144 21173 20462
21610 21144 21145 21174 21173
21615 21145 21146 21175 21174
21620 21146 21147 21176 21175
21625 21147 21148 21177 21176
21630 21148 21149 21178 21177
21635 21149 21150 21179 21178
21640 21150 21151 21180 21179
21645 21151 21152 21181 21180
21650 21152 21153 21182 21181
21655 21153 21154 21183 21182
21660 21154 21155 21184 21183
21665 21155 21156 21185 21184
21670 21156 21157 21186 21185
21675 21157 21158 21187 21186
21680 21158 21159 21188 21187
21685 21159 21160 21189 21188
21690 21160 21161 21190 21189
21695 21161 21162 21191 21190
21700 21162 21163 21192 21191
21705 21163 21164 21193 21192
21710 21164 21165 21194 21193
21715 21165 21166 21195 21194
21720 21166 21167 21196 21195
21725 21167 21168 21197 21196
21730 21168 21169 21198 21197
21735 21169 21170 21199 21198
21740 21170 21171 21200 21199
21745 21171 21172 21201 21200
21750 21172 20384 20383 21201
21755 20462 21173 21202 20463
21760 21173 21174 21203 21202
21765 21174 21175 21204 21203
21770 21175 21176 21205 21204
21775 21176 21177 21206 21205
21780 21177 21178 21207 21206
21785 21178 21179 21208 21207
21790 21179 21180 21209 21208
21795 21180 21181 21210 21209
21800 21181 21182 21211 21210
21805 21182 21183 21212 21211
21810 21183 21184 21213 21212
21815 21184 21185 21214 21213
21820 21185 21186 21215 21214
21825 21186 21187 21216 21215
21830 21187 21188 21217 21216
21835 21188 21189 21218 21217
21840 21189 21190 21219 21218
21845 21190 21191 21220 21219
21850 21191 21192 21221 21220
21855 21192 21193 21222 21221
21860 21193 21194 21223 21222
21865 21194 21195 21224 21223
21870 21195 21196 21225 21224
21875 21196 21197 21226 21225
21880 21197 21198 21227 21226
21885 21198 21199 21228 21227
21890 21199 21200 21229 21228
21895 21200 21201 21230 21229
21900 21201 20383 20382 21230
21905 20463 21202 21231 20464
21910 21202 21203 21232 21231
21915 21203 21204 21233 21232
21920 21204 21205 21234 21233
21925 21205 21206 21235 21234
21930 21206 21207 21236 21235
21935 21207 21208 21237 21236
21940 21208 21209 21238 21237
21945 21209 21210 21239 21238
21950 21210 21211 21240 21239
21955 21211 21212 21241 21240
21960 21212 21213 21242 21241
21965 21213 21214 21243 21242
21970 21214 21215 21244 21243
21975 21215 21216 21245 21244
21980 21216 21217 21246 21245
21985 21217 21218 21247 21246
21990 21218 21219 21248 21247
21995 21219 21220 21249 21248
22000 21220 21221 21250 21249
22005 21221 21222 21251 21250
22010 21222 21223 21252 21251
22015 21223 21224 21253 21252
22020 21224 21225 21254 21253
22025 21225 21226 21255 21254
22030 21226 21227 21256 21255
22035 21227 21228 21257 21256
22040 21228 21229 21258 21257
22045 21229 21230 21259 21258
22050 21230 20382 20381 21259
22055 20464 21231 21260 20465
22060 21231 21232 21261 21260
22065 21232 21233 21262 21261
22070 21233 21234 21263 21262
22075 21234 21235 21264 21263
22080 21235 21236 21265 21264
22085 21236 21237 21266 21265
22090 21237 21238 21267 21266
22095 21238 21239 21268 21267
22100 21239 21240 21269 21268
22105 21240 21241 21270 21269
22110 21241 21242 21271 21270
22115 21242 21243 21272 21271
22120 21243 21244 21273 21272
22125 21244 21245 21274 21273
22130 21245 21246 21275 21274
22135 21246 21247 21276 21275
22140 21247 21248 21277 21276
22145 21248 21249 21278 21277
22150 21249 21250 21279 21278
22155 21250 21251 21280 21279
22160 21251 21252 21281 21280
22165 21252 21253 21282 21281
22170 21253 21254 21283 21282
22175 21254 21255 21284 21283
22180 21255 21256 21285 21284
22185 21256 21257 21286 21285
22190 21257 21258 21287 21286
22195 21258 21259 21288 21287
22200 21259 20381 20380 21288
22205 20465 21260 21289 20466
22210 21260 21261 21290 21289
22215 21261 21262 21291 21290
22220 21262 21263 21292 21291
22225 21263 21264 21293 21292
22230 21264 21265 21294 21293
22235 21265 21266 21295 21294
22240 21266 21267 21296 21295
22245 21267 21268 21297 21296
22250 21268 21269 21298 21297
22255 21269 21270 21299 21298
22260 21270 21271 21300 21299
22265 21271 21272 21301 21300
22270 21272 21273 21302 21301
22275 21273 21274 21303 21302
22280 21274 21275 21304 21303
22285 21275 21276 21305 21304
22290 21276 21277 21306 21305
22295 21277 21278 21307 21306
22300 21278 21279 21308 21307
22305 21279 21280 21309 21308
22310 21280 21281 21310 21309
22315 21281 21282 21311 21310
22320 21282 21283 21312 21311
22325 21283 21284 21313 21312
22330 21284 21285 21314 21313
22335 21285 21286 21315 21314
22340 21286 21287 21316 21315
22345 21287 21288 21317 21316
22350 21288 20380 20379 21317
22355 20466 21289 21318 20467
22360 21289 21290 21319 21318
22365 21290 21291 21320 21319
22370 21291 21292 21321 21320
22375 21292 21293 21322 21321
22380 21293 21294 21323 21322
22385 21294 21295 21324 21323
22390 21295 21296 21325 21324
22395 21296 21297 21326 21325
22400 21297 21298 21327 21326
22405 21298 21299 21328 21327
22410 21299 21300 21329 21328
22415 21300 21301 21330 21329
22420 21301 21302 21331 21330
22425 21302 21303 21332 21331
22430 21303 21304 21333 21332
22435 21304 21305 21334 21333
22440 21305 21306 21335 21334
22445 21306 21307 21336 21335
22450 21307 21308 21337 21336
22455 21308 21309 21338 21337
22460 21309 21310 21339 21338
22465 21310 21311 21340 21339
22470 21311 21312 21341 21340
22475 21312 21313 21342 21341
22480 21313 21314 21343 21342
22485 21314 21315 21344 21343
22490 21315 21316 21345 21344
22495 21316 21317 21346 21345
22500 21317 20379 20378 21346
22505 20467 21318 21347 20468
22510 21318 21319 21348 21347
22515 21319 21320 21349 21348
22520 21320 21321 21350 21349
22525 21321 21322 21351 21350
22530 21322 21323 21352 21351
22535 21323 21324 21353 21352
22540 21324 21325 21354 21353
22545 21325 21326 21355 21354
22550 21326 21327 21356 21355
22555 21327 21328 21357 21356
22560 21328 21329 21358 21357
22565 21329 21330 21359 21358
22570 21330 21331 21360 21359
22575 21331 21332 21361 21360
22580 21332 21333 21362 21361
22585 21333 21334 21363 21362
22590 21334 21335 21364 21363
22595 21335 21336 21365 21364
22600 21336 21337 21366 21365
22605 21337 21338 21367 21366
22610 21338 21339 21368 21367
22615 21339 21340 21369 21368
22620 21340 21341 21370 21369
22625 21341 21342 21371 21370
22630 21342 21343 21372 21371
22635 21343 21344 21373 21372
22640 21344 21345 21374 21373
22645 21345 21346 21375 21374
22650 21346 20378 20377 21375
22655 20468 21347 21376 20469
22660 21347 21348 21377 21376
22665 21348 21349 21378 21377
22670 21349 21350 21379 21378
22675 21350 21351 21380 21379
22680 21351 21352 21381 21380
22685 21352 21353 21382 21381
22690 21353 21354 21383 21382
22695 21354 21355 21384 21383
22700 21355 21356 21385 21384
22705 21356 21357 21386 21385
22710 21357 21358 21387 21386
22715 21358 21359 21388 21387
22720 21359 21360 21389 21388
22725 21360 21361 21390 21389
22730 21361 21362 21391 21390
22735 21362 21363 21392 21391
22740 21363 21364 21393 21392
22745 21364 21365 21394 21393
22750 21365 21366 21395 21394
22755 21366 21367 21396 21395
22760 21367 21368 21397 21396
22765 21368 21369 21398 21397
22770 21369 21370 21399 21398
22775 21370 21371 21400 21399
22780 21371 21372 21401 21400
22785 21372 21373 21402 21401
22790 21373 21374 21403 21402
22795 21374 21375 21404 21403
22800 21375 20377 20376 21404
22805 20469 21376 21405 20470
22810 21376 21377 21406 21405
22815 21377 21378 21407 21406
22820 21378 21379 21408 21407
22825 21379 21380 21409 21408
22830 21380 21381 21410 21409
22835 21381 21382 21411 21410
22840 21382 21383 21412 21411
22845 21383 21384 21413 21412
22850 21384 21385 21414 21413
22855 21385 21386 21415 21414
22860 21386 21387 21416 21415
22865 21387 21388 21417 21416
22870 21388 21389 21418 21417
22875 21389 21390 21419 21418
22880 21390 21391 21420 21419
22885 21391 21392 21421 21420
22890 21392 21393 21422 21421
22895 21393 21394 21423 21422
22900 21394 21395 21424 21423
22905 21395 21396 21425 21424
22910 21396 21397 21426 21425
22915 21397 21398 21427 21426
22920 21398 21399 21428 21427
22925 21399 21400 21429 21428
22930 21400 21401 21430 21429
22935 21401 21402 21431 21430
22940 21402 21403 21432 21431
22945 21403 21404 21433 21432
22950 21404 20376 20375 21433
22955 20470 21405 21434 20471
22960 21405 21406 21435 21434
22965 21406 21407 21436 21435
22970 21407 21408 21437 21436
22975 21408 21409 21438 21437
22980 21409 21410 21439 21438
22985 21410 21411 21440 21439
22990 21411 21412 21441 21440
22995 21412 21413 21442 21441
23000 21413 21414 21443 21442
23005 21414 21415 21444 21443
23010 21415 21416 21445 21444
23015 21416 21417 21446 21445
23020 21417 21418 21447 21446
23025 21418 21419 21448 21447
23030 21419 21420 21449 21448
23035 21420 21421 21450 21449
23040 21421 21422 21451 21450
23045 21422 21423 21452 21451
23050 21423 21424 21453 21452
23055 21424 21425 21454 21453
23060 21425 21426 21455 21454
23065 21426 21427 21456 21455
23070 21427 21428 21457 21456
23075 21428 21429 21458 21457
23080 21429 21430 21459 21458
23085 21430 21431 21460 21459
23090 21431 21432 21461 21460
23095 21432 21433 21462 21461
23100 21433 20375 20374 21462
23105 20471 21434 21463 20472
23110 21434 21435 21464 21463
23115 21435 21436 21465 21464
23120 21436 21437 21466 21465
23125 21437 21438 21467 21466
23130 21438 21439 21468 21467
23135 21439 21440 21469 21468
23140 21440 21441 21470 21469
23145 21441 21442 21471 21470
23150 21442 21443 21472 21471
23155 21443 21444 21473 21472
23160 21444 21445 21474 21473
23165 21445 21446 21475 21474
23170 21446 21447 21476 21475
23175 21447 21448 21477 21476
23180 21448 21449 21478 21477
23185 21449 21450 21479 21478
23190 21450 21451 21480 21479
23195 21451 21452 21481 21480
23200 21452 21453 21482 21481
23205 21453 21454 21483 21482
23210 21454 21455 21484 21483
23215 21455 21456 21485 21484
23220 21456 21457 21486 21485
23225 21457 21458 21487 21486
23230 21458 21459 21488 21487
23235 21459 21460 21489 21488
23240 21460 21461 21490 21489
23245 21461 21462 21491 21490
23250 21462 20374 20373 21491
23255 20472 21463 21492 20473
23260 21463 21464 21493 21492
23265 21464 21465 21494 21493
23270 21465 21466 21495 21494
23275 21466 21467 21496 21495
23280 21467 21468 21497 21496
23285 21468 21469 21498 21497
23290 21469 21470 21499 21498
23295 21470 21471 21500 21499
23300 21471 21472 21501 21500
23305 21472 21473 21502 21501
23310 21473 21474 21503 21502
23315 21474 21475 21504 21503
23320 21475 21476 21505 21504
23325 21476 21477 21506 21505
23330 21477 21478 21507 21506
23335 21478 21479 21508 21507
23340 21479 21480 21509 21508
23345 21480 21481 21510 21509
23350 21481 21482 21511 21510
23355 21482 21483 21512 21511
23360 21483 21484 21513 21512
23365 21484 21485 21514 21513
23370 21485 21486 21515 21514
23375 21486 21487 21516 21515
23380 21487 21488 21517 21516
23385 21488 21489 21518 21517
23390 21489 21490 21519 21518
23395 21490 21491 21520 21519
23400 21491 20373 20372 21520
23405 20473 21492 21521 20474
23410 21492 21493 21522 21521
23415 21493 21494 21523 21522
23420 21494 21495 21524 21523
23425 21495 21496 21525 21524
23430 21496 21497 21526 21525
23435 21497 21498 21527 21526
23440 21498 21499 21528 21527
23445 21499 21500 21529 21528
23450 21500 21501 21530 21529
23455 21501 21502 21531 21530
23460 21502 21503 21532 21531
23465 21503 21504 21533 21532
23470 21504 21505 21534 21533
23475 21505 21506 21535 21534
23480 21506 21507 21536 21535
23485 21507 21508 21537 21536
23490 21508 21509 21538 21537
23495 21509 21510 21539 21538
23500 21510 21511 21540 21539
23505 21511 21512 21541 21540
23510 21512 21513 21542 21541
23515 21513 21514 21543 21542
23520 21514 21515 21544 21543
23525 21515 21516 21545 21544
23530 21516 21517 21546 21545
23535 21517 21518 21547 21546
23540 21518 21519 21548 21547
23545 21519 21520 21549 21548
23550 21520 20372 20371 21549
23555 20474 21521 21550 20475
23560 21521 21522 21551 21550
23565 21522 21523 21552 21551
23570 21523 21524 21553 21552
23575 21524 21525 21554 21553
23580 21525 21526 21555 21554
23585 21526 21527 21556 21555
23590 21527 21528 21557 21556
23595 21528 21529 21558 21557
23600 21529 21530 21559 21558
23605 21530 21531 21560 21559
23610 21531 21532 21561 21560
23615 21532 21533 21562 21561
23620 21533 21534 21563 21562
23625 21534 21535 21564 21563
23630 21535 21536 21565 21564
23635 21536 21537 21566 21565
23640 21537 21538 21567 21566
23645 21538 21539 21568 21567
23650 21539 21540 21569 21568
23655 21540 21541 21570 21569
23660 21541 21542 21571 21570
23665 21542 21543 21572 21571
23670 21543 21544 21573 21572
23675 21544 21545 21574 21573
23680 21545 21546 21575 21574
23685 21546 21547 21576 21575
23690 21547 21548 21577 21576
23695 21548 21549 21578 21577
23700 21549 20371 20370 21578
23705 20475 21550 21579 20476
23710 21550 21551 21580 21579
23715 21551 21552 21581 21580
23720 21552 21553 21582 21581
23725 21553 21554 21583 21582
23730 21554 21555 21584 21583
23735 21555 21556 21585 21584
23740 21556 21557 21586 21585
23745 21557 21558 21587 21586
23750 21558 21559 21588 21587
23755 21559 21560 21589 21588
23760 21560 21561 21590 21589
23765 21561 21562 21591 21590
23770 21562 21563 21592 21591
23775 21563 21564 21593 21592
23780 21564 21565 21594 21593
23785 21565 21566 21595 21594
23790 21566 21567 21596 21595
23795 21567 21568 21597 21596
23800 21568 21569 21598 21597
23805 21569 21570 21599 21598
23810 21570 21571 21600 21599
23815 21571 21572 21601 21600
23820 21572 21573 21602 21601
23825 21573 21574 21603 21602
23830 21574 21575 21604 21603
23835 21575 21576 21605 21604
23840 21576 21577 21606 21605
23845 21577 21578 21607 21606
23850 21578 20370 20369 21607
23855 20476 21579 20409 20408
23860 21579 21580 20410 20409
23865 21580 21581 20411 20410
23870 21581 21582 20412 20411
23875 21582 21583 20413 20412
23880 21583 21584 20414 20413
23885 21584 21585 20415 20414
23890 21585 21586 20416 20415
23895 21586 21587 20417 20416
23900 21587 21588 20418 20417
23905 21588 21589 20419 20418
23910 21589 21590 20420 20419
23915 21590 21591 20421 20420
23920 21591 21592 20422 20421
23925 21592 21593 20423 20422
23930 21593 21594 20424 20423
23935 21594 21595 20425 20424
23940 21595 21596 20426 20425
23945 21596 21597 20427 20426
23950 21597 21598 20428 20427
23955 21598 21599 20429 20428
23960 21599 21600 20430 20429
23965 21600 21601 20431 20430
23970 21601 21602 20432 20431
23975 21602 21603 20433 20432
23980 21603 21604 20434 20433
23985 21604 21605 20435 20434
23990 21605 21606 20436 20435
23995 21606 21607 20437 20436
24000 21607 20369 20368 20437
