13986104
9116921
14169456
9151609
9994573
10100053
10063349
14095540
9644345
9674213
9686565
7179710
9674049
9688709
11671240
9828889
9829213
9141142
9967025
9967901
9968977
14096736
12887732
9653493
14007388
14219360
14095628
14187364
9882329
9882325
9875665
9875657
9151000
14204000
10097009
9983429
9171679
14186612
14138080
9122706
9114812
9113909
3320884
9930549
9155518
9112735
9120741
7177729
3321426
9854597
9147453
9130422
10006857
14077668
9753489
9941081
9753485
9753497
9753949
9173374
13938812
13936432
13936812
13935988
9105672
10059745
9775765
9117942
3320736
9111353
13945908
9114763
9703873
9173365
14116972
13692644
14116920
14079184
10972299
14155260
9140050
9128775
14158696
9666905
9627721
9734033
9169867
9716853
9818433
9735129
9644101
14239184
10148421
10148369
9655209
10187953
14118096
9627557
12659440
14151344
9718013
10223765
14073800
9742277
9700049
14236768
14255632
14133048
9722633
9774569
9826789
14183744
10226877
14178184
14179736
14178248
14178188
14178236
10207681
14263544
14263768
14263712
13966396
9154092
14137160
14181056
10215753
10186185
12456160
9146641
3321590
10964587
10992159
14178212
