40
105 1 9 211 73
106 73 211 212 74
107 74 212 213 75
108 75 213 41 5
261 9 10 214 211
262 211 214 215 212
263 212 215 216 213
264 213 216 42 41
89 10 11 217 214
90 214 217 218 215
91 215 218 219 216
92 216 219 43 42
145 11 12 220 217
146 217 220 221 218
147 218 221 222 219
148 219 222 44 43
293 12 13 223 220
294 220 223 224 221
295 221 224 225 222
296 222 225 45 44
85 13 14 226 223
86 223 226 227 224
87 224 227 228 225
88 225 228 46 45
77 14 15 229 226
78 226 229 230 227
79 227 230 231 228
80 228 231 47 46
157 15 16 232 229
158 229 232 233 230
159 230 233 234 231
160 231 234 48 47
37 16 17 235 232
38 232 235 236 233
39 233 236 237 234
40 234 237 49 48
25 17 2 76 235
26 235 76 77 236
27 236 77 78 237
28 237 78 6 49
