80
4 180 179 199 186
8 169 149 61 62
12 166 158 180 155
16 149 169 194 181
20 181 194 202 203
24 64 154 163 63
28 6 50 156 49
32 201 204 209 208
36 148 170 184 196
40 49 156 162 48
44 163 169 62 63
48 164 159 167 157
52 7 57 166 56
56 192 209 205 199
60 154 171 183 163
64 66 67 165 161
68 185 198 206 195
72 177 153 198 185
76 8 66 161 65
80 148 46 47 170
84 167 185 195 188
88 46 148 176 45
92 42 43 177 159
96 57 58 158 166
100 180 186 173 155
104 168 189 193 184
108 41 164 72 5
112 181 187 178 149
116 197 151 173 186
120 190 191 175 150
124 190 188 195 207
128 207 200 191 190
132 53 54 173 151
136 162 168 184 170
140 169 163 183 194
144 52 53 151 172
148 44 153 177 43
152 166 155 55 56
156 200 183 171 191
160 48 162 170 47
164 167 188 174 157
168 196 184 193 204
172 204 201 182 196
176 160 156 50 51
180 161 165 171 154
184 208 209 192 203
188 165 175 191 171
192 164 157 71 72
196 155 173 54 55
200 197 189 172 151
204 203 202 210 208
208 190 150 174 188
212 69 70 174 150
216 200 202 194 183
220 158 152 179 180
224 157 174 70 71
228 68 69 150 175
232 202 200 207 210
236 51 52 172 160
240 187 181 203 192
244 154 64 65 161
248 195 206 210 207
252 175 165 67 68
256 179 187 192 199
260 201 206 198 182
264 164 41 42 159
268 159 177 185 167
272 204 193 205 209
276 178 152 59 60
280 187 179 152 178
284 156 160 168 162
288 160 172 189 168
292 199 205 197 186
296 45 176 153 44
300 153 176 182 198
304 59 152 158 58
308 60 61 149 178
312 196 182 176 148
316 189 197 205 193
320 208 210 206 201
