40
49 3 25 259 79
50 79 259 260 80
51 80 260 261 81
52 81 261 57 7
93 25 26 262 259
94 259 262 263 260
95 260 263 264 261
96 261 264 58 57
301 26 27 265 262
302 262 265 266 263
303 263 266 267 264
304 264 267 59 58
273 27 28 268 265
274 265 268 269 266
275 266 269 270 267
276 267 270 60 59
305 28 29 271 268
306 268 271 272 269
307 269 272 273 270
308 270 273 61 60
5 29 30 274 271
6 271 274 275 272
7 272 275 276 273
8 273 276 62 61
41 30 31 277 274
42 274 277 278 275
43 275 278 279 276
44 276 279 63 62
21 31 32 280 277
22 277 280 281 278
23 278 281 282 279
24 279 282 64 63
241 32 33 283 280
242 280 283 284 281
243 281 284 285 282
244 282 285 65 64
73 33 4 82 283
74 283 82 83 284
75 284 83 84 285
76 285 84 8 65
