  -5.9880000e+01  -0.0000000e+00
  -5.9760000e+01  -8.9061508e-08
  -5.9640000e+01  -3.5740494e-07
  -5.9520000e+01  -8.0800971e-07
  -5.9400000e+01  -1.4454462e-06
  -5.9280000e+01  -2.2757637e-06
  -5.9160000e+01  -3.3063404e-06
  -5.9040000e+01  -4.5456980e-06
  -5.8920000e+01  -6.0032824e-06
  -5.8800000e+01  -7.6892137e-06
  -5.8680000e+01  -9.6140093e-06
  -5.8560000e+01  -1.1788282e-05
  -5.8440000e+01  -1.4222419e-05
  -5.8320000e+01  -1.6926246e-05
  -5.8200000e+01  -1.9908676e-05
  -5.8080000e+01  -2.3177358e-05
  -5.7960000e+01  -2.6738318e-05
  -5.7840000e+01  -3.0595608e-05
  -5.7720000e+01  -3.4750961e-05
  -5.7600000e+01  -3.9203460e-05
  -5.7480000e+01  -4.3949227e-05
  -5.7360000e+01  -4.8981136e-05
  -5.7240000e+01  -5.4288550e-05
  -5.7120000e+01  -5.9857102e-05
  -5.7000000e+01  -6.5668496e-05
  -5.6880000e+01  -7.1700372e-05
  -5.6760000e+01  -7.7926194e-05
  -5.6640000e+01  -8.4315201e-05
  -5.6520000e+01  -9.0832403e-05
  -5.6400000e+01  -9.7438633e-05
  -5.6280000e+01  -1.0409064e-04
  -5.6160000e+01  -1.1074128e-04
  -5.6040000e+01  -1.1733967e-04
  -5.5920000e+01  -1.2383152e-04
  -5.5800000e+01  -1.3015943e-04
  -5.5680000e+01  -1.3626325e-04
  -5.5560000e+01  -1.4208053e-04
  -5.5440000e+01  -1.4754696e-04
  -5.5320000e+01  -1.5259690e-04
  -5.5200000e+01  -1.5716395e-04
  -5.5080000e+01  -1.6118146e-04
  -5.4960000e+01  -1.6458320e-04
  -5.4840000e+01  -1.6730398e-04
  -5.4720000e+01  -1.6928024e-04
  -5.4600000e+01  -1.7045076e-04
  -5.4480000e+01  -1.7075726e-04
  -5.4360000e+01  -1.7014506e-04
  -5.4240000e+01  -1.6856368e-04
  -5.4120000e+01  -1.6596745e-04
  -5.4000000e+01  -1.6231611e-04
  -5.3880000e+01  -1.5757527e-04
  -5.3760000e+01  -1.5171696e-04
  -5.3640000e+01  -1.4472001e-04
  -5.3520000e+01  -1.3657047e-04
  -5.3400000e+01  -1.2726191e-04
  -5.3280000e+01  -1.1679567e-04
  -5.3160000e+01  -1.0518100e-04
  -5.3040000e+01  -9.2435214e-05
  -5.2920000e+01  -7.8583681e-05
  -5.2800000e+01  -6.3659774e-05
  -5.2680000e+01  -4.7704738e-05
  -5.2560000e+01  -3.0767476e-05
  -5.2440000e+01  -1.2904253e-05
  -5.2320000e+01   5.8216657e-06
  -5.2200000e+01   2.5340461e-05
  -5.2080000e+01   4.5576262e-05
  -5.1960000e+01   6.6447721e-05
  -5.1840000e+01   8.7868643e-05
  -5.1720000e+01   1.0974866e-04
  -5.1600000e+01   1.3199397e-04
  -5.1480000e+01   1.5450808e-04
  -5.1360000e+01   1.7719259e-04
  -5.1240000e+01   1.9994804e-04
  -5.1120000e+01   2.2267468e-04
  -5.1000000e+01   2.4527333e-04
  -5.0880000e+01   2.6764617e-04
  -5.0760000e+01   2.8969754e-04
  -5.0640000e+01   3.1133472e-04
  -5.0520000e+01   3.3246869e-04
  -5.0400000e+01   3.5301480e-04
  -5.0280000e+01   3.7289342e-04
  -5.0160000e+01   3.9203057e-04
  -5.0040000e+01   4.1035843e-04
  -4.9920000e+01   4.2781580e-04
  -4.9800000e+01   4.4434854e-04
  -4.9680000e+01   4.5990986e-04
  -4.9560000e+01   4.7446058e-04
  -4.9440000e+01   4.8796928e-04
  -4.9320000e+01   5.0041243e-04
  -4.9200000e+01   5.1177436e-04
  -4.9080000e+01   5.2204723e-04
  -4.8960000e+01   5.3123085e-04
  -4.8840000e+01   5.3933247e-04
  -4.8720000e+01   5.4636654e-04
  -4.8600000e+01   5.5235428e-04
  -4.8480000e+01   5.5732335e-04
  -4.8360000e+01   5.6130734e-04
  -4.8240000e+01   5.6434526e-04
  -4.8120000e+01   5.6648100e-04
  -4.8000000e+01   5.6776275e-04
  -4.7880000e+01   5.6824237e-04
  -4.7760000e+01   5.6811493e-04
  -4.7640000e+01   5.6757722e-04
  -4.7520000e+01   5.6668631e-04
  -4.7400000e+01   5.6549928e-04
  -4.7280000e+01   5.6407287e-04
  -4.7160000e+01   5.6246311e-04
  -4.7040000e+01   5.6072504e-04
  -4.6920000e+01   5.5891239e-04
  -4.6800000e+01   5.5707723e-04
  -4.6680000e+01   5.5526972e-04
  -4.6560000e+01   5.5353787e-04
  -4.6440000e+01   5.5192725e-04
  -4.6320000e+01   5.5048077e-04
  -4.6200000e+01   5.4923849e-04
  -4.6080000e+01   5.4823743e-04
  -4.5960000e+01   5.4751137e-04
  -4.5840000e+01   5.4709075e-04
  -4.5720000e+01   5.4700247e-04
  -4.5600000e+01   5.4726985e-04
  -4.5480000e+01   5.4791248e-04
  -4.5360000e+01   5.4894618e-04
  -4.5240000e+01   5.5038290e-04
  -4.5120000e+01   5.5223071e-04
  -4.5000000e+01   5.5449375e-04
  -4.4880000e+01   5.5717220e-04
  -4.4760000e+01   5.6026229e-04
  -4.4640000e+01   5.6375632e-04
  -4.4520000e+01   5.6764265e-04
  -4.4400000e+01   5.7190575e-04
  -4.4280000e+01   5.7652622e-04
  -4.4160000e+01   5.8148086e-04
  -4.4040000e+01   5.8674271e-04
  -4.3920000e+01   5.9228112e-04
  -4.3800000e+01   5.9806184e-04
  -4.3680000e+01   6.0404709e-04
  -4.3560000e+01   6.1019566e-04
  -4.3440000e+01   6.1646301e-04
  -4.3320000e+01   6.2280138e-04
  -4.3200000e+01   6.2915993e-04
  -4.3080000e+01   6.3548485e-04
  -4.2960000e+01   6.4171952e-04
  -4.2840000e+01   6.4780468e-04
  -4.2720000e+01   6.5367857e-04
  -4.2600000e+01   6.5927714e-04
  -4.2480000e+01   6.6453426e-04
  -4.2360000e+01   6.6938190e-04
  -4.2240000e+01   6.7375039e-04
  -4.2120000e+01   6.7756867e-04
  -4.2000000e+01   6.8076455e-04
  -4.1880000e+01   6.8326500e-04
  -4.1760000e+01   6.8499645e-04
  -4.1640000e+01   6.8588512e-04
  -4.1520000e+01   6.8585736e-04
  -4.1400000e+01   6.8483999e-04
  -4.1280000e+01   6.8276074e-04
  -4.1160000e+01   6.7954855e-04
  -4.1040000e+01   6.7513406e-04
  -4.0920000e+01   6.6944999e-04
  -4.0800000e+01   6.6243160e-04
  -4.0680000e+01   6.5401711e-04
  -4.0560000e+01   6.4414819e-04
  -4.0440000e+01   6.3277037e-04
  -4.0320000e+01   6.1983354e-04
  -4.0200000e+01   6.0529238e-04
  -4.0080000e+01   5.8910687e-04
  -3.9960000e+01   5.7124264e-04
  -3.9840000e+01   5.5167149e-04
  -3.9720000e+01   5.3037178e-04
  -3.9600000e+01   5.0732879e-04
  -3.9480000e+01   4.8253516e-04
  -3.9360000e+01   4.5599116e-04
  -3.9240000e+01   4.2770505e-04
  -3.9120000e+01   3.9769331e-04
  -3.9000000e+01   3.6598092e-04
  -3.8880000e+01   3.3260146e-04
  -3.8760000e+01   2.9759735e-04
  -3.8640000e+01   2.6101980e-04
  -3.8520000e+01   2.2292896e-04
  -3.8400000e+01   1.8339378e-04
  -3.8280000e+01   1.4249196e-04
  -3.8160000e+01   1.0030978e-04
  -3.8040000e+01   5.6941869e-05
  -3.7920000e+01   1.2490885e-05
  -3.7800000e+01  -3.2932807e-05
  -3.7680000e+01  -7.9211592e-05
  -3.7560000e+01  -1.2622109e-04
  -3.7440000e+01  -1.7383070e-04
  -3.7320000e+01  -2.2190426e-04
  -3.7200000e+01  -2.7030068e-04
  -3.7080000e+01  -3.1887468e-04
  -3.6960000e+01  -3.6747761e-04
  -3.6840000e+01  -4.1595825e-04
  -3.6720000e+01  -4.6416367e-04
  -3.6600000e+01  -5.1194016e-04
  -3.6480000e+01  -5.5913415e-04
  -3.6360000e+01  -6.0559317e-04
  -3.6240000e+01  -6.5116683e-04
  -3.6120000e+01  -6.9570774e-04
  -3.6000000e+01  -7.3907257e-04
  -3.5880000e+01  -7.8112292e-04
  -3.5760000e+01  -8.2172636e-04
  -3.5640000e+01  -8.6075724e-04
  -3.5520000e+01  -8.9809768e-04
  -3.5400000e+01  -9.3363833e-04
  -3.5280000e+01  -9.6727920e-04
  -3.5160000e+01  -9.9893035e-04
  -3.5040000e+01  -1.0285126e-03
  -3.4920000e+01  -1.0559581e-03
  -3.4800000e+01  -1.0812108e-03
  -3.4680000e+01  -1.1042270e-03
  -3.4560000e+01  -1.1249754e-03
  -3.4440000e+01  -1.1434378e-03
  -3.4320000e+01  -1.1596086e-03
  -3.4200000e+01  -1.1734956e-03
  -3.4080000e+01  -1.1851192e-03
  -3.3960000e+01  -1.1945127e-03
  -3.3840000e+01  -1.2017219e-03
  -3.3720000e+01  -1.2068048e-03
  -3.3600000e+01  -1.2098307e-03
  -3.3480000e+01  -1.2108804e-03
  -3.3360000e+01  -1.2100447e-03
  -3.3240000e+01  -1.2074243e-03
  -3.3120000e+01  -1.2031284e-03
  -3.3000000e+01  -1.1972744e-03
  -3.2880000e+01  -1.1899863e-03
  -3.2760000e+01  -1.1813941e-03
  -3.2640000e+01  -1.1716325e-03
  -3.2520000e+01  -1.1608397e-03
  -3.2400000e+01  -1.1491565e-03
  -3.2280000e+01  -1.1367249e-03
  -3.2160000e+01  -1.1236869e-03
  -3.2040000e+01  -1.1101832e-03
  -3.1920000e+01  -1.0963524e-03
  -3.1800000e+01  -1.0823294e-03
  -3.1680000e+01  -1.0682446e-03
  -3.1560000e+01  -1.0542226e-03
  -3.1440000e+01  -1.0403810e-03
  -3.1320000e+01  -1.0268301e-03
  -3.1200000e+01  -1.0136712e-03
  -3.1080000e+01  -1.0009961e-03
  -3.0960000e+01  -9.8888676e-04
  -3.0840000e+01  -9.7741393e-04
  -3.0720000e+01  -9.6663715e-04
  -3.0600000e+01  -9.5660416e-04
  -3.0480000e+01  -9.4735053e-04
  -3.0360000e+01  -9.3889952e-04
  -3.0240000e+01  -9.3126194e-04
  -3.0120000e+01  -9.2443620e-04
  -3.0000000e+01  -9.1840839e-04
  -2.9880000e+01  -9.1315254e-04
  -2.9760000e+01  -9.0863100e-04
  -2.9640000e+01  -9.0479479e-04
  -2.9520000e+01  -9.0158423e-04
  -2.9400000e+01  -8.9892951e-04
  -2.9280000e+01  -8.9675143e-04
  -2.9160000e+01  -8.9496217e-04
  -2.9040000e+01  -8.9346612e-04
  -2.8920000e+01  -8.9216084e-04
  -2.8800000e+01  -8.9093792e-04
  -2.8680000e+01  -8.8968404e-04
  -2.8560000e+01  -8.8828193e-04
  -2.8440000e+01  -8.8661139e-04
  -2.8320000e+01  -8.8455030e-04
  -2.8200000e+01  -8.8197564e-04
  -2.8080000e+01  -8.7876445e-04
  -2.7960000e+01  -8.7479480e-04
  -2.7840000e+01  -8.6994668e-04
  -2.7720000e+01  -8.6410289e-04
  -2.7600000e+01  -8.5714979e-04
  -2.7480000e+01  -8.4897805e-04
  -2.7360000e+01  -8.3948334e-04
  -2.7240000e+01  -8.2856686e-04
  -2.7120000e+01  -8.1613586e-04
  -2.7000000e+01  -8.0210404e-04
  -2.6880000e+01  -7.8639187e-04
  -2.6760000e+01  -7.6892684e-04
  -2.6640000e+01  -7.4964354e-04
  -2.6520000e+01  -7.2848381e-04
  -2.6400000e+01  -7.0539661e-04
  -2.6280000e+01  -6.8033798e-04
  -2.6160000e+01  -6.5327084e-04
  -2.6040000e+01  -6.2416472e-04
  -2.5920000e+01  -5.9299548e-04
  -2.5800000e+01  -5.5974494e-04
  -2.5680000e+01  -5.2440048e-04
  -2.5560000e+01  -4.8695462e-04
  -2.5440000e+01  -4.4740456e-04
  -2.5320000e+01  -4.0575172e-04
  -2.5200000e+01  -3.6200132e-04
  -2.5080000e+01  -3.1616190e-04
  -2.4960000e+01  -2.6824493e-04
  -2.4840000e+01  -2.1826442e-04
  -2.4720000e+01  -1.6623663e-04
  -2.4600000e+01  -1.1217975e-04
  -2.4480000e+01  -5.6113750e-05
  -2.4360000e+01   1.9397928e-06
  -2.4240000e+01   6.1957695e-05
  -2.4120000e+01   1.2391514e-04
  -2.4000000e+01   1.8778551e-04
  -2.3880000e+01   2.5354020e-04
  -2.3760000e+01   3.2114821e-04
  -2.3640000e+01   3.9057576e-04
  -2.3520000e+01   4.6178573e-04
  -2.3400000e+01   5.3473704e-04
  -2.3280000e+01   6.0938391e-04
  -2.3160000e+01   6.8567512e-04
  -2.3040000e+01   7.6355309e-04
  -2.2920000e+01   8.4295297e-04
  -2.2800000e+01   9.2380167e-04
  -2.2680000e+01   1.0060168e-03
  -2.2560000e+01   1.0895058e-03
  -2.2440000e+01   1.1741646e-03
  -2.2320000e+01   1.2598769e-03
  -2.2200000e+01   1.3465132e-03
  -2.2080000e+01   1.4339295e-03
  -2.1960000e+01   1.5219668e-03
  -2.1840000e+01   1.6104504e-03
  -2.1720000e+01   1.6991888e-03
  -2.1600000e+01   1.7879736e-03
  -2.1480000e+01   1.8765791e-03
  -2.1360000e+01   1.9647619e-03
  -2.1240000e+01   2.0522610e-03
  -2.1120000e+01   2.1387981e-03
  -2.1000000e+01   2.2240778e-03
  -2.0880000e+01   2.3077886e-03
  -2.0760000e+01   2.3896034e-03
  -2.0640000e+01   2.4691810e-03
  -2.0520000e+01   2.5461671e-03
  -2.0400000e+01   2.6201963e-03
  -2.0280000e+01   2.6908939e-03
  -2.0160000e+01   2.7578780e-03
  -2.0040000e+01   2.8207621e-03
  -1.9920000e+01   2.8791574e-03
  -1.9800000e+01   2.9326759e-03
  -1.9680000e+01   2.9809337e-03
  -1.9560000e+01   3.0235537e-03
  -1.9440000e+01   3.0601695e-03
  -1.9320000e+01   3.0904288e-03
  -1.9200000e+01   3.1139968e-03
  -1.9080000e+01   3.1305605e-03
  -1.8960000e+01   3.1398320e-03
  -1.8840000e+01   3.1415525e-03
  -1.8720000e+01   3.1354960e-03
  -1.8600000e+01   3.1214730e-03
  -1.8480000e+01   3.0993338e-03
  -1.8360000e+01   3.0689724e-03
  -1.8240000e+01   3.0303291e-03
  -1.8120000e+01   2.9833941e-03
  -1.8000000e+01   2.9282093e-03
  -1.7880000e+01   2.8648715e-03
  -1.7760000e+01   2.7935337e-03
  -1.7640000e+01   2.7144069e-03
  -1.7520000e+01   2.6277610e-03
  -1.7400000e+01   2.5339259e-03
  -1.7280000e+01   2.4332908e-03
  -1.7160000e+01   2.3263043e-03
  -1.7040000e+01   2.2134734e-03
  -1.6920000e+01   2.0953616e-03
  -1.6800000e+01   1.9725868e-03
  -1.6680000e+01   1.8458187e-03
  -1.6560000e+01   1.7157753e-03
  -1.6440000e+01   1.5832186e-03
  -1.6320000e+01   1.4489508e-03
  -1.6200000e+01   1.3138083e-03
  -1.6080000e+01   1.1786564e-03
  -1.5960000e+01   1.0443831e-03
  -1.5840000e+01   9.1189237e-04
  -1.5720000e+01   7.8209674e-04
  -1.5600000e+01   6.5591006e-04
  -1.5480000e+01   5.3423936e-04
  -1.5360000e+01   4.1797674e-04
  -1.5240000e+01   3.0799089e-04
  -1.5120000e+01   2.0511846e-04
  -1.5000000e+01   1.1015542e-04
  -1.4880000e+01   2.3848296e-05
  -1.4760000e+01  -5.3114476e-05
  -1.4640000e+01  -1.2011104e-04
  -1.4520000e+01  -1.7659441e-04
  -1.4400000e+01  -2.2210047e-04
  -1.4280000e+01  -2.5625553e-04
  -1.4160000e+01  -2.7878343e-04
  -1.4040000e+01  -2.8951211e-04
  -1.3920000e+01  -2.8837947e-04
  -1.3800000e+01  -2.7543860e-04
  -1.3680000e+01  -2.5086216e-04
  -1.3560000e+01  -2.1494590e-04
  -1.3440000e+01  -1.6811126e-04
  -1.3320000e+01  -1.1090701e-04
  -1.3200000e+01  -4.4009824e-05
  -1.3080000e+01   3.1776247e-05
  -1.2960000e+01   1.1552136e-04
  -1.2840000e+01   2.0617267e-04
  -1.2720000e+01   3.0255827e-04
  -1.2600000e+01   4.0339225e-04
  -1.2480000e+01   5.0728106e-04
  -1.2360000e+01   6.1273091e-04
  -1.2240000e+01   7.1815634e-04
  -1.2120000e+01   8.2188999e-04
  -1.2000000e+01   9.2219330e-04
  -1.1880000e+01   1.0172684e-03
  -1.1760000e+01   1.1052706e-03
  -1.1640000e+01   1.1843224e-03
  -1.1520000e+01   1.2525276e-03
  -1.1400000e+01   1.3079866e-03
  -1.1280000e+01   1.3488118e-03
  -1.1160000e+01   1.3731442e-03
  -1.1040000e+01   1.3791699e-03
  -1.0920000e+01   1.3651366e-03
  -1.0800000e+01   1.3293712e-03
  -1.0680000e+01   1.2702960e-03
  -1.0560000e+01   1.1864461e-03
  -1.0440000e+01   1.0764853e-03
  -1.0320000e+01   9.3922300e-04
  -1.0200000e+01   7.7362878e-04
  -1.0080000e+01   5.7884776e-04
  -9.9600000e+00   3.5421425e-04
  -9.8400000e+00   9.9264718e-05
  -9.7200000e+00  -1.8625046e-04
  -9.6000000e+00  -5.0235651e-04
  -9.4800000e+00  -8.4884511e-04
  -9.3600000e+00  -1.2252668e-03
  -9.2400000e+00  -1.6309248e-03
  -9.1200000e+00  -2.0648709e-03
  -9.0000000e+00  -2.5259028e-03
  -8.8800000e+00  -3.0125633e-03
  -8.7600000e+00  -3.5231414e-03
  -8.6400000e+00  -4.0556757e-03
  -8.5200000e+00  -4.6079594e-03
  -8.4000000e+00  -5.1775468e-03
  -8.2800000e+00  -5.7617635e-03
  -8.1600000e+00  -6.3577161e-03
  -8.0400000e+00  -6.9623062e-03
  -7.9200000e+00  -7.5722447e-03
  -7.8000000e+00  -8.1840684e-03
  -7.6800000e+00  -8.7941588e-03
  -7.5600000e+00  -9.3987617e-03
  -7.4400000e+00  -9.9940091e-03
  -7.3200000e+00  -1.0575942e-02
  -7.2000000e+00  -1.1140534e-02
  -7.0800000e+00  -1.1683718e-02
  -6.9600000e+00  -1.2201413e-02
  -6.8400000e+00  -1.2689546e-02
  -6.7200000e+00  -1.3144089e-02
  -6.6000000e+00  -1.3561077e-02
  -6.4800000e+00  -1.3936645e-02
  -6.3600000e+00  -1.4267048e-02
  -6.2400000e+00  -1.4548699e-02
  -6.1200000e+00  -1.4778185e-02
  -6.0000000e+00  -1.4952306e-02
  -5.8800000e+00  -1.5068092e-02
  -5.7600000e+00  -1.5122831e-02
  -5.6400000e+00  -1.5114098e-02
  -5.5200000e+00  -1.5039769e-02
  -5.4000000e+00  -1.4898047e-02
  -5.2800000e+00  -1.4687483e-02
  -5.1600000e+00  -1.4406986e-02
  -5.0400000e+00  -1.4055846e-02
  -4.9200000e+00  -1.3633743e-02
  -4.8000000e+00  -1.3140755e-02
  -4.6800000e+00  -1.2577372e-02
  -4.5600000e+00  -1.1944495e-02
  -4.4400000e+00  -1.1243442e-02
  -4.3200000e+00  -1.0475949e-02
  -4.2000000e+00  -9.6441632e-03
  -4.0800000e+00  -8.7506406e-03
  -3.9600000e+00  -7.7983360e-03
  -3.8400000e+00  -6.7905921e-03
  -3.7200000e+00  -5.7311257e-03
  -3.6000000e+00  -4.6240106e-03
  -3.4800000e+00  -3.4736589e-03
  -3.3600000e+00  -2.2847989e-03
  -3.2400000e+00  -1.0624513e-03
  -3.1200000e+00   1.8809699e-04
  -3.0000000e+00   1.4613216e-03
  -2.8800000e+00   2.7514905e-03
  -2.7600000e+00   4.0526958e-03
  -2.6400000e+00   5.3588873e-03
  -2.5200000e+00   6.6639074e-03
  -2.4000000e+00   7.9615260e-03
  -2.2800000e+00   9.2454777e-03
  -2.1600000e+00   1.0509498e-02
  -2.0400000e+00   1.1747363e-02
  -1.9200000e+00   1.2952922e-02
  -1.8000000e+00   1.4120140e-02
  -1.6800000e+00   1.5243132e-02
  -1.5600000e+00   1.6316197e-02
  -1.4400000e+00   1.7333858e-02
  -1.3200000e+00   1.8290891e-02
  -1.2000000e+00   1.9182360e-02
  -1.0800000e+00   2.0003648e-02
  -9.6000000e-01   2.0750484e-02
  -8.4000000e-01   2.1418971e-02
  -7.2000000e-01   2.2005612e-02
  -6.0000000e-01   2.2507327e-02
  -4.8000000e-01   2.2921480e-02
  -3.6000000e-01   2.3245888e-02
  -2.4000000e-01   2.3478839e-02
  -1.2000000e-01   2.3619104e-02
   0.0000000e+00   2.3665942e-02
   1.2000000e-01   2.3619104e-02
   2.4000000e-01   2.3478839e-02
   3.6000000e-01   2.3245888e-02
   4.8000000e-01   2.2921480e-02
   6.0000000e-01   2.2507327e-02
   7.2000000e-01   2.2005612e-02
   8.4000000e-01   2.1418971e-02
   9.6000000e-01   2.0750484e-02
   1.0800000e+00   2.0003648e-02
   1.2000000e+00   1.9182360e-02
   1.3200000e+00   1.8290891e-02
   1.4400000e+00   1.7333858e-02
   1.5600000e+00   1.6316197e-02
   1.6800000e+00   1.5243132e-02
   1.8000000e+00   1.4120140e-02
   1.9200000e+00   1.2952922e-02
   2.0400000e+00   1.1747363e-02
   2.1600000e+00   1.0509498e-02
   2.2800000e+00   9.2454777e-03
   2.4000000e+00   7.9615260e-03
   2.5200000e+00   6.6639074e-03
   2.6400000e+00   5.3588873e-03
   2.7600000e+00   4.0526958e-03
   2.8800000e+00   2.7514905e-03
   3.0000000e+00   1.4613216e-03
   3.1200000e+00   1.8809699e-04
   3.2400000e+00  -1.0624513e-03
   3.3600000e+00  -2.2847989e-03
   3.4800000e+00  -3.4736589e-03
   3.6000000e+00  -4.6240106e-03
   3.7200000e+00  -5.7311257e-03
   3.8400000e+00  -6.7905921e-03
   3.9600000e+00  -7.7983360e-03
   4.0800000e+00  -8.7506406e-03
   4.2000000e+00  -9.6441632e-03
   4.3200000e+00  -1.0475949e-02
   4.4400000e+00  -1.1243442e-02
   4.5600000e+00  -1.1944495e-02
   4.6800000e+00  -1.2577372e-02
   4.8000000e+00  -1.3140755e-02
   4.9200000e+00  -1.3633743e-02
   5.0400000e+00  -1.4055846e-02
   5.1600000e+00  -1.4406986e-02
   5.2800000e+00  -1.4687483e-02
   5.4000000e+00  -1.4898047e-02
   5.5200000e+00  -1.5039769e-02
   5.6400000e+00  -1.5114098e-02
   5.7600000e+00  -1.5122831e-02
   5.8800000e+00  -1.5068092e-02
   6.0000000e+00  -1.4952306e-02
   6.1200000e+00  -1.4778185e-02
   6.2400000e+00  -1.4548699e-02
   6.3600000e+00  -1.4267048e-02
   6.4800000e+00  -1.3936645e-02
   6.6000000e+00  -1.3561077e-02
   6.7200000e+00  -1.3144089e-02
   6.8400000e+00  -1.2689546e-02
   6.9600000e+00  -1.2201413e-02
   7.0800000e+00  -1.1683718e-02
   7.2000000e+00  -1.1140534e-02
   7.3200000e+00  -1.0575942e-02
   7.4400000e+00  -9.9940091e-03
   7.5600000e+00  -9.3987617e-03
   7.6800000e+00  -8.7941588e-03
   7.8000000e+00  -8.1840684e-03
   7.9200000e+00  -7.5722447e-03
   8.0400000e+00  -6.9623062e-03
   8.1600000e+00  -6.3577161e-03
   8.2800000e+00  -5.7617635e-03
   8.4000000e+00  -5.1775468e-03
   8.5200000e+00  -4.6079594e-03
   8.6400000e+00  -4.0556757e-03
   8.7600000e+00  -3.5231414e-03
   8.8800000e+00  -3.0125633e-03
   9.0000000e+00  -2.5259028e-03
   9.1200000e+00  -2.0648709e-03
   9.2400000e+00  -1.6309248e-03
   9.3600000e+00  -1.2252668e-03
   9.4800000e+00  -8.4884511e-04
   9.6000000e+00  -5.0235651e-04
   9.7200000e+00  -1.8625046e-04
   9.8400000e+00   9.9264718e-05
   9.9600000e+00   3.5421425e-04
   1.0080000e+01   5.7884776e-04
   1.0200000e+01   7.7362878e-04
   1.0320000e+01   9.3922300e-04
   1.0440000e+01   1.0764853e-03
   1.0560000e+01   1.1864461e-03
   1.0680000e+01   1.2702960e-03
   1.0800000e+01   1.3293712e-03
   1.0920000e+01   1.3651366e-03
   1.1040000e+01   1.3791699e-03
   1.1160000e+01   1.3731442e-03
   1.1280000e+01   1.3488118e-03
   1.1400000e+01   1.3079866e-03
   1.1520000e+01   1.2525276e-03
   1.1640000e+01   1.1843224e-03
   1.1760000e+01   1.1052706e-03
   1.1880000e+01   1.0172684e-03
   1.2000000e+01   9.2219330e-04
   1.2120000e+01   8.2188999e-04
   1.2240000e+01   7.1815634e-04
   1.2360000e+01   6.1273091e-04
   1.2480000e+01   5.0728106e-04
   1.2600000e+01   4.0339225e-04
   1.2720000e+01   3.0255827e-04
   1.2840000e+01   2.0617267e-04
   1.2960000e+01   1.1552136e-04
   1.3080000e+01   3.1776247e-05
   1.3200000e+01  -4.4009824e-05
   1.3320000e+01  -1.1090701e-04
   1.3440000e+01  -1.6811126e-04
   1.3560000e+01  -2.1494590e-04
   1.3680000e+01  -2.5086216e-04
   1.3800000e+01  -2.7543860e-04
   1.3920000e+01  -2.8837947e-04
   1.4040000e+01  -2.8951211e-04
   1.4160000e+01  -2.7878343e-04
   1.4280000e+01  -2.5625553e-04
   1.4400000e+01  -2.2210047e-04
   1.4520000e+01  -1.7659441e-04
   1.4640000e+01  -1.2011104e-04
   1.4760000e+01  -5.3114476e-05
   1.4880000e+01   2.3848296e-05
   1.5000000e+01   1.1015542e-04
   1.5120000e+01   2.0511846e-04
   1.5240000e+01   3.0799089e-04
   1.5360000e+01   4.1797674e-04
   1.5480000e+01   5.3423936e-04
   1.5600000e+01   6.5591006e-04
   1.5720000e+01   7.8209674e-04
   1.5840000e+01   9.1189237e-04
   1.5960000e+01   1.0443831e-03
   1.6080000e+01   1.1786564e-03
   1.6200000e+01   1.3138083e-03
   1.6320000e+01   1.4489508e-03
   1.6440000e+01   1.5832186e-03
   1.6560000e+01   1.7157753e-03
   1.6680000e+01   1.8458187e-03
   1.6800000e+01   1.9725868e-03
   1.6920000e+01   2.0953616e-03
   1.7040000e+01   2.2134734e-03
   1.7160000e+01   2.3263043e-03
   1.7280000e+01   2.4332908e-03
   1.7400000e+01   2.5339259e-03
   1.7520000e+01   2.6277610e-03
   1.7640000e+01   2.7144069e-03
   1.7760000e+01   2.7935337e-03
   1.7880000e+01   2.8648715e-03
   1.8000000e+01   2.9282093e-03
   1.8120000e+01   2.9833941e-03
   1.8240000e+01   3.0303291e-03
   1.8360000e+01   3.0689724e-03
   1.8480000e+01   3.0993338e-03
   1.8600000e+01   3.1214730e-03
   1.8720000e+01   3.1354960e-03
   1.8840000e+01   3.1415525e-03
   1.8960000e+01   3.1398320e-03
   1.9080000e+01   3.1305605e-03
   1.9200000e+01   3.1139968e-03
   1.9320000e+01   3.0904288e-03
   1.9440000e+01   3.0601695e-03
   1.9560000e+01   3.0235537e-03
   1.9680000e+01   2.9809337e-03
   1.9800000e+01   2.9326759e-03
   1.9920000e+01   2.8791574e-03
   2.0040000e+01   2.8207621e-03
   2.0160000e+01   2.7578780e-03
   2.0280000e+01   2.6908939e-03
   2.0400000e+01   2.6201963e-03
   2.0520000e+01   2.5461671e-03
   2.0640000e+01   2.4691810e-03
   2.0760000e+01   2.3896034e-03
   2.0880000e+01   2.3077886e-03
   2.1000000e+01   2.2240778e-03
   2.1120000e+01   2.1387981e-03
   2.1240000e+01   2.0522610e-03
   2.1360000e+01   1.9647619e-03
   2.1480000e+01   1.8765791e-03
   2.1600000e+01   1.7879736e-03
   2.1720000e+01   1.6991888e-03
   2.1840000e+01   1.6104504e-03
   2.1960000e+01   1.5219668e-03
   2.2080000e+01   1.4339295e-03
   2.2200000e+01   1.3465132e-03
   2.2320000e+01   1.2598769e-03
   2.2440000e+01   1.1741646e-03
   2.2560000e+01   1.0895058e-03
   2.2680000e+01   1.0060168e-03
   2.2800000e+01   9.2380167e-04
   2.2920000e+01   8.4295297e-04
   2.3040000e+01   7.6355309e-04
   2.3160000e+01   6.8567512e-04
   2.3280000e+01   6.0938391e-04
   2.3400000e+01   5.3473704e-04
   2.3520000e+01   4.6178573e-04
   2.3640000e+01   3.9057576e-04
   2.3760000e+01   3.2114821e-04
   2.3880000e+01   2.5354020e-04
   2.4000000e+01   1.8778551e-04
   2.4120000e+01   1.2391514e-04
   2.4240000e+01   6.1957695e-05
   2.4360000e+01   1.9397928e-06
   2.4480000e+01  -5.6113750e-05
   2.4600000e+01  -1.1217975e-04
   2.4720000e+01  -1.6623663e-04
   2.4840000e+01  -2.1826442e-04
   2.4960000e+01  -2.6824493e-04
   2.5080000e+01  -3.1616190e-04
   2.5200000e+01  -3.6200132e-04
   2.5320000e+01  -4.0575172e-04
   2.5440000e+01  -4.4740456e-04
   2.5560000e+01  -4.8695462e-04
   2.5680000e+01  -5.2440048e-04
   2.5800000e+01  -5.5974494e-04
   2.5920000e+01  -5.9299548e-04
   2.6040000e+01  -6.2416472e-04
   2.6160000e+01  -6.5327084e-04
   2.6280000e+01  -6.8033798e-04
   2.6400000e+01  -7.0539661e-04
   2.6520000e+01  -7.2848381e-04
   2.6640000e+01  -7.4964354e-04
   2.6760000e+01  -7.6892684e-04
   2.6880000e+01  -7.8639187e-04
   2.7000000e+01  -8.0210404e-04
   2.7120000e+01  -8.1613586e-04
   2.7240000e+01  -8.2856686e-04
   2.7360000e+01  -8.3948334e-04
   2.7480000e+01  -8.4897805e-04
   2.7600000e+01  -8.5714979e-04
   2.7720000e+01  -8.6410289e-04
   2.7840000e+01  -8.6994668e-04
   2.7960000e+01  -8.7479480e-04
   2.8080000e+01  -8.7876445e-04
   2.8200000e+01  -8.8197564e-04
   2.8320000e+01  -8.8455030e-04
   2.8440000e+01  -8.8661139e-04
   2.8560000e+01  -8.8828193e-04
   2.8680000e+01  -8.8968404e-04
   2.8800000e+01  -8.9093792e-04
   2.8920000e+01  -8.9216084e-04
   2.9040000e+01  -8.9346612e-04
   2.9160000e+01  -8.9496217e-04
   2.9280000e+01  -8.9675143e-04
   2.9400000e+01  -8.9892951e-04
   2.9520000e+01  -9.0158423e-04
   2.9640000e+01  -9.0479479e-04
   2.9760000e+01  -9.0863100e-04
   2.9880000e+01  -9.1315254e-04
   3.0000000e+01  -9.1840839e-04
   3.0120000e+01  -9.2443620e-04
   3.0240000e+01  -9.3126194e-04
   3.0360000e+01  -9.3889952e-04
   3.0480000e+01  -9.4735053e-04
   3.0600000e+01  -9.5660416e-04
   3.0720000e+01  -9.6663715e-04
   3.0840000e+01  -9.7741393e-04
   3.0960000e+01  -9.8888676e-04
   3.1080000e+01  -1.0009961e-03
   3.1200000e+01  -1.0136712e-03
   3.1320000e+01  -1.0268301e-03
   3.1440000e+01  -1.0403810e-03
   3.1560000e+01  -1.0542226e-03
   3.1680000e+01  -1.0682446e-03
   3.1800000e+01  -1.0823294e-03
   3.1920000e+01  -1.0963524e-03
   3.2040000e+01  -1.1101832e-03
   3.2160000e+01  -1.1236869e-03
   3.2280000e+01  -1.1367249e-03
   3.2400000e+01  -1.1491565e-03
   3.2520000e+01  -1.1608397e-03
   3.2640000e+01  -1.1716325e-03
   3.2760000e+01  -1.1813941e-03
   3.2880000e+01  -1.1899863e-03
   3.3000000e+01  -1.1972744e-03
   3.3120000e+01  -1.2031284e-03
   3.3240000e+01  -1.2074243e-03
   3.3360000e+01  -1.2100447e-03
   3.3480000e+01  -1.2108804e-03
   3.3600000e+01  -1.2098307e-03
   3.3720000e+01  -1.2068048e-03
   3.3840000e+01  -1.2017219e-03
   3.3960000e+01  -1.1945127e-03
   3.4080000e+01  -1.1851192e-03
   3.4200000e+01  -1.1734956e-03
   3.4320000e+01  -1.1596086e-03
   3.4440000e+01  -1.1434378e-03
   3.4560000e+01  -1.1249754e-03
   3.4680000e+01  -1.1042270e-03
   3.4800000e+01  -1.0812108e-03
   3.4920000e+01  -1.0559581e-03
   3.5040000e+01  -1.0285126e-03
   3.5160000e+01  -9.9893035e-04
   3.5280000e+01  -9.6727920e-04
   3.5400000e+01  -9.3363833e-04
   3.5520000e+01  -8.9809768e-04
   3.5640000e+01  -8.6075724e-04
   3.5760000e+01  -8.2172636e-04
   3.5880000e+01  -7.8112292e-04
   3.6000000e+01  -7.3907257e-04
   3.6120000e+01  -6.9570774e-04
   3.6240000e+01  -6.5116683e-04
   3.6360000e+01  -6.0559317e-04
   3.6480000e+01  -5.5913415e-04
   3.6600000e+01  -5.1194016e-04
   3.6720000e+01  -4.6416367e-04
   3.6840000e+01  -4.1595825e-04
   3.6960000e+01  -3.6747761e-04
   3.7080000e+01  -3.1887468e-04
   3.7200000e+01  -2.7030068e-04
   3.7320000e+01  -2.2190426e-04
   3.7440000e+01  -1.7383070e-04
   3.7560000e+01  -1.2622109e-04
   3.7680000e+01  -7.9211592e-05
   3.7800000e+01  -3.2932807e-05
   3.7920000e+01   1.2490885e-05
   3.8040000e+01   5.6941869e-05
   3.8160000e+01   1.0030978e-04
   3.8280000e+01   1.4249196e-04
   3.8400000e+01   1.8339378e-04
   3.8520000e+01   2.2292896e-04
   3.8640000e+01   2.6101980e-04
   3.8760000e+01   2.9759735e-04
   3.8880000e+01   3.3260146e-04
   3.9000000e+01   3.6598092e-04
   3.9120000e+01   3.9769331e-04
   3.9240000e+01   4.2770505e-04
   3.9360000e+01   4.5599116e-04
   3.9480000e+01   4.8253516e-04
   3.9600000e+01   5.0732879e-04
   3.9720000e+01   5.3037178e-04
   3.9840000e+01   5.5167149e-04
   3.9960000e+01   5.7124264e-04
   4.0080000e+01   5.8910687e-04
   4.0200000e+01   6.0529238e-04
   4.0320000e+01   6.1983354e-04
   4.0440000e+01   6.3277037e-04
   4.0560000e+01   6.4414819e-04
   4.0680000e+01   6.5401711e-04
   4.0800000e+01   6.6243160e-04
   4.0920000e+01   6.6944999e-04
   4.1040000e+01   6.7513406e-04
   4.1160000e+01   6.7954855e-04
   4.1280000e+01   6.8276074e-04
   4.1400000e+01   6.8483999e-04
   4.1520000e+01   6.8585736e-04
   4.1640000e+01   6.8588512e-04
   4.1760000e+01   6.8499645e-04
   4.1880000e+01   6.8326500e-04
   4.2000000e+01   6.8076455e-04
   4.2120000e+01   6.7756867e-04
   4.2240000e+01   6.7375039e-04
   4.2360000e+01   6.6938190e-04
   4.2480000e+01   6.6453426e-04
   4.2600000e+01   6.5927714e-04
   4.2720000e+01   6.5367857e-04
   4.2840000e+01   6.4780468e-04
   4.2960000e+01   6.4171952e-04
   4.3080000e+01   6.3548485e-04
   4.3200000e+01   6.2915993e-04
   4.3320000e+01   6.2280138e-04
   4.3440000e+01   6.1646301e-04
   4.3560000e+01   6.1019566e-04
   4.3680000e+01   6.0404709e-04
   4.3800000e+01   5.9806184e-04
   4.3920000e+01   5.9228112e-04
   4.4040000e+01   5.8674271e-04
   4.4160000e+01   5.8148086e-04
   4.4280000e+01   5.7652622e-04
   4.4400000e+01   5.7190575e-04
   4.4520000e+01   5.6764265e-04
   4.4640000e+01   5.6375632e-04
   4.4760000e+01   5.6026229e-04
   4.4880000e+01   5.5717220e-04
   4.5000000e+01   5.5449375e-04
   4.5120000e+01   5.5223071e-04
   4.5240000e+01   5.5038290e-04
   4.5360000e+01   5.4894618e-04
   4.5480000e+01   5.4791248e-04
   4.5600000e+01   5.4726985e-04
   4.5720000e+01   5.4700247e-04
   4.5840000e+01   5.4709075e-04
   4.5960000e+01   5.4751137e-04
   4.6080000e+01   5.4823743e-04
   4.6200000e+01   5.4923849e-04
   4.6320000e+01   5.5048077e-04
   4.6440000e+01   5.5192725e-04
   4.6560000e+01   5.5353787e-04
   4.6680000e+01   5.5526972e-04
   4.6800000e+01   5.5707723e-04
   4.6920000e+01   5.5891239e-04
   4.7040000e+01   5.6072504e-04
   4.7160000e+01   5.6246311e-04
   4.7280000e+01   5.6407287e-04
   4.7400000e+01   5.6549928e-04
   4.7520000e+01   5.6668631e-04
   4.7640000e+01   5.6757722e-04
   4.7760000e+01   5.6811493e-04
   4.7880000e+01   5.6824237e-04
   4.8000000e+01   5.6776275e-04
   4.8120000e+01   5.6648100e-04
   4.8240000e+01   5.6434526e-04
   4.8360000e+01   5.6130734e-04
   4.8480000e+01   5.5732335e-04
   4.8600000e+01   5.5235428e-04
   4.8720000e+01   5.4636654e-04
   4.8840000e+01   5.3933247e-04
   4.8960000e+01   5.3123085e-04
   4.9080000e+01   5.2204723e-04
   4.9200000e+01   5.1177436e-04
   4.9320000e+01   5.0041243e-04
   4.9440000e+01   4.8796928e-04
   4.9560000e+01   4.7446058e-04
   4.9680000e+01   4.5990986e-04
   4.9800000e+01   4.4434854e-04
   4.9920000e+01   4.2781580e-04
   5.0040000e+01   4.1035843e-04
   5.0160000e+01   3.9203057e-04
   5.0280000e+01   3.7289342e-04
   5.0400000e+01   3.5301480e-04
   5.0520000e+01   3.3246869e-04
   5.0640000e+01   3.1133472e-04
   5.0760000e+01   2.8969754e-04
   5.0880000e+01   2.6764617e-04
   5.1000000e+01   2.4527333e-04
   5.1120000e+01   2.2267468e-04
   5.1240000e+01   1.9994804e-04
   5.1360000e+01   1.7719259e-04
   5.1480000e+01   1.5450808e-04
   5.1600000e+01   1.3199397e-04
   5.1720000e+01   1.0974866e-04
   5.1840000e+01   8.7868643e-05
   5.1960000e+01   6.6447721e-05
   5.2080000e+01   4.5576262e-05
   5.2200000e+01   2.5340461e-05
   5.2320000e+01   5.8216657e-06
   5.2440000e+01  -1.2904253e-05
   5.2560000e+01  -3.0767476e-05
   5.2680000e+01  -4.7704738e-05
   5.2800000e+01  -6.3659774e-05
   5.2920000e+01  -7.8583681e-05
   5.3040000e+01  -9.2435214e-05
   5.3160000e+01  -1.0518100e-04
   5.3280000e+01  -1.1679567e-04
   5.3400000e+01  -1.2726191e-04
   5.3520000e+01  -1.3657047e-04
   5.3640000e+01  -1.4472001e-04
   5.3760000e+01  -1.5171696e-04
   5.3880000e+01  -1.5757527e-04
   5.4000000e+01  -1.6231611e-04
   5.4120000e+01  -1.6596745e-04
   5.4240000e+01  -1.6856368e-04
   5.4360000e+01  -1.7014506e-04
   5.4480000e+01  -1.7075726e-04
   5.4600000e+01  -1.7045076e-04
   5.4720000e+01  -1.6928024e-04
   5.4840000e+01  -1.6730398e-04
   5.4960000e+01  -1.6458320e-04
   5.5080000e+01  -1.6118146e-04
   5.5200000e+01  -1.5716395e-04
   5.5320000e+01  -1.5259690e-04
   5.5440000e+01  -1.4754696e-04
   5.5560000e+01  -1.4208053e-04
   5.5680000e+01  -1.3626325e-04
   5.5800000e+01  -1.3015943e-04
   5.5920000e+01  -1.2383152e-04
   5.6040000e+01  -1.1733967e-04
   5.6160000e+01  -1.1074128e-04
   5.6280000e+01  -1.0409064e-04
   5.6400000e+01  -9.7438633e-05
   5.6520000e+01  -9.0832403e-05
   5.6640000e+01  -8.4315201e-05
   5.6760000e+01  -7.7926194e-05
   5.6880000e+01  -7.1700372e-05
   5.7000000e+01  -6.5668496e-05
   5.7120000e+01  -5.9857102e-05
   5.7240000e+01  -5.4288550e-05
   5.7360000e+01  -4.8981136e-05
   5.7480000e+01  -4.3949227e-05
   5.7600000e+01  -3.9203460e-05
   5.7720000e+01  -3.4750961e-05
   5.7840000e+01  -3.0595608e-05
   5.7960000e+01  -2.6738318e-05
   5.8080000e+01  -2.3177358e-05
   5.8200000e+01  -1.9908676e-05
   5.8320000e+01  -1.6926246e-05
   5.8440000e+01  -1.4222419e-05
   5.8560000e+01  -1.1788282e-05
   5.8680000e+01  -9.6140093e-06
   5.8800000e+01  -7.6892137e-06
   5.8920000e+01  -6.0032824e-06
   5.9040000e+01  -4.5456980e-06
   5.9160000e+01  -3.3063404e-06
   5.9280000e+01  -2.2757637e-06
   5.9400000e+01  -1.4454462e-06
   5.9520000e+01  -8.0800971e-07
   5.9640000e+01  -3.5740494e-07
   5.9760000e+01  -8.9061508e-08
   5.9880000e+01  -0.0000000e+00
