576
1 74 2739 2769 110 23274 23279 23282 23278 23290
2 2739 2740 2770 2769 23293 23296 23298 23279 23304
3 2740 2741 2771 2770 23307 23310 23312 23296 23318
4 2741 2742 2772 2771 23321 23324 23326 23310 23332
5 2742 2743 2773 2772 23335 23338 23340 23324 23346
6 2743 2744 2774 2773 23349 23352 23354 23338 23360
7 2744 2745 2775 2774 23363 23366 23368 23352 23374
8 2745 2746 2776 2775 23377 23380 23382 23366 23388
9 2746 2747 2777 2776 23391 23394 23396 23380 23402
10 2747 2748 2778 2777 23405 23408 23410 23394 23416
11 2748 2749 2779 2778 23419 23422 23424 23408 23430
12 2749 2750 2780 2779 23433 23436 23438 23422 23444
13 2750 2751 2781 2780 23447 23450 23452 23436 23458
14 2751 2752 2782 2781 23461 23464 23466 23450 23472
15 2752 2753 2783 2782 23475 23478 23480 23464 23486
16 2753 1407 1442 2783 23489 23492 23494 23478 23500
577 110 2769 2784 111 23282 29244 29247 29243 29254
578 2769 2770 2785 2784 23298 29257 29259 29244 29264
579 2770 2771 2786 2785 23312 29267 29269 29257 29274
580 2771 2772 2787 2786 23326 29277 29279 29267 29284
581 2772 2773 2788 2787 23340 29287 29289 29277 29294
582 2773 2774 2789 2788 23354 29297 29299 29287 29304
583 2774 2775 2790 2789 23368 29307 29309 29297 29314
584 2775 2776 2791 2790 23382 29317 29319 29307 29324
585 2776 2777 2792 2791 23396 29327 29329 29317 29334
586 2777 2778 2793 2792 23410 29337 29339 29327 29344
587 2778 2779 2794 2793 23424 29347 29349 29337 29354
588 2779 2780 2795 2794 23438 29357 29359 29347 29364
589 2780 2781 2796 2795 23452 29367 29369 29357 29374
590 2781 2782 2797 2796 23466 29377 29379 29367 29384
591 2782 2783 2798 2797 23480 29387 29389 29377 29394
592 2783 1442 1441 2798 23494 29397 29399 29387 29404
1153 111 2784 2799 112 29247 33433 33436 33432 33443
1154 2784 2785 2800 2799 29259 33446 33448 33433 33453
1155 2785 2786 2801 2800 29269 33456 33458 33446 33463
1156 2786 2787 2802 2801 29279 33466 33468 33456 33473
1157 2787 2788 2803 2802 29289 33476 33478 33466 33483
1158 2788 2789 2804 2803 29299 33486 33488 33476 33493
1159 2789 2790 2805 2804 29309 33496 33498 33486 33503
1160 2790 2791 2806 2805 29319 33506 33508 33496 33513
1161 2791 2792 2807 2806 29329 33516 33518 33506 33523
1162 2792 2793 2808 2807 29339 33526 33528 33516 33533
1163 2793 2794 2809 2808 29349 33536 33538 33526 33543
1164 2794 2795 2810 2809 29359 33546 33548 33536 33553
1165 2795 2796 2811 2810 29369 33556 33558 33546 33563
1166 2796 2797 2812 2811 29379 33566 33568 33556 33573
1167 2797 2798 2813 2812 29389 33576 33578 33566 33583
1168 2798 1441 1440 2813 29399 33586 33588 33576 33593
1729 112 2799 2814 113 33436 37622 37625 37621 37632
1730 2799 2800 2815 2814 33448 37635 37637 37622 37642
1731 2800 2801 2816 2815 33458 37645 37647 37635 37652
1732 2801 2802 2817 2816 33468 37655 37657 37645 37662
1733 2802 2803 2818 2817 33478 37665 37667 37655 37672
1734 2803 2804 2819 2818 33488 37675 37677 37665 37682
1735 2804 2805 2820 2819 33498 37685 37687 37675 37692
1736 2805 2806 2821 2820 33508 37695 37697 37685 37702
1737 2806 2807 2822 2821 33518 37705 37707 37695 37712
1738 2807 2808 2823 2822 33528 37715 37717 37705 37722
1739 2808 2809 2824 2823 33538 37725 37727 37715 37732
1740 2809 2810 2825 2824 33548 37735 37737 37725 37742
1741 2810 2811 2826 2825 33558 37745 37747 37735 37752
1742 2811 2812 2827 2826 33568 37755 37757 37745 37762
1743 2812 2813 2828 2827 33578 37765 37767 37755 37772
1744 2813 1440 1439 2828 33588 37775 37777 37765 37782
2305 113 2814 2829 114 37625 41811 41814 41810 41821
2306 2814 2815 2830 2829 37637 41824 41826 41811 41831
2307 2815 2816 2831 2830 37647 41834 41836 41824 41841
2308 2816 2817 2832 2831 37657 41844 41846 41834 41851
2309 2817 2818 2833 2832 37667 41854 41856 41844 41861
2310 2818 2819 2834 2833 37677 41864 41866 41854 41871
2311 2819 2820 2835 2834 37687 41874 41876 41864 41881
2312 2820 2821 2836 2835 37697 41884 41886 41874 41891
2313 2821 2822 2837 2836 37707 41894 41896 41884 41901
2314 2822 2823 2838 2837 37717 41904 41906 41894 41911
2315 2823 2824 2839 2838 37727 41914 41916 41904 41921
2316 2824 2825 2840 2839 37737 41924 41926 41914 41931
2317 2825 2826 2841 2840 37747 41934 41936 41924 41941
2318 2826 2827 2842 2841 37757 41944 41946 41934 41951
2319 2827 2828 2843 2842 37767 41954 41956 41944 41961
2320 2828 1439 1438 2843 37777 41964 41966 41954 41971
2881 114 2829 2844 115 41814 46000 46003 45999 46010
2882 2829 2830 2845 2844 41826 46013 46015 46000 46020
2883 2830 2831 2846 2845 41836 46023 46025 46013 46030
2884 2831 2832 2847 2846 41846 46033 46035 46023 46040
2885 2832 2833 2848 2847 41856 46043 46045 46033 46050
2886 2833 2834 2849 2848 41866 46053 46055 46043 46060
2887 2834 2835 2850 2849 41876 46063 46065 46053 46070
2888 2835 2836 2851 2850 41886 46073 46075 46063 46080
2889 2836 2837 2852 2851 41896 46083 46085 46073 46090
2890 2837 2838 2853 2852 41906 46093 46095 46083 46100
2891 2838 2839 2854 2853 41916 46103 46105 46093 46110
2892 2839 2840 2855 2854 41926 46113 46115 46103 46120
2893 2840 2841 2856 2855 41936 46123 46125 46113 46130
2894 2841 2842 2857 2856 41946 46133 46135 46123 46140
2895 2842 2843 2858 2857 41956 46143 46145 46133 46150
2896 2843 1438 1437 2858 41966 46153 46155 46143 46160
3457 115 2844 2859 116 46003 50189 50192 50188 50199
3458 2844 2845 2860 2859 46015 50202 50204 50189 50209
3459 2845 2846 2861 2860 46025 50212 50214 50202 50219
3460 2846 2847 2862 2861 46035 50222 50224 50212 50229
3461 2847 2848 2863 2862 46045 50232 50234 50222 50239
3462 2848 2849 2864 2863 46055 50242 50244 50232 50249
3463 2849 2850 2865 2864 46065 50252 50254 50242 50259
3464 2850 2851 2866 2865 46075 50262 50264 50252 50269
3465 2851 2852 2867 2866 46085 50272 50274 50262 50279
3466 2852 2853 2868 2867 46095 50282 50284 50272 50289
3467 2853 2854 2869 2868 46105 50292 50294 50282 50299
3468 2854 2855 2870 2869 46115 50302 50304 50292 50309
3469 2855 2856 2871 2870 46125 50312 50314 50302 50319
3470 2856 2857 2872 2871 46135 50322 50324 50312 50329
3471 2857 2858 2873 2872 46145 50332 50334 50322 50339
3472 2858 1437 1436 2873 46155 50342 50344 50332 50349
4033 116 2859 2874 117 50192 54378 54381 54377 54388
4034 2859 2860 2875 2874 50204 54391 54393 54378 54398
4035 2860 2861 2876 2875 50214 54401 54403 54391 54408
4036 2861 2862 2877 2876 50224 54411 54413 54401 54418
4037 2862 2863 2878 2877 50234 54421 54423 54411 54428
4038 2863 2864 2879 2878 50244 54431 54433 54421 54438
4039 2864 2865 2880 2879 50254 54441 54443 54431 54448
4040 2865 2866 2881 2880 50264 54451 54453 54441 54458
4041 2866 2867 2882 2881 50274 54461 54463 54451 54468
4042 2867 2868 2883 2882 50284 54471 54473 54461 54478
4043 2868 2869 2884 2883 50294 54481 54483 54471 54488
4044 2869 2870 2885 2884 50304 54491 54493 54481 54498
4045 2870 2871 2886 2885 50314 54501 54503 54491 54508
4046 2871 2872 2887 2886 50324 54511 54513 54501 54518
4047 2872 2873 2888 2887 50334 54521 54523 54511 54528
4048 2873 1436 1435 2888 50344 54531 54533 54521 54538
4609 117 2874 2889 118 54381 58567 58570 58566 58577
4610 2874 2875 2890 2889 54393 58580 58582 58567 58587
4611 2875 2876 2891 2890 54403 58590 58592 58580 58597
4612 2876 2877 2892 2891 54413 58600 58602 58590 58607
4613 2877 2878 2893 2892 54423 58610 58612 58600 58617
4614 2878 2879 2894 2893 54433 58620 58622 58610 58627
4615 2879 2880 2895 2894 54443 58630 58632 58620 58637
4616 2880 2881 2896 2895 54453 58640 58642 58630 58647
4617 2881 2882 2897 2896 54463 58650 58652 58640 58657
4618 2882 2883 2898 2897 54473 58660 58662 58650 58667
4619 2883 2884 2899 2898 54483 58670 58672 58660 58677
4620 2884 2885 2900 2899 54493 58680 58682 58670 58687
4621 2885 2886 2901 2900 54503 58690 58692 58680 58697
4622 2886 2887 2902 2901 54513 58700 58702 58690 58707
4623 2887 2888 2903 2902 54523 58710 58712 58700 58717
4624 2888 1435 1434 2903 54533 58720 58722 58710 58727
5185 118 2889 2904 119 58570 62756 62759 62755 62766
5186 2889 2890 2905 2904 58582 62769 62771 62756 62776
5187 2890 2891 2906 2905 58592 62779 62781 62769 62786
5188 2891 2892 2907 2906 58602 62789 62791 62779 62796
5189 2892 2893 2908 2907 58612 62799 62801 62789 62806
5190 2893 2894 2909 2908 58622 62809 62811 62799 62816
5191 2894 2895 2910 2909 58632 62819 62821 62809 62826
5192 2895 2896 2911 2910 58642 62829 62831 62819 62836
5193 2896 2897 2912 2911 58652 62839 62841 62829 62846
5194 2897 2898 2913 2912 58662 62849 62851 62839 62856
5195 2898 2899 2914 2913 58672 62859 62861 62849 62866
5196 2899 2900 2915 2914 58682 62869 62871 62859 62876
5197 2900 2901 2916 2915 58692 62879 62881 62869 62886
5198 2901 2902 2917 2916 58702 62889 62891 62879 62896
5199 2902 2903 2918 2917 58712 62899 62901 62889 62906
5200 2903 1434 1433 2918 58722 62909 62911 62899 62916
5761 119 2904 2919 120 62759 66945 66948 66944 66955
5762 2904 2905 2920 2919 62771 66958 66960 66945 66965
5763 2905 2906 2921 2920 62781 66968 66970 66958 66975
5764 2906 2907 2922 2921 62791 66978 66980 66968 66985
5765 2907 2908 2923 2922 62801 66988 66990 66978 66995
5766 2908 2909 2924 2923 62811 66998 67000 66988 67005
5767 2909 2910 2925 2924 62821 67008 67010 66998 67015
5768 2910 2911 2926 2925 62831 67018 67020 67008 67025
5769 2911 2912 2927 2926 62841 67028 67030 67018 67035
5770 2912 2913 2928 2927 62851 67038 67040 67028 67045
5771 2913 2914 2929 2928 62861 67048 67050 67038 67055
5772 2914 2915 2930 2929 62871 67058 67060 67048 67065
5773 2915 2916 2931 2930 62881 67068 67070 67058 67075
5774 2916 2917 2932 2931 62891 67078 67080 67068 67085
5775 2917 2918 2933 2932 62901 67088 67090 67078 67095
5776 2918 1433 1432 2933 62911 67098 67100 67088 67105
6337 120 2919 2934 121 66948 71134 71137 71133 71144
6338 2919 2920 2935 2934 66960 71147 71149 71134 71154
6339 2920 2921 2936 2935 66970 71157 71159 71147 71164
6340 2921 2922 2937 2936 66980 71167 71169 71157 71174
6341 2922 2923 2938 2937 66990 71177 71179 71167 71184
6342 2923 2924 2939 2938 67000 71187 71189 71177 71194
6343 2924 2925 2940 2939 67010 71197 71199 71187 71204
6344 2925 2926 2941 2940 67020 71207 71209 71197 71214
6345 2926 2927 2942 2941 67030 71217 71219 71207 71224
6346 2927 2928 2943 2942 67040 71227 71229 71217 71234
6347 2928 2929 2944 2943 67050 71237 71239 71227 71244
6348 2929 2930 2945 2944 67060 71247 71249 71237 71254
6349 2930 2931 2946 2945 67070 71257 71259 71247 71264
6350 2931 2932 2947 2946 67080 71267 71269 71257 71274
6351 2932 2933 2948 2947 67090 71277 71279 71267 71284
6352 2933 1432 1431 2948 67100 71287 71289 71277 71294
6913 121 2934 2949 122 71137 75323 75326 75322 75333
6914 2934 2935 2950 2949 71149 75336 75338 75323 75343
6915 2935 2936 2951 2950 71159 75346 75348 75336 75353
6916 2936 2937 2952 2951 71169 75356 75358 75346 75363
6917 2937 2938 2953 2952 71179 75366 75368 75356 75373
6918 2938 2939 2954 2953 71189 75376 75378 75366 75383
6919 2939 2940 2955 2954 71199 75386 75388 75376 75393
6920 2940 2941 2956 2955 71209 75396 75398 75386 75403
6921 2941 2942 2957 2956 71219 75406 75408 75396 75413
6922 2942 2943 2958 2957 71229 75416 75418 75406 75423
6923 2943 2944 2959 2958 71239 75426 75428 75416 75433
6924 2944 2945 2960 2959 71249 75436 75438 75426 75443
6925 2945 2946 2961 2960 71259 75446 75448 75436 75453
6926 2946 2947 2962 2961 71269 75456 75458 75446 75463
6927 2947 2948 2963 2962 71279 75466 75468 75456 75473
6928 2948 1431 1430 2963 71289 75476 75478 75466 75483
7489 122 2949 2964 123 75326 79512 79515 79511 79522
7490 2949 2950 2965 2964 75338 79525 79527 79512 79532
7491 2950 2951 2966 2965 75348 79535 79537 79525 79542
7492 2951 2952 2967 2966 75358 79545 79547 79535 79552
7493 2952 2953 2968 2967 75368 79555 79557 79545 79562
7494 2953 2954 2969 2968 75378 79565 79567 79555 79572
7495 2954 2955 2970 2969 75388 79575 79577 79565 79582
7496 2955 2956 2971 2970 75398 79585 79587 79575 79592
7497 2956 2957 2972 2971 75408 79595 79597 79585 79602
7498 2957 2958 2973 2972 75418 79605 79607 79595 79612
7499 2958 2959 2974 2973 75428 79615 79617 79605 79622
7500 2959 2960 2975 2974 75438 79625 79627 79615 79632
7501 2960 2961 2976 2975 75448 79635 79637 79625 79642
7502 2961 2962 2977 2976 75458 79645 79647 79635 79652
7503 2962 2963 2978 2977 75468 79655 79657 79645 79662
7504 2963 1430 1429 2978 75478 79665 79667 79655 79672
8065 123 2964 2979 124 79515 83701 83704 83700 83711
8066 2964 2965 2980 2979 79527 83714 83716 83701 83721
8067 2965 2966 2981 2980 79537 83724 83726 83714 83731
8068 2966 2967 2982 2981 79547 83734 83736 83724 83741
8069 2967 2968 2983 2982 79557 83744 83746 83734 83751
8070 2968 2969 2984 2983 79567 83754 83756 83744 83761
8071 2969 2970 2985 2984 79577 83764 83766 83754 83771
8072 2970 2971 2986 2985 79587 83774 83776 83764 83781
8073 2971 2972 2987 2986 79597 83784 83786 83774 83791
8074 2972 2973 2988 2987 79607 83794 83796 83784 83801
8075 2973 2974 2989 2988 79617 83804 83806 83794 83811
8076 2974 2975 2990 2989 79627 83814 83816 83804 83821
8077 2975 2976 2991 2990 79637 83824 83826 83814 83831
8078 2976 2977 2992 2991 79647 83834 83836 83824 83841
8079 2977 2978 2993 2992 79657 83844 83846 83834 83851
8080 2978 1429 1428 2993 79667 83854 83856 83844 83861
8641 124 2979 2994 125 83704 87890 87893 87889 87900
8642 2979 2980 2995 2994 83716 87903 87905 87890 87910
8643 2980 2981 2996 2995 83726 87913 87915 87903 87920
8644 2981 2982 2997 2996 83736 87923 87925 87913 87930
8645 2982 2983 2998 2997 83746 87933 87935 87923 87940
8646 2983 2984 2999 2998 83756 87943 87945 87933 87950
8647 2984 2985 3000 2999 83766 87953 87955 87943 87960
8648 2985 2986 3001 3000 83776 87963 87965 87953 87970
8649 2986 2987 3002 3001 83786 87973 87975 87963 87980
8650 2987 2988 3003 3002 83796 87983 87985 87973 87990
8651 2988 2989 3004 3003 83806 87993 87995 87983 88000
8652 2989 2990 3005 3004 83816 88003 88005 87993 88010
8653 2990 2991 3006 3005 83826 88013 88015 88003 88020
8654 2991 2992 3007 3006 83836 88023 88025 88013 88030
8655 2992 2993 3008 3007 83846 88033 88035 88023 88040
8656 2993 1428 1427 3008 83856 88043 88045 88033 88050
9217 125 2994 3009 126 87893 92079 92082 92078 92089
9218 2994 2995 3010 3009 87905 92092 92094 92079 92099
9219 2995 2996 3011 3010 87915 92102 92104 92092 92109
9220 2996 2997 3012 3011 87925 92112 92114 92102 92119
9221 2997 2998 3013 3012 87935 92122 92124 92112 92129
9222 2998 2999 3014 3013 87945 92132 92134 92122 92139
9223 2999 3000 3015 3014 87955 92142 92144 92132 92149
9224 3000 3001 3016 3015 87965 92152 92154 92142 92159
9225 3001 3002 3017 3016 87975 92162 92164 92152 92169
9226 3002 3003 3018 3017 87985 92172 92174 92162 92179
9227 3003 3004 3019 3018 87995 92182 92184 92172 92189
9228 3004 3005 3020 3019 88005 92192 92194 92182 92199
9229 3005 3006 3021 3020 88015 92202 92204 92192 92209
9230 3006 3007 3022 3021 88025 92212 92214 92202 92219
9231 3007 3008 3023 3022 88035 92222 92224 92212 92229
9232 3008 1427 1426 3023 88045 92232 92234 92222 92239
9793 126 3009 3024 127 92082 96268 96271 96267 96278
9794 3009 3010 3025 3024 92094 96281 96283 96268 96288
9795 3010 3011 3026 3025 92104 96291 96293 96281 96298
9796 3011 3012 3027 3026 92114 96301 96303 96291 96308
9797 3012 3013 3028 3027 92124 96311 96313 96301 96318
9798 3013 3014 3029 3028 92134 96321 96323 96311 96328
9799 3014 3015 3030 3029 92144 96331 96333 96321 96338
9800 3015 3016 3031 3030 92154 96341 96343 96331 96348
9801 3016 3017 3032 3031 92164 96351 96353 96341 96358
9802 3017 3018 3033 3032 92174 96361 96363 96351 96368
9803 3018 3019 3034 3033 92184 96371 96373 96361 96378
9804 3019 3020 3035 3034 92194 96381 96383 96371 96388
9805 3020 3021 3036 3035 92204 96391 96393 96381 96398
9806 3021 3022 3037 3036 92214 96401 96403 96391 96408
9807 3022 3023 3038 3037 92224 96411 96413 96401 96418
9808 3023 1426 1425 3038 92234 96421 96423 96411 96428
10369 127 3024 3039 128 96271 100457 100460 100456 100467
10370 3024 3025 3040 3039 96283 100470 100472 100457 100477
10371 3025 3026 3041 3040 96293 100480 100482 100470 100487
10372 3026 3027 3042 3041 96303 100490 100492 100480 100497
10373 3027 3028 3043 3042 96313 100500 100502 100490 100507
10374 3028 3029 3044 3043 96323 100510 100512 100500 100517
10375 3029 3030 3045 3044 96333 100520 100522 100510 100527
10376 3030 3031 3046 3045 96343 100530 100532 100520 100537
10377 3031 3032 3047 3046 96353 100540 100542 100530 100547
10378 3032 3033 3048 3047 96363 100550 100552 100540 100557
10379 3033 3034 3049 3048 96373 100560 100562 100550 100567
10380 3034 3035 3050 3049 96383 100570 100572 100560 100577
10381 3035 3036 3051 3050 96393 100580 100582 100570 100587
10382 3036 3037 3052 3051 96403 100590 100592 100580 100597
10383 3037 3038 3053 3052 96413 100600 100602 100590 100607
10384 3038 1425 1424 3053 96423 100610 100612 100600 100617
10945 128 3039 3054 129 100460 104646 104649 104645 104656
10946 3039 3040 3055 3054 100472 104659 104661 104646 104666
10947 3040 3041 3056 3055 100482 104669 104671 104659 104676
10948 3041 3042 3057 3056 100492 104679 104681 104669 104686
10949 3042 3043 3058 3057 100502 104689 104691 104679 104696
10950 3043 3044 3059 3058 100512 104699 104701 104689 104706
10951 3044 3045 3060 3059 100522 104709 104711 104699 104716
10952 3045 3046 3061 3060 100532 104719 104721 104709 104726
10953 3046 3047 3062 3061 100542 104729 104731 104719 104736
10954 3047 3048 3063 3062 100552 104739 104741 104729 104746
10955 3048 3049 3064 3063 100562 104749 104751 104739 104756
10956 3049 3050 3065 3064 100572 104759 104761 104749 104766
10957 3050 3051 3066 3065 100582 104769 104771 104759 104776
10958 3051 3052 3067 3066 100592 104779 104781 104769 104786
10959 3052 3053 3068 3067 100602 104789 104791 104779 104796
10960 3053 1424 1423 3068 100612 104799 104801 104789 104806
11521 129 3054 3069 130 104649 108835 108838 108834 108845
11522 3054 3055 3070 3069 104661 108848 108850 108835 108855
11523 3055 3056 3071 3070 104671 108858 108860 108848 108865
11524 3056 3057 3072 3071 104681 108868 108870 108858 108875
11525 3057 3058 3073 3072 104691 108878 108880 108868 108885
11526 3058 3059 3074 3073 104701 108888 108890 108878 108895
11527 3059 3060 3075 3074 104711 108898 108900 108888 108905
11528 3060 3061 3076 3075 104721 108908 108910 108898 108915
11529 3061 3062 3077 3076 104731 108918 108920 108908 108925
11530 3062 3063 3078 3077 104741 108928 108930 108918 108935
11531 3063 3064 3079 3078 104751 108938 108940 108928 108945
11532 3064 3065 3080 3079 104761 108948 108950 108938 108955
11533 3065 3066 3081 3080 104771 108958 108960 108948 108965
11534 3066 3067 3082 3081 104781 108968 108970 108958 108975
11535 3067 3068 3083 3082 104791 108978 108980 108968 108985
11536 3068 1423 1422 3083 104801 108988 108990 108978 108995
12097 130 3069 3084 131 108838 113024 113027 113023 113034
12098 3069 3070 3085 3084 108850 113037 113039 113024 113044
12099 3070 3071 3086 3085 108860 113047 113049 113037 113054
12100 3071 3072 3087 3086 108870 113057 113059 113047 113064
12101 3072 3073 3088 3087 108880 113067 113069 113057 113074
12102 3073 3074 3089 3088 108890 113077 113079 113067 113084
12103 3074 3075 3090 3089 108900 113087 113089 113077 113094
12104 3075 3076 3091 3090 108910 113097 113099 113087 113104
12105 3076 3077 3092 3091 108920 113107 113109 113097 113114
12106 3077 3078 3093 3092 108930 113117 113119 113107 113124
12107 3078 3079 3094 3093 108940 113127 113129 113117 113134
12108 3079 3080 3095 3094 108950 113137 113139 113127 113144
12109 3080 3081 3096 3095 108960 113147 113149 113137 113154
12110 3081 3082 3097 3096 108970 113157 113159 113147 113164
12111 3082 3083 3098 3097 108980 113167 113169 113157 113174
12112 3083 1422 1421 3098 108990 113177 113179 113167 113184
12673 131 3084 3099 132 113027 117213 117216 117212 117223
12674 3084 3085 3100 3099 113039 117226 117228 117213 117233
12675 3085 3086 3101 3100 113049 117236 117238 117226 117243
12676 3086 3087 3102 3101 113059 117246 117248 117236 117253
12677 3087 3088 3103 3102 113069 117256 117258 117246 117263
12678 3088 3089 3104 3103 113079 117266 117268 117256 117273
12679 3089 3090 3105 3104 113089 117276 117278 117266 117283
12680 3090 3091 3106 3105 113099 117286 117288 117276 117293
12681 3091 3092 3107 3106 113109 117296 117298 117286 117303
12682 3092 3093 3108 3107 113119 117306 117308 117296 117313
12683 3093 3094 3109 3108 113129 117316 117318 117306 117323
12684 3094 3095 3110 3109 113139 117326 117328 117316 117333
12685 3095 3096 3111 3110 113149 117336 117338 117326 117343
12686 3096 3097 3112 3111 113159 117346 117348 117336 117353
12687 3097 3098 3113 3112 113169 117356 117358 117346 117363
12688 3098 1421 1420 3113 113179 117366 117368 117356 117373
13249 132 3099 3114 133 117216 121402 121405 121401 121412
13250 3099 3100 3115 3114 117228 121415 121417 121402 121422
13251 3100 3101 3116 3115 117238 121425 121427 121415 121432
13252 3101 3102 3117 3116 117248 121435 121437 121425 121442
13253 3102 3103 3118 3117 117258 121445 121447 121435 121452
13254 3103 3104 3119 3118 117268 121455 121457 121445 121462
13255 3104 3105 3120 3119 117278 121465 121467 121455 121472
13256 3105 3106 3121 3120 117288 121475 121477 121465 121482
13257 3106 3107 3122 3121 117298 121485 121487 121475 121492
13258 3107 3108 3123 3122 117308 121495 121497 121485 121502
13259 3108 3109 3124 3123 117318 121505 121507 121495 121512
13260 3109 3110 3125 3124 117328 121515 121517 121505 121522
13261 3110 3111 3126 3125 117338 121525 121527 121515 121532
13262 3111 3112 3127 3126 117348 121535 121537 121525 121542
13263 3112 3113 3128 3127 117358 121545 121547 121535 121552
13264 3113 1420 1419 3128 117368 121555 121557 121545 121562
13825 133 3114 3129 134 121405 125591 125594 125590 125601
13826 3114 3115 3130 3129 121417 125604 125606 125591 125611
13827 3115 3116 3131 3130 121427 125614 125616 125604 125621
13828 3116 3117 3132 3131 121437 125624 125626 125614 125631
13829 3117 3118 3133 3132 121447 125634 125636 125624 125641
13830 3118 3119 3134 3133 121457 125644 125646 125634 125651
13831 3119 3120 3135 3134 121467 125654 125656 125644 125661
13832 3120 3121 3136 3135 121477 125664 125666 125654 125671
13833 3121 3122 3137 3136 121487 125674 125676 125664 125681
13834 3122 3123 3138 3137 121497 125684 125686 125674 125691
13835 3123 3124 3139 3138 121507 125694 125696 125684 125701
13836 3124 3125 3140 3139 121517 125704 125706 125694 125711
13837 3125 3126 3141 3140 121527 125714 125716 125704 125721
13838 3126 3127 3142 3141 121537 125724 125726 125714 125731
13839 3127 3128 3143 3142 121547 125734 125736 125724 125741
13840 3128 1419 1418 3143 121557 125744 125746 125734 125751
14401 134 3129 3144 135 125594 129780 129783 129779 129790
14402 3129 3130 3145 3144 125606 129793 129795 129780 129800
14403 3130 3131 3146 3145 125616 129803 129805 129793 129810
14404 3131 3132 3147 3146 125626 129813 129815 129803 129820
14405 3132 3133 3148 3147 125636 129823 129825 129813 129830
14406 3133 3134 3149 3148 125646 129833 129835 129823 129840
14407 3134 3135 3150 3149 125656 129843 129845 129833 129850
14408 3135 3136 3151 3150 125666 129853 129855 129843 129860
14409 3136 3137 3152 3151 125676 129863 129865 129853 129870
14410 3137 3138 3153 3152 125686 129873 129875 129863 129880
14411 3138 3139 3154 3153 125696 129883 129885 129873 129890
14412 3139 3140 3155 3154 125706 129893 129895 129883 129900
14413 3140 3141 3156 3155 125716 129903 129905 129893 129910
14414 3141 3142 3157 3156 125726 129913 129915 129903 129920
14415 3142 3143 3158 3157 125736 129923 129925 129913 129930
14416 3143 1418 1417 3158 125746 129933 129935 129923 129940
14977 135 3144 3159 136 129783 133969 133972 133968 133979
14978 3144 3145 3160 3159 129795 133982 133984 133969 133989
14979 3145 3146 3161 3160 129805 133992 133994 133982 133999
14980 3146 3147 3162 3161 129815 134002 134004 133992 134009
14981 3147 3148 3163 3162 129825 134012 134014 134002 134019
14982 3148 3149 3164 3163 129835 134022 134024 134012 134029
14983 3149 3150 3165 3164 129845 134032 134034 134022 134039
14984 3150 3151 3166 3165 129855 134042 134044 134032 134049
14985 3151 3152 3167 3166 129865 134052 134054 134042 134059
14986 3152 3153 3168 3167 129875 134062 134064 134052 134069
14987 3153 3154 3169 3168 129885 134072 134074 134062 134079
14988 3154 3155 3170 3169 129895 134082 134084 134072 134089
14989 3155 3156 3171 3170 129905 134092 134094 134082 134099
14990 3156 3157 3172 3171 129915 134102 134104 134092 134109
14991 3157 3158 3173 3172 129925 134112 134114 134102 134119
14992 3158 1417 1416 3173 129935 134122 134124 134112 134129
15553 136 3159 3174 137 133972 138158 138161 138157 138168
15554 3159 3160 3175 3174 133984 138171 138173 138158 138178
15555 3160 3161 3176 3175 133994 138181 138183 138171 138188
15556 3161 3162 3177 3176 134004 138191 138193 138181 138198
15557 3162 3163 3178 3177 134014 138201 138203 138191 138208
15558 3163 3164 3179 3178 134024 138211 138213 138201 138218
15559 3164 3165 3180 3179 134034 138221 138223 138211 138228
15560 3165 3166 3181 3180 134044 138231 138233 138221 138238
15561 3166 3167 3182 3181 134054 138241 138243 138231 138248
15562 3167 3168 3183 3182 134064 138251 138253 138241 138258
15563 3168 3169 3184 3183 134074 138261 138263 138251 138268
15564 3169 3170 3185 3184 134084 138271 138273 138261 138278
15565 3170 3171 3186 3185 134094 138281 138283 138271 138288
15566 3171 3172 3187 3186 134104 138291 138293 138281 138298
15567 3172 3173 3188 3187 134114 138301 138303 138291 138308
15568 3173 1416 1415 3188 134124 138311 138313 138301 138318
16129 137 3174 3189 138 138161 142347 142350 142346 142357
16130 3174 3175 3190 3189 138173 142360 142362 142347 142367
16131 3175 3176 3191 3190 138183 142370 142372 142360 142377
16132 3176 3177 3192 3191 138193 142380 142382 142370 142387
16133 3177 3178 3193 3192 138203 142390 142392 142380 142397
16134 3178 3179 3194 3193 138213 142400 142402 142390 142407
16135 3179 3180 3195 3194 138223 142410 142412 142400 142417
16136 3180 3181 3196 3195 138233 142420 142422 142410 142427
16137 3181 3182 3197 3196 138243 142430 142432 142420 142437
16138 3182 3183 3198 3197 138253 142440 142442 142430 142447
16139 3183 3184 3199 3198 138263 142450 142452 142440 142457
16140 3184 3185 3200 3199 138273 142460 142462 142450 142467
16141 3185 3186 3201 3200 138283 142470 142472 142460 142477
16142 3186 3187 3202 3201 138293 142480 142482 142470 142487
16143 3187 3188 3203 3202 138303 142490 142492 142480 142497
16144 3188 1415 1414 3203 138313 142500 142502 142490 142507
16705 138 3189 3204 139 142350 146536 146539 146535 146546
16706 3189 3190 3205 3204 142362 146549 146551 146536 146556
16707 3190 3191 3206 3205 142372 146559 146561 146549 146566
16708 3191 3192 3207 3206 142382 146569 146571 146559 146576
16709 3192 3193 3208 3207 142392 146579 146581 146569 146586
16710 3193 3194 3209 3208 142402 146589 146591 146579 146596
16711 3194 3195 3210 3209 142412 146599 146601 146589 146606
16712 3195 3196 3211 3210 142422 146609 146611 146599 146616
16713 3196 3197 3212 3211 142432 146619 146621 146609 146626
16714 3197 3198 3213 3212 142442 146629 146631 146619 146636
16715 3198 3199 3214 3213 142452 146639 146641 146629 146646
16716 3199 3200 3215 3214 142462 146649 146651 146639 146656
16717 3200 3201 3216 3215 142472 146659 146661 146649 146666
16718 3201 3202 3217 3216 142482 146669 146671 146659 146676
16719 3202 3203 3218 3217 142492 146679 146681 146669 146686
16720 3203 1414 1413 3218 142502 146689 146691 146679 146696
17281 139 3204 3219 140 146539 150725 150728 150724 150735
17282 3204 3205 3220 3219 146551 150738 150740 150725 150745
17283 3205 3206 3221 3220 146561 150748 150750 150738 150755
17284 3206 3207 3222 3221 146571 150758 150760 150748 150765
17285 3207 3208 3223 3222 146581 150768 150770 150758 150775
17286 3208 3209 3224 3223 146591 150778 150780 150768 150785
17287 3209 3210 3225 3224 146601 150788 150790 150778 150795
17288 3210 3211 3226 3225 146611 150798 150800 150788 150805
17289 3211 3212 3227 3226 146621 150808 150810 150798 150815
17290 3212 3213 3228 3227 146631 150818 150820 150808 150825
17291 3213 3214 3229 3228 146641 150828 150830 150818 150835
17292 3214 3215 3230 3229 146651 150838 150840 150828 150845
17293 3215 3216 3231 3230 146661 150848 150850 150838 150855
17294 3216 3217 3232 3231 146671 150858 150860 150848 150865
17295 3217 3218 3233 3232 146681 150868 150870 150858 150875
17296 3218 1413 1412 3233 146691 150878 150880 150868 150885
17857 140 3219 3234 141 150728 154914 154917 154913 154924
17858 3219 3220 3235 3234 150740 154927 154929 154914 154934
17859 3220 3221 3236 3235 150750 154937 154939 154927 154944
17860 3221 3222 3237 3236 150760 154947 154949 154937 154954
17861 3222 3223 3238 3237 150770 154957 154959 154947 154964
17862 3223 3224 3239 3238 150780 154967 154969 154957 154974
17863 3224 3225 3240 3239 150790 154977 154979 154967 154984
17864 3225 3226 3241 3240 150800 154987 154989 154977 154994
17865 3226 3227 3242 3241 150810 154997 154999 154987 155004
17866 3227 3228 3243 3242 150820 155007 155009 154997 155014
17867 3228 3229 3244 3243 150830 155017 155019 155007 155024
17868 3229 3230 3245 3244 150840 155027 155029 155017 155034
17869 3230 3231 3246 3245 150850 155037 155039 155027 155044
17870 3231 3232 3247 3246 150860 155047 155049 155037 155054
17871 3232 3233 3248 3247 150870 155057 155059 155047 155064
17872 3233 1412 1411 3248 150880 155067 155069 155057 155074
18433 141 3234 3249 142 154917 159103 159106 159102 159113
18434 3234 3235 3250 3249 154929 159116 159118 159103 159123
18435 3235 3236 3251 3250 154939 159126 159128 159116 159133
18436 3236 3237 3252 3251 154949 159136 159138 159126 159143
18437 3237 3238 3253 3252 154959 159146 159148 159136 159153
18438 3238 3239 3254 3253 154969 159156 159158 159146 159163
18439 3239 3240 3255 3254 154979 159166 159168 159156 159173
18440 3240 3241 3256 3255 154989 159176 159178 159166 159183
18441 3241 3242 3257 3256 154999 159186 159188 159176 159193
18442 3242 3243 3258 3257 155009 159196 159198 159186 159203
18443 3243 3244 3259 3258 155019 159206 159208 159196 159213
18444 3244 3245 3260 3259 155029 159216 159218 159206 159223
18445 3245 3246 3261 3260 155039 159226 159228 159216 159233
18446 3246 3247 3262 3261 155049 159236 159238 159226 159243
18447 3247 3248 3263 3262 155059 159246 159248 159236 159253
18448 3248 1411 1410 3263 155069 159256 159258 159246 159263
19009 142 3249 3264 143 159106 163292 163295 163291 163302
19010 3249 3250 3265 3264 159118 163305 163307 163292 163312
19011 3250 3251 3266 3265 159128 163315 163317 163305 163322
19012 3251 3252 3267 3266 159138 163325 163327 163315 163332
19013 3252 3253 3268 3267 159148 163335 163337 163325 163342
19014 3253 3254 3269 3268 159158 163345 163347 163335 163352
19015 3254 3255 3270 3269 159168 163355 163357 163345 163362
19016 3255 3256 3271 3270 159178 163365 163367 163355 163372
19017 3256 3257 3272 3271 159188 163375 163377 163365 163382
19018 3257 3258 3273 3272 159198 163385 163387 163375 163392
19019 3258 3259 3274 3273 159208 163395 163397 163385 163402
19020 3259 3260 3275 3274 159218 163405 163407 163395 163412
19021 3260 3261 3276 3275 159228 163415 163417 163405 163422
19022 3261 3262 3277 3276 159238 163425 163427 163415 163432
19023 3262 3263 3278 3277 159248 163435 163437 163425 163442
19024 3263 1410 1409 3278 159258 163445 163447 163435 163452
19585 143 3264 3279 144 163295 167481 167484 167480 167491
19586 3264 3265 3280 3279 163307 167494 167496 167481 167501
19587 3265 3266 3281 3280 163317 167504 167506 167494 167511
19588 3266 3267 3282 3281 163327 167514 167516 167504 167521
19589 3267 3268 3283 3282 163337 167524 167526 167514 167531
19590 3268 3269 3284 3283 163347 167534 167536 167524 167541
19591 3269 3270 3285 3284 163357 167544 167546 167534 167551
19592 3270 3271 3286 3285 163367 167554 167556 167544 167561
19593 3271 3272 3287 3286 163377 167564 167566 167554 167571
19594 3272 3273 3288 3287 163387 167574 167576 167564 167581
19595 3273 3274 3289 3288 163397 167584 167586 167574 167591
19596 3274 3275 3290 3289 163407 167594 167596 167584 167601
19597 3275 3276 3291 3290 163417 167604 167606 167594 167611
19598 3276 3277 3292 3291 163427 167614 167616 167604 167621
19599 3277 3278 3293 3292 163437 167624 167626 167614 167631
19600 3278 1409 1408 3293 163447 167634 167636 167624 167641
20161 144 3279 2754 1 167484 171670 171673 171669 171680
20162 3279 3280 2755 2754 167496 171683 171685 171670 171690
20163 3280 3281 2756 2755 167506 171693 171695 171683 171700
20164 3281 3282 2757 2756 167516 171703 171705 171693 171710
20165 3282 3283 2758 2757 167526 171713 171715 171703 171720
20166 3283 3284 2759 2758 167536 171723 171725 171713 171730
20167 3284 3285 2760 2759 167546 171733 171735 171723 171740
20168 3285 3286 2761 2760 167556 171743 171745 171733 171750
20169 3286 3287 2762 2761 167566 171753 171755 171743 171760
20170 3287 3288 2763 2762 167576 171763 171765 171753 171770
20171 3288 3289 2764 2763 167586 171773 171775 171763 171780
20172 3289 3290 2765 2764 167596 171783 171785 171773 171790
20173 3290 3291 2766 2765 167606 171793 171795 171783 171800
20174 3291 3292 2767 2766 167616 171803 171805 171793 171810
20175 3292 3293 2768 2767 167626 171813 171815 171803 171820
20176 3293 1408 1371 2768 167636 171823 171825 171813 171830
