          12           4
  0.000000000000000E+000
       11.2622000000        0.0000000000       -6.3640000000        0.0000000000
        3.6678000000        0.0000000000       -4.4475000000        0.0000000000
       13.0885000000        0.0000000000       -8.8381000000        0.0000000000
   1221.50000000000     
       10.0487000000       -4.0362500000        4.8023000000      -13.5732000000
        0.0000000000        0.0000000000        0.0000000000        0.0000000000
       12.5815000000       -1.2638000000       -3.6426000000       -5.5281000000
   3480.00000000000     
       15.3891000000       -5.3181000000        5.5242000000       -2.5514000000
        6.9254000000        1.4672000000       -2.0834000000        0.9783000000
        7.9565000000       -6.4761000000        5.5283000000       -3.0807000000
   3630.00000000000     
       24.9520000000      -40.4673000000       51.4832000000      -26.6419000000
       11.1671000000       13.7818000000       17.4575000000       -9.2777000000
        7.9565000000       -6.4761000000        5.5283000000       -3.0807000000
   5600.00000000000     
       29.2766000000      -23.6027000000        5.5242000000       -2.5514000000
       22.3459000000      -17.2473000000       -2.0834000000        0.9783000000
        7.9565000000       -6.4761000000        5.5283000000       -3.0807000000
   5701.00000000000     
       19.0957000000       -9.8672000000        0.0000000000        0.0000000000
        9.9839000000       -4.9324000000        0.0000000000        0.0000000000
        5.3197000000       -1.4836000000        0.0000000000        0.0000000000
   5771.00000000000     
       39.7027000000      -32.6166000000        0.0000000000        0.0000000000
       22.3512000000      -18.5856000000        0.0000000000        0.0000000000
       11.2494000000       -8.0298000000        0.0000000000        0.0000000000
   5971.00000000000     
       20.3926000000      -12.2569000000        0.0000000000        0.0000000000
        8.9496000000       -4.4597000000        0.0000000000        0.0000000000
        7.1089000000       -3.8045000000        0.0000000000        0.0000000000
   6151.00000000000     
        4.1875000000        3.9382300000        0.0000000000        0.0000000000
        2.1519000000        2.3481000000        0.0000000000        0.0000000000
        2.6910000000        0.6924000000        0.0000000000        0.0000000000
   6346.60000000000     
        6.8000000000        0.0000000000        0.0000000000        0.0000000000
        3.9000000000        0.0000000000        0.0000000000        0.0000000000
        2.9000000000        0.0000000000        0.0000000000        0.0000000000
   6356.00000000000     
        5.8000000000        0.0000000000        0.0000000000        0.0000000000
        3.2000000000        0.0000000000        0.0000000000        0.0000000000
        2.6000000000        0.0000000000        0.0000000000        0.0000000000
   6371.00000000000     
        5.8000000000        0.0000000000        0.0000000000        0.0000000000
        3.2000000000        0.0000000000        0.0000000000        0.0000000000
        2.6000000000        0.0000000000        0.0000000000        0.0000000000
   6120505.36002571     
   60.0000000000000       0.000000000000000E+000  0.000000000000000E+000
