16
 -4500.0  0.0       0.0    faultst-045dp000 1
 -4500.0  0.0   -7500.0    faultst-045dp075 1
 -7500.0  0.0       0.0    faultst-075dp000 1
 -7500.0  0.0   -7500.0    faultst-075dp075 1
-12000.0  0.0       0.0    faultst-120dp000 1
-12000.0  0.0   -7500.0    faultst-120dp075 1
     0.0  0.0       0.0    faultst000dp000  1
     0.0  0.0   -4500.0    faultst000dp045  1
     0.0  0.0   -7500.0    faultst000dp075  1
     0.0  0.0  -12000.0    faultst000dp120  1
  4500.0  0.0       0.0    faultst045dp000  1
  4500.0  0.0   -7500.0    faultst045dp075  1
  7500.0  0.0       0.0    faultst075dp000  1
  7500.0  0.0   -7500.0    faultst075dp075  1
 12000.0  0.0       0.0    faultst120dp000  1
 12000.0  0.0   -7500.0    faultst120dp075  1
