        81
         4        128         83         75         85
         8        127        128         85         86
        12        126        127         86         87
        16        125        126         87         88
        20        124        125         88         89
        24        123        124         89         90
        28        122        123         90         91
        32        121        122         91         92
        36         93        121         92         84
        40        120         82         83        128
        44         94        119        121         93
        48        118         81         82        120
        52         95        117        119         94
        56        116         80         81        118
        60         96        115        117         95
        64        114         79         80        116
        68         97        113        115         96
        72        112         78         79        114
        76         98        111        113         97
        80        110         77         78        112
        84         99        109        111         98
        88        108         76         77        110
        92        100        101        109         99
        96         74         66         76        108
       100         73         74        108        107
       104         72         73        107        106
       108         71         72        106        105
       112         70         71        105        104
       116         69         70        104        103
       120         68         69        103        102
       124         67         68        102        101
       128         65         67        101        100
       129        492        109        101        102
       133        491        492        102        103
       137        490        491        103        104
       141        489        490        104        105
       145        488        489        105        106
       149        487        488        106        107
       153        110        487        107        108
       157        486        111        109        492
       161        485        486        492        491
       162        484        485        491        490
       163        483        484        490        489
       164        482        483        489        488
       165        481        482        488        487
       166        112        481        487        110
       170        480        113        111        486
       174        479        480        486        485
       175        478        479        485        484
       176        477        478        484        483
       177        476        477        483        482
       178        475        476        482        481
       179        114        475        481        112
       183        474        115        113        480
       187        473        474        480        479
       188        472        473        479        478
       189        471        472        478        477
       190        470        471        477        476
       191        469        470        476        475
       192        116        469        475        114
       196        468        117        115        474
       200        467        468        474        473
       201        466        467        473        472
       202        465        466        472        471
       203        464        465        471        470
       204        463        464        470        469
       205        118        463        469        116
       209        462        119        117        468
       213        461        462        468        467
       214        460        461        467        466
       215        459        460        466        465
       216        458        459        465        464
       217        457        458        464        463
       218        120        457        463        118
       222        122        121        119        462
       226        123        122        462        461
       230        124        123        461        460
       234        125        124        460        459
       238        126        125        459        458
       242        127        126        458        457
       246        128        127        457        120
