        36
         1         28        183        129         20
         2        183        184        130        129
         3        184        185        131        130
         4        185         85         75        131
         5         27        180        183         28
         6        180        181        184        183
         7        181        182        185        184
         8        182         86         85        185
         9         26        177        180         27
        10        177        178        181        180
        11        178        179        182        181
        12        179         87         86        182
        13         25        174        177         26
        14        174        175        178        177
        15        175        176        179        178
        16        176         88         87        179
        17         24        171        174         25
        18        171        172        175        174
        19        172        173        176        175
        20        173         89         88        176
        21         23        168        171         24
        22        168        169        172        171
        23        169        170        173        172
        24        170         90         89        173
        25         22        165        168         23
        26        165        166        169        168
        27        166        167        170        169
        28        167         91         90        170
        29         21        162        165         22
        30        162        163        166        165
        31        163        164        167        166
        32        164         92         91        167
        33         11        159        162         21
        34        159        160        163        162
        35        160        161        164        163
        36        161         84         92        164
