        1190
        2384        3684        3681        3682        3683
        2475        3769        3784        3783        3770
        2353         789        3641        3658        3639
        2478        3770        3783        3641         789
        2356        3639        3658        3657        3640
        2354        3641        3642        3655        3658
        2221        3434        3445        3438         669
        2518        3816        3829        3771         803
        2477        3781        3433        3434        3782
        2355        3642         669        3453        3655
        2476        3784        3781        3782        3783
        2386        3672        3683        3675         791
        2248        3488        3496        3491         672
        2220        3433        3446        3445        3434
        2385        3681        3470        3471        3682
        2479        3783        3782        3642        3641
        2480        3782        3434         669        3642
        2359        3640        3657        3645         790
        2357        3658        3655        3656        3657
        2415        3708        3488         672        3702
        2358        3655        3453        3454        3656
        2514        3818         751        3527        3827
        2473        3771        3772        3781        3784
        2472         803        3771        3784        3769
        2361        3656        3454         670        3646
        2360        3657        3656        3646        3645
        2430        3732        3729        3730        3731
        2387        3683        3682        3676        3675
        2520        3828        3528         668        3772
        2519        3829        3828        3772        3771
        2219         668        3435        3446        3433
        2382        3646         670        3470        3681
        2517        3827        3527        3528        3828
        2426         792        3701        3732        3723
        2429        3723        3732        3731        3724
        2383        3671        3684        3683        3672
        2432        3731        3730        3324        3325
        2428        3702         672        3519        3729
        2513        3817        3818        3827        3830
        2427        3701        3702        3729        3732
        2431        3724        3731        3325         793
        2474        3772         668        3433        3781
        2411        3710        3707        3708        3709
        2228         669        3438        3463        3453
        2512         809        3817        3830        3815
        2255         672        3491        3522        3519
        2229        3453        3463        3462        3454
        2408        3675        3676        3707        3710
        2380         790        3645        3684        3671
        2409        3676         671        3487        3707
        2230        3454        3462        3457         670
        2407         791        3675        3710        3697
        2237         670        3457        3480        3470
        2262         751        3529        3537        3527
        2263        3527        3537        3536        3528
        2246         671        3474        3497        3487
        2264        3528        3536        3435         668
        2381        3645        3646        3681        3684
        2516        3830        3827        3828        3829
        2515        3815        3830        3829        3816
        2247        3487        3497        3496        3488
        2238        3470        3480        3479        3471
        2414        3709        3708        3702        3701
        2413        3698        3709        3701         792
        2412        3707        3487        3488        3708
        2388        3682        3471         671        3676
        2410        3697        3710        3709        3698
        2239        3471        3479        3474         671
       48615        3730       10290         748        3324
       48616        3729        3519       10290        3730
       48657        3536       10300       10220        3435
       48658        3537       10299       10300        3536
       48659        3529       10298       10299        3537
       48666        3522       10288       10289       10291
       48667        3519        3522       10291       10290
       48668        3491       10250       10288        3522
       48691        3496       10249       10250        3491
       48692        3497       10248       10249        3496
       48693        3474       10241       10248        3497
       48700        3479       10240       10241        3474
       48701        3480       10239       10240        3479
       48702        3457       10232       10239        3480
       48709        3462       10231       10232        3457
       48710        3463       10230       10231        3462
       48711        3438       10223       10230        3463
       48718        3445       10222       10223        3438
       48719        3446       10221       10222        3445
       48720        3435       10220       10221        3446
       48771       10291       10289       10126        3209
       48772       10290       10291        3209         748
       49699        7244       54355       54382       54353
       49700       54355       54356       54379       54382
       49701       54356        7245       54365       54379
       49702       54353       54382       54381       54354
       49703       54382       54379       54380       54381
       49704       54379       54365       54366       54380
       49705       54354       54381       54361        7247
       49706       54381       54380       54362       54361
       49707       54380       54366        7246       54362
       49726        7247       54361       54426       54403
       49727       54361       54362       54423       54426
       49728       54362        7246       54413       54423
       49729       54403       54426       54425       54404
       49730       54426       54423       54424       54425
       49731       54423       54413       54414       54424
       49732       54404       54425       54409        7251
       49733       54425       54424       54410       54409
       49734       54424       54414        7250       54410
       49753        7286       54455       54482       54453
       49754       54455       54456       54479       54482
       49755       54456        7287       54465       54479
       49756       54453       54482       54481       54454
       49757       54482       54479       54480       54481
       49758       54479       54465       54466       54480
       49759       54454       54481       54461        7289
       49760       54481       54480       54462       54461
       49761       54480       54466        7288       54462
       49780        7289       54461       54526       54503
       49781       54461       54462       54523       54526
       49782       54462        7288       54513       54523
       49783       54503       54526       54525       54504
       49784       54526       54523       54524       54525
       49785       54523       54513       54514       54524
       49786       54504       54525       54509        7293
       49787       54525       54524       54510       54509
       49788       54524       54514        7292       54510
       49807        7298       54555       54582       54553
       49808       54555       54556       54579       54582
       49809       54556        7299       54565       54579
       49810       54553       54582       54581       54554
       49811       54582       54579       54580       54581
       49812       54579       54565       54566       54580
       49813       54554       54581       54561        7301
       49814       54581       54580       54562       54561
       49815       54580       54566        7300       54562
       49834        7301       54561       54626       54603
       49835       54561       54562       54623       54626
       49836       54562        7300       54613       54623
       49837       54603       54626       54625       54604
       49838       54626       54623       54624       54625
       49839       54623       54613       54614       54624
       49840       54604       54625       54609        7305
       49841       54625       54624       54610       54609
       49842       54624       54614        7304       54610
       49861        7310       54655       54682       54653
       49862       54655       54656       54679       54682
       49863       54656        7311       54665       54679
       49864       54653       54682       54681       54654
       49865       54682       54679       54680       54681
       49866       54679       54665       54666       54680
       49867       54654       54681       54661        7313
       49868       54681       54680       54662       54661
       49869       54680       54666        7312       54662
       49888        7330       54709       54730       54707
       49889       54709       54710       54727       54730
       49890       54710        7331       54713       54727
       49891       54707       54730       54729       54708
       49892       54730       54727       54728       54729
       49893       54727       54713       54714       54728
       49894       54708       54729       50006        7324
       49895       54729       54728       50005       50006
       49896       54728       54714        7320       50005
       49915        7336       54755       54782       54753
       49916       54755       54756       54779       54782
       49917       54756        7337       54765       54779
       49918       54753       54782       54781       54754
       49919       54782       54779       54780       54781
       49920       54779       54765       54766       54780
       49921       54754       54781       54761        7339
       49922       54781       54780       54762       54761
       49923       54780       54766        7338       54762
       49942        7339       54761       54826       54803
       49943       54761       54762       54823       54826
       49944       54762        7338       54813       54823
       49945       54803       54826       54825       54804
       49946       54826       54823       54824       54825
       49947       54823       54813       54814       54824
       49948       54804       54825       54809        7343
       49949       54825       54824       54810       54809
       49950       54824       54814        7342       54810
       50023        7366       54933       54960       54931
       50024       54933       54934       54957       54960
       50025       54934        7367       54943       54957
       50026       54931       54960       54959       54932
       50027       54960       54957       54958       54959
       50028       54957       54943       54944       54958
       50029       54932       54959       54939        7369
       50030       54959       54958       54940       54939
       50031       54958       54944        7368       54940
       50050        7372       54987       55008       54985
       50051       54987       54988       55005       55008
       50052       54988        7373       54991       55005
       50053       54985       55008       55007       54986
       50054       55008       55005       55006       55007
       50055       55005       54991       54992       55006
       50056       54986       55007       54933        7366
       50057       55007       55006       54934       54933
       50058       55006       54992        7367       54934
       50131        7251       54409       55140       55123
       50132       54409       54410       55137       55140
       50133       54410        7250       55127       55137
       50134       55123       55140       55139       55124
       50135       55140       55137       55138       55139
       50136       55137       55127       55128       55138
       50137       55124       55139       54987        7372
       50138       55139       55138       54988       54987
       50139       55138       55128        7373       54988
       50347        7305       54609       55404       55393
       50348       54609       54610       55401       55404
       50349       54610        7304       55395       55401
       50350       55393       55404       55403       55394
       50351       55404       55401       55402       55403
       50352       55401       55395       55396       55402
       50353       55394       55403       54455        7286
       50354       55403       55402       54456       54455
       50355       55402       55396        7287       54456
       50482        7293       54509       55552       55535
       50483       54509       54510       55549       55552
       50484       54510        7292       55539       55549
       50485       55535       55552       55551       55536
       50486       55552       55549       55550       55551
       50487       55549       55539       55540       55550
       50488       55536       55551       54355        7244
       50489       55551       55550       54356       54355
       50490       55550       55540        7245       54356
       50671        7313       54661       55736       55725
       50672       54661       54662       55733       55736
       50673       54662        7312       55727       55733
       50674       55725       55736       55735       55726
       50675       55736       55733       55734       55735
       50676       55733       55727       55728       55734
       50677       55726       55735       54555        7298
       50678       55735       55734       54556       54555
       50679       55734       55728        7299       54556
       50806        7369       54939       55880       55869
       50807       54939       54940       55877       55880
       50808       54940        7368       55871       55877
       50809       55869       55880       55879       55870
       50810       55880       55877       55878       55879
       50811       55877       55871       55872       55878
       50812       55870       55879       54755        7336
       50813       55879       55878       54756       54755
       50814       55878       55872        7337       54756
       50860        7343       54809       55928       55911
       50861       54809       54810       55925       55928
       50862       54810        7342       55915       55925
       50863       55911       55928       55927       55912
       50864       55928       55925       55926       55927
       50865       55925       55915       55916       55926
       50866       55912       55927       54709        7330
       50867       55927       55926       54710       54709
       50868       55926       55916        7331       54710
       53884        8510       58863       58880       58861
       53885       58863       58864       58877       58880
       53886       58864        7293       55535       58877
       53887       58861       58880       58879       58862
       53888       58880       58877       58878       58879
       53889       58877       55535       55536       58878
       53890       58862       58879       58867        8511
       53891       58879       58878       58868       58867
       53892       58878       55536        7244       58868
       53911        8511       58867       58906       58893
       53912       58867       58868       58903       58906
       53913       58868        7244       54353       58903
       53914       58893       58906       58905       58894
       53915       58906       58903       58904       58905
       53916       58903       54353       54354       58904
       53917       58894       58905       58897        8512
       53918       58905       58904       58898       58897
       53919       58904       54354        7247       58898
       53965        8512       58897       58956       58943
       53966       58897       58898       58953       58956
       53967       58898        7247       54403       58953
       53968       58943       58956       58955       58944
       53969       58956       58953       58954       58955
       53970       58953       54403       54404       58954
       53971       58944       58955       58947        8513
       53972       58955       58954       58948       58947
       53973       58954       54404        7251       58948
       53992        8513       58947       58982       58969
       53993       58947       58948       58979       58982
       53994       58948        7251       55123       58979
       53995       58969       58982       58981       58970
       53996       58982       58979       58980       58981
       53997       58979       55123       55124       58980
       53998       58970       58981       58973        8514
       53999       58981       58980       58974       58973
       54000       58980       55124        7372       58974
       54019        8545       58999       59016       58997
       54020       58999       59000       59013       59016
       54021       59000        7305       55393       59013
       54022       58997       59016       59015       58998
       54023       59016       59013       59014       59015
       54024       59013       55393       55394       59014
       54025       58998       59015       59003        8546
       54026       59015       59014       59004       59003
       54027       59014       55394        7286       59004
       54046        8546       59003       59042       59029
       54047       59003       59004       59039       59042
       54048       59004        7286       54453       59039
       54049       59029       59042       59041       59030
       54050       59042       59039       59040       59041
       54051       59039       54453       54454       59040
       54052       59030       59041       59033        8547
       54053       59041       59040       59034       59033
       54054       59040       54454        7289       59034
       54073        8547       59033       59064       59055
       54074       59033       59034       59061       59064
       54075       59034        7289       54503       59061
       54076       59055       59064       59063       59056
       54077       59064       59061       59062       59063
       54078       59061       54503       54504       59062
       54079       59056       59063       58863        8510
       54080       59063       59062       58864       58863
       54081       59062       54504        7293       58864
       54100        8548       59077       59094       59075
       54101       59077       59078       59091       59094
       54102       59078        7313       55725       59091
       54103       59075       59094       59093       59076
       54104       59094       59091       59092       59093
       54105       59091       55725       55726       59092
       54106       59076       59093       59081        8549
       54107       59093       59092       59082       59081
       54108       59092       55726        7298       59082
       54127        8549       59081       59120       59107
       54128       59081       59082       59117       59120
       54129       59082        7298       54553       59117
       54130       59107       59120       59119       59108
       54131       59120       59117       59118       59119
       54132       59117       54553       54554       59118
       54133       59108       59119       59111        8550
       54134       59119       59118       59112       59111
       54135       59118       54554        7301       59112
       54154        8550       59111       59142       59133
       54155       59111       59112       59139       59142
       54156       59112        7301       54603       59139
       54157       59133       59142       59141       59134
       54158       59142       59139       59140       59141
       54159       59139       54603       54604       59140
       54160       59134       59141       58999        8545
       54161       59141       59140       59000       58999
       54162       59140       54604        7305       59000
       54208        8553       59189       59202       59187
       54209       59189       59190       59199       59202
       54210       59190        7310       54653       59199
       54211       59187       59202       59201       59188
       54212       59202       59199       59200       59201
       54213       59199       54653       54654       59200
       54214       59188       59201       59077        8548
       54215       59201       59200       59078       59077
       54216       59200       54654        7313       59078
       54235        8557       59217       59234       59215
       54236       59217       59218       59231       59234
       54237       59218        7330       54707       59231
       54238       59215       59234       59233       59216
       54239       59234       59231       59232       59233
       54240       59231       54707       54708       59232
       54241       59216       59233       51726        8554
       54242       59233       59232       51725       51726
       54243       59232       54708        7324       51725
       54289        8560       59265       59278       59263
       54290       59265       59266       59275       59278
       54291       59266        7343       55911       59275
       54292       59263       59278       59277       59264
       54293       59278       59275       59276       59277
       54294       59275       55911       55912       59276
       54295       59264       59277       59217        8557
       54296       59277       59276       59218       59217
       54297       59276       55912        7330       59218
       54316        8561       59291       59308       59289
       54317       59291       59292       59305       59308
       54318       59292        7369       55869       59305
       54319       59289       59308       59307       59290
       54320       59308       59305       59306       59307
       54321       59305       55869       55870       59306
       54322       59290       59307       59295        8562
       54323       59307       59306       59296       59295
       54324       59306       55870        7336       59296
       54343        8562       59295       59334       59321
       54344       59295       59296       59331       59334
       54345       59296        7336       54753       59331
       54346       59321       59334       59333       59322
       54347       59334       59331       59332       59333
       54348       59331       54753       54754       59332
       54349       59322       59333       59325        8563
       54350       59333       59332       59326       59325
       54351       59332       54754        7339       59326
       54370        8563       59325       59356       59347
       54371       59325       59326       59353       59356
       54372       59326        7339       54803       59353
       54373       59347       59356       59355       59348
       54374       59356       59353       59354       59355
       54375       59353       54803       54804       59354
       54376       59348       59355       59265        8560
       54377       59355       59354       59266       59265
       54378       59354       54804        7343       59266
       54451        8565       59399       59412       59397
       54452       59399       59400       59409       59412
       54453       59400        7366       54931       59409
       54454       59397       59412       59411       59398
       54455       59412       59409       59410       59411
       54456       59409       54931       54932       59410
       54457       59398       59411       59291        8561
       54458       59411       59410       59292       59291
       54459       59410       54932        7369       59292
       54478        8514       58973       59430       59421
       54479       58973       58974       59427       59430
       54480       58974        7372       54985       59427
       54481       59421       59430       59429       59422
       54482       59430       59427       59428       59429
       54483       59427       54985       54986       59428
       54484       59422       59429       59399        8565
       54485       59429       59428       59400       59399
       54486       59428       54986        7366       59400
       56341        9252       61197       61214       61195
       56342       61197       61198       61211       61214
       56343       61198        8550       59133       61211
       56344       61195       61214       61213       61196
       56345       61214       61211       61212       61213
       56346       61211       59133       59134       61212
       56347       61196       61213       61201        9253
       56348       61213       61212       61202       61201
       56349       61212       59134        8545       61202
       56368        9253       61201       61240       61227
       56369       61201       61202       61237       61240
       56370       61202        8545       58997       61237
       56371       61227       61240       61239       61228
       56372       61240       61237       61238       61239
       56373       61237       58997       58998       61238
       56374       61228       61239       61231        9254
       56375       61239       61238       61232       61231
       56376       61238       58998        8546       61232
       56395        9254       61231       61266       61253
       56396       61231       61232       61263       61266
       56397       61232        8546       59029       61263
       56398       61253       61266       61265       61254
       56399       61266       61263       61264       61265
       56400       61263       59029       59030       61264
       56401       61254       61265       61257        9255
       56402       61265       61264       61258       61257
       56403       61264       59030        8547       61258
       56422        9255       61257       61292       61279
       56423       61257       61258       61289       61292
       56424       61258        8547       59055       61289
       56425       61279       61292       61291       61280
       56426       61292       61289       61290       61291
       56427       61289       59055       59056       61290
       56428       61280       61291       61283        9256
       56429       61291       61290       61284       61283
       56430       61290       59056        8510       61284
       56449        9256       61283       61318       61305
       56450       61283       61284       61315       61318
       56451       61284        8510       58861       61315
       56452       61305       61318       61317       61306
       56453       61318       61315       61316       61317
       56454       61315       58861       58862       61316
       56455       61306       61317       61309        9257
       56456       61317       61316       61310       61309
       56457       61316       58862        8511       61310
       56476        9257       61309       61344       61331
       56477       61309       61310       61341       61344
       56478       61310        8511       58893       61341
       56479       61331       61344       61343       61332
       56480       61344       61341       61342       61343
       56481       61341       58893       58894       61342
       56482       61332       61343       61335        9258
       56483       61343       61342       61336       61335
       56484       61342       58894        8512       61336
       56935        9339       61769       61786       61767
       56936       61769       61770       61783       61786
       56937       61770        8565       59397       61783
       56938       61767       61786       61785       61768
       56939       61786       61783       61784       61785
       56940       61783       59397       59398       61784
       56941       61768       61785       61773        9340
       56942       61785       61784       61774       61773
       56943       61784       59398        8561       61774
       56962        9341       61803       61816       61801
       56963       61803       61804       61813       61816
       56964       61804        8514       59421       61813
       56965       61801       61816       61815       61802
       56966       61816       61813       61814       61815
       56967       61813       59421       59422       61814
       56968       61802       61815       61769        9339
       56969       61815       61814       61770       61769
       56970       61814       59422        8565       61770
       56989        9340       61773       61838       61825
       56990       61773       61774       61835       61838
       56991       61774        8561       59289       61835
       56992       61825       61838       61837       61826
       56993       61838       61835       61836       61837
       56994       61835       59289       59290       61836
       56995       61826       61837       61829        9342
       56996       61837       61836       61830       61829
       56997       61836       59290        8562       61830
       57016        9343       61855       61868       61853
       57017       61855       61856       61865       61868
       57018       61856        8513       58969       61865
       57019       61853       61868       61867       61854
       57020       61868       61865       61866       61867
       57021       61865       58969       58970       61866
       57022       61854       61867       61803        9341
       57023       61867       61866       61804       61803
       57024       61866       58970        8514       61804
       57043        9342       61829       61890       61877
       57044       61829       61830       61887       61890
       57045       61830        8562       59321       61887
       57046       61877       61890       61889       61878
       57047       61890       61887       61888       61889
       57048       61887       59321       59322       61888
       57049       61878       61889       61881        9344
       57050       61889       61888       61882       61881
       57051       61888       59322        8563       61882
       57070        9258       61335       61912       61903
       57071       61335       61336       61909       61912
       57072       61336        8512       58943       61909
       57073       61903       61912       61911       61904
       57074       61912       61909       61910       61911
       57075       61909       58943       58944       61910
       57076       61904       61911       61855        9343
       57077       61911       61910       61856       61855
       57078       61910       58944        8513       61856
       57259        9496       62081       62098       62079
       57260       62081       62082       62095       62098
       57261       62082        8553       59187       62095
       57262       62079       62098       62097       62080
       57263       62098       62095       62096       62097
       57264       62095       59187       59188       62096
       57265       62080       62097       62085        9497
       57266       62097       62096       62086       62085
       57267       62096       59188        8548       62086
       57286        9497       62085       62124       62111
       57287       62085       62086       62121       62124
       57288       62086        8548       59075       62121
       57289       62111       62124       62123       62112
       57290       62124       62121       62122       62123
       57291       62121       59075       59076       62122
       57292       62112       62123       62115        9498
       57293       62123       62122       62116       62115
       57294       62122       59076        8549       62116
       57313        9498       62115       62146       62137
       57314       62115       62116       62143       62146
       57315       62116        8549       59107       62143
       57316       62137       62146       62145       62138
       57317       62146       62143       62144       62145
       57318       62143       59107       59108       62144
       57319       62138       62145       61197        9252
       57320       62145       62144       61198       61197
       57321       62144       59108        8550       61198
       57502        9344       61881       62308       62295
       57503       61881       61882       62305       62308
       57504       61882        8563       59347       62305
       57505       62295       62308       62307       62296
       57506       62308       62305       62306       62307
       57507       62305       59347       59348       62306
       57508       62296       62307       62299        9503
       57509       62307       62306       62300       62299
       57510       62306       59348        8560       62300
       57529        9503       62299       62334       62321
       57530       62299       62300       62331       62334
       57531       62300        8560       59263       62331
       57532       62321       62334       62333       62322
       57533       62334       62331       62332       62333
       57534       62331       59263       59264       62332
       57535       62322       62333       62325        9504
       57536       62333       62332       62326       62325
       57537       62332       59264        8557       62326
       57556        9504       62325       62356       62347
       57557       62325       62326       62353       62356
       57558       62326        8557       59215       62353
       57559       62347       62356       62355       62348
       57560       62356       62353       62354       62355
       57561       62353       59215       59216       62354
       57562       62348       62355       53052        9377
       57563       62355       62354       53051       53052
       57564       62354       59216        8554       53051
       58117       61196        9253       10221       93481
       58118       61195       61196       93481       93482
       58119        9252       61195       93482       10220
       58123       93482       93481       10221       10220
       58130       61228        9254       10222       93491
       58131       61227       61228       93491       93492
       58132        9253       61227       93492       10221
       58136       93492       93491       10222       10221
       58143       61254        9255       10223       93499
       58144       61253       61254       93499       93500
       58145        9254       61253       93500       10222
       58149       93500       93499       10223       10222
       58234       61280        9256       10230       93555
       58235       61279       61280       93555       93556
       58236        9255       61279       93556       10223
       58240       93556       93555       10230       10223
       58247       61306        9257       10231       93563
       58248       61305       61306       93563       93564
       58249        9256       61305       93564       10230
       58253       93564       93563       10231       10230
       58260       61332        9258       10232       93571
       58261       61331       61332       93571       93572
       58262        9257       61331       93572       10231
       58266       93572       93571       10232       10231
       58351       61904        9343       10239       93627
       58352       61903       61904       93627       93628
       58353        9258       61903       93628       10232
       58357       93628       93627       10239       10232
       58364       61854        9341       10240       93635
       58365       61853       61854       93635       93636
       58366        9343       61853       93636       10239
       58370       93636       93635       10240       10239
       58377       61802        9339       10241       93643
       58378       61801       61802       93643       93644
       58379        9341       61801       93644       10240
       58383       93644       93643       10241       10240
       58468       61768        9340       10248       93699
       58469       61767       61768       93699       93700
       58470        9339       61767       93700       10241
       58474       93700       93699       10248       10241
       58481       61826        9342       10249       93707
       58482       61825       61826       93707       93708
       58483        9340       61825       93708       10248
       58487       93708       93707       10249       10248
       58494       61878        9344       10250       93715
       58495       61877       61878       93715       93716
       58496        9342       61877       93716       10249
       58500       93716       93715       10250       10249
       58819       62296        9503       10288       93921
       58820       62295       62296       93921       93922
       58821        9344       62295       93922       10250
       58825       93922       93921       10288       10250
       58832       62322        9504       10289       93929
       58833       62321       62322       93929       93930
       58834        9503       62321       93930       10288
       58838       93930       93929       10289       10288
       58845       62348        9377       10126       93937
       58846       62347       62348       93937       93938
       58847        9504       62347       93938       10289
       58851       93938       93937       10126       10289
       58936       62080        9497       10299       93989
       58937       62079       62080       93989       93990
       58938        9496       62079       93990       10298
       58942       93990       93989       10299       10298
       58949       62112        9498       10300       93997
       58950       62111       62112       93997       93998
       58951        9497       62111       93998       10299
       58955       93998       93997       10300       10299
       58962       62138        9252       10220       94003
       58963       62137       62138       94003       94004
       58964        9498       62137       94004       10300
       58968       94004       94003       10220       10300
         188         347         349         348         346
         186         345         347         346         344
         192         346         348         332         331
         190         344         346         331         330
        3944         803        3769        5351         939
        3971        3697        3698        5390        5391
        3956        5365        5364         941         940
        3943        3769        3770        5350        5351
        3954         789        3639        5365         940
        3953        3639        3640        5364        5365
        3952        3640         790         941        5364
        3936        3816         803         939        5339
        3942        3770         789         940        5350
        3966        5379        5378         942         941
        3962        3672         791         942        5378
        3946        5351        5350         940         939
        3972         791        3697        5391         942
        3964         790        3671        5379         941
        3963        3671        3672        5378        5379
       90391         792        3723       11087       11038
       90392        3723        3724       11086       11087
       90393        5391        5390       11038         942
       90397        3698         792       11038        5390
       90445       11103        5339         939       11102
       90449         809        3815       11103       11102
       90450        3815        3816        5339       11103
       90456       11102         939       11100       11101
       90457         939         940       11099       11100
       90458         940         941       11098       11099
       90459         941         942       11097       11098
       90460         942       11038       11028       11097
       90461       11101       11100       11095       11096
       90462       11100       11099       11094       11095
       90463       11099       11098       11093       11094
       90464       11098       11097       11092       11093
       90465       11097       11028       11024       11092
       90466       11096       11095       11090       11091
       90468       11095       11094         345       11090
       90470       11094       11093         347         345
       90472       11093       11092         349         347
       90474       11092       11024       11016         349
       90475       11091       11090       11088       11089
       90477       11090         345         344       11088
       90479         349       11016       11018         348
       90481       11089       11088         329         326
       90483       11088         344         330         329
       90485         348       11018         333         332
       90487       11018         340         328         333
       90488       11087       11086       11007       11038
       90492        3724         793       11007       11086
       90547       11038       11007       11006       11028
       90554       11028       11006       11010       11024
       90557       11024       11010         341       11016
       90560       11016         341         340       11018
        2531        3869        3876        3875        3870
        2541        3896        3897        3906        3909
        2576        3949         761        3869        3958
        2528         761        3868        3876        3869
        2584        3961        3958        3959        3960
        2583        3950        3961        3960        3951
        2540         821        3896        3909        3898
        2553        3899        3908        3817         809
        2525         760        3857        3863        3858
        2594        3959        3870         760        3897
        2585        3958        3869        3870        3959
        2593        3960        3959        3897        3896
        2549        3898        3909        3908        3899
        2554        3908        3907        3818        3817
        2575        3948        3949        3958        3961
        2592        3951        3960        3896         821
        2574         866        3948        3961        3950
        2534        3870        3875        3857         760
        2542        3897         760        3858        3906
        2550        3909        3906        3907        3908
       58983        3907       10359         751        3818
       58988        3906        3858       10359        3907
       59002        3875       10371       10350        3857
       59005        3876       10367       10371        3875
       59008        3868       10365       10367        3876
       59013        3863       10352       10356       10360
       59014        3858        3863       10360       10359
       59017        3857       10350       10352        3863
       59051       10360       10356       10298        3529
       59052       10359       10360        3529         751
       59096        7208       62399       62430       62401
       59097       62399       62400       62427       62430
       59098       62400        7209       62407       62427
       59105       62401       62430       62429       62402
       59106       62430       62427       62428       62429
       59107       62427       62407       62408       62428
       59114       62402       62429       62411        7212
       59115       62429       62428       62412       62411
       59116       62428       62408        7213       62412
       59123        7212       62411       62474       62455
       59124       62411       62412       62471       62474
       59125       62412        7213       62457       62471
       59132       62455       62474       62473       62456
       59133       62474       62471       62472       62473
       59134       62471       62457       62458       62472
       59141       62456       62473       62461        7216
       59142       62473       62472       62462       62461
       59143       62472       62458        7217       62462
       59204        7232       62599       62630       62601
       59205       62599       62600       62627       62630
       59206       62600        7233       62607       62627
       59213       62601       62630       62629       62602
       59214       62630       62627       62628       62629
       59215       62627       62607       62608       62628
       59222       62602       62629       62611        7236
       59223       62629       62628       62612       62611
       59224       62628       62608        7237       62612
       59231        7314       62655       62678       62657
       59232       62655       62656       62675       62678
       59233       62656        7315       62663       62675
       59240       62657       62678       62677       62658
       59241       62678       62675       62676       62677
       59242       62675       62663       62664       62676
       59249       62658       62677       54655        7310
       59250       62677       62676       54656       54655
       59251       62676       62664        7311       54656
       59744        7216       62461       63332       63325
       59745       62461       62462       63329       63332
       59746       62462        7217       63327       63329
       59753       63325       63332       63331       63326
       59754       63332       63329       63330       63331
       59755       63329       63327       63328       63330
       59762       63326       63331       62655        7314
       59763       63331       63330       62656       62655
       59764       63330       63328        7315       62656
       59879        7236       62611       63460       63453
       59880       62611       62612       63457       63460
       59881       62612        7237       63455       63457
       59888       63453       63460       63459       63454
       59889       63460       63457       63458       63459
       59890       63457       63455       63456       63458
       59897       63454       63459       62399        7208
       59898       63459       63458       62400       62399
       59899       63458       63456        7209       62400
       60149        8481       63693       63716       63695
       60150       63693       63694       63713       63716
       60151       63694        7236       63453       63713
       60158       63695       63716       63715       63696
       60159       63716       63713       63714       63715
       60160       63713       63453       63454       63714
       60167       63696       63715       63703        8483
       60168       63715       63714       63704       63703
       60169       63714       63454        7208       63704
       60176        8483       63703       63750       63737
       60177       63703       63704       63747       63750
       60178       63704        7208       62401       63747
       60185       63737       63750       63749       63738
       60186       63750       63747       63748       63749
       60187       63747       62401       62402       63748
       60194       63738       63749       63741        8485
       60195       63749       63748       63742       63741
       60196       63748       62402        7212       63742
       60257        8485       63741       63844       63831
       60258       63741       63742       63841       63844
       60259       63742        7212       62455       63841
       60266       63831       63844       63843       63832
       60267       63844       63841       63842       63843
       60268       63841       62455       62456       63842
       60275       63832       63843       63835        8490
       60276       63843       63842       63836       63835
       60277       63842       62456        7216       63836
       60311        8490       63835       63904       63891
       60312       63835       63836       63901       63904
       60313       63836        7216       63325       63901
       60320       63891       63904       63903       63892
       60321       63904       63901       63902       63903
       60322       63901       63325       63326       63902
       60329       63892       63903       63895        8493
       60330       63903       63902       63896       63895
       60331       63902       63326        7314       63896
       60554        8507       64165       64178       64167
       60555       64165       64166       64175       64178
       60556       64166        7232       62601       64175
       60563       64167       64178       64177       64168
       60564       64178       64175       64176       64177
       60565       64175       62601       62602       64176
       60572       64168       64177       63693        8481
       60573       64177       64176       63694       63693
       60574       64176       62602        7236       63694
       60581        8493       63895       64198       64191
       60582       63895       63896       64195       64198
       60583       63896        7314       62657       64195
       60590       64191       64198       64197       64192
       60591       64198       64195       64196       64197
       60592       64195       62657       62658       64196
       60599       64192       64197       59189        8553
       60600       64197       64196       59190       59189
       60601       64196       62658        7310       59190
       61256        9505       64759       64782       64761
       61257       64759       64760       64779       64782
       61258       64760        8507       64167       64779
       61265       64761       64782       64781       64762
       61266       64782       64779       64780       64781
       61267       64779       64167       64168       64780
       61274       64762       64781       64769        9507
       61275       64781       64780       64770       64769
       61276       64780       64168        8481       64770
       61283        9507       64769       64816       64803
       61284       64769       64770       64813       64816
       61285       64770        8481       63695       64813
       61292       64803       64816       64815       64804
       61293       64816       64813       64814       64815
       61294       64813       63695       63696       64814
       61301       64804       64815       64807        9509
       61302       64815       64814       64808       64807
       61303       64814       63696        8483       64808
       61364        9509       64807       64910       64897
       61365       64807       64808       64907       64910
       61366       64808        8483       63737       64907
       61373       64897       64910       64909       64898
       61374       64910       64907       64908       64909
       61375       64907       63737       63738       64908
       61382       64898       64909       64901        9514
       61383       64909       64908       64902       64901
       61384       64908       63738        8485       64902
       61418        9514       64901       64970       64957
       61419       64901       64902       64967       64970
       61420       64902        8485       63831       64967
       61427       64957       64970       64969       64958
       61428       64970       64967       64968       64969
       61429       64967       63831       63832       64968
       61436       64958       64969       64961        9517
       61437       64969       64968       64962       64961
       61438       64968       63832        8490       64962
       61580        9517       64961       65132       65119
       61581       64961       64962       65129       65132
       61582       64962        8490       63891       65129
       61589       65119       65132       65131       65120
       61590       65132       65129       65130       65131
       61591       65129       63891       63892       65130
       61598       65120       65131       65123        9523
       61599       65131       65130       65124       65123
       61600       65130       63892        8493       65124
       61661        9523       65123       65204       65197
       61662       65123       65124       65201       65204
       61663       65124        8493       64191       65201
       61670       65197       65204       65203       65198
       61671       65204       65201       65202       65203
       61672       65201       64191       64192       65202
       61679       65198       65203       62081        9496
       61680       65203       65202       62082       62081
       61681       65202       64192        8553       62082
       62221        9514       64957       92965       10350
       62224       64957       64958       92966       92965
       62227       64958        9517       10352       92966
       62229       92965       92966       10352       10350
       62260        9517       65119       92993       10352
       62263       65119       65120       92994       92993
       62266       65120        9523       10356       92994
       62268       92993       92994       10356       10352
       62299        9523       65197       93017       10356
       62302       65197       65198       93018       93017
       62305       65198        9496       10298       93018
       62307       93017       93018       10298       10356
       62338        9505       64761       93043       10365
       62341       64761       64762       93044       93043
       62344       64762        9507       10367       93044
       62346       93043       93044       10367       10365
       62377        9507       64803       93071       10367
       62380       64803       64804       93072       93071
       62383       64804        9509       10371       93072
       62385       93071       93072       10371       10367
       62416        9509       64897       93093       10371
       62419       64897       64898       93094       93093
       62422       64898        9514       10350       93094
       62424       93093       93094       10350       10371
        2176        3233         750        3358        3364
        2175        3232        3233        3364        3367
        2174         749        3232        3367        3326
        2081        3217        3210         749        3214
        2080        3218        3217        3214        3213
        2079        3209        3218        3213         748
        2089        3237        3236        3233        3232
        2090        3236        3231         750        3233
        2147         748        3213        3337        3324
        2185        3364        3358        3359        3365
        2149        3214         749        3326        3334
        2184        3367        3364        3365        3366
        2088        3210        3237        3232         749
        2167        3335        3327         832        3331
        2183        3326        3367        3366        3327
        2148        3213        3214        3334        3337
        2166        3336        3335        3331        3330
        2165        3325        3336        3330         793
        2194        3365        3359         833        3361
        2193        3366        3365        3361        3360
        2192        3327        3366        3360         832
        2158        3334        3326        3327        3335
        2157        3337        3334        3335        3336
        2156        3324        3337        3336        3325
       45179       10140       10142        3231        3236
       45180       10138       10140        3236        3237
       45181       10132       10138        3237        3210
       45188       10130       10132        3210        3217
       45189       10127       10130        3217        3218
       45190       10126       10127        3218        3209
       45402        7320       50003       50034       50005
       45403       50003       50004       50031       50034
       45404       50004        7321       50011       50031
       45411       50005       50034       50033       50006
       45412       50034       50031       50032       50033
       45413       50031       50011       50012       50032
       45420       50006       50033       50015        7324
       45421       50033       50032       50016       50015
       45422       50032       50012        7325       50016
       45537        7408       50259       50290       50261
       45538       50259       50260       50287       50290
       45539       50260        7409       50267       50287
       45546       50261       50290       50289       50262
       45547       50290       50287       50288       50289
       45548       50287       50267       50268       50288
       45555       50262       50289       50271        7412
       45556       50289       50288       50272       50271
       45557       50288       50268        7413       50272
       45564        7416       50315       50346       50317
       45565       50315       50316       50343       50346
       45566       50316        7417       50323       50343
       45573       50317       50346       50345       50318
       45574       50346       50343       50344       50345
       45575       50343       50323       50324       50344
       45582       50318       50345       50327        7420
       45583       50345       50344       50328       50327
       45584       50344       50324        7421       50328
       45591        7424       50371       50394       50373
       45592       50371       50372       50391       50394
       45593       50372        7416       50317       50391
       45600       50373       50394       50393       50374
       45601       50394       50391       50392       50393
       45602       50391       50317       50318       50392
       45609       50374       50393       50381        7426
       45610       50393       50392       50382       50381
       45611       50392       50318        7420       50382
       45699        7417       50503       50518       50323
       45700       50503       50504       50515       50518
       45701       50504        7408       50261       50515
       45708       50323       50518       50517       50324
       45709       50518       50515       50516       50517
       45710       50515       50261       50262       50516
       45717       50324       50517       50507        7421
       45718       50517       50516       50508       50507
       45719       50516       50262        7412       50508
       45780        7321       50583       50598       50011
       45781       50583       50584       50595       50598
       45782       50584        7424       50373       50595
       45789       50011       50598       50597       50012
       45790       50598       50595       50596       50597
       45791       50595       50373       50374       50596
       45798       50012       50597       50587        7325
       45799       50597       50596       50588       50587
       45800       50596       50374        7426       50588
       46833        7324       50015       51742       51725
       46834       50015       50016       51739       51742
       46835       50016        7325       51727       51739
       46842       51725       51742       51741       51726
       46843       51742       51739       51740       51741
       46844       51739       51727       51728       51740
       46851       51726       51741       51731        8554
       46852       51741       51740       51732       51731
       46853       51740       51728        8555       51732
       46860        7325       50587       51776       51727
       46861       50587       50588       51773       51776
       46862       50588        7426       51767       51773
       46869       51727       51776       51775       51728
       46870       51776       51773       51774       51775
       46871       51773       51767       51768       51774
       46878       51728       51775       51769        8555
       46879       51775       51774       51770       51769
       46880       51774       51768        8558       51770
       47049        7421       50507       51954       51941
       47050       50507       50508       51951       51954
       47051       50508        7412       51943       51951
       47058       51941       51954       51953       51942
       47059       51954       51951       51952       51953
       47060       51951       51943       51944       51952
       47067       51942       51953       51947        8578
       47068       51953       51952       51948       51947
       47069       51952       51944        8579       51948
       47076        7412       50271       51984       51943
       47077       50271       50272       51981       51984
       47078       50272        7413       51975       51981
       47085       51943       51984       51983       51944
       47086       51984       51981       51982       51983
       47087       51981       51975       51976       51982
       47094       51944       51983       51977        8579
       47095       51983       51982       51978       51977
       47096       51982       51976        8580       51978
       47103        7420       50327       52010       52001
       47104       50327       50328       52007       52010
       47105       50328        7421       51941       52007
       47112       52001       52010       52009       52002
       47113       52010       52007       52008       52009
       47114       52007       51941       51942       52008
       47121       52002       52009       52005        8581
       47122       52009       52008       52006       52005
       47123       52008       51942        8578       52006
       47130        7426       50381       52032       51767
       47131       50381       50382       52029       52032
       47132       50382        7420       52001       52029
       47139       51767       52032       52031       51768
       47140       52032       52029       52030       52031
       47141       52029       52001       52002       52030
       47148       51768       52031       52027        8558
       47149       52031       52030       52028       52027
       47150       52030       52002        8581       52028
       47913        8581       52005       52874       52861
       47914       52005       52006       52871       52874
       47915       52006        8578       52863       52871
       47922       52861       52874       52873       52862
       47923       52874       52871       52872       52873
       47924       52871       52863       52864       52872
       47931       52862       52873       52867        9369
       47932       52873       52872       52868       52867
       47933       52872       52864        9370       52868
       47940        8558       52027       52904       52895
       47941       52027       52028       52901       52904
       47942       52028        8581       52861       52901
       47949       52895       52904       52903       52896
       47950       52904       52901       52902       52903
       47951       52901       52861       52862       52902
       47958       52896       52903       52899        9371
       47959       52903       52902       52900       52899
       47960       52902       52862        9369       52900
       47967        8578       51947       52930       52863
       47968       51947       51948       52927       52930
       47969       51948        8579       52921       52927
       47976       52863       52930       52929       52864
       47977       52930       52927       52928       52929
       47978       52927       52921       52922       52928
       47985       52864       52929       52923        9370
       47986       52929       52928       52924       52923
       47987       52928       52922        9372       52924
       47994        8555       51769       52956       52947
       47995       51769       51770       52953       52956
       47996       51770        8558       52895       52953
       48003       52947       52956       52955       52948
       48004       52956       52953       52954       52955
       48005       52953       52895       52896       52954
       48012       52948       52955       52951        9373
       48013       52955       52954       52952       52951
       48014       52954       52896        9371       52952
       48021        8579       51977       52986       52921
       48022       51977       51978       52983       52986
       48023       51978        8580       52973       52983
       48030       52921       52986       52985       52922
       48031       52986       52983       52984       52985
       48032       52983       52973       52974       52984
       48039       52922       52985       52975        9372
       48040       52985       52984       52976       52975
       48041       52984       52974        9374       52976
       48102        8554       51731       53060       53051
       48103       51731       51732       53057       53060
       48104       51732        8555       52947       53057
       48111       53051       53060       53059       53052
       48112       53060       53057       53058       53059
       48113       53057       52947       52948       53058
       48120       53052       53059       53055        9377
       48121       53059       53058       53056       53055
       48122       53058       52948        9373       53056
       48363        9377       53055       94153       10126
       48364       53055       53056       94154       94153
       48365       53056        9373       10127       94154
       48374       94153       94154       10127       10126
       48376        9373       52951       94163       10127
       48377       52951       52952       94164       94163
       48378       52952        9371       10130       94164
       48387       94163       94164       10130       10127
       48389        9371       52899       94173       10130
       48390       52899       52900       94174       94173
       48391       52900        9369       10132       94174
       48400       94173       94174       10132       10130
       48480        9369       52867       94225       10132
       48481       52867       52868       94226       94225
       48482       52868        9370       10138       94226
       48491       94225       94226       10138       10132
       48493        9370       52923       94235       10138
       48494       52923       52924       94236       94235
       48495       52924        9372       10140       94236
       48504       94235       94236       10140       10138
       48506        9372       52975       94245       10140
       48507       52975       52976       94246       94245
       48508       52976        9374       10142       94246
       48517       94245       94246       10142       10140
        3974         866        3950        5331         943
        3976        3950        3951        5332        5331
       90565        5331        5332       11118         943
       90567        3951         821       11118        5332
       90574        3898        3899       11127       11128
       90575         821        3898       11128       11118
       90576       11117       11146         943       11118
       90577       11116       11145       11146       11117
       90578       11115       11144       11145       11116
       90579       11114       11143       11144       11115
       90580         482         480       11143       11114
       90607       11128       11127       11102       11118
       90608        3899         809       11102       11127
       90615       11101       11117       11118       11102
       90616       11096       11116       11117       11101
       90617       11091       11115       11116       11096
       90618       11089       11114       11115       11091
       90619         326         482       11114       11089
         273         340         492         485         328
         274         492         488         484         485
         275         341         493         492         340
         276         493         489         488         492
        3932        5401        5402         937         936
        3923         832        3360        5401         936
        3924        3360        3361        5402        5401
        3921        3331         832         936        5396
        3925        3361         833         937        5402
       90360       11011        5396         936       11007
       90366        3330        3331        5396       11011
       90367         793        3330       11011       11007
       90368       11010       11008         493         341
       90369       11008       11009         489         493
       90370       11006       11004       11008       11010
       90371       11004       11005       11009       11008
       90372       11007         936       11004       11006
       90373         936         937       11005       11004
         330         560         561         571         570
         332         561         326         329         571
         334         570         571         572         569
         336         571         329         330         572
         338         569         572         573         568
         340         572         330         331         573
         342         568         573         574         567
         344         573         331         332         574
         346         567         574         575         566
         348         574         332         333         575
         350         566         575         565         564
         352         575         333         328         565
         354         588         589         593         592
         356         589         480         482         593
         358         592         593         561         560
         360         593         482         326         561
         361         565         601         600         564
         362         601         598         596         600
         363         328         485         601         565
         364         485         484         598         601
