        1190
         198         362         361         375         373
         199         371         373         372         370
         200         373         375         374         372
         197         363         362         373         371
        4040        5157        5158        5214        5213
        4052        5106         884         953        5230
        4056        5080         882         954        5236
        4044        5131        5132        5222        5221
        4054        5079        5080        5236        5235
        4038         885        5157        5213         952
        4048         882        5105        5229         954
        4042         884        5131        5221         953
        4046        5132         885         952        5222
        4050        5105        5106        5230        5229
       90917        5054         880       11331       11412
       90918        5053        5054       11412       11407
       90921        5235        5236         954       11331
       90925         880        5079        5235       11331
       90930        5229        5230         953         954
       90937        5221        5222         952         953
       90944        5213        5214       11335         952
       90946        5158         886       11335        5214
       90953        5179        5180       11403       11404
       90954         886        5179       11404       11335
       90993         364         363         371       11347
       90994         361         360       11345         375
       90995       11347         371         370       11343
       90996         375       11345       11341         374
       90997       11343         370       11418       11339
       90998         370         372       11417       11418
       90999         372         374       11416       11417
       91000         374       11341       11337       11416
       91001       11339       11418       11415       11334
       91002       11418       11417       11414       11415
       91003       11417       11416       11413       11414
       91004       11416       11337       11330       11413
       91005       11334       11415         952       11335
       91006       11415       11414         953         952
       91007       11414       11413         954         953
       91008       11413       11330       11331         954
       91010       11407       11412       11331       11316
       91015         879        5053       11407       11316
       91019       11404       11403       11265       11335
       91020        5180         887       11265       11403
       91091         356         364       11347       11271
       91092         360         358       11322       11345
       91093       11271       11347       11343       11269
       91094       11345       11322       11320       11341
       91095       11269       11343       11339       11267
       91096       11341       11320       11318       11337
       91097       11267       11339       11334       11264
       91098       11337       11318       11315       11330
       91099       11264       11334       11335       11265
       91100       11330       11315       11316       11331
        3412        5169        5168        5158        5157
        3192        4916        4834         752        4913
        3409        5130        5169        5157         885
        3174        4885        4884        4877        4876
        3159        4850        4839         753        4841
        3331        5091        5090        5080        5079
        3180        4875        4902        4893         755
        3403        5170        5167        5168        5169
        3406        5167        5155        5156        5168
        3367        4876        4877        5141        5144
        3388        5142        5130         885        5132
        3391         755        4893        5170        5129
        3334        5090        5078         882        5080
        3328        5052        5091        5079         880
        3385        5143        5142        5132        5131
        3156        4851        4850        4841        4840
        3400        5129        5170        5169        5130
        3418         756        4907        5188        5155
        3397        4894         756        5155        5167
        3379        5141        5129        5130        5142
        3171        4858        4885        4876         754
        3394        4893        4894        5167        5170
        3376        5144        5141        5142        5143
        3162        4839        4868        4859         753
        3168        4867        4858         754        4860
        3319        5051        5092        5091        5052
        3415        5168        5156         886        5158
        3340        4859        4860        5115        5118
        3337         753        4859        5118        5077
        3382        5104        5143        5131         884
        3370        4877         755        5129        5141
        3165        4868        4867        4860        4859
        3325        5089        5077        5078        5090
        3322        5092        5089        5090        5091
        3432        5186        4548         887        5180
        3316        4841         753        5077        5089
        3310         752        4840        5092        5051
        3364         754        4876        5144        5103
        3361        5116        5104         884        5106
        3355        5078        5117        5105         882
        3183        4902        4901        4894        4893
        3297        5066        5063        5064        5065
        3295        4728        5066        5065        4727
        3425        5185        4547        4548        5186
        3430        5187        5186        5180        5179
        3352        5115        5103        5104        5116
        3349        5118        5115        5116        5117
        3346        5077        5118        5117        5078
        3307        5064        5052         880        5054
        3304        5065        5064        5054        5053
        3302        4727        5065        5053         879
        3421        5155        5188        5187        5156
        3423        5188        5185        5186        5187
        3343        4860         754        5103        5115
        3373        5103        5144        5143        5104
        3189        4892        4910        4907         756
        3177        4884        4875         755        4877
        3313        4840        4841        5089        5092
        3428        5156        5187        5179         886
        3293        4913         752        5051        5063
        3300        5063        5051        5052        5064
        3153        4834        4851        4840         752
        3358        5117        5116        5106        5105
        3186        4901        4892         756        4894
       79741       10831         762        4547        5185
       79744        4907       10831        5185        5188
       79751       10843        4913        5063        5066
       79754         764       10843        5066        4728
       79803       10840        4916        4913       10843
       79806       10837       10785        4834        4916
       79809       10834       10837        4916       10840
       79812        4910       10828       10831        4907
       79815       10822       10825       10828        4910
       79818       10819       10822        4910        4892
       79821       10816       10819        4892        4901
       79824       10813       10816        4901        4902
       79827       10810       10813        4902        4875
       79830       10807       10810        4875        4884
       79833       10804       10807        4884        4885
       79836       10801       10804        4885        4858
       79839       10798       10801        4858        4867
       79842       10795       10798        4867        4868
       79845       10792       10795        4868        4839
       79848       10789       10792        4839        4850
       79851       10786       10789        4850        4851
       79854       10785       10786        4851        4834
       79925        4639       10840       10843         764
       79928       10666       10834       10840        4639
       79931       10828        4449         762       10831
       79934       10825       10572        4449       10828
       80523        6712       82023       82050       82019
       80526       82023       82024       82047       82050
       80529       82024        6713       82027       82047
       80532       82019       82050       82049       82020
       80535       82050       82047       82048       82049
       80538       82047       82027       82028       82048
       80541       82020       82049       82029        6714
       80544       82049       82048       82030       82029
       80547       82048       82028        6715       82030
       80550        6716       82065       82084       82061
       80553       82065       82066       82081       82084
       80556       82066        6712       82019       82081
       80559       82061       82084       82083       82062
       80562       82084       82081       82082       82083
       80565       82081       82019       82020       82082
       80568       82062       82083       82067        6717
       80571       82083       82082       82068       82067
       80574       82082       82020        6714       82068
       80685        6736       82279       82306       82275
       80688       82279       82280       82303       82306
       80691       82280        6737       82283       82303
       80694       82275       82306       82305       82276
       80697       82306       82303       82304       82305
       80700       82303       82283       82284       82304
       80703       82276       82305       82285        6738
       80706       82305       82304       82286       82285
       80709       82304       82284        6739       82286
       80712        6737       82317       82340       82283
       80715       82317       82318       82337       82340
       80718       82318        6740       82321       82337
       80721       82283       82340       82339       82284
       80724       82340       82337       82338       82339
       80727       82337       82321       82322       82338
       80730       82284       82339       82323        6739
       80733       82339       82338       82324       82323
       80736       82338       82322        6741       82324
       80739        6713       82353       82372       82027
       80742       82353       82354       82369       82372
       80745       82354        6736       82275       82369
       80748       82027       82372       82371       82028
       80751       82372       82369       82370       82371
       80754       82369       82275       82276       82370
       80757       82028       82371       82355        6715
       80760       82371       82370       82356       82355
       80763       82370       82276        6738       82356
       80928        6760       82615       82642       82611
       80931       82615       82616       82639       82642
       80934       82616        6761       82619       82639
       80937       82611       82642       82641       82612
       80940       82642       82639       82640       82641
       80943       82639       82619       82620       82640
       80946       82612       82641       82621        6762
       80949       82641       82640       82622       82621
       80952       82640       82620        6763       82622
       80955        6761       82653       82676       82619
       80958       82653       82654       82673       82676
       80961       82654        6764       82657       82673
       80964       82619       82676       82675       82620
       80967       82676       82673       82674       82675
       80970       82673       82657       82658       82674
       80973       82620       82675       82659        6763
       80976       82675       82674       82660       82659
       80979       82674       82658        6765       82660
       80982        6740       82689       82708       82321
       80985       82689       82690       82705       82708
       80988       82690        6760       82611       82705
       80991       82321       82708       82707       82322
       80994       82708       82705       82706       82707
       80997       82705       82611       82612       82706
       81000       82322       82707       82691        6741
       81003       82707       82706       82692       82691
       81006       82706       82612        6762       82692
       81171        6780       82939       82966       82935
       81174       82939       82940       82963       82966
       81177       82940        6781       82943       82963
       81180       82935       82966       82965       82936
       81183       82966       82963       82964       82965
       81186       82963       82943       82944       82964
       81189       82936       82965       82945        6782
       81192       82965       82964       82946       82945
       81195       82964       82944        6783       82946
       81198        6781       82977       83000       82943
       81201       82977       82978       82997       83000
       81204       82978        6784       82981       82997
       81207       82943       83000       82999       82944
       81210       83000       82997       82998       82999
       81213       82997       82981       82982       82998
       81216       82944       82999       82983        6783
       81219       82999       82998       82984       82983
       81222       82998       82982        6785       82984
       81225        6787       83017       83044       78194
       81228       83017       83018       83041       83044
       81231       83018        6788       83021       83041
       81234       78194       83044       83043       78193
       81237       83044       83041       83042       83043
       81240       83041       83021       83022       83042
       81243       78193       83043       83023        6791
       81246       83043       83042       83024       83023
       81249       83042       83022        6792       83024
       81252        6788       83057       83076       83021
       81255       83057       83058       83073       83076
       81258       83058        6780       82935       83073
       81261       83021       83076       83075       83022
       81264       83076       83073       83074       83075
       81267       83073       82935       82936       83074
       81270       83022       83075       83059        6792
       81273       83075       83074       83060       83059
       81276       83074       82936        6782       83060
       81387        6764       83209       83236       82657
       81390       83209       83210       83233       83236
       81393       83210        6802       83213       83233
       81396       82657       83236       83235       82658
       81399       83236       83233       83234       83235
       81402       83233       83213       83214       83234
       81405       82658       83235       83215        6765
       81408       83235       83234       83216       83215
       81411       83234       83214        6804       83216
       81414        6802       83249       83268       83213
       81417       83249       83250       83265       83268
       81420       83250        6806       75423       83265
       81423       83213       83268       83267       83214
       81426       83268       83265       83266       83267
       81429       83265       75423       75424       83266
       81432       83214       83267       83251        6804
       81435       83267       83266       83252       83251
       81438       83266       75424        6808       83252
       81657        6832       83567       83594       83563
       81660       83567       83568       83591       83594
       81663       83568        6833       83571       83591
       81666       83563       83594       83593       83564
       81669       83594       83591       83592       83593
       81672       83591       83571       83572       83592
       81675       83564       83593       83573        6834
       81678       83593       83592       83574       83573
       81681       83592       83572        6835       83574
       81684        6836       83609       83628       83605
       81687       83609       83610       83625       83628
       81690       83610        6832       83563       83625
       81693       83605       83628       83627       83606
       81696       83628       83625       83626       83627
       81699       83625       83563       83564       83626
       81702       83606       83627       83611        6837
       81705       83627       83626       83612       83611
       81708       83626       83564        6834       83612
       81711        6833       83641       83660       83571
       81714       83641       83642       83657       83660
       81717       83642        6716       82061       83657
       81720       83571       83660       83659       83572
       81723       83660       83657       83658       83659
       81726       83657       82061       82062       83658
       81729       83572       83659       83643        6835
       81732       83659       83658       83644       83643
       81735       83658       82062        6717       83644
       81792        6784       83721       83740       82981
       81795       83721       83722       83737       83740
       81798       83722        6836       83605       83737
       81801       82981       83740       83739       82982
       81804       83740       83737       83738       83739
       81807       83737       83605       83606       83738
       81810       82982       83739       83723        6785
       81813       83739       83738       83724       83723
       81816       83738       83606        6837       83724
       84276        6714       82029       86272       86247
       84279       82029       82030       86269       86272
       84282       82030        6715       86253       86269
       84285       86247       86272       86271       86248
       84288       86272       86269       86270       86271
       84291       86269       86253       86254       86270
       84294       86248       86271       86255        8314
       84297       86271       86270       86256       86255
       84300       86270       86254        8315       86256
       84303        6717       82067       86298       86281
       84306       82067       82068       86295       86298
       84309       82068        6714       86247       86295
       84312       86281       86298       86297       86282
       84315       86298       86295       86296       86297
       84318       86295       86247       86248       86296
       84321       86282       86297       86285        8316
       84324       86297       86296       86286       86285
       84327       86296       86248        8314       86286
       84330        6715       82355       86324       86253
       84333       82355       82356       86321       86324
       84336       82356        6738       86309       86321
       84339       86253       86324       86323       86254
       84342       86324       86321       86322       86323
       84345       86321       86309       86310       86322
       84348       86254       86323       86311        8315
       84351       86323       86322       86312       86311
       84354       86322       86310        8317       86312
       84438        6835       83643       86418       86401
       84441       83643       83644       86415       86418
       84444       83644        6717       86281       86415
       84447       86401       86418       86417       86402
       84450       86418       86415       86416       86417
       84453       86415       86281       86282       86416
       84456       86402       86417       86405        8319
       84459       86417       86416       86406       86405
       84462       86416       86282        8316       86406
       84627        6738       82285       86600       86309
       84630       82285       82286       86597       86600
       84633       82286        6739       86585       86597
       84636       86309       86600       86599       86310
       84639       86600       86597       86598       86599
       84642       86597       86585       86586       86598
       84645       86310       86599       86587        8317
       84648       86599       86598       86588       86587
       84651       86598       86586        8326       86588
       84654        6739       82323       86626       86585
       84657       82323       82324       86623       86626
       84660       82324        6741       86611       86623
       84663       86585       86626       86625       86586
       84666       86626       86623       86624       86625
       84669       86623       86611       86612       86624
       84672       86586       86625       86613        8326
       84675       86625       86624       86614       86613
       84678       86624       86612        8327       86614
       84762        6741       82691       86736       86611
       84765       82691       82692       86733       86736
       84768       82692        6762       86721       86733
       84771       86611       86736       86735       86612
       84774       86736       86733       86734       86735
       84777       86733       86721       86722       86734
       84780       86612       86735       86723        8327
       84783       86735       86734       86724       86723
       84786       86734       86722        8331       86724
       84951        6762       82621       86918       86721
       84954       82621       82622       86915       86918
       84957       82622        6763       86903       86915
       84960       86721       86918       86917       86722
       84963       86918       86915       86916       86917
       84966       86915       86903       86904       86916
       84969       86722       86917       86905        8331
       84972       86917       86916       86906       86905
       84975       86916       86904        8338       86906
       84978        6763       82659       86944       86903
       84981       82659       82660       86941       86944
       84984       82660        6765       86929       86941
       84987       86903       86944       86943       86904
       84990       86944       86941       86942       86943
       84993       86941       86929       86930       86942
       84996       86904       86943       86931        8338
       84999       86943       86942       86932       86931
       85002       86942       86930        8339       86932
       85086        6765       83215       87048       86929
       85089       83215       83216       87045       87048
       85092       83216        6804       87033       87045
       85095       86929       87048       87047       86930
       85098       87048       87045       87046       87047
       85101       87045       87033       87034       87046
       85104       86930       87047       87035        8339
       85107       87047       87046       87036       87035
       85110       87046       87034        8343       87036
       85248        6792       83059       87220       87195
       85251       83059       83060       87217       87220
       85254       83060        6782       87201       87217
       85257       87195       87220       87219       87196
       85260       87220       87217       87218       87219
       85263       87217       87201       87202       87218
       85266       87196       87219       87203        8350
       85269       87219       87218       87204       87203
       85272       87218       87202        8351       87204
       85275        6782       82945       87246       87201
       85278       82945       82946       87243       87246
       85281       82946        6783       87231       87243
       85284       87201       87246       87245       87202
       85287       87246       87243       87244       87245
       85290       87243       87231       87232       87244
       85293       87202       87245       87233        8351
       85296       87245       87244       87234       87233
       85299       87244       87232        8352       87234
       85302        6783       82983       87272       87231
       85305       82983       82984       87269       87272
       85308       82984        6785       87257       87269
       85311       87231       87272       87271       87232
       85314       87272       87269       87270       87271
       85317       87269       87257       87258       87270
       85320       87232       87271       87259        8352
       85323       87271       87270       87260       87259
       85326       87270       87258        8353       87260
       85356        6785       83723       87324       87257
       85359       83723       83724       87321       87324
       85362       83724        6837       87309       87321
       85365       87257       87324       87323       87258
       85368       87324       87321       87322       87323
       85371       87321       87309       87310       87322
       85374       87258       87323       87311        8353
       85377       87323       87322       87312       87311
       85380       87322       87310        8355       87312
       85410        6791       83023       87366       79562
       85413       83023       83024       87363       87366
       85416       83024        6792       87195       87363
       85419       79562       87366       87365       79561
       85422       87366       87363       87364       87365
       85425       87363       87195       87196       87364
       85428       79561       87365       87357        8361
       85431       87365       87364       87358       87357
       85434       87364       87196        8350       87358
       85491        6804       83251       87426       87033
       85494       83251       83252       87423       87426
       85497       83252        6808       76127       87423
       85500       87033       87426       87425       87034
       85503       87426       87423       87424       87425
       85506       87423       76127       76128       87424
       85509       87034       87425       87413        8343
       85512       87425       87424       87414       87413
       85515       87424       76128        8365       87414
       85653        6834       83573       87544       87527
       85656       83573       83574       87541       87544
       85659       83574        6835       86401       87541
       85662       87527       87544       87543       87528
       85665       87544       87541       87542       87543
       85668       87541       86401       86402       87542
       85671       87528       87543       87531        8374
       85674       87543       87542       87532       87531
       85677       87542       86402        8319       87532
       85680        6837       83611       87562       87309
       85683       83611       83612       87559       87562
       85686       83612        6834       87527       87559
       85689       87309       87562       87561       87310
       85692       87562       87559       87560       87561
       85695       87559       87527       87528       87560
       85698       87310       87561       87553        8355
       85701       87561       87560       87554       87553
       85704       87560       87528        8374       87554
       87813        8314       86255       89566       89541
       87816       86255       86256       89563       89566
       87819       86256        8315       89547       89563
       87822       89541       89566       89565       89542
       87825       89566       89563       89564       89565
       87828       89563       89547       89548       89564
       87831       89542       89565       89549        9400
       87834       89565       89564       89550       89549
       87837       89564       89548        9401       89550
       87840        8316       86285       89592       89575
       87843       86285       86286       89589       89592
       87846       86286        8314       89541       89589
       87849       89575       89592       89591       89576
       87852       89592       89589       89590       89591
       87855       89589       89541       89542       89590
       87858       89576       89591       89579        9402
       87861       89591       89590       89580       89579
       87864       89590       89542        9400       89580
       87867        8315       86311       89618       89547
       87870       86311       86312       89615       89618
       87873       86312        8317       89603       89615
       87876       89547       89618       89617       89548
       87879       89618       89615       89616       89617
       87882       89615       89603       89604       89616
       87885       89548       89617       89605        9401
       87888       89617       89616       89606       89605
       87891       89616       89604        9403       89606
       87894        8319       86405       89644       89627
       87897       86405       86406       89641       89644
       87900       86406        8316       89575       89641
       87903       89627       89644       89643       89628
       87906       89644       89641       89642       89643
       87909       89641       89575       89576       89642
       87912       89628       89643       89631        9404
       87915       89643       89642       89632       89631
       87918       89642       89576        9402       89632
       87975        8317       86587       89722       89603
       87978       86587       86588       89719       89722
       87981       86588        8326       89707       89719
       87984       89603       89722       89721       89604
       87987       89722       89719       89720       89721
       87990       89719       89707       89708       89720
       87993       89604       89721       89709        9403
       87996       89721       89720       89710       89709
       87999       89720       89708        9407       89710
       88002        8374       87531       89748       89731
       88005       87531       87532       89745       89748
       88008       87532        8319       89627       89745
       88011       89731       89748       89747       89732
       88014       89748       89745       89746       89747
       88017       89745       89627       89628       89746
       88020       89732       89747       89735        9408
       88023       89747       89746       89736       89735
       88026       89746       89628        9404       89736
       88083        8326       86613       89826       89707
       88086       86613       86614       89823       89826
       88089       86614        8327       89811       89823
       88092       89707       89826       89825       89708
       88095       89826       89823       89824       89825
       88098       89823       89811       89812       89824
       88101       89708       89825       89813        9407
       88104       89825       89824       89814       89813
       88107       89824       89812        9411       89814
       88164        8327       86723       89904       89811
       88167       86723       86724       89901       89904
       88170       86724        8331       89889       89901
       88173       89811       89904       89903       89812
       88176       89904       89901       89902       89903
       88179       89901       89889       89890       89902
       88182       89812       89903       89891        9411
       88185       89903       89902       89892       89891
       88188       89902       89890        9414       89892
       88245        8331       86905       89982       89889
       88248       86905       86906       89979       89982
       88251       86906        8338       89967       89979
       88254       89889       89982       89981       89890
       88257       89982       89979       89980       89981
       88260       89979       89967       89968       89980
       88263       89890       89981       89969        9414
       88266       89981       89980       89970       89969
       88269       89980       89968        9417       89970
       88326        8338       86931       90060       89967
       88329       86931       86932       90057       90060
       88332       86932        8339       90045       90057
       88335       89967       90060       90059       89968
       88338       90060       90057       90058       90059
       88341       90057       90045       90046       90058
       88344       89968       90059       90047        9417
       88347       90059       90058       90048       90047
       88350       90058       90046        9420       90048
       88407        8339       87035       90138       90045
       88410       87035       87036       90135       90138
       88413       87036        8343       90123       90135
       88416       90045       90138       90137       90046
       88419       90138       90135       90136       90137
       88422       90135       90123       90124       90136
       88425       90046       90137       90125        9420
       88428       90137       90136       90126       90125
       88431       90136       90124        9423       90126
       88488        8343       87413       90192       90123
       88491       87413       87414       90189       90192
       88494       87414        8365       77249       90189
       88497       90123       90192       90191       90124
       88500       90192       90189       90190       90191
       88503       90189       77249       77250       90190
       88506       90124       90191       90183        9423
       88509       90191       90190       90184       90183
       88512       90190       77250        9426       90184
       88569        8361       87357       90254       80920
       88572       87357       87358       90251       90254
       88575       87358        8350       90239       90251
       88578       80920       90254       90253       80919
       88581       90254       90251       90252       90253
       88584       90251       90239       90240       90252
       88587       80919       90253       90241        9429
       88590       90253       90252       90242       90241
       88593       90252       90240        9430       90242
       88596        8350       87203       90280       90239
       88599       87203       87204       90277       90280
       88602       87204        8351       90265       90277
       88605       90239       90280       90279       90240
       88608       90280       90277       90278       90279
       88611       90277       90265       90266       90278
       88614       90240       90279       90267        9430
       88617       90279       90278       90268       90267
       88620       90278       90266        9431       90268
       88623        8351       87233       90306       90265
       88626       87233       87234       90303       90306
       88629       87234        8352       90291       90303
       88632       90265       90306       90305       90266
       88635       90306       90303       90304       90305
       88638       90303       90291       90292       90304
       88641       90266       90305       90293        9431
       88644       90305       90304       90294       90293
       88647       90304       90292        9432       90294
       88650        8352       87259       90332       90291
       88653       87259       87260       90329       90332
       88656       87260        8353       90317       90329
       88659       90291       90332       90331       90292
       88662       90332       90329       90330       90331
       88665       90329       90317       90318       90330
       88668       90292       90331       90319        9432
       88671       90331       90330       90320       90319
       88674       90330       90318        9433       90320
       88677        8353       87311       90358       90317
       88680       87311       87312       90355       90358
       88683       87312        8355       90343       90355
       88686       90317       90358       90357       90318
       88689       90358       90355       90356       90357
       88692       90355       90343       90344       90356
       88695       90318       90357       90345        9433
       88698       90357       90356       90346       90345
       88701       90356       90344        9434       90346
       88704        8355       87553       90376       90343
       88707       87553       87554       90373       90376
       88710       87554        8374       89731       90373
       88713       90343       90376       90375       90344
       88716       90376       90373       90374       90375
       88719       90373       89731       89732       90374
       88722       90344       90375       90367        9434
       88725       90375       90374       90368       90367
       88728       90374       89732        9408       90368
       89459        9432       90319       90883       10785
       89462       90319       90320       90884       90883
       89465       90320        9433       10786       90884
       89467       90883       90884       10786       10785
       89498        9433       90345       90907       10786
       89501       90345       90346       90908       90907
       89504       90346        9434       10789       90908
       89506       90907       90908       10789       10786
       89537        9434       90367       90931       10789
       89540       90367       90368       90932       90931
       89543       90368        9408       10792       90932
       89545       90931       90932       10792       10789
       89576        9408       89735       90955       10792
       89579       89735       89736       90956       90955
       89582       89736        9404       10795       90956
       89584       90955       90956       10795       10792
       89615        9404       89631       90979       10795
       89618       89631       89632       90980       90979
       89621       89632        9402       10798       90980
       89623       90979       90980       10798       10795
       89654        9402       89579       91003       10798
       89657       89579       89580       91004       91003
       89660       89580        9400       10801       91004
       89662       91003       91004       10801       10798
       89693        9400       89549       91027       10801
       89696       89549       89550       91028       91027
       89699       89550        9401       10804       91028
       89701       91027       91028       10804       10801
       89732        9401       89605       91051       10804
       89735       89605       89606       91052       91051
       89738       89606        9403       10807       91052
       89740       91051       91052       10807       10804
       89771        9403       89709       91075       10807
       89774       89709       89710       91076       91075
       89777       89710        9407       10810       91076
       89779       91075       91076       10810       10807
       89810        9407       89813       91099       10810
       89813       89813       89814       91100       91099
       89816       89814        9411       10813       91100
       89818       91099       91100       10813       10810
       89849        9411       89891       91123       10813
       89852       89891       89892       91124       91123
       89855       89892        9414       10816       91124
       89857       91123       91124       10816       10813
       89888        9414       89969       91147       10816
       89891       89969       89970       91148       91147
       89894       89970        9417       10819       91148
       89896       91147       91148       10819       10816
       89927        9417       90047       91171       10819
       89930       90047       90048       91172       91171
       89933       90048        9420       10822       91172
       89935       91171       91172       10822       10819
       89966        9420       90125       91195       10822
       89969       90125       90126       91196       91195
       89972       90126        9423       10825       91196
       89974       91195       91196       10825       10822
       90005        9423       90183       91219       10825
       90008       90183       90184       91220       91219
       90011       90184        9426       10572       91220
       90013       91219       91220       10572       10825
       90044        9429       90241       91249       10666
       90047       90241       90242       91250       91249
       90050       90242        9430       10834       91250
       90052       91249       91250       10834       10666
       90083        9430       90267       91273       10834
       90086       90267       90268       91274       91273
       90089       90268        9431       10837       91274
       90091       91273       91274       10837       10834
       90122        9431       90293       91291       10837
       90125       90293       90294       91292       91291
       90128       90294        9432       10785       91292
       90130       91291       91292       10785       10837
        3016        4590        4587        4588        4589
        3017        4587        4581        4582        4588
        3015        4549        4590        4589        4550
        2979         762        4453        4560        4547
        3008        4484         768        4581        4587
        2980        4453        4454        4557        4560
        2945        4488        4487        4484        4483
        2997        4548        4559        4553         887
        2981        4454         763        4549        4557
        2999        4558        4550         888        4554
        2998        4559        4558        4554        4553
        3026        4588        4582         889        4584
        3025        4589        4588        4584        4583
        3024        4550        4589        4583         888
        3007        4483        4484        4587        4590
        3006         763        4483        4590        4549
        2944        4450        4488        4483         763
        2946        4487        4482         768        4484
        2990        4557        4549        4550        4558
        2932        4449        4458        4453         762
        2933        4458        4457        4454        4453
        2934        4457        4450         763        4454
        2988        4547        4560        4559        4548
        2989        4560        4557        4558        4559
       72845       10601       10603        4482        4487
       72846       10599       10601        4487        4488
       72847       10578       10599        4488        4450
       72863       10576       10578        4450        4457
       72864       10573       10576        4457        4458
       72865       10572       10573        4458        4449
       72893        6982       74749       74780       74751
       72894       74749       74750       74777       74780
       72895       74750        6983       74757       74777
       72902       74751       74780       74779       74752
       72903       74780       74777       74778       74779
       72904       74777       74757       74758       74778
       72911       74752       74779       74761        6986
       72912       74779       74778       74762       74761
       72913       74778       74758        6987       74762
       72920        6983       74805       74828       74757
       72921       74805       74806       74825       74828
       72922       74806        6990       74809       74825
       72929       74757       74828       74827       74758
       72930       74828       74825       74826       74827
       72931       74825       74809       74810       74826
       72938       74758       74827       74811        6987
       72939       74827       74826       74812       74811
       72940       74826       74810        6992       74812
       72947        6990       74849       74872       74809
       72948       74849       74850       74869       74872
       72949       74850        6994       74853       74869
       72956       74809       74872       74871       74810
       72957       74872       74869       74870       74871
       72958       74869       74853       74854       74870
       72965       74810       74871       74855        6992
       72966       74871       74870       74856       74855
       72967       74870       74854        6996       74856
       73379        6806       75421       75452       75423
       73380       75421       75422       75449       75452
       73381       75422        7038       75429       75449
       73388       75423       75452       75451       75424
       73389       75452       75449       75450       75451
       73390       75449       75429       75430       75450
       73397       75424       75451       75433        6808
       73398       75451       75450       75434       75433
       73399       75450       75430        7040       75434
       73406        7038       75477       75500       75429
       73407       75477       75478       75497       75500
       73408       75478        7042       75481       75497
       73415       75429       75500       75499       75430
       73416       75500       75497       75498       75499
       73417       75497       75481       75482       75498
       73424       75430       75499       75483        7040
       73425       75499       75498       75484       75483
       73426       75498       75482        7044       75484
       73433        7042       75521       75536       75481
       73434       75521       75522       75533       75536
       73435       75522        6982       74751       75533
       73442       75481       75536       75535       75482
       73443       75536       75533       75534       75535
       73444       75533       74751       74752       75534
       73451       75482       75535       75525        7044
       73452       75535       75534       75526       75525
       73453       75534       74752        6986       75526
       73946        6808       75433       76146       76127
       73947       75433       75434       76143       76146
       73948       75434        7040       76129       76143
       73955       76127       76146       76145       76128
       73956       76146       76143       76144       76145
       73957       76143       76129       76130       76144
       73964       76128       76145       76133        8365
       73965       76145       76144       76134       76133
       73966       76144       76130        8368       76134
       74054        7044       75525       76282       76263
       74055       75525       75526       76279       76282
       74056       75526        6986       76265       76279
       74063       76263       76282       76281       76264
       74064       76282       76279       76280       76281
       74065       76279       76265       76266       76280
       74072       76264       76281       76269        8404
       74073       76281       76280       76270       76269
       74074       76280       76266        8405       76270
       74081        6986       74761       76320       76265
       74082       74761       74762       76317       76320
       74083       74762        6987       76307       76317
       74090       76265       76320       76319       76266
       74091       76320       76317       76318       76319
       74092       76317       76307       76308       76318
       74099       76266       76319       76309        8405
       74100       76319       76318       76310       76309
       74101       76318       76308        8408       76310
       74108        6987       74811       76354       76307
       74109       74811       74812       76351       76354
       74110       74812        6992       76341       76351
       74117       76307       76354       76353       76308
       74118       76354       76351       76352       76353
       74119       76351       76341       76342       76352
       74126       76308       76353       76343        8408
       74127       76353       76352       76344       76343
       74128       76352       76342        8410       76344
       74216        6992       74855       76474       76341
       74217       74855       74856       76471       76474
       74218       74856        6996       76461       76471
       74225       76341       76474       76473       76342
       74226       76474       76471       76472       76473
       74227       76471       76461       76462       76472
       74234       76342       76473       76463        8410
       74235       76473       76472       76464       76463
       74236       76472       76462        8416       76464
       74702        7040       75483       76934       76129
       74703       75483       75484       76931       76934
       74704       75484        7044       76263       76931
       74711       76129       76934       76933       76130
       74712       76934       76931       76932       76933
       74713       76931       76263       76264       76932
       74720       76130       76933       76927        8368
       74721       76933       76932       76928       76927
       74722       76932       76264        8404       76928
       75053        8365       76133       77268       77249
       75054       76133       76134       77265       77268
       75055       76134        8368       77251       77265
       75062       77249       77268       77267       77250
       75063       77268       77265       77266       77267
       75064       77265       77251       77252       77266
       75071       77250       77267       77255        9426
       75072       77267       77266       77256       77255
       75073       77266       77252        9441       77256
       75134        8368       76927       77364       77251
       75135       76927       76928       77361       77364
       75136       76928        8404       77351       77361
       75143       77251       77364       77363       77252
       75144       77364       77361       77362       77363
       75145       77361       77351       77352       77362
       75152       77252       77363       77353        9441
       75153       77363       77362       77354       77353
       75154       77362       77352        9444       77354
       75215        8404       76269       77442       77351
       75216       76269       76270       77439       77442
       75217       76270        8405       77429       77439
       75224       77351       77442       77441       77352
       75225       77442       77439       77440       77441
       75226       77439       77429       77430       77440
       75233       77352       77441       77431        9444
       75234       77441       77440       77432       77431
       75235       77440       77430        9459       77432
       75242        8405       76309       77476       77429
       75243       76309       76310       77473       77476
       75244       76310        8408       77463       77473
       75251       77429       77476       77475       77430
       75252       77476       77473       77474       77475
       75253       77473       77463       77464       77474
       75260       77430       77475       77465        9459
       75261       77475       77474       77466       77465
       75262       77474       77464        9461       77466
       75323        8408       76343       77562       77463
       75324       76343       76344       77559       77562
       75325       76344        8410       77549       77559
       75332       77463       77562       77561       77464
       75333       77562       77559       77560       77561
       75334       77559       77549       77550       77560
       75341       77464       77561       77551        9461
       75342       77561       77560       77552       77551
       75343       77560       77550        9465       77552
       75377        8410       76463       77622       77549
       75378       76463       76464       77619       77622
       75379       76464        8416       77609       77619
       75386       77549       77622       77621       77550
       75387       77622       77619       77620       77621
       75388       77619       77609       77610       77620
       75395       77550       77621       77611        9465
       75396       77621       77620       77612       77611
       75397       77620       77610        9468       77612
       75926        9426       77255       91675       10572
       75927       77255       77256       91676       91675
       75928       77256        9441       10573       91676
       75937       91675       91676       10573       10572
       75939        9441       77353       91685       10573
       75940       77353       77354       91686       91685
       75941       77354        9444       10576       91686
       75950       91685       91686       10576       10573
       75952        9444       77431       91695       10576
       75953       77431       77432       91696       91695
       75954       77432        9459       10578       91696
       75963       91695       91696       10578       10576
       76160        9459       77465       91825       10578
       76161       77465       77466       91826       91825
       76162       77466        9461       10599       91826
       76171       91825       91826       10599       10578
       76173        9461       77551       91835       10599
       76174       77551       77552       91836       91835
       76175       77552        9465       10601       91836
       76184       91835       91836       10601       10599
       76186        9465       77611       91845       10601
       76187       77611       77612       91846       91845
       76188       77612        9468       10603       91846
       76197       91845       91846       10603       10601
        3088        4725        4726        4741        4744
        3047        4635        4648        4639         764
        3041         765        4638        4649        4634
        3103        4722        4743        4727         879
        3112         883        4757        4770        4755
        3127        4767        4656        4657        4768
        3056        4657        4665        4638         765
        3124        4770        4767        4768        4769
        3053        4656        4666        4665        4657
        3094        4721        4744        4743        4722
        3044        4634        4649        4648        4635
        3121        4755        4770        4769        4756
        3130        4756        4769        4725         881
        3097        4744        4741        4742        4743
        3109        4742        4635         764        4728
        3091        4726         765        4634        4741
        3136        4768        4657         765        4726
        3100        4741        4634        4635        4742
        3085         881        4725        4744        4721
        3106        4743        4742        4728        4727
        3133        4769        4768        4726        4725
        3050         766        4658        4666        4656
        3115        4757        4758        4767        4770
        3118        4758         766        4656        4767
       76299        4665       10675       10659        4638
       76302        4666       10672       10675        4665
       76305        4658       10671       10672        4666
       76308        4648       10663       10666        4639
       76311        4649       10660       10663        4648
       76314        4638       10659       10660        4649
       76409        6911       78095       78126       78087
       76412       78095       78096       78123       78126
       76415       78096        6912       78099       78123
       76418       78087       78126       78125       78088
       76421       78126       78123       78124       78125
       76424       78123       78099       78100       78124
       76427       78088       78125       78101        6915
       76430       78125       78124       78102       78101
       76433       78124       78100        6916       78102
       76436        6915       78101       78170       78137
       76439       78101       78102       78167       78170
       76442       78102        6916       78147       78167
       76445       78137       78170       78169       78138
       76448       78170       78167       78168       78169
       76451       78167       78147       78148       78168
       76454       78138       78169       78149        6919
       76457       78169       78168       78150       78149
       76460       78168       78148        6920       78150
       76463        6919       78149       78214       78181
       76466       78149       78150       78211       78214
       76469       78150        6920       78191       78211
       76472       78181       78214       78213       78182
       76475       78214       78211       78212       78213
       76478       78211       78191       78192       78212
       76481       78182       78213       78193        6791
       76484       78213       78212       78194       78193
       76487       78212       78192        6787       78194
       77138        6972       79075       79102       79071
       77141       79075       79076       79099       79102
       77144       79076        6973       79079       79099
       77147       79071       79102       79101       79072
       77150       79102       79099       79100       79101
       77153       79099       79079       79080       79100
       77156       79072       79101       79081        6974
       77159       79101       79100       79082       79081
       77162       79100       79080        6975       79082
       77246        6980       79209       79228       79207
       77249       79209       79210       79225       79228
       77252       79210        6981       79211       79225
       77255       79207       79228       79227       79208
       77258       79228       79225       79226       79227
       77261       79225       79211       79212       79226
       77264       79208       79227       78095        6911
       77267       79227       79226       78096       78095
       77270       79226       79212        6912       78096
       77273        6974       79081       79260       79239
       77276       79081       79082       79257       79260
       77279       79082        6975       79243       79257
       77282       79239       79260       79259       79240
       77285       79260       79257       79258       79259
       77288       79257       79243       79244       79258
       77291       79240       79259       79209        6980
       77294       79259       79258       79210       79209
       77297       79258       79244        6981       79210
       77570        8360       79559       79578       79555
       77573       79559       79560       79575       79578
       77576       79560        6919       78181       79575
       77579       79555       79578       79577       79556
       77582       79578       79575       79576       79577
       77585       79575       78181       78182       79576
       77588       79556       79577       79561        8361
       77591       79577       79576       79562       79561
       77594       79576       78182        6791       79562
       77732        8384       79747       79766       79743
       77735       79747       79748       79763       79766
       77738       79748        6980       79207       79763
       77741       79743       79766       79765       79744
       77744       79766       79763       79764       79765
       77747       79763       79207       79208       79764
       77750       79744       79765       79749        8385
       77753       79765       79764       79750       79749
       77756       79764       79208        6911       79750
       77786        8385       79749       79826       79809
       77789       79749       79750       79823       79826
       77792       79750        6911       78087       79823
       77795       79809       79826       79825       79810
       77798       79826       79823       79824       79825
       77801       79823       78087       78088       79824
       77804       79810       79825       79813        8388
       77807       79825       79824       79814       79813
       77810       79824       78088        6915       79814
       77840        8388       79813       79868       79859
       77843       79813       79814       79865       79868
       77846       79814        6915       78137       79865
       77849       79859       79868       79867       79860
       77852       79868       79865       79866       79867
       77855       79865       78137       78138       79866
       77858       79860       79867       79559        8360
       77861       79867       79866       79560       79559
       77864       79866       78138        6919       79560
       78245        8402       80223       80242       80219
       78248       80223       80224       80239       80242
       78251       80224        6972       79071       80239
       78254       80219       80242       80241       80220
       78257       80242       80239       80240       80241
       78260       80239       79071       79072       80240
       78263       80220       80241       80225        8403
       78266       80241       80240       80226       80225
       78269       80240       79072        6974       80226
       78272        8403       80225       80260       80251
       78275       80225       80226       80257       80260
       78278       80226        6974       79239       80257
       78281       80251       80260       80259       80252
       78284       80260       80257       80258       80259
       78287       80257       79239       79240       80258
       78290       80252       80259       79747        8384
       78293       80259       80258       79748       79747
       78296       80258       79240        6980       79748
       78893        9439       80887       80906       80883
       78896       80887       80888       80903       80906
       78899       80888        8388       79859       80903
       78902       80883       80906       80905       80884
       78905       80906       80903       80904       80905
       78908       80903       79859       79860       80904
       78911       80884       80905       80889        9440
       78914       80905       80904       80890       80889
       78917       80904       79860        8360       80890
       78920        9440       80889       80932       80915
       78923       80889       80890       80929       80932
       78926       80890        8360       79555       80929
       78929       80915       80932       80931       80916
       78932       80932       80929       80930       80931
       78935       80929       79555       79556       80930
       78938       80916       80931       80919        9429
       78941       80931       80930       80920       80919
       78944       80930       79556        8361       80920
       79055        9453       81067       81086       81063
       79058       81067       81068       81083       81086
       79061       81068        8403       80251       81083
       79064       81063       81086       81085       81064
       79067       81086       81083       81084       81085
       79070       81083       80251       80252       81084
       79073       81064       81085       81069        9454
       79076       81085       81084       81070       81069
       79079       81084       80252        8384       81070
       79082        9454       81069       81112       81095
       79085       81069       81070       81109       81112
       79088       81070        8384       79743       81109
       79091       81095       81112       81111       81096
       79094       81112       81109       81110       81111
       79097       81109       79743       79744       81110
       79100       81096       81111       81099        9455
       79103       81111       81110       81100       81099
       79106       81110       79744        8385       81100
       79163        9455       81099       81166       81157
       79166       81099       81100       81163       81166
       79169       81100        8385       79809       81163
       79172       81157       81166       81165       81158
       79175       81166       81163       81164       81165
       79178       81163       79809       79810       81164
       79181       81158       81165       80887        9439
       79184       81165       81164       80888       80887
       79187       81164       79810        8388       80888
       79244        9458       81231       81244       81229
       79247       81231       81232       81241       81244
       79250       81232        8402       80219       81241
       79253       81229       81244       81243       81230
       79256       81244       81241       81242       81243
       79259       81241       80219       80220       81242
       79262       81230       81243       81067        9453
       79265       81243       81242       81068       81067
       79268       81242       80220        8403       81068
       79531        9455       81157       91477       10659
       79534       81157       81158       91478       91477
       79537       81158        9439       10660       91478
       79539       91477       91478       10660       10659
       79570        9439       80883       91501       10660
       79573       80883       80884       91502       91501
       79576       80884        9440       10663       91502
       79578       91501       91502       10663       10660
       79609        9440       80915       91519       10663
       79612       80915       80916       91520       91519
       79615       80916        9429       10666       91520
       79617       91519       91520       10666       10663
       79648        9458       81229       91549       10671
       79651       81229       81230       91550       91549
       79654       81230        9453       10672       91550
       79656       91549       91550       10672       10671
       79687        9453       81063       91573       10672
       79690       81063       81064       91574       91573
       79693       81064        9454       10675       91574
       79695       91573       91574       10675       10672
       79726        9454       81095       91591       10675
       79729       81095       81096       91592       91591
       79732       81096        9455       10659       91592
       79734       91591       91592       10659       10675
        4034         881        4721        5251         951
        4028         883        4755        5245         950
        4030        4755        4756        5246        5245
        4032        4756         881         951        5246
       90853        5251       11327       11316         951
       90855        4722         879       11316       11327
       90856        4721        4722       11327        5251
       90862        5245        5246         951         950
       90870         500       11326       11321         502
       90871       11326       11325       11319       11321
       90872       11325       11324       11317       11319
       90873       11324       11323       11314       11317
       90874       11323         950         951       11314
       90876         502       11321       11322         358
       90877       11321       11319       11320       11322
       90878       11319       11317       11318       11320
       90879       11317       11314       11315       11318
       90880       11314         951       11316       11315
        4024        5254        5255         948         949
        4019        4584         889         948        5255
        4017         888        4583        5254         949
        4018        4583        4584        5255        5254
        4025        4554         888         949        5264
       90792       11276        5264         949       11265
       90798        4553        4554        5264       11276
       90799         887        4553       11276       11265
       90809         496         497       11270       11275
       90811       11275       11270       11268       11274
       90812       11274       11268       11266       11273
       90813       11273       11266       11263       11272
       90814       11272       11263         949         948
       90815         497         356       11271       11270
       90817       11270       11271       11269       11268
       90818       11268       11269       11267       11266
       90819       11266       11267       11264       11263
       90820       11263       11264       11265         949
         369         360         619         614         358
         370         619         613         608         614
         371         361         618         619         360
         372         618         612         613         619
         373         362         617         618         361
         374         617         611         612         618
         375         363         616         617         362
         376         616         610         611         617
         377         364         615         616         363
         378         615         609         610         616
         379         356         606         615         364
         380         606         604         609         615
         393         497         637         606         356
         394         637         636         604         606
         395         496         634         637         497
         396         634         632         636         637
         402         608         644         645         614
         404         644         640         641         645
         406         614         645         502         358
         408         645         641         500         502
