        1190
         168         276         264         252         257
         166         274         276         257         256
         164         272         274         256         255
         162         270         272         255         254
         160         268         270         254         253
         158         248         268         253         246
         156         277         265         264         276
         150         271         273         272         270
         154         275         277         276         274
         152         273         275         274         272
         148         269         271         270         268
         146         247         269         268         248
        3914        3089         861         935        5476
        3890         858        3036        5447         931
        3889        3036        3037        5446        5447
        3888        3037         859         933        5446
        3918        5477        5476         935         934
        3872        3005         858         931        5428
        3873        3004        3005        5428        5429
        3874         857        3004        5429         930
        3908        5463        5462         934         933
        3906         859        3062        5463         933
        3905        3062        3063        5462        5463
        3920         861        3140        5483         935
        3904        3063         860         934        5462
        3915        3088        3089        5476        5477
        3916         860        3088        5477         934
        3876        5429        5428         931         930
        3892        5447        5446         933         931
        3866        3117         857         930        5417
       90205        5483       10971       10964         935
       90209        3140        3141       10971        5483
       90210        3141         864       10964       10971
       90266       10968        5417         930       10965
       90270         862        3116       10968       10965
       90271        3116        3117        5417       10968
       90285       10965         930       10962       10963
       90286         930         931       10961       10962
       90287         931         933       10960       10961
       90288         933         934       10958       10960
       90289         934         935       10956       10958
       90290         935       10964       10957       10956
       90291       10963       10962       10954       10955
       90292       10962       10961       10953       10954
       90293       10961       10960       10952       10953
       90294       10960       10958       10950       10952
       90295       10958       10956       10948       10950
       90296       10956       10957       10949       10948
       90298       10955       10954         269         247
       90300       10954       10953         271         269
       90302       10953       10952         273         271
       90304       10952       10950         275         273
       90306       10950       10948         277         275
       90308       10948       10949         265         277
        1765         742        2791        2814        2804
        1766        2804        2814        2813        2805
        1975         859        3040        3075        3062
        1977        3041         741        2787        3072
        1767        2805        2813        2808         757
        1948         858        3010        3049        3036
        1757        2787        2797        2796        2788
        1976        3040        3041        3072        3075
        1981        3063        3074        3066         860
        1983        3073        2788         742        3067
        1952        3049        3046        3047        3048
        1982        3074        3073        3067        3066
        1756         741        2774        2797        2787
        1979        3075        3072        3073        3074
        1758        2788        2796        2791         742
        1731        2734        2745        2738         739
        2035        3117        3130        3006         857
        2030        3118        3119        3128        3131
        1978        3062        3075        3074        3063
        2036        3130        3129        3007        3006
        1730        2733        2746        2745        2734
        1980        3072        2787        2788        3073
        2029         862        3118        3131        3116
        1740        2754        2762        2757         740
        1929        3021        2754         740        3011
        2037        3129        2734         739        3007
        1928        3022        3021        3011        3010
        1749        2771        2779        2774         741
        1927        3005        3022        3010         858
        1926        3020        2753        2754        3021
        1729         738        2735        2746        2733
        1925        3023        3020        3021        3022
        2002         860        3066        3101        3088
        1747         740        2757        2780        2770
        1950        3011         740        2770        3046
        1748        2770        2780        2779        2771
        1951        3036        3049        3048        3037
        1924        3004        3023        3022        3005
        2034        3128        2733        2734        3129
        1923        3007         739        2753        3020
        1954        3037        3048        3040         859
        2006        3101        3098        3099        3100
        1775        2821        2831        2830        2822
        2007        3098        2804        2805        3099
        1955        3048        3047        3041        3040
        1774         757        2808        2831        2821
        2033        3131        3128        3129        3130
        2005        3088        3101        3100        3089
        1922        3006        3007        3020        3023
        2003        3066        3067        3098        3101
        1776        2822        2830        2825         758
        2004        3067         742        2804        3098
        1921         857        3006        3023        3004
        1739        2753        2763        2762        2754
        1956        3047        2771         741        3041
        1738         739        2738        2763        2753
        2010        3099        2805         757        3093
        2008        3089        3100        3092         861
        1949        3010        3011        3046        3049
        2009        3100        3099        3093        3092
        2032        3116        3131        3130        3117
        2031        3119         738        2733        3128
        1953        3046        2770        2771        3047
        2064        3151        2822         758        3145
        2063        3152        3151        3145        3144
        2062        3141        3152        3144         864
        2061        3150        2821        2822        3151
        2060        3153        3150        3151        3152
        2059        3140        3153        3152        3141
        2058        3093         757        2821        3150
        2057        3092        3093        3150        3153
        2056         861        3092        3153        3140
       34873        2830       10091       10092        2825
       34874        2831       10090       10091        2830
       34875        2808       10083       10090        2831
       34882        2813       10082       10083        2808
       34883        2814       10081       10082        2813
       34884        2791       10074       10081        2814
       34891        2796       10073       10074        2791
       34892        2797       10072       10073        2796
       34893        2774       10065       10072        2797
       34900        2779       10064       10065        2774
       34901        2780       10063       10064        2779
       34902        2757       10056       10063        2780
       34909        2762       10055       10056        2757
       34910        2763       10054       10055        2762
       34911        2738       10047       10054        2763
       34918        2745       10046       10047        2738
       34919        2746       10045       10046        2745
       34920        2735       10044       10045        2746
       35575        7274       40979       41006       40977
       35576       40979       40980       41003       41006
       35577       40980        7275       40989       41003
       35578       40977       41006       41005       40978
       35579       41006       41003       41004       41005
       35580       41003       40989       40990       41004
       35581       40978       41005       40985        7277
       35582       41005       41004       40986       40985
       35583       41004       40990        7276       40986
       35602        7277       40985       41050       41027
       35603       40985       40986       41047       41050
       35604       40986        7276       41037       41047
       35605       41027       41050       41049       41028
       35606       41050       41047       41048       41049
       35607       41047       41037       41038       41048
       35608       41028       41049       41033        7281
       35609       41049       41048       41034       41033
       35610       41048       41038        7280       41034
       35791        7450       41357       41384       41355
       35792       41357       41358       41381       41384
       35793       41358        7451       41367       41381
       35794       41355       41384       41383       41356
       35795       41384       41381       41382       41383
       35796       41381       41367       41368       41382
       35797       41356       41383       41363        7453
       35798       41383       41382       41364       41363
       35799       41382       41368        7452       41364
       35818        7462       41413       41440       41411
       35819       41413       41414       41437       41440
       35820       41414        7463       41423       41437
       35821       41411       41440       41439       41412
       35822       41440       41437       41438       41439
       35823       41437       41423       41424       41438
       35824       41412       41439       41419        7465
       35825       41439       41438       41420       41419
       35826       41438       41424        7464       41420
       35845        7465       41419       41484       41461
       35846       41419       41420       41481       41484
       35847       41420        7464       41471       41481
       35848       41461       41484       41483       41462
       35849       41484       41481       41482       41483
       35850       41481       41471       41472       41482
       35851       41462       41483       41467        7469
       35852       41483       41482       41468       41467
       35853       41482       41472        7468       41468
       35872        7480       41513       41540       41511
       35873       41513       41514       41537       41540
       35874       41514        7481       41523       41537
       35875       41511       41540       41539       41512
       35876       41540       41537       41538       41539
       35877       41537       41523       41524       41538
       35878       41512       41539       41519        7483
       35879       41539       41538       41520       41519
       35880       41538       41524        7482       41520
       35899        7483       41519       41584       41561
       35900       41519       41520       41581       41584
       35901       41520        7482       41571       41581
       35902       41561       41584       41583       41562
       35903       41584       41581       41582       41583
       35904       41581       41571       41572       41582
       35905       41562       41583       41567        7487
       35906       41583       41582       41568       41567
       35907       41582       41572        7486       41568
       35926        7492       41613       41640       41611
       35927       41613       41614       41637       41640
       35928       41614        7493       41623       41637
       35929       41611       41640       41639       41612
       35930       41640       41637       41638       41639
       35931       41637       41623       41624       41638
       35932       41612       41639       41619        7495
       35933       41639       41638       41620       41619
       35934       41638       41624        7494       41620
       35953        7498       41667       41688       41665
       35954       41667       41668       41685       41688
       35955       41668        7499       41671       41685
       35956       41665       41688       41687       41666
       35957       41688       41685       41686       41687
       35958       41685       41671       41672       41686
       35959       41666       41687       41613        7492
       35960       41687       41686       41614       41613
       35961       41686       41672        7493       41614
       36142        7546       41949       41976       41947
       36143       41949       41950       41973       41976
       36144       41950        7547       41959       41973
       36145       41947       41976       41975       41948
       36146       41976       41973       41974       41975
       36147       41973       41959       41960       41974
       36148       41948       41975       41955        7549
       36149       41975       41974       41956       41955
       36150       41974       41960        7548       41956
       36169        7549       41955       42020       41997
       36170       41955       41956       42017       42020
       36171       41956        7548       42007       42017
       36172       41997       42020       42019       41998
       36173       42020       42017       42018       42019
       36174       42017       42007       42008       42018
       36175       41998       42019       42003        7553
       36176       42019       42018       42004       42003
       36177       42018       42008        7552       42004
       36196        7028       42049       42076       42047
       36197       42049       42050       42073       42076
       36198       42050        7026       42059       42073
       36199       42047       42076       42075       42048
       36200       42076       42073       42074       42075
       36201       42073       42059       42060       42074
       36202       42048       42075       42055        7575
       36203       42075       42074       42056       42055
       36204       42074       42060        7574       42056
       36358        7281       41033       42312       42301
       36359       41033       41034       42309       42312
       36360       41034        7280       42303       42309
       36361       42301       42312       42311       42302
       36362       42312       42309       42310       42311
       36363       42309       42303       42304       42310
       36364       42302       42311       41667        7498
       36365       42311       42310       41668       41667
       36366       42310       42304        7499       41668
       36466        7469       41467       42444       42427
       36467       41467       41468       42441       42444
       36468       41468        7468       42431       42441
       36469       42427       42444       42443       42428
       36470       42444       42441       42442       42443
       36471       42441       42431       42432       42442
       36472       42428       42443       41357        7450
       36473       42443       42442       41358       41357
       36474       42442       42432        7451       41358
       36628        7553       42003       42624       42607
       36629       42003       42004       42621       42624
       36630       42004        7552       42611       42621
       36631       42607       42624       42623       42608
       36632       42624       42621       42622       42623
       36633       42621       42611       42612       42622
       36634       42608       42623       40979        7274
       36635       42623       42622       40980       40979
       36636       42622       42612        7275       40980
       36844        7495       41619       42880       42869
       36845       41619       41620       42877       42880
       36846       41620        7494       42871       42877
       36847       42869       42880       42879       42870
       36848       42880       42877       42878       42879
       36849       42877       42871       42872       42878
       36850       42870       42879       41513        7480
       36851       42879       42878       41514       41513
       36852       42878       42872        7481       41514
       36925        7487       41567       42952       42935
       36926       41567       41568       42949       42952
       36927       41568        7486       42939       42949
       36928       42935       42952       42951       42936
       36929       42952       42949       42950       42951
       36930       42949       42939       42940       42950
       36931       42936       42951       41413        7462
       36932       42951       42950       41414       41413
       36933       42950       42940        7463       41414
       37087        7575       42055       43122       43111
       37088       42055       42056       43119       43122
       37089       42056        7574       43113       43119
       37090       43111       43122       43121       43112
       37091       43122       43119       43120       43121
       37092       43119       43113       43114       43120
       37093       43112       43121       41949        7546
       37094       43121       43120       41950       41949
       37095       43120       43114        7547       41950
       38869        8433       44875       44896       44873
       38870       44875       44876       44893       44896
       38871       44876        7028       42047       44893
       38872       44873       44896       44895       44874
       38873       44896       44893       44894       44895
       38874       44893       42047       42048       44894
       38875       44874       44895       44879        8437
       38876       44895       44894       44880       44879
       38877       44894       42048        7575       44880
       39409        8536       45463       45480       45461
       39410       45463       45464       45477       45480
       39411       45464        7553       42607       45477
       39412       45461       45480       45479       45462
       39413       45480       45477       45478       45479
       39414       45477       42607       42608       45478
       39415       45462       45479       45467        8537
       39416       45479       45478       45468       45467
       39417       45478       42608        7274       45468
       39436        8537       45467       45506       45493
       39437       45467       45468       45503       45506
       39438       45468        7274       40977       45503
       39439       45493       45506       45505       45494
       39440       45506       45503       45504       45505
       39441       45503       40977       40978       45504
       39442       45494       45505       45497        8538
       39443       45505       45504       45498       45497
       39444       45504       40978        7277       45498
       39490        8538       45497       45566       45553
       39491       45497       45498       45563       45566
       39492       45498        7277       41027       45563
       39493       45553       45566       45565       45554
       39494       45566       45563       45564       45565
       39495       45563       41027       41028       45564
       39496       45554       45565       45557        8541
       39497       45565       45564       45558       45557
       39498       45564       41028        7281       45558
       39544        8541       45557       45626       45613
       39545       45557       45558       45623       45626
       39546       45558        7281       42301       45623
       39547       45613       45626       45625       45614
       39548       45626       45623       45624       45625
       39549       45623       42301       42302       45624
       39550       45614       45625       45617        8544
       39551       45625       45624       45618       45617
       39552       45624       42302        7498       45618
       39895        8587       45955       45972       45953
       39896       45955       45956       45969       45972
       39897       45956        7469       42427       45969
       39898       45953       45972       45971       45954
       39899       45972       45969       45970       45971
       39900       45969       42427       42428       45970
       39901       45954       45971       45959        8588
       39902       45971       45970       45960       45959
       39903       45970       42428        7450       45960
       39922        8588       45959       45998       45985
       39923       45959       45960       45995       45998
       39924       45960        7450       41355       45995
       39925       45985       45998       45997       45986
       39926       45998       45995       45996       45997
       39927       45995       41355       41356       45996
       39928       45986       45997       45989        8589
       39929       45997       45996       45990       45989
       39930       45996       41356        7453       45990
       39949        8590       46015       46032       46013
       39950       46015       46016       46029       46032
       39951       46016        7487       42935       46029
       39952       46013       46032       46031       46014
       39953       46032       46029       46030       46031
       39954       46029       42935       42936       46030
       39955       46014       46031       46019        8591
       39956       46031       46030       46020       46019
       39957       46030       42936        7462       46020
       39976        8591       46019       46058       46045
       39977       46019       46020       46055       46058
       39978       46020        7462       41411       46055
       39979       46045       46058       46057       46046
       39980       46058       46055       46056       46057
       39981       46055       41411       41412       46056
       39982       46046       46057       46049        8592
       39983       46057       46056       46050       46049
       39984       46056       41412        7465       46050
       40003        8592       46049       46080       46071
       40004       46049       46050       46077       46080
       40005       46050        7465       41461       46077
       40006       46071       46080       46079       46072
       40007       46080       46077       46078       46079
       40008       46077       41461       41462       46078
       40009       46072       46079       45955        8587
       40010       46079       46078       45956       45955
       40011       46078       41462        7469       45956
       40030        8593       46093       46110       46091
       40031       46093       46094       46107       46110
       40032       46094        7495       42869       46107
       40033       46091       46110       46109       46092
       40034       46110       46107       46108       46109
       40035       46107       42869       42870       46108
       40036       46092       46109       46097        8594
       40037       46109       46108       46098       46097
       40038       46108       42870        7480       46098
       40057        8594       46097       46136       46123
       40058       46097       46098       46133       46136
       40059       46098        7480       41511       46133
       40060       46123       46136       46135       46124
       40061       46136       46133       46134       46135
       40062       46133       41511       41512       46134
       40063       46124       46135       46127        8595
       40064       46135       46134       46128       46127
       40065       46134       41512        7483       46128
       40084        8595       46127       46158       46149
       40085       46127       46128       46155       46158
       40086       46128        7483       41561       46155
       40087       46149       46158       46157       46150
       40088       46158       46155       46156       46157
       40089       46155       41561       41562       46156
       40090       46150       46157       46015        8590
       40091       46157       46156       46016       46015
       40092       46156       41562        7487       46016
       40138        8598       46205       46218       46203
       40139       46205       46206       46215       46218
       40140       46206        7492       41611       46215
       40141       46203       46218       46217       46204
       40142       46218       46215       46216       46217
       40143       46215       41611       41612       46216
       40144       46204       46217       46093        8593
       40145       46217       46216       46094       46093
       40146       46216       41612        7495       46094
       40192        8544       45617       46260       46251
       40193       45617       45618       46257       46260
       40194       45618        7498       41665       46257
       40195       46251       46260       46259       46252
       40196       46260       46257       46258       46259
       40197       46257       41665       41666       46258
       40198       46252       46259       46205        8598
       40199       46259       46258       46206       46205
       40200       46258       41666        7492       46206
       40435        8437       44879       46482       46469
       40436       44879       44880       46479       46482
       40437       44880        7575       43111       46479
       40438       46469       46482       46481       46470
       40439       46482       46479       46480       46481
       40440       46479       43111       43112       46480
       40441       46470       46481       46473        8609
       40442       46481       46480       46474       46473
       40443       46480       43112        7546       46474
       40462        8609       46473       46508       46495
       40463       46473       46474       46505       46508
       40464       46474        7546       41947       46505
       40465       46495       46508       46507       46496
       40466       46508       46505       46506       46507
       40467       46505       41947       41948       46506
       40468       46496       46507       46499        8610
       40469       46507       46506       46500       46499
       40470       46506       41948        7549       46500
       40516        8610       46499       46554       46545
       40517       46499       46500       46551       46554
       40518       46500        7549       41997       46551
       40519       46545       46554       46553       46546
       40520       46554       46551       46552       46553
       40521       46551       41997       41998       46552
       40522       46546       46553       45463        8536
       40523       46553       46552       45464       45463
       40524       46552       41998        7553       45464
       42325        9483       48251       48272       48249
       42326       48251       48252       48269       48272
       42327       48252        8433       44873       48269
       42328       48249       48272       48271       48250
       42329       48272       48269       48270       48271
       42330       48269       44873       44874       48270
       42331       48250       48271       48255        9485
       42332       48271       48270       48256       48255
       42333       48270       44874        8437       48256
       42433        9485       48255       48390       48377
       42434       48255       48256       48387       48390
       42435       48256        8437       46469       48387
       42436       48377       48390       48389       48378
       42437       48390       48387       48388       48389
       42438       48387       46469       46470       48388
       42439       48378       48389       48381        9489
       42440       48389       48388       48382       48381
       42441       48388       46470        8609       48382
       42811        9549       48753       48770       48751
       42812       48753       48754       48767       48770
       42813       48754        8598       46203       48767
       42814       48751       48770       48769       48752
       42815       48770       48767       48768       48769
       42816       48767       46203       46204       48768
       42817       48752       48769       48757        9550
       42818       48769       48768       48758       48757
       42819       48768       46204        8593       48758
       42838        9550       48757       48796       48783
       42839       48757       48758       48793       48796
       42840       48758        8593       46091       48793
       42841       48783       48796       48795       48784
       42842       48796       48793       48794       48795
       42843       48793       46091       46092       48794
       42844       48784       48795       48787        9551
       42845       48795       48794       48788       48787
       42846       48794       46092        8594       48788
       42865        9551       48787       48822       48809
       42866       48787       48788       48819       48822
       42867       48788        8594       46123       48819
       42868       48809       48822       48821       48810
       42869       48822       48819       48820       48821
       42870       48819       46123       46124       48820
       42871       48810       48821       48813        9552
       42872       48821       48820       48814       48813
       42873       48820       46124        8595       48814
       42892        9552       48813       48848       48835
       42893       48813       48814       48845       48848
       42894       48814        8595       46149       48845
       42895       48835       48848       48847       48836
       42896       48848       48845       48846       48847
       42897       48845       46149       46150       48846
       42898       48836       48847       48839        9553
       42899       48847       48846       48840       48839
       42900       48846       46150        8590       48840
       42919        9553       48839       48874       48861
       42920       48839       48840       48871       48874
       42921       48840        8590       46013       48871
       42922       48861       48874       48873       48862
       42923       48874       48871       48872       48873
       42924       48871       46013       46014       48872
       42925       48862       48873       48865        9554
       42926       48873       48872       48866       48865
       42927       48872       46014        8591       48866
       42946        9554       48865       48900       48887
       42947       48865       48866       48897       48900
       42948       48866        8591       46045       48897
       42949       48887       48900       48899       48888
       42950       48900       48897       48898       48899
       42951       48897       46045       46046       48898
       42952       48888       48899       48891        9555
       42953       48899       48898       48892       48891
       42954       48898       46046        8592       48892
       43135        9564       49089       49106       49087
       43136       49089       49090       49103       49106
       43137       49090        8610       46545       49103
       43138       49087       49106       49105       49088
       43139       49106       49103       49104       49105
       43140       49103       46545       46546       49104
       43141       49088       49105       49093        9565
       43142       49105       49104       49094       49093
       43143       49104       46546        8536       49094
       43162        9565       49093       49132       49119
       43163       49093       49094       49129       49132
       43164       49094        8536       45461       49129
       43165       49119       49132       49131       49120
       43166       49132       49129       49130       49131
       43167       49129       45461       45462       49130
       43168       49120       49131       49123        9566
       43169       49131       49130       49124       49123
       43170       49130       45462        8537       49124
       43189        9566       49123       49158       49145
       43190       49123       49124       49155       49158
       43191       49124        8537       45493       49155
       43192       49145       49158       49157       49146
       43193       49158       49155       49156       49157
       43194       49155       45493       45494       49156
       43195       49146       49157       49149        9567
       43196       49157       49156       49150       49149
       43197       49156       45494        8538       49150
       43270        9567       49149       49236       49223
       43271       49149       49150       49233       49236
       43272       49150        8538       45553       49233
       43273       49223       49236       49235       49224
       43274       49236       49233       49234       49235
       43275       49233       45553       45554       49234
       43276       49224       49235       49227        9570
       43277       49235       49234       49228       49227
       43278       49234       45554        8541       49228
       43351        9570       49227       49314       49301
       43352       49227       49228       49311       49314
       43353       49228        8541       45613       49311
       43354       49301       49314       49313       49302
       43355       49314       49311       49312       49313
       43356       49311       45613       45614       49312
       43357       49302       49313       49305        9573
       43358       49313       49312       49306       49305
       43359       49312       45614        8544       49306
       43432        9573       49305       49372       49363
       43433       49305       49306       49369       49372
       43434       49306        8544       46251       49369
       43435       49363       49372       49371       49364
       43436       49372       49369       49370       49371
       43437       49369       46251       46252       49370
       43438       49364       49371       48753        9549
       43439       49371       49370       48754       48753
       43440       49370       46252        8598       48754
       43621        9555       48891       49550       49537
       43622       48891       48892       49547       49550
       43623       48892        8592       46071       49547
       43624       49537       49550       49549       49538
       43625       49550       49547       49548       49549
       43626       49547       46071       46072       49548
       43627       49538       49549       49541        9578
       43628       49549       49548       49542       49541
       43629       49548       46072        8587       49542
       43648        9578       49541       49576       49563
       43649       49541       49542       49573       49576
       43650       49542        8587       45953       49573
       43651       49563       49576       49575       49564
       43652       49576       49573       49574       49575
       43653       49573       45953       45954       49574
       43654       49564       49575       49567        9579
       43655       49575       49574       49568       49567
       43656       49574       45954        8588       49568
       43675        9579       49567       49602       49589
       43676       49567       49568       49599       49602
       43677       49568        8588       45985       49599
       43678       49589       49602       49601       49590
       43679       49602       49599       49600       49601
       43680       49599       45985       45986       49600
       43681       49590       49601       49593        9532
       43682       49601       49600       49594       49593
       43683       49600       45986        8589       49594
       43756        9489       48381       49660       49651
       43757       48381       48382       49657       49660
       43758       48382        8609       46495       49657
       43759       49651       49660       49659       49652
       43760       49660       49657       49658       49659
       43761       49657       46495       46496       49658
       43762       49652       49659       49089        9564
       43763       49659       49658       49090       49089
       43764       49658       46496        8610       49090
       44551       48250        9485       10045       94809
       44552       48249       48250       94809       94810
       44553        9483       48249       94810       10044
       44557       94810       94809       10045       10044
       44564       48378        9489       10046       94817
       44565       48377       48378       94817       94818
       44566        9485       48377       94818       10045
       44570       94818       94817       10046       10045
       44577       49652        9564       10047       94825
       44578       49651       49652       94825       94826
       44579        9489       49651       94826       10046
       44583       94826       94825       10047       10046
       44668       49088        9565       10054       94881
       44669       49087       49088       94881       94882
       44670        9564       49087       94882       10047
       44674       94882       94881       10054       10047
       44681       49120        9566       10055       94889
       44682       49119       49120       94889       94890
       44683        9565       49119       94890       10054
       44687       94890       94889       10055       10054
       44694       49146        9567       10056       94897
       44695       49145       49146       94897       94898
       44696        9566       49145       94898       10055
       44700       94898       94897       10056       10055
       44785       49224        9570       10063       94953
       44786       49223       49224       94953       94954
       44787        9567       49223       94954       10056
       44791       94954       94953       10063       10056
       44798       49302        9573       10064       94961
       44799       49301       49302       94961       94962
       44800        9570       49301       94962       10063
       44804       94962       94961       10064       10063
       44811       49364        9549       10065       94969
       44812       49363       49364       94969       94970
       44813        9573       49363       94970       10064
       44817       94970       94969       10065       10064
       44902       48752        9550       10072       95025
       44903       48751       48752       95025       95026
       44904        9549       48751       95026       10065
       44908       95026       95025       10072       10065
       44915       48784        9551       10073       95033
       44916       48783       48784       95033       95034
       44917        9550       48783       95034       10072
       44921       95034       95033       10073       10072
       44928       48810        9552       10074       95041
       44929       48809       48810       95041       95042
       44930        9551       48809       95042       10073
       44934       95042       95041       10074       10073
       45019       48836        9553       10081       95097
       45020       48835       48836       95097       95098
       45021        9552       48835       95098       10074
       45025       95098       95097       10081       10074
       45032       48862        9554       10082       95105
       45033       48861       48862       95105       95106
       45034        9553       48861       95106       10081
       45038       95106       95105       10082       10081
       45045       48888        9555       10083       95113
       45046       48887       48888       95113       95114
       45047        9554       48887       95114       10082
       45051       95114       95113       10083       10082
       45136       49538        9578       10090       95165
       45137       49537       49538       95165       95166
       45138        9555       49537       95166       10083
       45142       95166       95165       10090       10083
       45149       49564        9579       10091       95173
       45150       49563       49564       95173       95174
       45151        9578       49563       95174       10090
       45155       95174       95173       10091       10090
       45162       49590        9532       10092       95179
       45163       49589       49590       95179       95180
       45164        9579       49589       95180       10091
       45168       95180       95179       10092       10091
        2559        3928        3849         759        3923
        2579        3955        3872        3871        3954
        2529        3872        3873        3874        3871
        2576        3954        3871         761        3949
        2558        3931        3928        3923        3922
        2561        3930        3929        3928        3931
        2528        3871        3874        3868         761
        2522        3849        3850        3846         759
        2577        3953        3956        3957        3952
        2560        3927        3930        3931        3926
        2530         759        3846        3873        3872
        2557        3926        3931        3922         865
        2575        3957        3954        3949        3948
        2580         865        3922        3956        3953
        2574        3952        3957        3948         866
        2582        3923         759        3872        3955
        2562         864        3144        3930        3927
        2578        3956        3955        3954        3957
        2563        3144        3145        3929        3930
        2581        3922        3923        3955        3956
       58977        3145         758       10341        3929
       58978        3929       10341        3849        3928
       59006        3846       10335       10369        3873
       59007        3873       10369       10366        3874
       59008        3874       10366       10365        3868
       59024       10342       10339       10336        3850
       59025       10341       10342        3850        3849
       59026        3850       10336       10335        3846
       59057        2825       10092       10339       10342
       59058         758        2825       10342       10341
       59150       62503       62526       62499        7220
       59151       62526       62523       62500       62499
       59152       62523       62515        7221       62500
       59153       62504       62525       62526       62503
       59154       62525       62524       62523       62526
       59155       62524       62516       62515       62523
       59156        7223       62505       62525       62504
       59157       62505       62506       62524       62525
       59158       62506        7222       62516       62524
       59177       62555       62574       62505        7223
       59178       62574       62571       62506       62505
       59179       62571       62563        7222       62506
       59180       62556       62573       62574       62555
       59181       62573       62572       62571       62574
       59182       62572       62564       62563       62571
       59183        7229       62557       62573       62556
       59184       62557       62558       62572       62573
       59185       62558        7228       62564       62572
       59204       62603       62626       62599        7232
       59205       62626       62623       62600       62599
       59206       62623       62615        7233       62600
       59207       62604       62625       62626       62603
       59208       62625       62624       62623       62626
       59209       62624       62616       62615       62623
       59210        7235       62605       62625       62604
       59211       62605       62606       62624       62625
       59212       62606        7234       62616       62624
       59312       62781       62796       62777        7454
       59313       62796       62793       62778       62777
       59314       62793       62789        7455       62778
       59315       62782       62795       62796       62781
       59316       62795       62794       62793       62796
       59317       62794       62790       62789       62793
       59318        7453       41363       62795       62782
       59319       41363       41364       62794       62795
       59320       41364        7452       62790       62794
       59501       63077       63088       62557        7229
       59502       63088       63085       62558       62557
       59503       63085       63081        7228       62558
       59504       63078       63087       63088       63077
       59505       63087       63086       63085       63088
       59506       63086       63082       63081       63085
       59507        7454       62777       63087       63078
       59508       62777       62778       63086       63087
       59509       62778        7455       63082       63086
       59771       63349       63360       62605        7235
       59772       63360       63357       62606       62605
       59773       63357       63353        7234       62606
       59774       63350       63359       63360       63349
       59775       63359       63358       63357       63360
       59776       63358       63354       63353       63357
       59777        7220       62499       63359       63350
       59778       62499       62500       63358       63359
       59779       62500        7221       63354       63358
       60365       63955       63964       63951        8496
       60366       63964       63961       63952       63951
       60367       63961       63349        7235       63952
       60368       63956       63963       63964       63955
       60369       63963       63962       63961       63964
       60370       63962       63350       63349       63961
       60371        8497       63957       63963       63956
       60372       63957       63958       63962       63963
       60373       63958        7220       63350       63962
       60392       63985       63998       63957        8497
       60393       63998       63995       63958       63957
       60394       63995       62503        7220       63958
       60395       63986       63997       63998       63985
       60396       63997       63996       63995       63998
       60397       63996       62504       62503       63995
       60398        8498       63987       63997       63986
       60399       63987       63988       63996       63997
       60400       63988        7223       62504       63996
       60419       64019       64032       63987        8498
       60420       64032       64029       63988       63987
       60421       64029       62555        7223       63988
       60422       64020       64031       64032       64019
       60423       64031       64030       64029       64032
       60424       64030       62556       62555       64029
       60425        8500       64021       64031       64020
       60426       64021       64022       64030       64031
       60427       64022        7229       62556       64030
       60500       64105       64118       64021        8500
       60501       64118       64115       64022       64021
       60502       64115       63077        7229       64022
       60503       64106       64117       64118       64105
       60504       64117       64116       64115       64118
       60505       64116       63078       63077       64115
       60506        8504       64107       64117       64106
       60507       64107       64108       64116       64117
       60508       64108        7454       63078       64116
       60554       64169       64174       64165        8507
       60555       64174       64171       64166       64165
       60556       64171       62603        7232       64166
       60557       64170       64173       64174       64169
       60558       64173       64172       64171       64174
       60559       64172       62604       62603       64171
       60560        8496       63951       64173       64170
       60561       63951       63952       64172       64173
       60562       63952        7235       62604       64172
       60770       64345       64350       64107        8504
       60771       64350       64347       64108       64107
       60772       64347       62781        7454       64108
       60773       64346       64349       64350       64345
       60774       64349       64348       64347       64350
       60775       64348       62782       62781       64347
       60776        8589       45989       64349       64346
       60777       45989       45990       64348       64349
       60778       45990        7453       62782       64348
       61256       64763       64778       64759        9505
       61257       64778       64775       64760       64759
       61258       64775       64169        8507       64760
       61259       64764       64777       64778       64763
       61260       64777       64776       64775       64778
       61261       64776       64170       64169       64775
       61262        9506       64765       64777       64764
       61263       64765       64766       64776       64777
       61264       64766        8496       64170       64776
       61310       64837       64850       64765        9506
       61311       64850       64847       64766       64765
       61312       64847       63955        8496       64766
       61313       64838       64849       64850       64837
       61314       64849       64848       64847       64850
       61315       64848       63956       63955       64847
       61316        9511       64839       64849       64838
       61317       64839       64840       64848       64849
       61318       64840        8497       63956       64848
       61472       65017       65030       64839        9511
       61473       65030       65027       64840       64839
       61474       65027       63985        8497       64840
       61475       65018       65029       65030       65017
       61476       65029       65028       65027       65030
       61477       65028       63986       63985       65027
       61478        9520       65019       65029       65018
       61479       65019       65020       65028       65029
       61480       65020        8498       63986       65028
       61742       65251       65264       65019        9520
       61743       65264       65261       65020       65019
       61744       65261       64019        8498       65020
       61745       65252       65263       65264       65251
       61746       65263       65262       65261       65264
       61747       65262       64020       64019       65261
       61748        9526       65253       65263       65252
       61749       65253       65254       65262       65263
       61750       65254        8500       64020       65262
       61796       65311       65324       65253        9526
       61797       65324       65321       65254       65253
       61798       65321       64105        8500       65254
       61799       65312       65323       65324       65311
       61800       65323       65322       65321       65324
       61801       65322       64106       64105       65321
       61802        9529       65313       65323       65312
       61803       65313       65314       65322       65323
       61804       65314        8504       64106       65322
       61904       65407       65414       65313        9529
       61905       65414       65411       65314       65313
       61906       65411       64345        8504       65314
       61907       65408       65413       65414       65407
       61908       65413       65412       65411       65414
       61909       65412       64346       64345       65411
       61910        9532       49593       65413       65408
       61911       49593       49594       65412       65413
       61912       49594        8589       64346       65412
       62102        9526       65252       92881       10336
       62103       65252       65251       92882       92881
       62104       65251        9520       10335       92882
       62113       92881       92882       10335       10336
       62115        9529       65312       92893       10339
       62116       65312       65311       92894       92893
       62117       65311        9526       10336       92894
       62126       92893       92894       10336       10339
       62128        9532       65408       92903       10092
       62129       65408       65407       92904       92903
       62130       65407        9529       10339       92904
       62139       92903       92904       10339       10092
       62336        9506       64764       93037       10366
       62337       64764       64763       93038       93037
       62338       64763        9505       10365       93038
       62347       93037       93038       10365       10366
       62349        9511       64838       93049       10369
       62350       64838       64837       93050       93049
       62351       64837        9506       10366       93050
       62360       93049       93050       10366       10369
       62362        9520       65018       93059       10335
       62363       65018       65017       93060       93059
       62364       65017        9511       10369       93060
       62373       93059       93060       10369       10335
        3020        4598        4595        4596        4597
        3014        4486         767        4521        4595
        3017        4581        4598        4597        4582
        3008         768        4485        4598        4581
        3011        4485        4486        4595        4598
        2943        4471        4479        4474         767
        2964         767        4474        4538        4521
        3026        4582        4597        4585         889
        2976        4537        4536        4526        4525
        2949        4494        4493        4486        4485
        2978        4536        3118         862        4526
        2946        4482        4494        4485         768
        3023        4595        4521        4522        4596
        2974        4522        4537        4525         863
        2969        4538        4535        4536        4537
        2971        4535        3119        3118        4536
        3029        4597        4596        4586        4585
        3032        4596        4522         863        4586
        2952        4493        4471         767        4486
        2967        4521        4538        4537        4522
       72821       10598         738        3119        4535
       72824        4474       10598        4535        4538
       72839       10607       10588        4471        4493
       72842       10604       10607        4493        4494
       72845       10603       10604        4494        4482
       72848        4479       10595       10598        4474
       72851       10589       10592       10595        4479
       72854       10588       10589        4479        4471
       72881       10595        2735         738       10598
       72884       10592       10044        2735       10595
       72949        6994       74857       74884       74853
       72952       74857       74858       74881       74884
       72955       74858        6995       74861       74881
       72958       74853       74884       74883       74854
       72961       74884       74881       74882       74883
       72964       74881       74861       74862       74882
       72967       74854       74883       74863        6996
       72970       74883       74882       74864       74863
       72973       74882       74862        6997       74864
       72976        6995       74901       74928       74861
       72979       74901       74902       74925       74928
       72982       74902        6998       74905       74925
       72985       74861       74928       74927       74862
       72988       74928       74925       74926       74927
       72991       74925       74905       74906       74926
       72994       74862       74927       74907        6997
       72997       74927       74926       74908       74907
       73000       74926       74906        7000       74908
       73003        6998       74945       74972       74905
       73006       74945       74946       74969       74972
       73009       74946        7002       74949       74969
       73012       74905       74972       74971       74906
       73015       74972       74969       74970       74971
       73018       74969       74949       74950       74970
       73021       74906       74971       74951        7000
       73024       74971       74970       74952       74951
       73027       74970       74950        7004       74952
       73192        7002       75197       75220       74949
       73195       75197       75198       75217       75220
       73198       75198        7020       75201       75217
       73201       74949       75220       75219       74950
       73204       75220       75217       75218       75219
       73207       75217       75201       75202       75218
       73210       74950       75219       75203        7004
       73213       75219       75218       75204       75203
       73216       75218       75202        7021       75204
       73219        7020       75237       75264       75201
       73222       75237       75238       75261       75264
       73225       75238        7022       75241       75261
       73228       75201       75264       75263       75202
       73231       75264       75261       75262       75263
       73234       75261       75241       75242       75262
       73237       75202       75263       75243        7021
       73240       75263       75262       75244       75243
       73243       75262       75242        7024       75244
       73246        7022       75277       75296       75241
       73249       75277       75278       75293       75296
       73252       75278        7026       42050       75293
       73255       75241       75296       75295       75242
       73258       75296       75293       75294       75295
       73261       75293       42050       42049       75294
       73264       75242       75295       75279        7024
       73267       75295       75294       75280       75279
       73270       75294       42049        7028       75280
       74218        6996       74863       76486       76461
       74221       74863       74864       76483       76486
       74224       74864        6997       76467       76483
       74227       76461       76486       76485       76462
       74230       76486       76483       76484       76485
       74233       76483       76467       76468       76484
       74236       76462       76485       76469        8416
       74239       76485       76484       76470       76469
       74242       76484       76468        8417       76470
       74245        6997       74907       76512       76467
       74248       74907       74908       76509       76512
       74251       74908        7000       76497       76509
       74254       76467       76512       76511       76468
       74257       76512       76509       76510       76511
       74260       76509       76497       76498       76510
       74263       76468       76511       76499        8417
       74266       76511       76510       76500       76499
       74269       76510       76498        8418       76500
       74272        7000       74951       76546       76497
       74275       74951       74952       76543       76546
       74278       74952        7004       76527       76543
       74281       76497       76546       76545       76498
       74284       76546       76543       76544       76545
       74287       76543       76527       76528       76544
       74290       76498       76545       76529        8418
       74293       76545       76544       76530       76529
       74296       76544       76528        8419       76530
       74326        7004       75203       76606       76527
       74329       75203       75204       76603       76606
       74332       75204        7021       76587       76603
       74335       76527       76606       76605       76528
       74338       76606       76603       76604       76605
       74341       76603       76587       76588       76604
       74344       76528       76605       76589        8419
       74347       76605       76604       76590       76589
       74350       76604       76588        8422       76590
       74569        7021       75243       76846       76587
       74572       75243       75244       76843       76846
       74575       75244        7024       76831       76843
       74578       76587       76846       76845       76588
       74581       76846       76843       76844       76845
       74584       76843       76831       76832       76844
       74587       76588       76845       76833        8422
       74590       76845       76844       76834       76833
       74593       76844       76832        8432       76834
       74596        7024       75279       76870       76831
       74599       75279       75280       76867       76870
       74602       75280        7028       44876       76867
       74605       76831       76870       76869       76832
       74608       76870       76867       76868       76869
       74611       76867       44876       44875       76868
       74614       76832       76869       76857        8432
       74617       76869       76868       76858       76857
       74620       76868       44875        8433       76858
       75379        8416       76469       77634       77609
       75382       76469       76470       77631       77634
       75385       76470        8417       77615       77631
       75388       77609       77634       77633       77610
       75391       77634       77631       77632       77633
       75394       77631       77615       77616       77632
       75397       77610       77633       77617        9468
       75400       77633       77632       77618       77617
       75403       77632       77616        9469       77618
       75406        8417       76499       77660       77615
       75409       76499       76500       77657       77660
       75412       76500        8418       77645       77657
       75415       77615       77660       77659       77616
       75418       77660       77657       77658       77659
       75421       77657       77645       77646       77658
       75424       77616       77659       77647        9469
       75427       77659       77658       77648       77647
       75430       77658       77646        9470       77648
       75514        8418       76529       77764       77645
       75517       76529       76530       77761       77764
       75520       76530        8419       77749       77761
       75523       77645       77764       77763       77646
       75526       77764       77761       77762       77763
       75529       77761       77749       77750       77762
       75532       77646       77763       77751        9470
       75535       77763       77762       77752       77751
       75538       77762       77750        9474       77752
       75541        8419       76589       77798       77749
       75544       76589       76590       77795       77798
       75547       76590        8422       77779       77795
       75550       77749       77798       77797       77750
       75553       77798       77795       77796       77797
       75556       77795       77779       77780       77796
       75559       77750       77797       77781        9474
       75562       77797       77796       77782       77781
       75565       77796       77780        9475       77782
       75622        8422       76833       77882       77779
       75625       76833       76834       77879       77882
       75628       76834        8432       77863       77879
       75631       77779       77882       77881       77780
       75634       77882       77879       77880       77881
       75637       77879       77863       77864       77880
       75640       77780       77881       77865        9475
       75643       77881       77880       77866       77865
       75646       77880       77864        9478       77866
       75784        8432       76857       77992       77863
       75787       76857       76858       77989       77992
       75790       76858        8433       48252       77989
       75793       77863       77992       77991       77864
       75796       77992       77989       77990       77991
       75799       77989       48252       48251       77990
       75802       77864       77991       77983        9478
       75805       77991       77990       77984       77983
       75808       77990       48251        9483       77984
       76071        9474       77781       91771       10588
       76074       77781       77782       91772       91771
       76077       77782        9475       10589       91772
       76079       91771       91772       10589       10588
       76110        9475       77865       91795       10589
       76113       77865       77866       91796       91795
       76116       77866        9478       10592       91796
       76118       91795       91796       10592       10589
       76149        9478       77983       91819       10592
       76152       77983       77984       91820       91819
       76155       77984        9483       10044       91820
       76157       91819       91820       10044       10592
       76188        9468       77617       91849       10603
       76191       77617       77618       91850       91849
       76194       77618        9469       10604       91850
       76196       91849       91850       10604       10603
       76227        9469       77647       91873       10604
       76230       77647       77648       91874       91873
       76233       77648        9470       10607       91874
       76235       91873       91874       10607       10604
       76266        9470       77751       91891       10607
       76269       77751       77752       91892       91891
       76272       77752        9474       10588       91892
       76274       91891       91892       10588       10607
        3973        3953        3952        5330        5329
        3974        3952         866         943        5330
       90561        3926         865       11113       11142
       90562        3927        3926       11142       11135
       90564        5329        5330         943       11113
       90571         865        3953        5329       11113
       90576         943       11146       11111       11113
       90577       11146       11145       11109       11111
       90578       11145       11144       11106       11109
       90579       11144       11143       11107       11106
       90580       11143         480         481       11107
       90581       11107         481         252         264
       90583       11135       11142       11113       10964
       90592         864        3927       11135       10964
       90621       11113       11111       10957       10964
       90623       11111       11109       10949       10957
       90625       11109       11106         265       10949
       90627       11106       11107         264         265
        4019         889        4585        5258         948
        4022        4585        4586        5259        5258
       90802        4525        4526       11249       11250
       90803         863        4525       11250       11237
       90805        5258        5259       11237         948
       90806        4586         863       11237        5259
       90809       11275       11240         498         496
       90810       11240         248         246         498
       90811       11274       11239       11240       11275
       90812       11273       11238       11239       11274
       90813       11272       11236       11238       11273
       90814         948       11237       11236       11272
       90835       11250       11249       10965       11237
       90836        4526         862       10965       11249
       90843       11239         247         248       11240
       90844       11238       10955         247       11239
       90845       11236       10963       10955       11238
       90846       11237       10965       10963       11236
         282         504         505         515         514
         284         505         246         253         515
         286         514         515         516         513
         288         515         253         254         516
         290         513         516         517         512
         292         516         254         255         517
         294         512         517         518         511
         296         517         255         256         518
         298         511         518         519         510
         300         518         256         257         519
         302         510         519         509         508
         304         519         257         252         509
         395         634         496         498         635
         396         632         634         635         633
         399         635         498         246         505
         400         633         635         505         504
         353         509         591         590         508
         354         591         589         588         590
         355         252         481         591         509
         356         481         480         589         591
