       944
         1         52         51         35         36
        33        173        172        156        157
        65        293        292        276        277
        97        414        413        397        398
       129        534        533        517        518
       161        655        654        638        639
       193        775        774        758        759
       225        896        895        879        880
       257        157        156        105        106
       289        277        276        226        227
       321        398        397        346        347
       353        518        517        467        468
       385        639        638        587        588
       417        759        758        708        709
       449        880        879        828        829
       481       1000        999        949        950
       513         90         89         51         52
       545        211        210        172        173
       577        331        330        292        293
       609        452        451        413        414
       641        572        571        533        534
       673        693        692        654        655
       705        813        812        774        775
       737        934        933        895        896
       769        106        105         89         90
       801        227        226        210        211
       833        347        346        330        331
       865        468        467        451        452
       897        588        587        571        572
       929        709        708        692        693
       961        829        828        812        813
       993        950        949        933        934
      1025         89         88         35         51
      1057        210        209        156        172
      1089        330        329        276        292
      1121        451        450        397        413
      1153        571        570        517        533
      1185        692        691        638        654
      1217        812        811        758        774
      1249        933        932        879        895
      1281        105        156         88         89
      1313        226        276        209        210
      1345        346        397        329        330
      1377        467        517        450        451
      1409        587        638        570        571
      1441        708        758        691        692
      1473        828        879        811        812
      1505        949        999        932        933
      1921         88         87         34         35
      1929        156        155         87         88
      1937        209        208        155        156
      1945        276        275        208        209
      1953        329        328        275        276
      1961        397        396        328        329
      1969        450        449        396        397
      1977        517        516        449        450
      1985        570        569        516        517
      1993        638        637        569        570
      2001        691        690        637        638
      2009        758        757        690        691
      2017        811        810        757        758
      2025        879        878        810        811
      2033        932        931        878        879
      2041        999        998        931        932
      2305         69         68         15         16
      2321        137        136         68         69
      2337        190        189        136        137
      2353        257        256        189        190
      2369        310        309        256        257
      2385        378        377        309        310
      2401        431        430        377        378
      2417        498        497        430        431
      2433        551        550        497        498
      2449        619        618        550        551
      2465        672        671        618        619
      2481        739        738        671        672
      2497        792        791        738        739
      2513        860        859        791        792
      2529        913        912        859        860
      2545        980        979        912        913
      2561         70         69         16         17
      2577        138        137         69         70
      2593        191        190        137        138
      2609        258        257        190        191
      2625        311        310        257        258
      2641        379        378        310        311
      2657        432        431        378        379
      2673        499        498        431        432
      2689        552        551        498        499
      2705        620        619        551        552
      2721        673        672        619        620
      2737        740        739        672        673
      2753        793        792        739        740
      2769        861        860        792        793
      2785        914        913        860        861
      2801        981        980        913        914
      2817         71         70         17         18
      2833        139        138         70         71
      2849        192        191        138        139
      2865        259        258        191        192
      2881        312        311        258        259
      2897        380        379        311        312
      2913        433        432        379        380
      2929        500        499        432        433
      2945        553        552        499        500
      2961        621        620        552        553
      2977        674        673        620        621
      2993        741        740        673        674
      3009        794        793        740        741
      3025        862        861        793        794
      3041        915        914        861        862
      3057        982        981        914        915
      3073         72         71         18         19
      3089        140        139         71         72
      3105        193        192        139        140
      3121        260        259        192        193
      3137        313        312        259        260
      3153        381        380        312        313
      3169        434        433        380        381
      3185        501        500        433        434
      3201        554        553        500        501
      3217        622        621        553        554
      3233        675        674        621        622
      3249        742        741        674        675
      3265        795        794        741        742
      3281        863        862        794        795
      3297        916        915        862        863
      3313        983        982        915        916
      3329         73         72         19         20
      3345        141        140         72         73
      3361        194        193        140        141
      3377        261        260        193        194
      3393        314        313        260        261
      3409        382        381        313        314
      3425        435        434        381        382
      3441        502        501        434        435
      3457        555        554        501        502
      3473        623        622        554        555
      3489        676        675        622        623
      3505        743        742        675        676
      3521        796        795        742        743
      3537        864        863        795        796
      3553        917        916        863        864
      3569        984        983        916        917
      3585         74         73         20         21
      3601        142        141         73         74
      3617        195        194        141        142
      3633        262        261        194        195
      3649        315        314        261        262
      3665        383        382        314        315
      3681        436        435        382        383
      3697        503        502        435        436
      3713        556        555        502        503
      3729        624        623        555        556
      3745        677        676        623        624
      3761        744        743        676        677
      3777        797        796        743        744
      3793        865        864        796        797
      3809        918        917        864        865
      3825        985        984        917        918
      3841         75         74         21         22
      3857        143        142         74         75
      3873        196        195        142        143
      3889        263        262        195        196
      3905        316        315        262        263
      3921        384        383        315        316
      3937        437        436        383        384
      3953        504        503        436        437
      3969        557        556        503        504
      3985        625        624        556        557
      4001        678        677        624        625
      4017        745        744        677        678
      4033        798        797        744        745
      4049        866        865        797        798
      4065        919        918        865        866
      4081        986        985        918        919
      4097         76         75         22         23
      4113        144        143         75         76
      4129        197        196        143        144
      4145        264        263        196        197
      4161        317        316        263        264
      4177        385        384        316        317
      4193        438        437        384        385
      4209        505        504        437        438
      4225        558        557        504        505
      4241        626        625        557        558
      4257        679        678        625        626
      4273        746        745        678        679
      4289        799        798        745        746
      4305        867        866        798        799
      4321        920        919        866        867
      4337        987        986        919        920
      4353         77         76         23         24
      4369        145        144         76         77
      4385        198        197        144        145
      4401        265        264        197        198
      4417        318        317        264        265
      4433        386        385        317        318
      4449        439        438        385        386
      4465        506        505        438        439
      4481        559        558        505        506
      4497        627        626        558        559
      4513        680        679        626        627
      4529        747        746        679        680
      4545        800        799        746        747
      4561        868        867        799        800
      4577        921        920        867        868
      4593        988        987        920        921
      4609         78         77         24         25
      4625        146        145         77         78
      4641        199        198        145        146
      4657        266        265        198        199
      4673        319        318        265        266
      4689        387        386        318        319
      4705        440        439        386        387
      4721        507        506        439        440
      4737        560        559        506        507
      4753        628        627        559        560
      4769        681        680        627        628
      4785        748        747        680        681
      4801        801        800        747        748
      4817        869        868        800        801
      4833        922        921        868        869
      4849        989        988        921        922
      4865         79         78         25         26
      4881        147        146         78         79
      4897        200        199        146        147
      4913        267        266        199        200
      4929        320        319        266        267
      4945        388        387        319        320
      4961        441        440        387        388
      4977        508        507        440        441
      4993        561        560        507        508
      5009        629        628        560        561
      5025        682        681        628        629
      5041        749        748        681        682
      5057        802        801        748        749
      5073        870        869        801        802
      5089        923        922        869        870
      5105        990        989        922        923
      5121         80         79         26         27
      5137        148        147         79         80
      5153        201        200        147        148
      5169        268        267        200        201
      5185        321        320        267        268
      5201        389        388        320        321
      5217        442        441        388        389
      5233        509        508        441        442
      5249        562        561        508        509
      5265        630        629        561        562
      5281        683        682        629        630
      5297        750        749        682        683
      5313        803        802        749        750
      5329        871        870        802        803
      5345        924        923        870        871
      5361        991        990        923        924
      5377         81         80         27         28
      5393        149        148         80         81
      5409        202        201        148        149
      5425        269        268        201        202
      5441        322        321        268        269
      5457        390        389        321        322
      5473        443        442        389        390
      5489        510        509        442        443
      5505        563        562        509        510
      5521        631        630        562        563
      5537        684        683        630        631
      5553        751        750        683        684
      5569        804        803        750        751
      5585        872        871        803        804
      5601        925        924        871        872
      5617        992        991        924        925
      5633         82         81         28         29
      5649        150        149         81         82
      5665        203        202        149        150
      5681        270        269        202        203
      5697        323        322        269        270
      5713        391        390        322        323
      5729        444        443        390        391
      5745        511        510        443        444
      5761        564        563        510        511
      5777        632        631        563        564
      5793        685        684        631        632
      5809        752        751        684        685
      5825        805        804        751        752
      5841        873        872        804        805
      5857        926        925        872        873
      5873        993        992        925        926
      5889         83         82         29         30
      5905        151        150         82         83
      5921        204        203        150        151
      5937        271        270        203        204
      5953        324        323        270        271
      5969        392        391        323        324
      5985        445        444        391        392
      6001        512        511        444        445
      6017        565        564        511        512
      6033        633        632        564        565
      6049        686        685        632        633
      6065        753        752        685        686
      6081        806        805        752        753
      6097        874        873        805        806
      6113        927        926        873        874
      6129        994        993        926        927
      6145         84         83         30         31
      6161        152        151         83         84
      6177        205        204        151        152
      6193        272        271        204        205
      6209        325        324        271        272
      6225        393        392        324        325
      6241        446        445        392        393
      6257        513        512        445        446
      6273        566        565        512        513
      6289        634        633        565        566
      6305        687        686        633        634
      6321        754        753        686        687
      6337        807        806        753        754
      6353        875        874        806        807
      6369        928        927        874        875
      6385        995        994        927        928
      6401         85         84         31         32
      6417        153        152         84         85
      6433        206        205        152        153
      6449        273        272        205        206
      6465        326        325        272        273
      6481        394        393        325        326
      6497        447        446        393        394
      6513        514        513        446        447
      6529        567        566        513        514
      6545        635        634        566        567
      6561        688        687        634        635
      6577        755        754        687        688
      6593        808        807        754        755
      6609        876        875        807        808
      6625        929        928        875        876
      6641        996        995        928        929
      6657         86         85         32         33
      6673        154        153         85         86
      6689        207        206        153        154
      6705        274        273        206        207
      6721        327        326        273        274
      6737        395        394        326        327
      6753        448        447        394        395
      6769        515        514        447        448
      6785        568        567        514        515
      6801        636        635        567        568
      6817        689        688        635        636
      6833        756        755        688        689
      6849        809        808        755        756
      6865        877        876        808        809
      6881        930        929        876        877
      6897        997        996        929        930
      6913         87         86         33         34
      6929        155        154         86         87
      6945        208        207        154        155
      6961        275        274        207        208
      6977        328        327        274        275
      6993        396        395        327        328
      7009        449        448        395        396
      7025        516        515        448        449
      7041        569        568        515        516
      7057        637        636        568        569
      7073        690        689        636        637
      7089        757        756        689        690
      7105        810        809        756        757
      7121        878        877        809        810
      7137        931        930        877        878
      7153        998        997        930        931
      7169        122        121          1          2
      7177        243        242        121        122
      7185        363        362        242        243
      7193        484        483        362        363
      7201        604        603        483        484
      7209        725        724        603        604
      7217        845        844        724        725
      7225        966        965        844        845
      7233        123        122          2          3
      7241        244        243        122        123
      7249        364        363        243        244
      7257        485        484        363        364
      7265        605        604        484        485
      7273        726        725        604        605
      7281        846        845        725        726
      7289        967        966        845        846
      7297        124        123          3          4
      7305        245        244        123        124
      7313        365        364        244        245
      7321        486        485        364        365
      7329        606        605        485        486
      7337        727        726        605        606
      7345        847        846        726        727
      7353        968        967        846        847
      7361        125        124          4          5
      7369        246        245        124        125
      7377        366        365        245        246
      7385        487        486        365        366
      7393        607        606        486        487
      7401        728        727        606        607
      7409        848        847        727        728
      7417        969        968        847        848
      7425        126        125          5          6
      7433        247        246        125        126
      7441        367        366        246        247
      7449        488        487        366        367
      7457        608        607        487        488
      7465        729        728        607        608
      7473        849        848        728        729
      7481        970        969        848        849
      7489        127        126          6          7
      7497        248        247        126        127
      7505        368        367        247        248
      7513        489        488        367        368
      7521        609        608        488        489
      7529        730        729        608        609
      7537        850        849        729        730
      7545        971        970        849        850
      7553        128        127          7          8
      7561        249        248        127        128
      7569        369        368        248        249
      7577        490        489        368        369
      7585        610        609        489        490
      7593        731        730        609        610
      7601        851        850        730        731
      7609        972        971        850        851
      7617        129        128          8          9
      7625        250        249        128        129
      7633        370        369        249        250
      7641        491        490        369        370
      7649        611        610        490        491
      7657        732        731        610        611
      7665        852        851        731        732
      7673        973        972        851        852
      7681        130        129          9         10
      7689        251        250        129        130
      7697        371        370        250        251
      7705        492        491        370        371
      7713        612        611        491        492
      7721        733        732        611        612
      7729        853        852        732        733
      7737        974        973        852        853
      7745        131        130         10         11
      7753        252        251        130        131
      7761        372        371        251        252
      7769        493        492        371        372
      7777        613        612        492        493
      7785        734        733        612        613
      7793        854        853        733        734
      7801        975        974        853        854
      7809        132        131         11         12
      7817        253        252        131        132
      7825        373        372        252        253
      7833        494        493        372        373
      7841        614        613        493        494
      7849        735        734        613        614
      7857        855        854        734        735
      7865        976        975        854        855
      7873        133        132         12         13
      7881        254        253        132        133
      7889        374        373        253        254
      7897        495        494        373        374
      7905        615        614        494        495
      7913        736        735        614        615
      7921        856        855        735        736
      7929        977        976        855        856
      7937         68         67         14         15
      7953        309        308        255        256
      7969        550        549        496        497
      7985        791        790        737        738
      8001        256        255        188        189
      8017        497        496        429        430
      8033        738        737        670        671
      8049        979        978        911        912
      8065        136        135         67         68
      8081        377        376        308        309
      8097        618        617        549        550
      8113        859        858        790        791
      8129        189        188        135        136
      8145        430        429        376        377
      8161        671        670        617        618
      8177        912        911        858        859
      8193        135        134         14         67
      8209        376        375        255        308
      8225        617        616        496        549
      8241        858        857        737        790
      8257        188        255        134        135
      8273        429        496        375        376
      8289        670        737        616        617
      8305        911        978        857        858
      8417        134        133         13         14
      8421        255        254        133        134
      8425        375        374        254        255
      8429        496        495        374        375
      8433        616        615        495        496
      8437        737        736        615        616
      8441        857        856        736        737
      8445        978        977        856        857
      8513         66         65         49         50
      8545        104        103         65         66
      8577        120        119        103        104
      8609        171        170        119        120
      8641        187        186        170        171
      8673        225        224        186        187
      8705        241        240        224        225
      8737        291        290        240        241
      8769        307        306        290        291
      8801        345        344        306        307
      8833        361        360        344        345
      8865        412        411        360        361
      8897        428        427        411        412
      8929        466        465        427        428
      8961        482        481        465        466
      8993        532        531        481        482
      9025        548        547        531        532
      9057        586        585        547        548
      9089        602        601        585        586
      9121        653        652        601        602
      9153        669        668        652        653
      9185        707        706        668        669
      9217        723        722        706        707
      9249        773        772        722        723
      9281        789        788        772        773
      9313        827        826        788        789
      9345        843        842        826        827
      9377        894        893        842        843
      9409        910        909        893        894
      9441        948        947        909        910
      9473        964        963        947        948
      9505       1014       1013        963        964
      9537         53         52         36         37
      9569         91         90         52         53
      9601        107        106         90         91
      9633        158        157        106        107
      9665        174        173        157        158
      9697        212        211        173        174
      9729        228        227        211        212
      9761        278        277        227        228
      9793        294        293        277        278
      9825        332        331        293        294
      9857        348        347        331        332
      9889        399        398        347        348
      9921        415        414        398        399
      9953        453        452        414        415
      9985        469        468        452        453
     10017        519        518        468        469
     10049        535        534        518        519
     10081        573        572        534        535
     10113        589        588        572        573
     10145        640        639        588        589
     10177        656        655        639        640
     10209        694        693        655        656
     10241        710        709        693        694
     10273        760        759        709        710
     10305        776        775        759        760
     10337        814        813        775        776
     10369        830        829        813        814
     10401        881        880        829        830
     10433        897        896        880        881
     10465        935        934        896        897
     10497        951        950        934        935
     10529       1001       1000        950        951
     10561         54         53         37         38
     10593         92         91         53         54
     10625        108        107         91         92
     10657        159        158        107        108
     10689        175        174        158        159
     10721        213        212        174        175
     10753        229        228        212        213
     10785        279        278        228        229
     10817        295        294        278        279
     10849        333        332        294        295
     10881        349        348        332        333
     10913        400        399        348        349
     10945        416        415        399        400
     10977        454        453        415        416
     11009        470        469        453        454
     11041        520        519        469        470
     11073        536        535        519        520
     11105        574        573        535        536
     11137        590        589        573        574
     11169        641        640        589        590
     11201        657        656        640        641
     11233        695        694        656        657
     11265        711        710        694        695
     11297        761        760        710        711
     11329        777        776        760        761
     11361        815        814        776        777
     11393        831        830        814        815
     11425        882        881        830        831
     11457        898        897        881        882
     11489        936        935        897        898
     11521        952        951        935        936
     11553       1002       1001        951        952
     11585         55         54         38         39
     11617         93         92         54         55
     11649        109        108         92         93
     11681        160        159        108        109
     11713        176        175        159        160
     11745        214        213        175        176
     11777        230        229        213        214
     11809        280        279        229        230
     11841        296        295        279        280
     11873        334        333        295        296
     11905        350        349        333        334
     11937        401        400        349        350
     11969        417        416        400        401
     12001        455        454        416        417
     12033        471        470        454        455
     12065        521        520        470        471
     12097        537        536        520        521
     12129        575        574        536        537
     12161        591        590        574        575
     12193        642        641        590        591
     12225        658        657        641        642
     12257        696        695        657        658
     12289        712        711        695        696
     12321        762        761        711        712
     12353        778        777        761        762
     12385        816        815        777        778
     12417        832        831        815        816
     12449        883        882        831        832
     12481        899        898        882        883
     12513        937        936        898        899
     12545        953        952        936        937
     12577       1003       1002        952        953
     12609         56         55         39         40
     12641         94         93         55         56
     12673        110        109         93         94
     12705        161        160        109        110
     12737        177        176        160        161
     12769        215        214        176        177
     12801        231        230        214        215
     12833        281        280        230        231
     12865        297        296        280        281
     12897        335        334        296        297
     12929        351        350        334        335
     12961        402        401        350        351
     12993        418        417        401        402
     13025        456        455        417        418
     13057        472        471        455        456
     13089        522        521        471        472
     13121        538        537        521        522
     13153        576        575        537        538
     13185        592        591        575        576
     13217        643        642        591        592
     13249        659        658        642        643
     13281        697        696        658        659
     13313        713        712        696        697
     13345        763        762        712        713
     13377        779        778        762        763
     13409        817        816        778        779
     13441        833        832        816        817
     13473        884        883        832        833
     13505        900        899        883        884
     13537        938        937        899        900
     13569        954        953        937        938
     13601       1004       1003        953        954
     13633         57         56         40         41
     13665         95         94         56         57
     13697        111        110         94         95
     13729        162        161        110        111
     13761        178        177        161        162
     13793        216        215        177        178
     13825        232        231        215        216
     13857        282        281        231        232
     13889        298        297        281        282
     13921        336        335        297        298
     13953        352        351        335        336
     13985        403        402        351        352
     14017        419        418        402        403
     14049        457        456        418        419
     14081        473        472        456        457
     14113        523        522        472        473
     14145        539        538        522        523
     14177        577        576        538        539
     14209        593        592        576        577
     14241        644        643        592        593
     14273        660        659        643        644
     14305        698        697        659        660
     14337        714        713        697        698
     14369        764        763        713        714
     14401        780        779        763        764
     14433        818        817        779        780
     14465        834        833        817        818
     14497        885        884        833        834
     14529        901        900        884        885
     14561        939        938        900        901
     14593        955        954        938        939
     14625       1005       1004        954        955
     14657         58         57         41         42
     14689         96         95         57         58
     14721        112        111         95         96
     14753        163        162        111        112
     14785        179        178        162        163
     14817        217        216        178        179
     14849        233        232        216        217
     14881        283        282        232        233
     14913        299        298        282        283
     14945        337        336        298        299
     14977        353        352        336        337
     15009        404        403        352        353
     15041        420        419        403        404
     15073        458        457        419        420
     15105        474        473        457        458
     15137        524        523        473        474
     15169        540        539        523        524
     15201        578        577        539        540
     15233        594        593        577        578
     15265        645        644        593        594
     15297        661        660        644        645
     15329        699        698        660        661
     15361        715        714        698        699
     15393        765        764        714        715
     15425        781        780        764        765
     15457        819        818        780        781
     15489        835        834        818        819
     15521        886        885        834        835
     15553        902        901        885        886
     15585        940        939        901        902
     15617        956        955        939        940
     15649       1006       1005        955        956
     15681         59         58         42         43
     15713         97         96         58         59
     15745        113        112         96         97
     15777        164        163        112        113
     15809        180        179        163        164
     15841        218        217        179        180
     15873        234        233        217        218
     15905        284        283        233        234
     15937        300        299        283        284
     15969        338        337        299        300
     16001        354        353        337        338
     16033        405        404        353        354
     16065        421        420        404        405
     16097        459        458        420        421
     16129        475        474        458        459
     16161        525        524        474        475
     16193        541        540        524        525
     16225        579        578        540        541
     16257        595        594        578        579
     16289        646        645        594        595
     16321        662        661        645        646
     16353        700        699        661        662
     16385        716        715        699        700
     16417        766        765        715        716
     16449        782        781        765        766
     16481        820        819        781        782
     16513        836        835        819        820
     16545        887        886        835        836
     16577        903        902        886        887
     16609        941        940        902        903
     16641        957        956        940        941
     16673       1007       1006        956        957
     16705         60         59         43         44
     16737         98         97         59         60
     16769        114        113         97         98
     16801        165        164        113        114
     16833        181        180        164        165
     16865        219        218        180        181
     16897        235        234        218        219
     16929        285        284        234        235
     16961        301        300        284        285
     16993        339        338        300        301
     17025        355        354        338        339
     17057        406        405        354        355
     17089        422        421        405        406
     17121        460        459        421        422
     17153        476        475        459        460
     17185        526        525        475        476
     17217        542        541        525        526
     17249        580        579        541        542
     17281        596        595        579        580
     17313        647        646        595        596
     17345        663        662        646        647
     17377        701        700        662        663
     17409        717        716        700        701
     17441        767        766        716        717
     17473        783        782        766        767
     17505        821        820        782        783
     17537        837        836        820        821
     17569        888        887        836        837
     17601        904        903        887        888
     17633        942        941        903        904
     17665        958        957        941        942
     17697       1008       1007        957        958
     17729         61         60         44         45
     17761         99         98         60         61
     17793        115        114         98         99
     17825        166        165        114        115
     17857        182        181        165        166
     17889        220        219        181        182
     17921        236        235        219        220
     17953        286        285        235        236
     17985        302        301        285        286
     18017        340        339        301        302
     18049        356        355        339        340
     18081        407        406        355        356
     18113        423        422        406        407
     18145        461        460        422        423
     18177        477        476        460        461
     18209        527        526        476        477
     18241        543        542        526        527
     18273        581        580        542        543
     18305        597        596        580        581
     18337        648        647        596        597
     18369        664        663        647        648
     18401        702        701        663        664
     18433        718        717        701        702
     18465        768        767        717        718
     18497        784        783        767        768
     18529        822        821        783        784
     18561        838        837        821        822
     18593        889        888        837        838
     18625        905        904        888        889
     18657        943        942        904        905
     18689        959        958        942        943
     18721       1009       1008        958        959
     18753         62         61         45         46
     18785        100         99         61         62
     18817        116        115         99        100
     18849        167        166        115        116
     18881        183        182        166        167
     18913        221        220        182        183
     18945        237        236        220        221
     18977        287        286        236        237
     19009        303        302        286        287
     19041        341        340        302        303
     19073        357        356        340        341
     19105        408        407        356        357
     19137        424        423        407        408
     19169        462        461        423        424
     19201        478        477        461        462
     19233        528        527        477        478
     19265        544        543        527        528
     19297        582        581        543        544
     19329        598        597        581        582
     19361        649        648        597        598
     19393        665        664        648        649
     19425        703        702        664        665
     19457        719        718        702        703
     19489        769        768        718        719
     19521        785        784        768        769
     19553        823        822        784        785
     19585        839        838        822        823
     19617        890        889        838        839
     19649        906        905        889        890
     19681        944        943        905        906
     19713        960        959        943        944
     19745       1010       1009        959        960
     19777         63         62         46         47
     19809        101        100         62         63
     19841        117        116        100        101
     19873        168        167        116        117
     19905        184        183        167        168
     19937        222        221        183        184
     19969        238        237        221        222
     20001        288        287        237        238
     20033        304        303        287        288
     20065        342        341        303        304
     20097        358        357        341        342
     20129        409        408        357        358
     20161        425        424        408        409
     20193        463        462        424        425
     20225        479        478        462        463
     20257        529        528        478        479
     20289        545        544        528        529
     20321        583        582        544        545
     20353        599        598        582        583
     20385        650        649        598        599
     20417        666        665        649        650
     20449        704        703        665        666
     20481        720        719        703        704
     20513        770        769        719        720
     20545        786        785        769        770
     20577        824        823        785        786
     20609        840        839        823        824
     20641        891        890        839        840
     20673        907        906        890        891
     20705        945        944        906        907
     20737        961        960        944        945
     20769       1011       1010        960        961
     20801         64         63         47         48
     20833        102        101         63         64
     20865        118        117        101        102
     20897        169        168        117        118
     20929        185        184        168        169
     20961        223        222        184        185
     20993        239        238        222        223
     21025        289        288        238        239
     21057        305        304        288        289
     21089        343        342        304        305
     21121        359        358        342        343
     21153        410        409        358        359
     21185        426        425        409        410
     21217        464        463        425        426
     21249        480        479        463        464
     21281        530        529        479        480
     21313        546        545        529        530
     21345        584        583        545        546
     21377        600        599        583        584
     21409        651        650        599        600
     21441        667        666        650        651
     21473        705        704        666        667
     21505        721        720        704        705
     21537        771        770        720        721
     21569        787        786        770        771
     21601        825        824        786        787
     21633        841        840        824        825
     21665        892        891        840        841
     21697        908        907        891        892
     21729        946        945        907        908
     21761        962        961        945        946
     21793       1012       1011        961        962
     21825         65         64         48         49
     21857        103        102         64         65
     21889        119        118        102        103
     21921        170        169        118        119
     21953        186        185        169        170
     21985        224        223        185        186
     22017        240        239        223        224
     22049        290        289        239        240
     22081        306        305        289        290
     22113        344        343        305        306
     22145        360        359        343        344
     22177        411        410        359        360
     22209        427        426        410        411
     22241        465        464        426        427
     22273        481        480        464        465
     22305        531        530        480        481
     22337        547        546        530        531
     22369        585        584        546        547
     22401        601        600        584        585
     22433        652        651        600        601
     22465        668        667        651        652
     22497        706        705        667        668
     22529        722        721        705        706
     22561        772        771        721        722
     22593        788        787        771        772
     22625        826        825        787        788
     22657        842        841        825        826
     22689        893        892        841        842
     22721        909        908        892        893
     22753        947        946        908        909
     22785        963        962        946        947
     22817       1013       1012        962        963
