       967
       481       1553       1552        999       1000
       482       2476       2475       1552       1553
       483       3029       3028       2475       2476
       484       4052       4051       3028       3029
       485       4605       4604       4051       4052
       486       5528       5527       4604       4605
       487       6081       6080       5527       5528
       488       7095       7094       6080       6081
       489       7648       7647       7094       7095
       490       8571       8570       7647       7648
       491       9124       9123       8570       8571
       492      10147      10146       9123       9124
       493      10700      10699      10146      10147
       494      11623      11622      10699      10700
       495      12176      12175      11622      11623
       496      13190      13189      12175      12176
       497      13743      13742      13189      13190
       498      14666      14665      13742      13743
       499      15219      15218      14665      14666
       500      16242      16241      15218      15219
       501      16795      16794      16241      16242
       502      17718      17717      16794      16795
       503      18271      18270      17717      17718
       504      19285      19284      18270      18271
       505      19838      19837      19284      19285
       506      20761      20760      19837      19838
       507      21314      21313      20760      20761
       508      22337      22336      21313      21314
       509      22890      22889      22336      22337
       510      23813      23812      22889      22890
       511      24366      24365      23812      23813
       512      25380      25379      24365      24366
      1657       3028       3027       2474       2475
      1658       6080       6079       5526       5527
      1659       9123       9122       8569       8570
      1660      12175      12174      11621      11622
      1661      15218      15217      14664      14665
      1662      18270      18269      17716      17717
      1663      21313      21312      20759      20760
      1664      24365      24364      23811      23812
      1785       2475       2474       1551       1552
      1786       5527       5526       4603       4604
      1787       8570       8569       7646       7647
      1788      11622      11621      10698      10699
      1789      14665      14664      13741      13742
      1790      17717      17716      16793      16794
      1791      20760      20759      19836      19837
      1792      23812      23811      22888      22889
      1913       4051       4050       3027       3028
      1914       7094       7093       6079       6080
      1915      10146      10145       9122       9123
      1916      13189      13188      12174      12175
      1917      16241      16240      15217      15218
      1918      19284      19283      18269      18270
      1919      22336      22335      21312      21313
      1920      25379      25378      24364      24365
      2041       1552       1551        998        999
      2042       4604       4603       4050       4051
      2043       7647       7646       7093       7094
      2044      10699      10698      10145      10146
      2045      13742      13741      13188      13189
      2046      16794      16793      16240      16241
      2047      19837      19836      19283      19284
      2048      22889      22888      22335      22336
      2169       3027       4050       2473       2474
      2170       6079       7093       5525       5526
      2171       9122      10145       8568       8569
      2172      12174      13188      11620      11621
      2173      15217      16240      14663      14664
      2174      18269      19283      17715      17716
      2175      21312      22335      20758      20759
      2176      24364      25378      23810      23811
      2297       2474       2473        998       1551
      2298       5526       5525       4050       4603
      2299       8569       8568       7093       7646
      2300      11621      11620      10145      10698
      2301      14664      14663      13188      13741
      2302      17716      17715      16240      16793
      2303      20759      20758      19283      19836
      2304      23811      23810      22335      22888
      2545       2455       2454        979        980
      2546       4032       4031       2454       2455
      2547       5507       5506       4031       4032
      2548       7075       7074       5506       5507
      2549       8550       8549       7074       7075
      2550      10127      10126       8549       8550
      2551      11602      11601      10126      10127
      2552      13170      13169      11601      11602
      2553      14645      14644      13169      13170
      2554      16222      16221      14644      14645
      2555      17697      17696      16221      16222
      2556      19265      19264      17696      17697
      2557      20740      20739      19264      19265
      2558      22317      22316      20739      20740
      2559      23792      23791      22316      22317
      2560      25360      25359      23791      23792
      2801       2456       2455        980        981
      2802       4033       4032       2455       2456
      2803       5508       5507       4032       4033
      2804       7076       7075       5507       5508
      2805       8551       8550       7075       7076
      2806      10128      10127       8550       8551
      2807      11603      11602      10127      10128
      2808      13171      13170      11602      11603
      2809      14646      14645      13170      13171
      2810      16223      16222      14645      14646
      2811      17698      17697      16222      16223
      2812      19266      19265      17697      17698
      2813      20741      20740      19265      19266
      2814      22318      22317      20740      20741
      2815      23793      23792      22317      22318
      2816      25361      25360      23792      23793
      3057       2457       2456        981        982
      3058       4034       4033       2456       2457
      3059       5509       5508       4033       4034
      3060       7077       7076       5508       5509
      3061       8552       8551       7076       7077
      3062      10129      10128       8551       8552
      3063      11604      11603      10128      10129
      3064      13172      13171      11603      11604
      3065      14647      14646      13171      13172
      3066      16224      16223      14646      14647
      3067      17699      17698      16223      16224
      3068      19267      19266      17698      17699
      3069      20742      20741      19266      19267
      3070      22319      22318      20741      20742
      3071      23794      23793      22318      22319
      3072      25362      25361      23793      23794
      3313       2458       2457        982        983
      3314       4035       4034       2457       2458
      3315       5510       5509       4034       4035
      3316       7078       7077       5509       5510
      3317       8553       8552       7077       7078
      3318      10130      10129       8552       8553
      3319      11605      11604      10129      10130
      3320      13173      13172      11604      11605
      3321      14648      14647      13172      13173
      3322      16225      16224      14647      14648
      3323      17700      17699      16224      16225
      3324      19268      19267      17699      17700
      3325      20743      20742      19267      19268
      3326      22320      22319      20742      20743
      3327      23795      23794      22319      22320
      3328      25363      25362      23794      23795
      3569       2459       2458        983        984
      3570       4036       4035       2458       2459
      3571       5511       5510       4035       4036
      3572       7079       7078       5510       5511
      3573       8554       8553       7078       7079
      3574      10131      10130       8553       8554
      3575      11606      11605      10130      10131
      3576      13174      13173      11605      11606
      3577      14649      14648      13173      13174
      3578      16226      16225      14648      14649
      3579      17701      17700      16225      16226
      3580      19269      19268      17700      17701
      3581      20744      20743      19268      19269
      3582      22321      22320      20743      20744
      3583      23796      23795      22320      22321
      3584      25364      25363      23795      23796
      3825       2460       2459        984        985
      3826       4037       4036       2459       2460
      3827       5512       5511       4036       4037
      3828       7080       7079       5511       5512
      3829       8555       8554       7079       7080
      3830      10132      10131       8554       8555
      3831      11607      11606      10131      10132
      3832      13175      13174      11606      11607
      3833      14650      14649      13174      13175
      3834      16227      16226      14649      14650
      3835      17702      17701      16226      16227
      3836      19270      19269      17701      17702
      3837      20745      20744      19269      19270
      3838      22322      22321      20744      20745
      3839      23797      23796      22321      22322
      3840      25365      25364      23796      23797
      4081       2461       2460        985        986
      4082       4038       4037       2460       2461
      4083       5513       5512       4037       4038
      4084       7081       7080       5512       5513
      4085       8556       8555       7080       7081
      4086      10133      10132       8555       8556
      4087      11608      11607      10132      10133
      4088      13176      13175      11607      11608
      4089      14651      14650      13175      13176
      4090      16228      16227      14650      14651
      4091      17703      17702      16227      16228
      4092      19271      19270      17702      17703
      4093      20746      20745      19270      19271
      4094      22323      22322      20745      20746
      4095      23798      23797      22322      22323
      4096      25366      25365      23797      23798
      4337       2462       2461        986        987
      4338       4039       4038       2461       2462
      4339       5514       5513       4038       4039
      4340       7082       7081       5513       5514
      4341       8557       8556       7081       7082
      4342      10134      10133       8556       8557
      4343      11609      11608      10133      10134
      4344      13177      13176      11608      11609
      4345      14652      14651      13176      13177
      4346      16229      16228      14651      14652
      4347      17704      17703      16228      16229
      4348      19272      19271      17703      17704
      4349      20747      20746      19271      19272
      4350      22324      22323      20746      20747
      4351      23799      23798      22323      22324
      4352      25367      25366      23798      23799
      4593       2463       2462        987        988
      4594       4040       4039       2462       2463
      4595       5515       5514       4039       4040
      4596       7083       7082       5514       5515
      4597       8558       8557       7082       7083
      4598      10135      10134       8557       8558
      4599      11610      11609      10134      10135
      4600      13178      13177      11609      11610
      4601      14653      14652      13177      13178
      4602      16230      16229      14652      14653
      4603      17705      17704      16229      16230
      4604      19273      19272      17704      17705
      4605      20748      20747      19272      19273
      4606      22325      22324      20747      20748
      4607      23800      23799      22324      22325
      4608      25368      25367      23799      23800
      4849       2464       2463        988        989
      4850       4041       4040       2463       2464
      4851       5516       5515       4040       4041
      4852       7084       7083       5515       5516
      4853       8559       8558       7083       7084
      4854      10136      10135       8558       8559
      4855      11611      11610      10135      10136
      4856      13179      13178      11610      11611
      4857      14654      14653      13178      13179
      4858      16231      16230      14653      14654
      4859      17706      17705      16230      16231
      4860      19274      19273      17705      17706
      4861      20749      20748      19273      19274
      4862      22326      22325      20748      20749
      4863      23801      23800      22325      22326
      4864      25369      25368      23800      23801
      5105       2465       2464        989        990
      5106       4042       4041       2464       2465
      5107       5517       5516       4041       4042
      5108       7085       7084       5516       5517
      5109       8560       8559       7084       7085
      5110      10137      10136       8559       8560
      5111      11612      11611      10136      10137
      5112      13180      13179      11611      11612
      5113      14655      14654      13179      13180
      5114      16232      16231      14654      14655
      5115      17707      17706      16231      16232
      5116      19275      19274      17706      17707
      5117      20750      20749      19274      19275
      5118      22327      22326      20749      20750
      5119      23802      23801      22326      22327
      5120      25370      25369      23801      23802
      5361       2466       2465        990        991
      5362       4043       4042       2465       2466
      5363       5518       5517       4042       4043
      5364       7086       7085       5517       5518
      5365       8561       8560       7085       7086
      5366      10138      10137       8560       8561
      5367      11613      11612      10137      10138
      5368      13181      13180      11612      11613
      5369      14656      14655      13180      13181
      5370      16233      16232      14655      14656
      5371      17708      17707      16232      16233
      5372      19276      19275      17707      17708
      5373      20751      20750      19275      19276
      5374      22328      22327      20750      20751
      5375      23803      23802      22327      22328
      5376      25371      25370      23802      23803
      5617       2467       2466        991        992
      5618       4044       4043       2466       2467
      5619       5519       5518       4043       4044
      5620       7087       7086       5518       5519
      5621       8562       8561       7086       7087
      5622      10139      10138       8561       8562
      5623      11614      11613      10138      10139
      5624      13182      13181      11613      11614
      5625      14657      14656      13181      13182
      5626      16234      16233      14656      14657
      5627      17709      17708      16233      16234
      5628      19277      19276      17708      17709
      5629      20752      20751      19276      19277
      5630      22329      22328      20751      20752
      5631      23804      23803      22328      22329
      5632      25372      25371      23803      23804
      5873       2468       2467        992        993
      5874       4045       4044       2467       2468
      5875       5520       5519       4044       4045
      5876       7088       7087       5519       5520
      5877       8563       8562       7087       7088
      5878      10140      10139       8562       8563
      5879      11615      11614      10139      10140
      5880      13183      13182      11614      11615
      5881      14658      14657      13182      13183
      5882      16235      16234      14657      14658
      5883      17710      17709      16234      16235
      5884      19278      19277      17709      17710
      5885      20753      20752      19277      19278
      5886      22330      22329      20752      20753
      5887      23805      23804      22329      22330
      5888      25373      25372      23804      23805
      6129       2469       2468        993        994
      6130       4046       4045       2468       2469
      6131       5521       5520       4045       4046
      6132       7089       7088       5520       5521
      6133       8564       8563       7088       7089
      6134      10141      10140       8563       8564
      6135      11616      11615      10140      10141
      6136      13184      13183      11615      11616
      6137      14659      14658      13183      13184
      6138      16236      16235      14658      14659
      6139      17711      17710      16235      16236
      6140      19279      19278      17710      17711
      6141      20754      20753      19278      19279
      6142      22331      22330      20753      20754
      6143      23806      23805      22330      22331
      6144      25374      25373      23805      23806
      6385       2470       2469        994        995
      6386       4047       4046       2469       2470
      6387       5522       5521       4046       4047
      6388       7090       7089       5521       5522
      6389       8565       8564       7089       7090
      6390      10142      10141       8564       8565
      6391      11617      11616      10141      10142
      6392      13185      13184      11616      11617
      6393      14660      14659      13184      13185
      6394      16237      16236      14659      14660
      6395      17712      17711      16236      16237
      6396      19280      19279      17711      17712
      6397      20755      20754      19279      19280
      6398      22332      22331      20754      20755
      6399      23807      23806      22331      22332
      6400      25375      25374      23806      23807
      6641       2471       2470        995        996
      6642       4048       4047       2470       2471
      6643       5523       5522       4047       4048
      6644       7091       7090       5522       5523
      6645       8566       8565       7090       7091
      6646      10143      10142       8565       8566
      6647      11618      11617      10142      10143
      6648      13186      13185      11617      11618
      6649      14661      14660      13185      13186
      6650      16238      16237      14660      14661
      6651      17713      17712      16237      16238
      6652      19281      19280      17712      17713
      6653      20756      20755      19280      19281
      6654      22333      22332      20755      20756
      6655      23808      23807      22332      22333
      6656      25376      25375      23807      23808
      6897       2472       2471        996        997
      6898       4049       4048       2471       2472
      6899       5524       5523       4048       4049
      6900       7092       7091       5523       5524
      6901       8567       8566       7091       7092
      6902      10144      10143       8566       8567
      6903      11619      11618      10143      10144
      6904      13187      13186      11618      11619
      6905      14662      14661      13186      13187
      6906      16239      16238      14661      14662
      6907      17714      17713      16238      16239
      6908      19282      19281      17713      17714
      6909      20757      20756      19281      19282
      6910      22334      22333      20756      20757
      6911      23809      23808      22333      22334
      6912      25377      25376      23808      23809
      7153       2473       2472        997        998
      7154       4050       4049       2472       2473
      7155       5525       5524       4049       4050
      7156       7093       7092       5524       5525
      7157       8568       8567       7092       7093
      7158      10145      10144       8567       8568
      7159      11620      11619      10144      10145
      7160      13188      13187      11619      11620
      7161      14663      14662      13187      13188
      7162      16240      16239      14662      14663
      7163      17715      17714      16239      16240
      7164      19283      19282      17714      17715
      7165      20758      20757      19282      19283
      7166      22335      22334      20757      20758
      7167      23810      23809      22334      22335
      7168      25378      25377      23809      23810
      7225       4017       4016        965        966
      7226       7061       7060       4016       4017
      7227      10112      10111       7060       7061
      7228      13156      13155      10111      10112
      7229      16207      16206      13155      13156
      7230      19251      19250      16206      16207
      7231      22302      22301      19250      19251
      7232      25346      25345      22301      22302
      7289       4018       4017        966        967
      7290       7062       7061       4017       4018
      7291      10113      10112       7061       7062
      7292      13157      13156      10112      10113
      7293      16208      16207      13156      13157
      7294      19252      19251      16207      16208
      7295      22303      22302      19251      19252
      7296      25347      25346      22302      22303
      7353       4019       4018        967        968
      7354       7063       7062       4018       4019
      7355      10114      10113       7062       7063
      7356      13158      13157      10113      10114
      7357      16209      16208      13157      13158
      7358      19253      19252      16208      16209
      7359      22304      22303      19252      19253
      7360      25348      25347      22303      22304
      7417       4020       4019        968        969
      7418       7064       7063       4019       4020
      7419      10115      10114       7063       7064
      7420      13159      13158      10114      10115
      7421      16210      16209      13158      13159
      7422      19254      19253      16209      16210
      7423      22305      22304      19253      19254
      7424      25349      25348      22304      22305
      7481       4021       4020        969        970
      7482       7065       7064       4020       4021
      7483      10116      10115       7064       7065
      7484      13160      13159      10115      10116
      7485      16211      16210      13159      13160
      7486      19255      19254      16210      16211
      7487      22306      22305      19254      19255
      7488      25350      25349      22305      22306
      7545       4022       4021        970        971
      7546       7066       7065       4021       4022
      7547      10117      10116       7065       7066
      7548      13161      13160      10116      10117
      7549      16212      16211      13160      13161
      7550      19256      19255      16211      16212
      7551      22307      22306      19255      19256
      7552      25351      25350      22306      22307
      7609       4023       4022        971        972
      7610       7067       7066       4022       4023
      7611      10118      10117       7066       7067
      7612      13162      13161      10117      10118
      7613      16213      16212      13161      13162
      7614      19257      19256      16212      16213
      7615      22308      22307      19256      19257
      7616      25352      25351      22307      22308
      7673       4024       4023        972        973
      7674       7068       7067       4023       4024
      7675      10119      10118       7067       7068
      7676      13163      13162      10118      10119
      7677      16214      16213      13162      13163
      7678      19258      19257      16213      16214
      7679      22309      22308      19257      19258
      7680      25353      25352      22308      22309
      7737       4025       4024        973        974
      7738       7069       7068       4024       4025
      7739      10120      10119       7068       7069
      7740      13164      13163      10119      10120
      7741      16215      16214      13163      13164
      7742      19259      19258      16214      16215
      7743      22310      22309      19258      19259
      7744      25354      25353      22309      22310
      7801       4026       4025        974        975
      7802       7070       7069       4025       4026
      7803      10121      10120       7069       7070
      7804      13165      13164      10120      10121
      7805      16216      16215      13164      13165
      7806      19260      19259      16215      16216
      7807      22311      22310      19259      19260
      7808      25355      25354      22310      22311
      7865       4027       4026        975        976
      7866       7071       7070       4026       4027
      7867      10122      10121       7070       7071
      7868      13166      13165      10121      10122
      7869      16217      16216      13165      13166
      7870      19261      19260      16216      16217
      7871      22312      22311      19260      19261
      7872      25356      25355      22311      22312
      7929       4028       4027        976        977
      7930       7072       7071       4027       4028
      7931      10123      10122       7071       7072
      7932      13167      13166      10122      10123
      7933      16218      16217      13166      13167
      7934      19262      19261      16217      16218
      7935      22313      22312      19261      19262
      7936      25357      25356      22312      22313
      8049       2454       2453        978        979
      8050       4031       4030       2453       2454
      8051       5506       5505       4030       4031
      8052       7074       7073       5505       5506
      8053       8549       8548       7073       7074
      8054      10126      10125       8548       8549
      8055      11601      11600      10125      10126
      8056      13169      13168      11600      11601
      8057      14644      14643      13168      13169
      8058      16221      16220      14643      14644
      8059      17696      17695      16220      16221
      8060      19264      19263      17695      17696
      8061      20739      20738      19263      19264
      8062      22316      22315      20738      20739
      8063      23791      23790      22315      22316
      8064      25359      25358      23790      23791
      8349       5505       5504       4029       4030
      8350      11600      11599      10124      10125
      8351      17695      17694      16219      16220
      8352      23790      23789      22314      22315
      8381       4030       4029       2452       2453
      8382      10125      10124       8547       8548
      8383      16220      16219      14642      14643
      8384      22315      22314      20737      20738
      8413       7073       7072       5504       5505
      8414      13168      13167      11599      11600
      8415      19263      19262      17694      17695
      8416      25358      25357      23789      23790
      8445       2453       2452        977        978
      8446       8548       8547       7072       7073
      8447      14643      14642      13167      13168
      8448      20738      20737      19262      19263
      8477       5504       7072       4028       4029
      8478      11599      13167      10123      10124
      8479      17694      19262      16218      16219
      8480      23789      25357      22313      22314
      8509       4029       4028        977       2452
      8510      10124      10123       7072       8547
      8511      16219      16218      13167      14642
      8512      22314      22313      19262      20737
      9505       1567       1566       1013       1014
      9506       2490       2489       1566       1567
      9507       3043       3042       2489       2490
      9508       4066       4065       3042       3043
      9509       4619       4618       4065       4066
      9510       5542       5541       4618       4619
      9511       6095       6094       5541       5542
      9512       7109       7108       6094       6095
      9513       7662       7661       7108       7109
      9514       8585       8584       7661       7662
      9515       9138       9137       8584       8585
      9516      10161      10160       9137       9138
      9517      10714      10713      10160      10161
      9518      11637      11636      10713      10714
      9519      12190      12189      11636      11637
      9520      13204      13203      12189      12190
      9521      13757      13756      13203      13204
      9522      14680      14679      13756      13757
      9523      15233      15232      14679      14680
      9524      16256      16255      15232      15233
      9525      16809      16808      16255      16256
      9526      17732      17731      16808      16809
      9527      18285      18284      17731      17732
      9528      19299      19298      18284      18285
      9529      19852      19851      19298      19299
      9530      20775      20774      19851      19852
      9531      21328      21327      20774      20775
      9532      22351      22350      21327      21328
      9533      22904      22903      22350      22351
      9534      23827      23826      22903      22904
      9535      24380      24379      23826      23827
      9536      25394      25393      24379      24380
     10529       1554       1553       1000       1001
     10530       2477       2476       1553       1554
     10531       3030       3029       2476       2477
     10532       4053       4052       3029       3030
     10533       4606       4605       4052       4053
     10534       5529       5528       4605       4606
     10535       6082       6081       5528       5529
     10536       7096       7095       6081       6082
     10537       7649       7648       7095       7096
     10538       8572       8571       7648       7649
     10539       9125       9124       8571       8572
     10540      10148      10147       9124       9125
     10541      10701      10700      10147      10148
     10542      11624      11623      10700      10701
     10543      12177      12176      11623      11624
     10544      13191      13190      12176      12177
     10545      13744      13743      13190      13191
     10546      14667      14666      13743      13744
     10547      15220      15219      14666      14667
     10548      16243      16242      15219      15220
     10549      16796      16795      16242      16243
     10550      17719      17718      16795      16796
     10551      18272      18271      17718      17719
     10552      19286      19285      18271      18272
     10553      19839      19838      19285      19286
     10554      20762      20761      19838      19839
     10555      21315      21314      20761      20762
     10556      22338      22337      21314      21315
     10557      22891      22890      22337      22338
     10558      23814      23813      22890      22891
     10559      24367      24366      23813      23814
     10560      25381      25380      24366      24367
     11553       1555       1554       1001       1002
     11554       2478       2477       1554       1555
     11555       3031       3030       2477       2478
     11556       4054       4053       3030       3031
     11557       4607       4606       4053       4054
     11558       5530       5529       4606       4607
     11559       6083       6082       5529       5530
     11560       7097       7096       6082       6083
     11561       7650       7649       7096       7097
     11562       8573       8572       7649       7650
     11563       9126       9125       8572       8573
     11564      10149      10148       9125       9126
     11565      10702      10701      10148      10149
     11566      11625      11624      10701      10702
     11567      12178      12177      11624      11625
     11568      13192      13191      12177      12178
     11569      13745      13744      13191      13192
     11570      14668      14667      13744      13745
     11571      15221      15220      14667      14668
     11572      16244      16243      15220      15221
     11573      16797      16796      16243      16244
     11574      17720      17719      16796      16797
     11575      18273      18272      17719      17720
     11576      19287      19286      18272      18273
     11577      19840      19839      19286      19287
     11578      20763      20762      19839      19840
     11579      21316      21315      20762      20763
     11580      22339      22338      21315      21316
     11581      22892      22891      22338      22339
     11582      23815      23814      22891      22892
     11583      24368      24367      23814      23815
     11584      25382      25381      24367      24368
     12577       1556       1555       1002       1003
     12578       2479       2478       1555       1556
     12579       3032       3031       2478       2479
     12580       4055       4054       3031       3032
     12581       4608       4607       4054       4055
     12582       5531       5530       4607       4608
     12583       6084       6083       5530       5531
     12584       7098       7097       6083       6084
     12585       7651       7650       7097       7098
     12586       8574       8573       7650       7651
     12587       9127       9126       8573       8574
     12588      10150      10149       9126       9127
     12589      10703      10702      10149      10150
     12590      11626      11625      10702      10703
     12591      12179      12178      11625      11626
     12592      13193      13192      12178      12179
     12593      13746      13745      13192      13193
     12594      14669      14668      13745      13746
     12595      15222      15221      14668      14669
     12596      16245      16244      15221      15222
     12597      16798      16797      16244      16245
     12598      17721      17720      16797      16798
     12599      18274      18273      17720      17721
     12600      19288      19287      18273      18274
     12601      19841      19840      19287      19288
     12602      20764      20763      19840      19841
     12603      21317      21316      20763      20764
     12604      22340      22339      21316      21317
     12605      22893      22892      22339      22340
     12606      23816      23815      22892      22893
     12607      24369      24368      23815      23816
     12608      25383      25382      24368      24369
     13601       1557       1556       1003       1004
     13602       2480       2479       1556       1557
     13603       3033       3032       2479       2480
     13604       4056       4055       3032       3033
     13605       4609       4608       4055       4056
     13606       5532       5531       4608       4609
     13607       6085       6084       5531       5532
     13608       7099       7098       6084       6085
     13609       7652       7651       7098       7099
     13610       8575       8574       7651       7652
     13611       9128       9127       8574       8575
     13612      10151      10150       9127       9128
     13613      10704      10703      10150      10151
     13614      11627      11626      10703      10704
     13615      12180      12179      11626      11627
     13616      13194      13193      12179      12180
     13617      13747      13746      13193      13194
     13618      14670      14669      13746      13747
     13619      15223      15222      14669      14670
     13620      16246      16245      15222      15223
     13621      16799      16798      16245      16246
     13622      17722      17721      16798      16799
     13623      18275      18274      17721      17722
     13624      19289      19288      18274      18275
     13625      19842      19841      19288      19289
     13626      20765      20764      19841      19842
     13627      21318      21317      20764      20765
     13628      22341      22340      21317      21318
     13629      22894      22893      22340      22341
     13630      23817      23816      22893      22894
     13631      24370      24369      23816      23817
     13632      25384      25383      24369      24370
     14625       1558       1557       1004       1005
     14626       2481       2480       1557       1558
     14627       3034       3033       2480       2481
     14628       4057       4056       3033       3034
     14629       4610       4609       4056       4057
     14630       5533       5532       4609       4610
     14631       6086       6085       5532       5533
     14632       7100       7099       6085       6086
     14633       7653       7652       7099       7100
     14634       8576       8575       7652       7653
     14635       9129       9128       8575       8576
     14636      10152      10151       9128       9129
     14637      10705      10704      10151      10152
     14638      11628      11627      10704      10705
     14639      12181      12180      11627      11628
     14640      13195      13194      12180      12181
     14641      13748      13747      13194      13195
     14642      14671      14670      13747      13748
     14643      15224      15223      14670      14671
     14644      16247      16246      15223      15224
     14645      16800      16799      16246      16247
     14646      17723      17722      16799      16800
     14647      18276      18275      17722      17723
     14648      19290      19289      18275      18276
     14649      19843      19842      19289      19290
     14650      20766      20765      19842      19843
     14651      21319      21318      20765      20766
     14652      22342      22341      21318      21319
     14653      22895      22894      22341      22342
     14654      23818      23817      22894      22895
     14655      24371      24370      23817      23818
     14656      25385      25384      24370      24371
     15649       1559       1558       1005       1006
     15650       2482       2481       1558       1559
     15651       3035       3034       2481       2482
     15652       4058       4057       3034       3035
     15653       4611       4610       4057       4058
     15654       5534       5533       4610       4611
     15655       6087       6086       5533       5534
     15656       7101       7100       6086       6087
     15657       7654       7653       7100       7101
     15658       8577       8576       7653       7654
     15659       9130       9129       8576       8577
     15660      10153      10152       9129       9130
     15661      10706      10705      10152      10153
     15662      11629      11628      10705      10706
     15663      12182      12181      11628      11629
     15664      13196      13195      12181      12182
     15665      13749      13748      13195      13196
     15666      14672      14671      13748      13749
     15667      15225      15224      14671      14672
     15668      16248      16247      15224      15225
     15669      16801      16800      16247      16248
     15670      17724      17723      16800      16801
     15671      18277      18276      17723      17724
     15672      19291      19290      18276      18277
     15673      19844      19843      19290      19291
     15674      20767      20766      19843      19844
     15675      21320      21319      20766      20767
     15676      22343      22342      21319      21320
     15677      22896      22895      22342      22343
     15678      23819      23818      22895      22896
     15679      24372      24371      23818      23819
     15680      25386      25385      24371      24372
     16673       1560       1559       1006       1007
     16674       2483       2482       1559       1560
     16675       3036       3035       2482       2483
     16676       4059       4058       3035       3036
     16677       4612       4611       4058       4059
     16678       5535       5534       4611       4612
     16679       6088       6087       5534       5535
     16680       7102       7101       6087       6088
     16681       7655       7654       7101       7102
     16682       8578       8577       7654       7655
     16683       9131       9130       8577       8578
     16684      10154      10153       9130       9131
     16685      10707      10706      10153      10154
     16686      11630      11629      10706      10707
     16687      12183      12182      11629      11630
     16688      13197      13196      12182      12183
     16689      13750      13749      13196      13197
     16690      14673      14672      13749      13750
     16691      15226      15225      14672      14673
     16692      16249      16248      15225      15226
     16693      16802      16801      16248      16249
     16694      17725      17724      16801      16802
     16695      18278      18277      17724      17725
     16696      19292      19291      18277      18278
     16697      19845      19844      19291      19292
     16698      20768      20767      19844      19845
     16699      21321      21320      20767      20768
     16700      22344      22343      21320      21321
     16701      22897      22896      22343      22344
     16702      23820      23819      22896      22897
     16703      24373      24372      23819      23820
     16704      25387      25386      24372      24373
     17697       1561       1560       1007       1008
     17698       2484       2483       1560       1561
     17699       3037       3036       2483       2484
     17700       4060       4059       3036       3037
     17701       4613       4612       4059       4060
     17702       5536       5535       4612       4613
     17703       6089       6088       5535       5536
     17704       7103       7102       6088       6089
     17705       7656       7655       7102       7103
     17706       8579       8578       7655       7656
     17707       9132       9131       8578       8579
     17708      10155      10154       9131       9132
     17709      10708      10707      10154      10155
     17710      11631      11630      10707      10708
     17711      12184      12183      11630      11631
     17712      13198      13197      12183      12184
     17713      13751      13750      13197      13198
     17714      14674      14673      13750      13751
     17715      15227      15226      14673      14674
     17716      16250      16249      15226      15227
     17717      16803      16802      16249      16250
     17718      17726      17725      16802      16803
     17719      18279      18278      17725      17726
     17720      19293      19292      18278      18279
     17721      19846      19845      19292      19293
     17722      20769      20768      19845      19846
     17723      21322      21321      20768      20769
     17724      22345      22344      21321      21322
     17725      22898      22897      22344      22345
     17726      23821      23820      22897      22898
     17727      24374      24373      23820      23821
     17728      25388      25387      24373      24374
     18721       1562       1561       1008       1009
     18722       2485       2484       1561       1562
     18723       3038       3037       2484       2485
     18724       4061       4060       3037       3038
     18725       4614       4613       4060       4061
     18726       5537       5536       4613       4614
     18727       6090       6089       5536       5537
     18728       7104       7103       6089       6090
     18729       7657       7656       7103       7104
     18730       8580       8579       7656       7657
     18731       9133       9132       8579       8580
     18732      10156      10155       9132       9133
     18733      10709      10708      10155      10156
     18734      11632      11631      10708      10709
     18735      12185      12184      11631      11632
     18736      13199      13198      12184      12185
     18737      13752      13751      13198      13199
     18738      14675      14674      13751      13752
     18739      15228      15227      14674      14675
     18740      16251      16250      15227      15228
     18741      16804      16803      16250      16251
     18742      17727      17726      16803      16804
     18743      18280      18279      17726      17727
     18744      19294      19293      18279      18280
     18745      19847      19846      19293      19294
     18746      20770      20769      19846      19847
     18747      21323      21322      20769      20770
     18748      22346      22345      21322      21323
     18749      22899      22898      22345      22346
     18750      23822      23821      22898      22899
     18751      24375      24374      23821      23822
     18752      25389      25388      24374      24375
     19745       1563       1562       1009       1010
     19746       2486       2485       1562       1563
     19747       3039       3038       2485       2486
     19748       4062       4061       3038       3039
     19749       4615       4614       4061       4062
     19750       5538       5537       4614       4615
     19751       6091       6090       5537       5538
     19752       7105       7104       6090       6091
     19753       7658       7657       7104       7105
     19754       8581       8580       7657       7658
     19755       9134       9133       8580       8581
     19756      10157      10156       9133       9134
     19757      10710      10709      10156      10157
     19758      11633      11632      10709      10710
     19759      12186      12185      11632      11633
     19760      13200      13199      12185      12186
     19761      13753      13752      13199      13200
     19762      14676      14675      13752      13753
     19763      15229      15228      14675      14676
     19764      16252      16251      15228      15229
     19765      16805      16804      16251      16252
     19766      17728      17727      16804      16805
     19767      18281      18280      17727      17728
     19768      19295      19294      18280      18281
     19769      19848      19847      19294      19295
     19770      20771      20770      19847      19848
     19771      21324      21323      20770      20771
     19772      22347      22346      21323      21324
     19773      22900      22899      22346      22347
     19774      23823      23822      22899      22900
     19775      24376      24375      23822      23823
     19776      25390      25389      24375      24376
     20769       1564       1563       1010       1011
     20770       2487       2486       1563       1564
     20771       3040       3039       2486       2487
     20772       4063       4062       3039       3040
     20773       4616       4615       4062       4063
     20774       5539       5538       4615       4616
     20775       6092       6091       5538       5539
     20776       7106       7105       6091       6092
     20777       7659       7658       7105       7106
     20778       8582       8581       7658       7659
     20779       9135       9134       8581       8582
     20780      10158      10157       9134       9135
     20781      10711      10710      10157      10158
     20782      11634      11633      10710      10711
     20783      12187      12186      11633      11634
     20784      13201      13200      12186      12187
     20785      13754      13753      13200      13201
     20786      14677      14676      13753      13754
     20787      15230      15229      14676      14677
     20788      16253      16252      15229      15230
     20789      16806      16805      16252      16253
     20790      17729      17728      16805      16806
     20791      18282      18281      17728      17729
     20792      19296      19295      18281      18282
     20793      19849      19848      19295      19296
     20794      20772      20771      19848      19849
     20795      21325      21324      20771      20772
     20796      22348      22347      21324      21325
     20797      22901      22900      22347      22348
     20798      23824      23823      22900      22901
     20799      24377      24376      23823      23824
     20800      25391      25390      24376      24377
     21793       1565       1564       1011       1012
     21794       2488       2487       1564       1565
     21795       3041       3040       2487       2488
     21796       4064       4063       3040       3041
     21797       4617       4616       4063       4064
     21798       5540       5539       4616       4617
     21799       6093       6092       5539       5540
     21800       7107       7106       6092       6093
     21801       7660       7659       7106       7107
     21802       8583       8582       7659       7660
     21803       9136       9135       8582       8583
     21804      10159      10158       9135       9136
     21805      10712      10711      10158      10159
     21806      11635      11634      10711      10712
     21807      12188      12187      11634      11635
     21808      13202      13201      12187      12188
     21809      13755      13754      13201      13202
     21810      14678      14677      13754      13755
     21811      15231      15230      14677      14678
     21812      16254      16253      15230      15231
     21813      16807      16806      16253      16254
     21814      17730      17729      16806      16807
     21815      18283      18282      17729      17730
     21816      19297      19296      18282      18283
     21817      19850      19849      19296      19297
     21818      20773      20772      19849      19850
     21819      21326      21325      20772      20773
     21820      22349      22348      21325      21326
     21821      22902      22901      22348      22349
     21822      23825      23824      22901      22902
     21823      24378      24377      23824      23825
     21824      25392      25391      24377      24378
     22817       1566       1565       1012       1013
     22818       2489       2488       1565       1566
     22819       3042       3041       2488       2489
     22820       4065       4064       3041       3042
     22821       4618       4617       4064       4065
     22822       5541       5540       4617       4618
     22823       6094       6093       5540       5541
     22824       7108       7107       6093       6094
     22825       7661       7660       7107       7108
     22826       8584       8583       7660       7661
     22827       9137       9136       8583       8584
     22828      10160      10159       9136       9137
     22829      10713      10712      10159      10160
     22830      11636      11635      10712      10713
     22831      12189      12188      11635      11636
     22832      13203      13202      12188      12189
     22833      13756      13755      13202      13203
     22834      14679      14678      13755      13756
     22835      15232      15231      14678      14679
     22836      16255      16254      15231      15232
     22837      16808      16807      16254      16255
     22838      17731      17730      16807      16808
     22839      18284      18283      17730      17731
     22840      19298      19297      18283      18284
     22841      19851      19850      19297      19298
     22842      20774      20773      19850      19851
     22843      21327      21326      20773      20774
     22844      22350      22349      21326      21327
     22845      22903      22902      22349      22350
     22846      23826      23825      22902      22903
     22847      24379      24378      23825      23826
