        1190
         184         311         290         288         300
         182         313         311         300         299
         180         315         313         299         298
         178         317         315         298         297
         170         316         314         315         317
         172         314         312         313         315
         176         310         291         290         311
         174         312         310         311         313
        4011        4383        4384        5319        5320
        3982        4201        4202        5275        5276
        4012         838        4383        5320         946
        3992        5290        5289         945         944
        3981        4202         831         944        5275
        3990         831        4253        5290         944
        3989        4253        4254        5289        5290
        3988        4254         835         945        5289
        4000        4306         838         946        5305
        4001        4305        4306        5305        5306
        4016         873        4409        5326         947
        4010        4384         873         947        5319
        4004        5306        5305         946         945
        4002         835        4305        5306         945
        4014        5320        5319         947         946
       90629        5326       11225       11222         947
       90633        4409        4410       11225        5326
       90634        4410         874       11222       11225
       90684        5276        5275         944       11171
       90688         829        4201        5276       11171
       90699        4175        4176       11187       11186
       90700        4176         829       11171       11187
       90703       11171         944       11221       11164
       90704         944         945       11220       11221
       90705         945         946       11219       11220
       90706         946         947       11217       11219
       90707         947       11222       11218       11217
       90708       11164       11221       11216       11151
       90709       11221       11220       11215       11216
       90710       11220       11219       11214       11215
       90711       11219       11217       11212       11214
       90712       11217       11218       11213       11212
       90714       11151       11216         316       11148
       90716       11216       11215         314         316
       90718       11215       11214         312         314
       90720       11214       11212         310         312
       90722       11212       11213         291         310
       90724       11148         316         317       11150
       90725         307       11150         296         294
       90727       11150         317         297         296
       90748       11186       11187       11171       11001
       90752         828        4175       11186       11001
       90773       11001       11171       11164       11000
       90779       11000       11164       11151       11003
       90785       11003       11151       11148         306
       90787         306       11148       11150         307
        2920         873        4387        4422        4409
        2824         835        4257        4318        4305
        2924        4422        4419        4420        4421
        2783        4265        4264        4258        4257
        2922        4388         735        4115        4419
        2921        4387        4388        4419        4422
        2617         694        4006        4024        4014
        2782        4254        4265        4257         835
        2618        4014        4024        4023        4015
        2709        4186        4003         694        4180
        2781        4263        4031        4032        4264
        2708        4187        4186        4180        4179
        2780        4266        4263        4264        4265
        2828        4318        4315        4316        4317
        2896        4383        4396        4395        4384
        2704        3297        3296        4185        4188
        2707        4176        4187        4179         829
        2644         697        4035        4091        4081
        2827        4305        4318        4317        4306
        2703         828        3297        4188        4175
        2610        4003        4009        4006         694
        2784        4264        4032         697        4258
        2645        4081        4091        4090        4082
        2706        4188        4185        4186        4187
        2646        4082        4090        4085         734
        2733        4211        4014        4015        4212
        2732        4214        4211        4212        4213
        2705        4175        4188        4187        4176
        2777        4205        4206        4263        4266
        2619        4015        4023        4018         696
        2923        4409        4422        4421        4410
        2626         696        4018        4041        4031
        2829        4315        4081        4082        4316
        2830        4306        4317        4309         838
        2897        4396        4393        4394        4395
        2901        4394        4099         735        4388
        2736        4212        4015         696        4206
        2662         735        4102        4125        4115
        2779        4253        4266        4265        4254
        2826        4258         697        4081        4315
        2735        4213        4212        4206        4205
        2734        4202        4213        4205         831
        2831        4317        4316        4310        4309
        2898        4393        4098        4099        4394
        2663        4115        4125        4124        4116
        2899        4384        4395        4387         873
        2825        4257        4258        4315        4318
        2832        4316        4082         734        4310
        2728         829        4179        4214        4201
        2653         734        4085        4108        4098
        2627        4031        4041        4040        4032
        2893         838        4309        4396        4383
        2654        4098        4108        4107        4099
        2628        4032        4040        4035         697
        2895        4310         734        4098        4393
        2655        4099        4107        4102         735
        2894        4309        4310        4393        4396
        2730        4180         694        4014        4211
        2900        4395        4394        4388        4387
        2778        4206         696        4031        4263
        2664        4116        4124        4119         736
        2731        4201        4214        4213        4202
        2729        4179        4180        4211        4214
        2776         831        4205        4266        4253
        2928        4420        4116         736        4414
        2927        4421        4420        4414        4413
        2926        4410        4421        4413         874
        2925        4419        4115        4116        4420
       62477        4185       10449        4003        4186
       62478        3296         693       10449        4185
       62506        4124       10541       10542        4119
       62507        4125       10540       10541        4124
       62508        4102       10533       10540        4125
       62515        4107       10532       10533        4102
       62516        4108       10531       10532        4107
       62517        4085       10524       10531        4108
       62524        4090       10523       10524        4085
       62525        4091       10522       10523        4090
       62526        4035       10470       10522        4091
       62560        4040       10469       10470        4035
       62561        4041       10468       10469        4040
       62562        4018       10461       10468        4041
       62569        4023       10460       10461        4018
       62570        4024       10459       10460        4023
       62571        4006       10452       10459        4024
       62578        4009       10451       10452        4006
       62579       10448       10450       10451        4009
       62580       10449       10448        4009        4003
       62637        3192       10125       10450       10448
       62638         693        3192       10448       10449
       63601        7114       66849       66876       66847
       63602       66849       66850       66873       66876
       63603       66850        7115       66859       66873
       63604       66847       66876       66875       66848
       63605       66876       66873       66874       66875
       63606       66873       66859       66860       66874
       63607       66848       66875       66855        7117
       63608       66875       66874       66856       66855
       63609       66874       66860        7116       66856
       63628        7117       66855       66920       66897
       63629       66855       66856       66917       66920
       63630       66856        7116       66907       66917
       63631       66897       66920       66919       66898
       63632       66920       66917       66918       66919
       63633       66917       66907       66908       66918
       63634       66898       66919       66903        7121
       63635       66919       66918       66904       66903
       63636       66918       66908        7120       66904
       63655        7142       66949       66976       66947
       63656       66949       66950       66973       66976
       63657       66950        7143       66959       66973
       63658       66947       66976       66975       66948
       63659       66976       66973       66974       66975
       63660       66973       66959       66960       66974
       63661       66948       66975       66955        6934
       63662       66975       66974       66956       66955
       63663       66974       66960        6937       66956
       63682        7152       67005       67032       67003
       63683       67005       67006       67029       67032
       63684       67006        7153       67015       67029
       63685       67003       67032       67031       67004
       63686       67032       67029       67030       67031
       63687       67029       67015       67016       67030
       63688       67004       67031       67011        7155
       63689       67031       67030       67012       67011
       63690       67030       67016        7154       67012
       63709        7155       67011       67076       67053
       63710       67011       67012       67073       67076
       63711       67012        7154       67063       67073
       63712       67053       67076       67075       67054
       63713       67076       67073       67074       67075
       63714       67073       67063       67064       67074
       63715       67054       67075       67059        7159
       63716       67075       67074       67060       67059
       63717       67074       67064        7158       67060
       63736        7164       67105       67132       67103
       63737       67105       67106       67129       67132
       63738       67106        7165       67115       67129
       63739       67103       67132       67131       67104
       63740       67132       67129       67130       67131
       63741       67129       67115       67116       67130
       63742       67104       67131       67111        7167
       63743       67131       67130       67112       67111
       63744       67130       67116        7166       67112
       63763        7167       67111       67176       67153
       63764       67111       67112       67173       67176
       63765       67112        7166       67163       67173
       63766       67153       67176       67175       67154
       63767       67176       67173       67174       67175
       63768       67173       67163       67164       67174
       63769       67154       67175       67159        7171
       63770       67175       67174       67160       67159
       63771       67174       67164        7170       67160
       63790        7176       67205       67232       67203
       63791       67205       67206       67229       67232
       63792       67206        7177       67215       67229
       63793       67203       67232       67231       67204
       63794       67232       67229       67230       67231
       63795       67229       67215       67216       67230
       63796       67204       67231       67211        7179
       63797       67231       67230       67212       67211
       63798       67230       67216        7178       67212
       63817        7182       67259       67280       67257
       63818       67259       67260       67277       67280
       63819       67260        7183       67263       67277
       63820       67257       67280       67279       67258
       63821       67280       67277       67278       67279
       63822       67277       67263       67264       67278
       63823       67258       67279       67205        7176
       63824       67279       67278       67206       67205
       63825       67278       67264        7177       67206
       63844        7188       67305       67332       67303
       63845       67305       67306       67329       67332
       63846       67306        7189       67315       67329
       63847       67303       67332       67331       67304
       63848       67332       67329       67330       67331
       63849       67329       67315       67316       67330
       63850       67304       67331       67311        7191
       63851       67331       67330       67312       67311
       63852       67330       67316        7190       67312
       63871        7191       67311       67376       67353
       63872       67311       67312       67373       67376
       63873       67312        7190       67363       67373
       63874       67353       67376       67375       67354
       63875       67376       67373       67374       67375
       63876       67373       67363       67364       67374
       63877       67354       67375       67359        7195
       63878       67375       67374       67360       67359
       63879       67374       67364        7194       67360
       63898        7202       49968       67420       67397
       63899       49968       49967       67417       67420
       63900       49967        7198       67407       67417
       63901       67397       67420       67419       67398
       63902       67420       67417       67418       67419
       63903       67417       67407       67408       67418
       63904       67398       67419       67403        7207
       63905       67419       67418       67404       67403
       63906       67418       67408        7206       67404
       64033        7195       67359       67598       67587
       64034       67359       67360       67595       67598
       64035       67360        7194       67589       67595
       64036       67587       67598       67597       67588
       64037       67598       67595       67596       67597
       64038       67595       67589       67590       67596
       64039       67588       67597       66849        7114
       64040       67597       67596       66850       66849
       64041       67596       67590        7115       66850
       64087        7121       66903       67654       67637
       64088       66903       66904       67651       67654
       64089       66904        7120       67641       67651
       64090       67637       67654       67653       67638
       64091       67654       67651       67652       67653
       64092       67651       67641       67642       67652
       64093       67638       67653       67259        7182
       64094       67653       67652       67260       67259
       64095       67652       67642        7183       67260
       64384        7159       67059       67982       67971
       64385       67059       67060       67979       67982
       64386       67060        7158       67973       67979
       64387       67971       67982       67981       67972
       64388       67982       67979       67980       67981
       64389       67979       67973       67974       67980
       64390       67972       67981       66949        7142
       64391       67981       67980       66950       66949
       64392       67980       67974        7143       66950
       64519        7171       67159       68138       68127
       64520       67159       67160       68135       68138
       64521       67160        7170       68129       68135
       64522       68127       68138       68137       68128
       64523       68138       68135       68136       68137
       64524       68135       68129       68130       68136
       64525       68128       68137       67005        7152
       64526       68137       68136       67006       67005
       64527       68136       68130        7153       67006
       64654        7207       67403       68274       68263
       64655       67403       67404       68271       68274
       64656       67404        7206       68265       68271
       64657       68263       68274       68273       68264
       64658       68274       68271       68272       68273
       64659       68271       68265       68266       68272
       64660       68264       68273       67305        7188
       64661       68273       68272       67306       67305
       64662       68272       68266        7189       67306
       64762        7179       67211       68370       68353
       64763       67211       67212       68367       68370
       64764       67212        7178       68357       68367
       64765       68353       68370       68369       68354
       64766       68370       68367       68368       68369
       64767       68367       68357       68358       68368
       64768       68354       68369       67105        7164
       64769       68369       68368       67106       67105
       64770       68368       68358        7165       67106
       67867        8392       71345       71362       71343
       67868       71345       71346       71359       71362
       67869       71346        7142       66947       71359
       67870       71343       71362       71361       71344
       67871       71362       71359       71360       71361
       67872       71359       66947       66948       71360
       67873       71344       71361       71349        8393
       67874       71361       71360       71350       71349
       67875       71360       66948        6934       71350
       67894        8451       71379       71396       71377
       67895       71379       71380       71393       71396
       67896       71380        7195       67587       71393
       67897       71377       71396       71395       71378
       67898       71396       71393       71394       71395
       67899       71393       67587       67588       71394
       67900       71378       71395       71383        8452
       67901       71395       71394       71384       71383
       67902       71394       67588        7114       71384
       67921        8452       71383       71422       71409
       67922       71383       71384       71419       71422
       67923       71384        7114       66847       71419
       67924       71409       71422       71421       71410
       67925       71422       71419       71420       71421
       67926       71419       66847       66848       71420
       67927       71410       71421       71413        8453
       67928       71421       71420       71414       71413
       67929       71420       66848        7117       71414
       67948        8453       71413       71448       71435
       67949       71413       71414       71445       71448
       67950       71414        7117       66897       71445
       67951       71435       71448       71447       71436
       67952       71448       71445       71446       71447
       67953       71445       66897       66898       71446
       67954       71436       71447       71439        8454
       67955       71447       71446       71440       71439
       67956       71446       66898        7121       71440
       67975        8454       71439       71474       71461
       67976       71439       71440       71471       71474
       67977       71440        7121       67637       71471
       67978       71461       71474       71473       71462
       67979       71474       71471       71472       71473
       67980       71471       67637       67638       71472
       67981       71462       71473       71465        8455
       67982       71473       71472       71466       71465
       67983       71472       67638        7182       71466
       68002        8465       71491       71504       71489
       68003       71491       71492       71501       71504
       68004       71492        7159       67971       71501
       68005       71489       71504       71503       71490
       68006       71504       71501       71502       71503
       68007       71501       67971       67972       71502
       68008       71490       71503       71345        8392
       68009       71503       71502       71346       71345
       68010       71502       67972        7142       71346
       68056        8468       71551       71568       71549
       68057       71551       71552       71565       71568
       68058       71552        7171       68127       71565
       68059       71549       71568       71567       71550
       68060       71568       71565       71566       71567
       68061       71565       68127       68128       71566
       68062       71550       71567       71555        8469
       68063       71567       71566       71556       71555
       68064       71566       68128        7152       71556
       68083        8469       71555       71594       71581
       68084       71555       71556       71591       71594
       68085       71556        7152       67003       71591
       68086       71581       71594       71593       71582
       68087       71594       71591       71592       71593
       68088       71591       67003       67004       71592
       68089       71582       71593       71585        8470
       68090       71593       71592       71586       71585
       68091       71592       67004        7155       71586
       68137        8470       71585       71640       71631
       68138       71585       71586       71637       71640
       68139       71586        7155       67053       71637
       68140       71631       71640       71639       71632
       68141       71640       71637       71638       71639
       68142       71637       67053       67054       71638
       68143       71632       71639       71491        8465
       68144       71639       71638       71492       71491
       68145       71638       67054        7159       71492
       68164        8471       71653       71670       71651
       68165       71653       71654       71667       71670
       68166       71654        7179       68353       71667
       68167       71651       71670       71669       71652
       68168       71670       71667       71668       71669
       68169       71667       68353       68354       71668
       68170       71652       71669       71657        8472
       68171       71669       71668       71658       71657
       68172       71668       68354        7164       71658
       68191        8472       71657       71696       71683
       68192       71657       71658       71693       71696
       68193       71658        7164       67103       71693
       68194       71683       71696       71695       71684
       68195       71696       71693       71694       71695
       68196       71693       67103       67104       71694
       68197       71684       71695       71687        8473
       68198       71695       71694       71688       71687
       68199       71694       67104        7167       71688
       68218        8473       71687       71718       71709
       68219       71687       71688       71715       71718
       68220       71688        7167       67153       71715
       68221       71709       71718       71717       71710
       68222       71718       71715       71716       71717
       68223       71715       67153       67154       71716
       68224       71710       71717       71551        8468
       68225       71717       71716       71552       71551
       68226       71716       67154        7171       71552
       68245        8474       71731       71744       71729
       68246       71731       71732       71741       71744
       68247       71732        7176       67203       71741
       68248       71729       71744       71743       71730
       68249       71744       71741       71742       71743
       68250       71741       67203       67204       71742
       68251       71730       71743       71653        8471
       68252       71743       71742       71654       71653
       68253       71742       67204        7179       71654
       68272        8455       71465       71762       71753
       68273       71465       71466       71759       71762
       68274       71466        7182       67257       71759
       68275       71753       71762       71761       71754
       68276       71762       71759       71760       71761
       68277       71759       67257       67258       71760
       68278       71754       71761       71731        8474
       68279       71761       71760       71732       71731
       68280       71760       67258        7176       71732
       68299        8475       71775       71792       71773
       68300       71775       71776       71789       71792
       68301       71776        7207       68263       71789
       68302       71773       71792       71791       71774
       68303       71792       71789       71790       71791
       68304       71789       68263       68264       71790
       68305       71774       71791       71779        8476
       68306       71791       71790       71780       71779
       68307       71790       68264        7188       71780
       68326        8476       71779       71818       71805
       68327       71779       71780       71815       71818
       68328       71780        7188       67303       71815
       68329       71805       71818       71817       71806
       68330       71818       71815       71816       71817
       68331       71815       67303       67304       71816
       68332       71806       71817       71809        8477
       68333       71817       71816       71810       71809
       68334       71816       67304        7191       71810
       68353        8477       71809       71840       71831
       68354       71809       71810       71837       71840
       68355       71810        7191       67353       71837
       68356       71831       71840       71839       71832
       68357       71840       71837       71838       71839
       68358       71837       67353       67354       71838
       68359       71832       71839       71379        8451
       68360       71839       71838       71380       71379
       68361       71838       67354        7195       71380
       68380        8480       51702       71858       71849
       68381       51702       51701       71855       71858
       68382       51701        7202       67397       71855
       68383       71849       71858       71857       71850
       68384       71858       71855       71856       71857
       68385       71855       67397       67398       71856
       68386       71850       71857       71775        8475
       68387       71857       71856       71776       71775
       68388       71856       67398        7207       71776
       68785        8658       52562       72214       72201
       68786       52562       52561       72211       72214
       68787       52561        8480       71849       72211
       68788       72201       72214       72213       72202
       68789       72214       72211       72212       72213
       68790       72211       71849       71850       72212
       68791       72202       72213       72205        8659
       68792       72213       72212       72206       72205
       68793       72212       71850        8475       72206
       68812        8659       72205       72240       72227
       68813       72205       72206       72237       72240
       68814       72206        8475       71773       72237
       68815       72227       72240       72239       72228
       68816       72240       72237       72238       72239
       68817       72237       71773       71774       72238
       68818       72228       72239       72231        8660
       68819       72239       72238       72232       72231
       68820       72238       71774        8476       72232
       68974        8660       72231       72396       72383
       68975       72231       72232       72393       72396
       68976       72232        8476       71805       72393
       68977       72383       72396       72395       72384
       68978       72396       72393       72394       72395
       68979       72393       71805       71806       72394
       68980       72384       72395       72387        8667
       68981       72395       72394       72388       72387
       68982       72394       71806        8477       72388
       70270        8996       73659       73676       73657
       70271       73659       73660       73673       73676
       70272       73660        8470       71631       73673
       70273       73657       73676       73675       73658
       70274       73676       73673       73674       73675
       70275       73673       71631       71632       73674
       70276       73658       73675       73663        8997
       70277       73675       73674       73664       73663
       70278       73674       71632        8465       73664
       70297        8997       73663       73702       73689
       70298       73663       73664       73699       73702
       70299       73664        8465       71489       73699
       70300       73689       73702       73701       73690
       70301       73702       73699       73700       73701
       70302       73699       71489       71490       73700
       70303       73690       73701       73693        8998
       70304       73701       73700       73694       73693
       70305       73700       71490        8392       73694
       70324        8998       73693       73728       73715
       70325       73693       73694       73725       73728
       70326       73694        8392       71343       73725
       70327       73715       73728       73727       73716
       70328       73728       73725       73726       73727
       70329       73725       71343       71344       73726
       70330       73716       73727       73719        8999
       70331       73727       73726       73720       73719
       70332       73726       71344        8393       73720
       70513        8667       72387       73910       73897
       70514       72387       72388       73907       73910
       70515       72388        8477       71831       73907
       70516       73897       73910       73909       73898
       70517       73910       73907       73908       73909
       70518       73907       71831       71832       73908
       70519       73898       73909       73901        9104
       70520       73909       73908       73902       73901
       70521       73908       71832        8451       73902
       70540        9104       73901       73936       73923
       70541       73901       73902       73933       73936
       70542       73902        8451       71377       73933
       70543       73923       73936       73935       73924
       70544       73936       73933       73934       73935
       70545       73933       71377       71378       73934
       70546       73924       73935       73927        9105
       70547       73935       73934       73928       73927
       70548       73934       71378        8452       73928
       70567        9105       73927       73962       73949
       70568       73927       73928       73959       73962
       70569       73928        8452       71409       73959
       70570       73949       73962       73961       73950
       70571       73962       73959       73960       73961
       70572       73959       71409       71410       73960
       70573       73950       73961       73953        9106
       70574       73961       73960       73954       73953
       70575       73960       71410        8453       73954
       71026        9187       74387       74404       74385
       71027       74387       74388       74401       74404
       71028       74388        8474       71729       74401
       71029       74385       74404       74403       74386
       71030       74404       74401       74402       74403
       71031       74401       71729       71730       74402
       71032       74386       74403       74391        9188
       71033       74403       74402       74392       74391
       71034       74402       71730        8471       74392
       71053        9188       74391       74430       74417
       71054       74391       74392       74427       74430
       71055       74392        8471       71651       74427
       71056       74417       74430       74429       74418
       71057       74430       74427       74428       74429
       71058       74427       71651       71652       74428
       71059       74418       74429       74421        9189
       71060       74429       74428       74422       74421
       71061       74428       71652        8472       74422
       71080        9189       74421       74456       74443
       71081       74421       74422       74453       74456
       71082       74422        8472       71683       74453
       71083       74443       74456       74455       74444
       71084       74456       74453       74454       74455
       71085       74453       71683       71684       74454
       71086       74444       74455       74447        9190
       71087       74455       74454       74448       74447
       71088       74454       71684        8473       74448
       71107        9190       74447       74482       74469
       71108       74447       74448       74479       74482
       71109       74448        8473       71709       74479
       71110       74469       74482       74481       74470
       71111       74482       74479       74480       74481
       71112       74479       71709       71710       74480
       71113       74470       74481       74473        9191
       71114       74481       74480       74474       74473
       71115       74480       71710        8468       74474
       71134        9191       74473       74508       74495
       71135       74473       74474       74505       74508
       71136       74474        8468       71549       74505
       71137       74495       74508       74507       74496
       71138       74508       74505       74506       74507
       71139       74505       71549       71550       74506
       71140       74496       74507       74499        9192
       71141       74507       74506       74500       74499
       71142       74506       71550        8469       74500
       71161        9192       74499       74530       74521
       71162       74499       74500       74527       74530
       71163       74500        8469       71581       74527
       71164       74521       74530       74529       74522
       71165       74530       74527       74528       74529
       71166       74527       71581       71582       74528
       71167       74522       74529       73659        8996
       71168       74529       74528       73660       73659
       71169       74528       71582        8470       73660
       71350        9106       73953       74692       74679
       71351       73953       73954       74689       74692
       71352       73954        8453       71435       74689
       71353       74679       74692       74691       74680
       71354       74692       74689       74690       74691
       71355       74689       71435       71436       74690
       71356       74680       74691       74683        9355
       71357       74691       74690       74684       74683
       71358       74690       71436        8454       74684
       71377        9355       74683       74718       74705
       71378       74683       74684       74715       74718
       71379       74684        8454       71461       74715
       71380       74705       74718       74717       74706
       71381       74718       74715       74716       74717
       71382       74715       71461       71462       74716
       71383       74706       74717       74709        9356
       71384       74717       74716       74710       74709
       71385       74716       71462        8455       74710
       71404        9356       74709       74740       74731
       71405       74709       74710       74737       74740
       71406       74710        8455       71753       74737
       71407       74731       74740       74739       74732
       71408       74740       74737       74738       74739
       71409       74737       71753       71754       74738
       71410       74732       74739       74387        9187
       71411       74739       74738       74388       74387
       71412       74738       71754        8474       74388
       71848       72202        8659       10450       92191
       71849       72201       72202       92191       92192
       71850        8658       72201       92192       10125
       71854       92192       92191       10450       10125
       71861       72228        8660       10451       92201
       71862       72227       72228       92201       92202
       71863        8659       72227       92202       10450
       71867       92202       92201       10451       10450
       71874       72384        8667       10452       92209
       71875       72383       72384       92209       92210
       71876        8660       72383       92210       10451
       71880       92210       92209       10452       10451
       71965       73898        9104       10459       92265
       71966       73897       73898       92265       92266
       71967        8667       73897       92266       10452
       71971       92266       92265       10459       10452
       71978       73924        9105       10460       92273
       71979       73923       73924       92273       92274
       71980        9104       73923       92274       10459
       71984       92274       92273       10460       10459
       71991       73950        9106       10461       92281
       71992       73949       73950       92281       92282
       71993        9105       73949       92282       10460
       71997       92282       92281       10461       10460
       72082       74680        9355       10468       92337
       72083       74679       74680       92337       92338
       72084        9106       74679       92338       10461
       72088       92338       92337       10468       10461
       72095       74706        9356       10469       92345
       72096       74705       74706       92345       92346
       72097        9355       74705       92346       10468
       72101       92346       92345       10469       10468
       72108       74732        9187       10470       92353
       72109       74731       74732       92353       92354
       72110        9356       74731       92354       10469
       72114       92354       92353       10470       10469
       72550       74386        9188       10522       92637
       72551       74385       74386       92637       92638
       72552        9187       74385       92638       10470
       72556       92638       92637       10522       10470
       72563       74418        9189       10523       92645
       72564       74417       74418       92645       92646
       72565        9188       74417       92646       10522
       72569       92646       92645       10523       10522
       72576       74444        9190       10524       92653
       72577       74443       74444       92653       92654
       72578        9189       74443       92654       10523
       72582       92654       92653       10524       10523
       72667       74470        9191       10531       92709
       72668       74469       74470       92709       92710
       72669        9190       74469       92710       10524
       72673       92710       92709       10531       10524
       72680       74496        9192       10532       92717
       72681       74495       74496       92717       92718
       72682        9191       74495       92718       10531
       72686       92718       92717       10532       10531
       72693       74522        8996       10533       92725
       72694       74521       74522       92725       92726
       72695        9192       74521       92726       10532
       72699       92726       92725       10533       10532
       72784       73658        8997       10540       92777
       72785       73657       73658       92777       92778
       72786        8996       73657       92778       10533
       72790       92778       92777       10540       10533
       72797       73690        8998       10541       92785
       72798       73689       73690       92785       92786
       72799        8997       73689       92786       10540
       72803       92786       92785       10541       10540
       72810       73716        8999       10542       92791
       72811       73715       73716       92791       92792
       72812        8998       73715       92792       10541
       72816       92792       92791       10542       10541
        2176         750        3234        3375        3358
        2188        3375        3372        3373        3374
        2140        3291        3314        3298         830
        2090        3231        3243        3234         750
        2093        3243        3242        3235        3234
        2096        3242        3187         695        3235
        2146        3313        3297         828        3299
        2072        3187        3204        3193         695
        2185        3358        3375        3374        3359
        2125        3193        3194        3312        3315
        2075        3204        3203        3194        3193
        2078        3203        3192         693        3194
        2131        3290        3315        3314        3291
        2143        3314        3313        3299        3298
        2179        3234        3235        3372        3375
        2182        3235         695        3290        3372
        2128        3194         693        3296        3312
        2137        3312        3296        3297        3313
        2134        3315        3312        3313        3314
        2122         695        3193        3315        3290
        2200        3373        3291         830        3363
        2197        3374        3373        3363        3362
        2194        3359        3374        3362         833
        2191        3372        3290        3291        3373
       45173       10146       10118        3187        3242
       45176       10143       10146        3242        3243
       45179       10142       10143        3243        3231
       45191       10122       10125        3192        3203
       45194       10119       10122        3203        3204
       45197       10118       10119        3204        3187
       45377        7197       49963       49994       49955
       45380       49963       49964       49991       49994
       45383       49964        7198       49967       49991
       45386       49955       49994       49993       49956
       45389       49994       49991       49992       49993
       45392       49991       49967       49968       49992
       45395       49956       49993       49969        7201
       45398       49993       49992       49970       49969
       45401       49992       49968        7202       49970
       45485        7397       50175       50206       50167
       45488       50175       50176       50203       50206
       45491       50176        7398       50179       50203
       45494       50167       50206       50205       50168
       45497       50206       50203       50204       50205
       45500       50203       50179       50180       50204
       45503       50168       50205       50181        7401
       45506       50205       50204       50182       50181
       45509       50204       50180        7402       50182
       45512        7398       50223       50250       50179
       45515       50223       50224       50247       50250
       45518       50224        7404       50227       50247
       45521       50179       50250       50249       50180
       45524       50250       50247       50248       50249
       45527       50247       50227       50228       50248
       45530       50180       50249       50229        7402
       45533       50249       50248       50230       50229
       45536       50248       50228        7406       50230
       45539        7409       50275       50306       50267
       45542       50275       50276       50303       50306
       45545       50276        7410       50279       50303
       45548       50267       50306       50305       50268
       45551       50306       50303       50304       50305
       45554       50303       50279       50280       50304
       45557       50268       50305       50281        7413
       45560       50305       50304       50282       50281
       45563       50304       50280        7414       50282
       45674        7410       50475       50494       50279
       45677       50475       50476       50491       50494
       45680       50476        7397       50167       50491
       45683       50279       50494       50493       50280
       45686       50494       50491       50492       50493
       45689       50491       50167       50168       50492
       45692       50280       50493       50477        7414
       45695       50493       50492       50478       50477
       45698       50492       50168        7401       50478
       45944        7404       50755       50774       50227
       45947       50755       50756       50771       50774
       45950       50756        7197       49955       50771
       45953       50227       50774       50773       50228
       45956       50774       50771       50772       50773
       45959       50771       49955       49956       50772
       45962       50228       50773       50757        7406
       45965       50773       50772       50758       50757
       45968       50772       49956        7201       50758
       46781        7406       50757       51690       51665
       46784       50757       50758       51687       51690
       46787       50758        7201       51671       51687
       46790       51665       51690       51689       51666
       46793       51690       51687       51688       51689
       46796       51687       51671       51672       51688
       46799       51666       51689       51673        8478
       46802       51689       51688       51674       51673
       46805       51688       51672        8479       51674
       46808        7201       49969       51716       51671
       46811       49969       49970       51713       51716
       46814       49970        7202       51701       51713
       46817       51671       51716       51715       51672
       46820       51716       51713       51714       51715
       46823       51713       51701       51702       51714
       46826       51672       51715       51703        8479
       46829       51715       51714       51704       51703
       46832       51714       51702        8480       51704
       46970        7414       50477       51888       51863
       46973       50477       50478       51885       51888
       46976       50478        7401       51869       51885
       46979       51863       51888       51887       51864
       46982       51888       51885       51886       51887
       46985       51885       51869       51870       51886
       46988       51864       51887       51871        8575
       46991       51887       51886       51872       51871
       46994       51886       51870        8576       51872
       46997        7401       50181       51914       51869
       47000       50181       50182       51911       51914
       47003       50182        7402       51899       51911
       47006       51869       51914       51913       51870
       47009       51914       51911       51912       51913
       47012       51911       51899       51900       51912
       47015       51870       51913       51901        8576
       47018       51913       51912       51902       51901
       47021       51912       51900        8577       51902
       47024        7402       50229       51932       51899
       47027       50229       50230       51929       51932
       47030       50230        7406       51665       51929
       47033       51899       51932       51931       51900
       47036       51932       51929       51930       51931
       47039       51929       51665       51666       51930
       47042       51900       51931       51923        8577
       47045       51931       51930       51924       51923
       47048       51930       51666        8478       51924
       47078        7413       50281       51992       51975
       47081       50281       50282       51989       51992
       47084       50282        7414       51863       51989
       47087       51975       51992       51991       51976
       47090       51992       51989       51990       51991
       47093       51989       51863       51864       51990
       47096       51976       51991       51979        8580
       47099       51991       51990       51980       51979
       47102       51990       51864        8575       51980
       47564        8577       51923       52524       52499
       47567       51923       51924       52521       52524
       47570       51924        8478       52505       52521
       47573       52499       52524       52523       52500
       47576       52524       52521       52522       52523
       47579       52521       52505       52506       52522
       47582       52500       52523       52507        8655
       47585       52523       52522       52508       52507
       47588       52522       52506        8656       52508
       47591        8478       51673       52550       52505
       47594       51673       51674       52547       52550
       47597       51674        8479       52535       52547
       47600       52505       52550       52549       52506
       47603       52550       52547       52548       52549
       47606       52547       52535       52536       52548
       47609       52506       52549       52537        8656
       47612       52549       52548       52538       52537
       47615       52548       52536        8657       52538
       47618        8479       51703       52576       52535
       47621       51703       51704       52573       52576
       47624       51704        8480       52561       52573
       47627       52535       52576       52575       52536
       47630       52576       52573       52574       52575
       47633       52573       52561       52562       52574
       47636       52536       52575       52563        8657
       47639       52575       52574       52564       52563
       47642       52574       52562        8658       52564
       48023        8580       51979       52998       52973
       48026       51979       51980       52995       52998
       48029       51980        8575       52979       52995
       48032       52973       52998       52997       52974
       48035       52998       52995       52996       52997
       48038       52995       52979       52980       52996
       48041       52974       52997       52981        9374
       48044       52997       52996       52982       52981
       48047       52996       52980        9375       52982
       48050        8575       51871       53024       52979
       48053       51871       51872       53021       53024
       48056       51872        8576       53009       53021
       48059       52979       53024       53023       52980
       48062       53024       53021       53022       53023
       48065       53021       53009       53010       53022
       48068       52980       53023       53011        9375
       48071       53023       53022       53012       53011
       48074       53022       53010        9376       53012
       48077        8576       51901       53042       53009
       48080       51901       51902       53039       53042
       48083       51902        8577       52499       53039
       48086       53009       53042       53041       53010
       48089       53042       53039       53040       53041
       48092       53039       52499       52500       53040
       48095       53010       53041       53033        9376
       48098       53041       53040       53034       53033
       48101       53040       52500        8655       53034
       48274        8655       52507       94105       10118
       48277       52507       52508       94106       94105
       48280       52508        8656       10119       94106
       48282       94105       94106       10119       10118
       48313        8656       52537       94129       10119
       48316       52537       52538       94130       94129
       48319       52538        8657       10122       94130
       48321       94129       94130       10122       10119
       48352        8657       52563       94147       10122
       48355       52563       52564       94148       94147
       48358       52564        8658       10125       94148
       48360       94147       94148       10125       10122
       48508        9374       52981       94249       10142
       48511       52981       52982       94250       94249
       48514       52982        9375       10143       94250
       48516       94249       94250       10143       10142
       48547        9375       53011       94273       10143
       48550       53011       53012       94274       94273
       48553       53012        9376       10146       94274
       48555       94273       94274       10146       10143
       48586        9376       53033       94291       10146
       48589       53033       53034       94292       94291
       48592       53034        8655       10118       94292
       48594       94291       94292       10118       10146
        3116         737        4654        4761        4698
        3072        4621         737        4698        4700
        3069        4414        4701        4702        4413
        3049        4660        4659        4655        4654
        3068        4699        4697         878        4694
        3111        4762        4759        4754        4753
        3112        4759        4757         883        4754
        3113        4698        4761        4762        4697
        3071        4700        4698        4697        4699
        3070        4701        4700        4699        4702
        3036        4625        4624         737        4621
        3110        4697        4762        4753         878
        3114        4761        4760        4759        4762
        3067        4702        4699        4694        4693
        3066        4413        4702        4693         874
        3050        4659        4658         766        4655
        3117        4654        4655        4760        4761
        3115        4760        4758        4757        4759
        3048        4624        4660        4654         737
        3118        4655         766        4758        4760
       76285       10640        4621        4700        4701
       76286         736       10640        4701        4414
       76305       10669       10671        4658        4659
       76306       10667       10669        4659        4660
       76307       10648       10667        4660        4624
       76323       10646       10648        4624        4625
       76324       10644       10646        4625       10641
       76325       10641        4625        4621       10640
       76345       10542       10644       10641        4119
       76346        4119       10641       10640         736
       76650       66955       78466       78447        6934
       76651       78466       78463       78448       78447
       76652       78463       78455        6935       78448
       76653       66956       78465       78466       66955
       76654       78465       78464       78463       78466
       76655       78464       78456       78455       78463
       76656        6937       78449       78465       66956
       76657       78449       78450       78464       78465
       76658       78450        6936       78456       78464
       76677       78455       78510       78491        6935
       76678       78510       78507       78492       78491
       76679       78507       78499        6942       78492
       76680       78456       78509       78510       78455
       76681       78509       78508       78507       78510
       76682       78508       78500       78499       78507
       76683        6936       78493       78509       78456
       76684       78493       78494       78508       78509
       76685       78494        6943       78500       78508
       76704       78499       78554       78535        6942
       76705       78554       78551       78536       78535
       76706       78551       78543        6946       78536
       76707       78500       78553       78554       78499
       76708       78553       78552       78551       78554
       76709       78552       78544       78543       78551
       76710        6943       78537       78553       78500
       76711       78537       78538       78552       78553
       76712       78538        6947       78544       78552
       77082       78543       78998       78979        6946
       77083       78998       78995       78980       78979
       77084       78995       78987        6964       78980
       77085       78544       78997       78998       78543
       77086       78997       78996       78995       78998
       77087       78996       78988       78987       78995
       77088        6947       78981       78997       78544
       77089       78981       78982       78996       78997
       77090       78982        6965       78988       78996
       77109       78987       79042       79023        6964
       77110       79042       79039       79024       79023
       77111       79039       79031        6968       79024
       77112       78988       79041       79042       78987
       77113       79041       79040       79039       79042
       77114       79040       79032       79031       79039
       77115        6965       79025       79041       78988
       77116       79025       79026       79040       79041
       77117       79026        6969       79032       79040
       77136       79031       79086       79067        6968
       77137       79086       79083       79068       79067
       77138       79083       79075        6972       79068
       77139       79032       79085       79086       79031
       77140       79085       79084       79083       79086
       77141       79084       79076       79075       79083
       77142        6969       79069       79085       79032
       77143       79069       79070       79084       79085
       77144       79070        6973       79076       79084
       78027       71349       80018       80009        8393
       78028       80018       80015       80010       80009
       78029       80015       80013        8394       80010
       78030       71350       80017       80018       71349
       78031       80017       80016       80015       80018
       78032       80016       80014       80013       80015
       78033        6934       78447       80017       71350
       78034       78447       78448       80016       80017
       78035       78448        6935       80014       80016
       78054       80013       80044       80035        8394
       78055       80044       80041       80036       80035
       78056       80041       80039        8395       80036
       78057       80014       80043       80044       80013
       78058       80043       80042       80041       80044
       78059       80042       80040       80039       80041
       78060        6935       78491       80043       80014
       78061       78491       78492       80042       80043
       78062       78492        6942       80040       80042
       78081       80039       80074       80061        8395
       78082       80074       80071       80062       80061
       78083       80071       80067        8396       80062
       78084       80040       80073       80074       80039
       78085       80073       80072       80071       80074
       78086       80072       80068       80067       80071
       78087        6942       78535       80073       80040
       78088       78535       78536       80072       80073
       78089       78536        6946       80068       80072
       78135       80067       80126       80113        8396
       78136       80126       80123       80114       80113
       78137       80123       80119        8398       80114
       78138       80068       80125       80126       80067
       78139       80125       80124       80123       80126
       78140       80124       80120       80119       80123
       78141        6946       78979       80125       80068
       78142       78979       78980       80124       80125
       78143       78980        6964       80120       80124
       78189       80119       80178       80165        8398
       78190       80178       80175       80166       80165
       78191       80175       80171        8400       80166
       78192       80120       80177       80178       80119
       78193       80177       80176       80175       80178
       78194       80176       80172       80171       80175
       78195        6964       79023       80177       80120
       78196       79023       79024       80176       80177
       78197       79024        6968       80172       80176
       78243       80171       80230       80217        8400
       78244       80230       80227       80218       80217
       78245       80227       80223        8402       80218
       78246       80172       80229       80230       80171
       78247       80229       80228       80227       80230
       78248       80228       80224       80223       80227
       78249        6968       79067       80229       80172
       78250       79067       79068       80228       80229
       78251       79068        6972       80224       80228
       78567       73719       80554       80545        8999
       78568       80554       80551       80546       80545
       78569       80551       80549        9000       80546
       78570       73720       80553       80554       73719
       78571       80553       80552       80551       80554
       78572       80552       80550       80549       80551
       78573        8393       80009       80553       73720
       78574       80009       80010       80552       80553
       78575       80010        8394       80550       80552
       78594       80549       80580       80571        9000
       78595       80580       80577       80572       80571
       78596       80577       80575        9001       80572
       78597       80550       80579       80580       80549
       78598       80579       80578       80577       80580
       78599       80578       80576       80575       80577
       78600        8394       80035       80579       80550
       78601       80035       80036       80578       80579
       78602       80036        8395       80576       80578
       78756       80575       80744       80735        9001
       78757       80744       80741       80736       80735
       78758       80741       80739        9008       80736
       78759       80576       80743       80744       80575
       78760       80743       80742       80741       80744
       78761       80742       80740       80739       80741
       78762        8395       80061       80743       80576
       78763       80061       80062       80742       80743
       78764       80062        8396       80740       80742
       79188       80739       81184       81175        9008
       79189       81184       81181       81176       81175
       79190       81181       81179        9456       81176
       79191       80740       81183       81184       80739
       79192       81183       81182       81181       81184
       79193       81182       81180       81179       81181
       79194        8396       80113       81183       80740
       79195       80113       80114       81182       81183
       79196       80114        8398       81180       81182
       79215       81179       81210       81201        9456
       79216       81210       81207       81202       81201
       79217       81207       81205        9457       81202
       79218       81180       81209       81210       81179
       79219       81209       81208       81207       81210
       79220       81208       81206       81205       81207
       79221        8398       80165       81209       81180
       79222       80165       80166       81208       81209
       79223       80166        8400       81206       81208
       79242       81205       81236       81227        9457
       79243       81236       81233       81228       81227
       79244       81233       81231        9458       81228
       79245       81206       81235       81236       81205
       79246       81235       81234       81233       81236
       79247       81234       81232       81231       81233
       79248        8400       80217       81235       81206
       79249       80217       80218       81234       81235
       79250       80218        8402       81232       81234
       79386        8999       80545       91375       10542
       79387       80545       80546       91376       91375
       79388       80546        9000       10644       91376
       79397       91375       91376       10644       10542
       79399        9000       80571       91387       10644
       79400       80571       80572       91388       91387
       79401       80572        9001       10646       91388
       79410       91387       91388       10646       10644
       79412        9001       80735       91397       10646
       79413       80735       80736       91398       91397
       79414       80736        9008       10648       91398
       79423       91397       91398       10648       10646
       79620        9008       81175       91525       10648
       79621       81175       81176       91526       91525
       79622       81176        9456       10667       91526
       79631       91525       91526       10667       10648
       79633        9456       81201       91535       10667
       79634       81201       81202       91536       91535
       79635       81202        9457       10669       91536
       79644       91535       91536       10669       10667
       79646        9457       81227       91545       10669
       79647       81227       81228       91546       91545
       79648       81228        9458       10671       91546
       79657       91545       91546       10671       10669
        4028        4754         883         950        5242
        4027        4753        4754        5242        5241
       90861        5241        5242         950       11288
       90866         878        4753        5241       11288
       90867        4694         878       11288       11301
       90868        4693        4694       11301       11292
       90869         290       11291         501         288
       90870       11291       11326         500         501
       90871       11290       11325       11326       11291
       90872       11289       11324       11325       11290
       90873       11287       11323       11324       11289
       90874       11288         950       11323       11287
       90897       11292       11301       11288       11222
       90906         874        4693       11292       11222
       90907         291       11290       11291         290
       90908       11213       11289       11290         291
       90909       11218       11287       11289       11213
       90910       11222       11288       11287       11218
         274         484         488         491         486
         276         488         489         490         491
         278         486         491         307         294
         280         491         490         306         307
        3934         830        3298        5411         938
        3930        3363         830         938        5406
        3928        3362        3363        5406        5405
        3925         833        3362        5405         937
       90343        5411       11014       11001         938
       90345        3299         828       11001       11014
       90346        3298        3299       11014        5411
       90357        5405        5406         938         937
       90369         489       11009       11002         490
       90371       11009       11005       10999       11002
       90373       11005         937         938       10999
       90375         490       11002       11003         306
       90376       11002       10999       11000       11003
       90377       10999         938       11001       11000
         305         537         547         534         532
         306         547         300         288         534
         307         538         546         547         537
         308         546         299         300         547
         309         539         545         546         538
         310         545         298         299         546
         311         540         544         545         539
         312         544         297         298         545
         313         541         543         544         540
         314         543         296         297         544
         315         536         542         543         541
         316         542         294         296         543
         403         642         532         534         643
         404         640         642         643         641
         407         643         534         288         501
         408         641         643         501         500
         362         596         598         599         597
         364         598         484         486         599
         366         597         599         542         536
         368         599         486         294         542
