         100
         237         382         414         434         384
         238         414         413         439         434
         239         413         412         444         439
         240         412         411         449         444
         241         411         410         454         449
         242         410         408         424         454
         243         384         434         433         385
         244         434         439         438         433
         245         439         444         443         438
         246         444         449         448         443
         247         449         454         453         448
         248         454         424         423         453
         249         385         433         432         386
         250         433         438         437         432
         251         438         443         442         437
         252         443         448         447         442
         253         448         453         452         447
         254         453         423         422         452
         255         386         432         431         387
         256         432         437         436         431
         257         437         442         441         436
         258         442         447         446         441
         259         447         452         451         446
         260         452         422         421         451
         261         387         431         430         388
         262         431         436         435         430
         263         436         441         440         435
         264         441         446         445         440
         265         446         451         450         445
         266         451         421         420         450
         267         388         430         397         383
         268         430         435         398         397
         269         435         440         399         398
         270         440         445         400         399
         271         445         450         401         400
         272         450         420         396         401
         281         408         506         526         424
         282         506         504         514         526
         285         424         526         525         423
         286         526         514         513         525
         289         423         525         524         422
         290         525         513         512         524
         293         422         524         523         421
         294         524         512         511         523
         297         421         523         522         420
         298         523         511         510         522
         301         420         522         520         396
         302         522         510         508         520
         305         532         533         550         537
         307         537         550         551         538
         309         538         551         552         539
         311         539         552         553         540
         313         540         553         554         541
         315         541         554         548         536
         317         533         382         384         550
         319         550         384         385         551
         321         551         385         386         552
         323         552         386         387         553
         325         553         387         388         554
         327         554         388         383         548
         329         396         562         582         401
         330         562         560         570         582
         333         401         582         581         400
         334         582         570         569         581
         337         400         581         580         399
         338         581         569         568         580
         341         399         580         579         398
         342         580         568         567         579
         345         398         579         578         397
         346         579         567         566         578
         349         397         578         576         383
         350         578         566         564         576
         370         608         613         626         620
         372         613         612         625         626
         374         612         611         624         625
         376         611         610         623         624
         378         610         609         622         623
         380         609         604         605         622
         382         620         626         414         382
         384         626         625         413         414
         386         625         624         412         413
         388         624         623         411         412
         390         623         622         410         411
         392         622         605         408         410
         394         604         636         638         605
         396         636         632         633         638
         398         605         638         506         408
         400         638         633         504         506
         401         533         646         620         382
         402         646         644         608         620
         403         532         642         646         533
         404         642         640         644         646
         353         508         590         594         520
         354         590         588         592         594
         357         520         594         562         396
         358         594         592         560         562
         361         564         600         602         576
         362         600         596         597         602
         365         576         602         548         383
         366         602         597         536         548
