0.060000 -1.154262e-06
0.120000 -1.177105e-06
0.180000 -1.193663e-06
0.240000 -1.203820e-06
0.300000 -1.207496e-06
0.360000 -1.204645e-06
0.420000 -1.195253e-06
0.480000 -1.179343e-06
0.540000 -1.156969e-06
0.600000 -1.128222e-06
0.660000 -1.093224e-06
0.720000 -1.052134e-06
0.780000 -1.005139e-06
0.840000 -9.524626e-07
0.900000 -8.943553e-07
0.960000 -8.310991e-07
1.020000 -7.630038e-07
1.080000 -6.904058e-07
1.140000 -6.136667e-07
1.200000 -5.331714e-07
1.260000 -4.493262e-07
1.320000 -3.625566e-07
1.380000 -2.733054e-07
1.440000 -1.820304e-07
1.500000 -8.920190e-08
1.559999 4.699400e-09
1.619999 9.918518e-08
1.679999 1.937619e-07
1.739999 2.879332e-07
1.799999 3.812029e-07
1.859999 4.730772e-07
1.919999 5.630675e-07
1.979999 6.506928e-07
2.039999 7.354824e-07
2.099999 8.169785e-07
2.159999 8.947385e-07
2.219999 9.683374e-07
2.279999 1.037370e-06
2.339999 1.101454e-06
2.399999 1.160230e-06
2.459999 1.213366e-06
2.519999 1.260558e-06
2.579998 1.301531e-06
2.639998 1.336044e-06
2.699998 1.363885e-06
2.759998 1.384878e-06
2.819998 1.398883e-06
2.879998 1.405796e-06
2.939998 1.405549e-06
2.999998 1.398110e-06
3.059998 1.383488e-06
3.119998 1.361728e-06
3.179998 1.332912e-06
3.239998 1.297161e-06
3.299998 1.254632e-06
3.359998 1.205519e-06
3.419998 1.150052e-06
3.479998 1.088495e-06
3.539998 1.021145e-06
3.599998 9.483307e-07
3.659997 8.704126e-07
3.719997 7.877786e-07
3.779997 7.008437e-07
3.839997 6.100473e-07
3.899997 5.158515e-07
3.959997 4.187386e-07
4.019997 3.192083e-07
4.079997 2.177759e-07
4.139997 1.149687e-07
4.199997 1.132435e-08
4.259997 -9.261282e-08
4.319997 -1.962941e-07
4.379997 -2.991695e-07
4.439997 -4.006905e-07
4.499997 -5.003131e-07
4.559997 -5.975005e-07
4.619997 -6.917263e-07
4.679996 -7.824768e-07
4.739996 -8.692543e-07
4.799996 -9.515796e-07
4.859996 -1.028994e-06
4.919996 -1.101064e-06
4.979996 -1.167380e-06
5.039996 -1.227563e-06
5.099996 -1.281261e-06
5.159996 -1.328159e-06
5.219996 -1.367973e-06
5.279996 -1.400456e-06
5.339996 -1.425399e-06
5.399996 -1.442630e-06
5.459996 -1.452019e-06
5.519996 -1.453476e-06
5.579996 -1.446952e-06
5.639996 -1.432439e-06
5.699996 -1.409975e-06
5.759995 -1.379635e-06
5.819995 -1.341540e-06
5.879995 -1.295852e-06
5.939995 -1.242772e-06
5.999995 -1.182544e-06
6.059995 -1.115448e-06
6.119995 -1.041803e-06
6.179995 -9.619673e-07
6.239995 -8.763294e-07
6.299995 -7.853128e-07
6.359995 -6.893716e-07
6.419995 -5.889880e-07
6.479995 -4.846707e-07
6.539995 -3.769517e-07
6.599995 -2.663839e-07
6.659995 -1.535382e-07
6.719995 -3.900087e-08
6.779994 7.662988e-08
6.839994 1.927468e-07
6.899994 3.087366e-07
6.959994 4.239837e-07
7.019994 5.378726e-07
7.079994 6.497921e-07
7.139994 7.591380e-07
7.199994 8.653162e-07
7.259994 9.677464e-07
7.319994 1.065865e-06
7.379994 1.159128e-06
7.439994 1.247015e-06
7.499994 1.329029e-06
7.559994 1.404704e-06
7.619994 1.473605e-06
7.679994 1.535328e-06
7.739994 1.589508e-06
7.799994 1.635816e-06
7.859993 1.673963e-06
7.919993 1.703704e-06
7.979993 1.724835e-06
8.039993 1.737197e-06
8.099994 1.740679e-06
8.159994 1.735213e-06
8.219995 1.720781e-06
8.279995 1.697412e-06
8.339995 1.665183e-06
8.399996 1.624218e-06
8.459996 1.574688e-06
8.519997 1.516813e-06
8.579997 1.450855e-06
8.639997 1.377125e-06
8.699998 1.295973e-06
8.759998 1.207795e-06
8.819999 1.113022e-06
8.879999 1.012128e-06
8.940000 9.056184e-07
9.000000 7.940334e-07
9.060000 6.779433e-07
9.120001 5.579461e-07
9.180001 4.346638e-07
9.240002 3.087402e-07
9.300002 1.808368e-07
9.360003 5.162996e-08
9.420003 -7.819310e-08
9.480003 -2.079375e-07
9.540004 -3.369047e-07
9.600004 -4.643957e-07
9.660005 -5.897155e-07
9.720005 -7.121761e-07
9.780005 -8.311007e-07
9.840006 -9.458273e-07
9.900006 -1.055712e-06
9.960007 -1.160134e-06
10.020007 -1.258495e-06
10.080008 -1.350229e-06
10.140008 -1.434800e-06
10.200008 -1.511707e-06
10.260009 -1.580488e-06
10.320009 -1.640720e-06
10.380010 -1.692026e-06
10.440010 -1.734071e-06
10.500010 -1.766570e-06
10.560011 -1.789287e-06
10.620011 -1.802037e-06
10.680012 -1.804686e-06
10.740012 -1.797156e-06
10.800013 -1.779421e-06
10.860013 -1.751512e-06
10.920013 -1.713511e-06
10.980014 -1.665559e-06
11.040014 -1.607850e-06
11.100015 -1.540630e-06
11.160015 -1.464199e-06
11.220016 -1.378911e-06
11.280016 -1.285165e-06
11.340016 -1.183412e-06
11.400017 -1.074148e-06
11.460017 -9.579119e-07
11.520018 -8.352840e-07
11.580018 -7.068832e-07
11.640018 -5.733629e-07
11.700019 -4.354085e-07
11.760019 -2.937336e-07
11.820020 -1.490764e-07
11.880020 -2.195669e-09
11.940021 1.461330e-07
12.000021 2.951215e-07
12.060021 4.439733e-07
12.120022 5.918878e-07
12.180022 7.380648e-07
12.240023 8.817087e-07
12.300023 1.022033e-06
12.360023 1.158265e-06
12.420024 1.289649e-06
12.480024 1.415453e-06
12.540025 1.534971e-06
12.600025 1.647526e-06
12.660026 1.752477e-06
12.720026 1.849221e-06
12.780026 1.937199e-06
12.840027 2.015895e-06
12.900027 2.084843e-06
12.960028 2.143629e-06
13.020028 2.191896e-06
13.080029 2.229341e-06
13.140029 2.255723e-06
13.200029 2.270863e-06
13.260030 2.274643e-06
13.320030 2.267015e-06
13.380031 2.247991e-06
13.440031 2.217656e-06
13.500031 2.176157e-06
13.560032 2.123712e-06
13.620032 2.060604e-06
13.680033 1.987186e-06
13.740033 1.903872e-06
13.800034 1.811144e-06
13.860034 1.709548e-06
13.920034 1.599687e-06
13.980035 1.482227e-06
14.040035 1.357890e-06
14.100036 1.227451e-06
14.160036 1.091736e-06
14.220037 9.516203e-07
14.280037 8.080230e-07
14.340037 6.619039e-07
14.400038 5.142602e-07
14.460038 3.661222e-07
14.520039 2.185493e-07
14.580039 7.262616e-08
14.640039 -7.054205e-08
14.700040 -2.098335e-07
14.760040 -3.441144e-07
14.820041 -4.722426e-07
14.880041 -5.930726e-07
14.940042 -7.054593e-07
15.000042 -8.082620e-07
15.060042 -9.003484e-07
15.120043 -9.805984e-07
15.180043 -1.047908e-06
15.240044 -1.101191e-06
15.300044 -1.139386e-06
15.360044 -1.161452e-06
15.420045 -1.166381e-06
15.480045 -1.153190e-06
15.540046 -1.120929e-06
15.600046 -1.068682e-06
15.660047 -9.955639e-07
15.720047 -9.007267e-07
15.780047 -7.833556e-07
15.840048 -6.426702e-07
15.900048 -4.779235e-07
15.960049 -2.884010e-07
16.020048 -7.341848e-08
16.080048 1.676799e-07
16.140047 4.355243e-07
16.200047 7.307224e-07
16.260046 1.053863e-06
16.320045 1.405521e-06
16.380045 1.786259e-06
16.440044 2.196638e-06
16.500044 2.637216e-06
16.560043 3.108560e-06
16.620043 3.611248e-06
16.680042 4.145878e-06
16.740042 4.713076e-06
16.800041 5.313498e-06
16.860041 5.947845e-06
16.920040 6.616866e-06
16.980040 7.321367e-06
17.040039 8.062221e-06
17.100039 8.840374e-06
17.160038 9.656855e-06
17.220037 1.051278e-05
17.280037 1.140938e-05
17.340036 1.234798e-05
17.400036 1.333002e-05
17.460035 1.435707e-05
17.520035 1.543083e-05
17.580034 1.655315e-05
17.640034 1.772603e-05
17.700033 1.895160e-05
17.760033 2.023217e-05
17.820032 2.157022e-05
17.880032 2.296841e-05
17.940031 2.442955e-05
18.000031 2.595666e-05
18.060030 2.755294e-05
18.120029 2.922176e-05
18.180029 3.096672e-05
18.240028 3.279157e-05
18.300028 3.470029e-05
18.360027 3.669702e-05
18.420027 3.878612e-05
18.480026 4.097212e-05
18.540026 4.325974e-05
18.600025 4.565388e-05
18.660025 4.815961e-05
18.720024 5.078219e-05
18.780024 5.352701e-05
18.840023 5.639963e-05
18.900023 5.940575e-05
18.960022 6.255118e-05
19.020021 6.584188e-05
19.080021 6.928389e-05
19.140020 7.288335e-05
19.200020 7.664646e-05
19.260019 8.057950e-05
19.320019 8.468876e-05
19.380018 8.898058e-05
19.440018 9.346128e-05
19.500017 9.813716e-05
19.560017 1.030145e-04
19.620016 1.080994e-04
19.680016 1.133982e-04
19.740015 1.189166e-04
19.800014 1.246607e-04
19.860014 1.306360e-04
19.920013 1.368481e-04
19.980013 1.433024e-04
20.040012 1.500038e-04
20.100012 1.569570e-04
20.160011 1.641667e-04
20.220011 1.716370e-04
20.280010 1.793716e-04
20.340010 1.873740e-04
20.400009 1.956473e-04
20.460009 2.041940e-04
20.520008 2.130162e-04
20.580008 2.221156e-04
20.640007 2.314934e-04
20.700006 2.411501e-04
20.760006 2.510858e-04
20.820005 2.613001e-04
20.880005 2.717916e-04
20.940004 2.825588e-04
21.000004 2.935991e-04
21.060003 3.049095e-04
21.120003 3.164862e-04
21.180002 3.283249e-04
21.240002 3.404204e-04
21.300001 3.527668e-04
21.360001 3.653575e-04
21.420000 3.781851e-04
21.480000 3.912416e-04
21.539999 4.045182e-04
21.599998 4.180051e-04
21.659998 4.316921e-04
21.719997 4.455681e-04
21.779997 4.596212e-04
21.839996 4.738387e-04
21.899996 4.882074e-04
21.959995 5.027130e-04
22.019995 5.173410e-04
22.079994 5.320756e-04
22.139994 5.469007e-04
22.199993 5.617995e-04
22.259993 5.767544e-04
22.319992 5.917474e-04
22.379992 6.067596e-04
22.439991 6.217718e-04
22.499990 6.367641e-04
22.559990 6.517161e-04
22.619989 6.666072e-04
22.679989 6.814158e-04
22.739988 6.961204e-04
22.799988 7.106989e-04
22.859987 7.251290e-04
22.919987 7.393880e-04
22.979986 7.534531e-04
23.039986 7.673011e-04
23.099985 7.809088e-04
23.159985 7.942530e-04
23.219984 8.073103e-04
23.279984 8.200573e-04
23.339983 8.324707e-04
23.399982 8.445274e-04
23.459982 8.562043e-04
23.519981 8.674786e-04
23.579981 8.783278e-04
23.639980 8.887294e-04
23.699980 8.986618e-04
23.759979 9.081035e-04
23.819979 9.170335e-04
23.879978 9.254312e-04
23.939978 9.332769e-04
23.999977 9.405513e-04
24.059977 9.472357e-04
24.119976 9.533124e-04
24.179976 9.587643e-04
24.239975 9.635751e-04
24.299974 9.677294e-04
24.359974 9.712126e-04
24.419973 9.740112e-04
24.479973 9.761126e-04
24.539972 9.775052e-04
24.599972 9.781787e-04
24.659971 9.781234e-04
24.719971 9.773311e-04
24.779970 9.757946e-04
24.839970 9.735078e-04
24.899969 9.704661e-04
24.959969 9.666656e-04
25.019968 9.621041e-04
25.079967 9.567805e-04
25.139967 9.506947e-04
25.199966 9.438482e-04
25.259966 9.362435e-04
25.319965 9.278846e-04
25.379965 9.187765e-04
25.439964 9.089257e-04
25.499964 8.983398e-04
25.559963 8.870277e-04
25.619963 8.749995e-04
25.679962 8.622666e-04
25.739962 8.488414e-04
25.799961 8.347377e-04
25.859961 8.199702e-04
25.919960 8.045550e-04
25.979959 7.885090e-04
26.039959 7.718505e-04
26.099958 7.545984e-04
26.159958 7.367728e-04
26.219957 7.183949e-04
26.279957 6.994866e-04
26.339956 6.800706e-04
26.399956 6.601705e-04
26.459955 6.398108e-04
26.519955 6.190164e-04
26.579954 5.978130e-04
26.639954 5.762271e-04
26.699953 5.542854e-04
26.759953 5.320154e-04
26.819952 5.094449e-04
26.879951 4.866019e-04
26.939951 4.635151e-04
26.999950 4.402132e-04
27.059950 4.167252e-04
27.119949 3.930802e-04
27.179949 3.693073e-04
27.239948 3.454358e-04
27.299948 3.214949e-04
27.359947 2.975136e-04
27.419947 2.735208e-04
27.479946 2.495454e-04
27.539946 2.256158e-04
27.599945 2.017600e-04
27.659945 1.780060e-04
27.719944 1.543809e-04
27.779943 1.309116e-04
27.839943 1.076245e-04
27.899942 8.454532e-05
27.959942 6.169911e-05
28.019941 3.911035e-05
28.079941 1.680276e-05
28.139940 -5.200684e-06
28.199940 -2.687781e-05
28.259939 -4.820726e-05
28.319939 -6.916855e-05
28.379938 -8.974208e-05
28.439938 -1.099092e-04
28.499937 -1.296521e-04
28.559937 -1.489541e-04
28.619936 -1.677995e-04
28.679935 -1.861734e-04
28.739935 -2.040622e-04
28.799934 -2.214531e-04
28.859934 -2.383345e-04
28.919933 -2.546959e-04
28.979933 -2.705278e-04
29.039932 -2.858215e-04
29.099932 -3.005699e-04
29.159931 -3.147665e-04
29.219931 -3.284061e-04
29.279930 -3.414844e-04
29.339930 -3.539983e-04
29.399929 -3.659455e-04
29.459929 -3.773249e-04
29.519928 -3.881363e-04
29.579927 -3.983805e-04
29.639927 -4.080593e-04
29.699926 -4.171753e-04
29.759926 -4.257321e-04
29.819925 -4.337341e-04
29.879925 -4.411866e-04
29.939924 -4.480957e-04
29.999924 -4.544682e-04
30.059923 -4.603118e-04
30.119923 -4.656348e-04
30.179922 -4.704462e-04
30.239922 -4.747557e-04
30.299921 -4.785734e-04
30.359921 -4.819103e-04
30.419920 -4.847776e-04
30.479919 -4.871873e-04
30.539919 -4.891515e-04
30.599918 -4.906830e-04
30.659918 -4.917948e-04
30.719917 -4.925003e-04
30.779917 -4.928131e-04
30.839916 -4.927472e-04
30.899916 -4.923168e-04
30.959915 -4.915362e-04
31.019915 -4.904196e-04
31.079914 -4.889818e-04
31.139914 -4.872373e-04
31.199913 -4.852007e-04
31.259912 -4.828867e-04
31.319912 -4.803098e-04
31.379911 -4.774845e-04
31.439911 -4.744252e-04
31.499910 -4.711462e-04
31.559910 -4.676615e-04
31.619909 -4.639850e-04
31.679909 -4.601304e-04
31.739908 -4.561111e-04
31.799908 -4.519403e-04
31.859907 -4.476308e-04
31.919907 -4.431952e-04
31.979906 -4.386457e-04
32.039906 -4.339943e-04
32.099907 -4.292523e-04
32.159908 -4.244310e-04
32.219910 -4.195411e-04
32.279911 -4.145930e-04
32.339912 -4.095966e-04
32.399914 -4.045615e-04
32.459915 -3.994968e-04
32.519917 -3.944112e-04
32.579918 -3.893129e-04
32.639919 -3.842097e-04
32.699921 -3.791092e-04
32.759922 -3.740182e-04
32.819923 -3.689433e-04
32.879925 -3.638906e-04
32.939926 -3.588659e-04
32.999928 -3.538743e-04
33.059929 -3.489209e-04
33.119930 -3.440100e-04
33.179932 -3.391458e-04
33.239933 -3.343321e-04
33.299934 -3.295721e-04
33.359936 -3.248688e-04
33.419937 -3.202249e-04
33.479939 -3.156428e-04
33.539940 -3.111243e-04
33.599941 -3.066713e-04
33.659943 -3.022851e-04
33.719944 -2.979668e-04
33.779945 -2.937173e-04
33.839947 -2.895372e-04
33.899948 -2.854269e-04
33.959949 -2.813866e-04
34.019951 -2.774161e-04
34.079952 -2.735154e-04
34.139954 -2.696840e-04
34.199955 -2.659213e-04
34.259956 -2.622267e-04
34.319958 -2.585993e-04
34.379959 -2.550382e-04
34.439960 -2.515424e-04
34.499962 -2.481106e-04
34.559963 -2.447419e-04
34.619965 -2.414348e-04
34.679966 -2.381881e-04
34.739967 -2.350004e-04
34.799969 -2.318704e-04
34.859970 -2.287966e-04
34.919971 -2.257777e-04
34.979973 -2.228122e-04
35.039974 -2.198988e-04
35.099976 -2.170361e-04
35.159977 -2.142228e-04
35.219978 -2.114575e-04
35.279980 -2.087389e-04
35.339981 -2.060659e-04
35.399982 -2.034372e-04
35.459984 -2.008516e-04
35.519985 -1.983082e-04
35.579987 -1.958059e-04
35.639988 -1.933437e-04
35.699989 -1.909207e-04
35.759991 -1.885361e-04
35.819992 -1.861890e-04
35.879993 -1.838788e-04
35.939995 -1.816047e-04
35.999996 -1.793663e-04
36.059998 -1.771629e-04
36.119999 -1.749941e-04
36.180000 -1.728594e-04
36.240002 -1.707585e-04
36.300003 -1.686911e-04
36.360004 -1.666568e-04
36.420006 -1.646554e-04
36.480007 -1.626867e-04
36.540009 -1.607507e-04
36.600010 -1.588471e-04
36.660011 -1.569759e-04
36.720013 -1.551369e-04
36.780014 -1.533302e-04
36.840015 -1.515557e-04
36.900017 -1.498134e-04
36.960018 -1.481033e-04
37.020020 -1.464254e-04
37.080021 -1.447796e-04
37.140022 -1.431660e-04
37.200024 -1.415845e-04
37.260025 -1.400351e-04
37.320026 -1.385178e-04
37.380028 -1.370326e-04
37.440029 -1.355792e-04
37.500031 -1.341577e-04
37.560032 -1.327679e-04
37.620033 -1.314096e-04
37.680035 -1.300827e-04
37.740036 -1.287869e-04
37.800037 -1.275220e-04
37.860039 -1.262876e-04
37.920040 -1.250836e-04
37.980042 -1.239095e-04
38.040043 -1.227648e-04
38.100044 -1.216493e-04
38.160046 -1.205623e-04
38.220047 -1.195035e-04
38.280048 -1.184721e-04
38.340050 -1.174677e-04
38.400051 -1.164897e-04
38.460052 -1.155373e-04
38.520054 -1.146099e-04
38.580055 -1.137067e-04
38.640057 -1.128271e-04
38.700058 -1.119702e-04
38.760059 -1.111352e-04
38.820061 -1.103213e-04
38.880062 -1.095277e-04
38.940063 -1.087535e-04
39.000065 -1.079978e-04
39.060066 -1.072597e-04
39.120068 -1.065384e-04
39.180069 -1.058328e-04
39.240070 -1.051422e-04
39.300072 -1.044656e-04
39.360073 -1.038020e-04
39.420074 -1.031506e-04
39.480076 -1.025105e-04
39.540077 -1.018808e-04
39.600079 -1.012605e-04
39.660080 -1.006489e-04
39.720081 -1.000452e-04
39.780083 -9.944836e-05
39.840084 -9.885774e-05
39.900085 -9.827255e-05
39.960087 -9.769203e-05
40.020088 -9.711549e-05
40.080090 -9.654222e-05
40.140091 -9.597159e-05
40.200092 -9.540299e-05
40.260094 -9.483584e-05
40.320095 -9.426962e-05
40.380096 -9.370383e-05
40.440098 -9.313800e-05
40.500099 -9.257174e-05
40.560101 -9.200466e-05
40.620102 -9.143644e-05
40.680103 -9.086680e-05
40.740105 -9.029549e-05
40.800106 -8.972231e-05
40.860107 -8.914709e-05
40.920109 -8.856974e-05
40.980110 -8.799016e-05
41.040112 -8.740833e-05
41.100113 -8.682425e-05
41.160114 -8.623797e-05
41.220116 -8.564957e-05
41.280117 -8.505916e-05
41.340118 -8.446690e-05
41.400120 -8.387299e-05
41.460121 -8.327763e-05
41.520123 -8.268108e-05
41.580124 -8.208361e-05
41.640125 -8.148554e-05
41.700127 -8.088718e-05
41.760128 -8.028890e-05
41.820129 -7.969106e-05
41.880131 -7.909405e-05
41.940132 -7.849830e-05
42.000134 -7.790421e-05
42.060135 -7.731222e-05
42.120136 -7.672278e-05
42.180138 -7.613635e-05
42.240139 -7.555338e-05
42.300140 -7.497433e-05
42.360142 -7.439967e-05
42.420143 -7.382988e-05
42.480145 -7.326540e-05
42.540146 -7.270671e-05
42.600147 -7.215425e-05
42.660149 -7.160848e-05
42.720150 -7.106982e-05
42.780151 -7.053871e-05
42.840153 -7.001557e-05
42.900154 -6.950078e-05
42.960155 -6.899473e-05
43.020157 -6.849779e-05
43.080158 -6.801031e-05
43.140160 -6.753262e-05
43.200161 -6.706502e-05
43.260162 -6.660781e-05
43.320164 -6.616124e-05
43.380165 -6.572556e-05
43.440166 -6.530098e-05
43.500168 -6.488770e-05
43.560169 -6.448588e-05
43.620171 -6.409566e-05
43.680172 -6.371715e-05
43.740173 -6.335044e-05
43.800175 -6.299558e-05
43.860176 -6.265262e-05
43.920177 -6.232154e-05
43.980179 -6.200233e-05
44.040180 -6.169493e-05
44.100182 -6.139927e-05
44.160183 -6.111522e-05
44.220184 -6.084266e-05
44.280186 -6.058143e-05
44.340187 -6.033133e-05
44.400188 -6.009215e-05
44.460190 -5.986363e-05
44.520191 -5.964552e-05
44.580193 -5.943750e-05
44.640194 -5.923927e-05
44.700195 -5.905047e-05
44.760197 -5.887073e-05
44.820198 -5.869967e-05
44.880199 -5.853685e-05
44.940201 -5.838184e-05
45.000202 -5.823418e-05
45.060204 -5.809338e-05
45.120205 -5.795895e-05
45.180206 -5.783036e-05
45.240208 -5.770705e-05
45.300209 -5.758849e-05
45.360210 -5.747408e-05
45.420212 -5.736324e-05
45.480213 -5.725535e-05
45.540215 -5.714980e-05
45.600216 -5.704595e-05
45.660217 -5.694314e-05
45.720219 -5.684072e-05
45.780220 -5.673802e-05
45.840221 -5.663435e-05
45.900223 -5.652903e-05
45.960224 -5.642137e-05
46.020226 -5.631066e-05
46.080227 -5.619619e-05
46.140228 -5.607725e-05
46.200230 -5.595315e-05
46.260231 -5.582316e-05
46.320232 -5.568657e-05
46.380234 -5.554267e-05
46.440235 -5.539077e-05
46.500237 -5.523014e-05
46.560238 -5.506011e-05
46.620239 -5.487999e-05
46.680241 -5.468909e-05
46.740242 -5.448675e-05
46.800243 -5.427232e-05
46.860245 -5.404516e-05
46.920246 -5.380464e-05
46.980247 -5.355016e-05
47.040249 -5.328114e-05
47.100250 -5.299699e-05
47.160252 -5.269718e-05
47.220253 -5.238120e-05
47.280254 -5.204854e-05
47.340256 -5.169874e-05
47.400257 -5.133137e-05
47.460258 -5.094601e-05
47.520260 -5.054229e-05
47.580261 -5.011988e-05
47.640263 -4.967846e-05
47.700264 -4.921777e-05
47.760265 -4.873759e-05
47.820267 -4.823771e-05
47.880268 -4.771799e-05
47.940269 -4.717834e-05
48.000271 -4.661867e-05
48.060272 -4.603898e-05
48.120274 -4.543929e-05
48.180275 -4.481968e-05
48.240276 -4.418027e-05
48.300278 -4.352122e-05
48.360279 -4.284276e-05
48.420280 -4.214516e-05
48.480282 -4.142872e-05
48.540283 -4.069383e-05
48.600285 -3.994088e-05
48.660286 -3.917035e-05
48.720287 -3.838276e-05
48.780289 -3.757866e-05
48.840290 -3.675868e-05
48.900291 -3.592346e-05
48.960293 -3.507372e-05
49.020294 -3.421021e-05
