      1035
         1          2        109       4001       3245
        32        109        110       4002       4001
        63        110        111       4003       4002
        94        111        112       4004       4003
       125        112        113       4005       4004
       156        113        114       4006       4005
       187        114        115       4007       4006
       218        115        116       4008       4007
       249        116        117       4009       4008
       280        117        118       4010       4009
       311        118        119       4011       4010
       342        119        120       4012       4011
       373        120        121       4013       4012
       404        121        122       4014       4013
       435        122        123       4015       4014
       466        123        124       4016       4015
       497        124        125       4017       4016
       528        125        126       4018       4017
       559        126        127       4019       4018
       590        127        128       4020       4019
       621        128        129       4021       4020
       652        129        130       4022       4021
       683        130        131       4023       4022
       714        131        132       4024       4023
       745        132        133       4025       4024
       776        133        134       4026       4025
       807        134        135       4027       4026
       838        135        136       4028       4027
       869        136        137       4029       4028
       900        137        138       4030       4029
       931        138        139       4031       4030
       962        139        140       4032       4031
       993        140        141       4033       4032
      1024        141        142       4034       4033
      1055        142        143       4035       4034
      1086        143        144       4036       4035
      1117        144        145       4037       4036
      1148        145        146       4038       4037
      1179        146        147       4039       4038
      1210        147        148       4040       4039
      1241        148        149       4041       4040
      1272        149        150       4042       4041
      1303        150        151       4043       4042
      1334        151        152       4044       4043
      1365        152         78       1527       4044
      1396       3245       4001       4045       3246
      1427       4001       4002       4046       4045
      1458       4002       4003       4047       4046
      1489       4003       4004       4048       4047
      1520       4004       4005       4049       4048
      1551       4005       4006       4050       4049
      1582       4006       4007       4051       4050
      1613       4007       4008       4052       4051
      1644       4008       4009       4053       4052
      1675       4009       4010       4054       4053
      1706       4010       4011       4055       4054
      1737       4011       4012       4056       4055
      1768       4012       4013       4057       4056
      1799       4013       4014       4058       4057
      1830       4014       4015       4059       4058
      1861       4015       4016       4060       4059
      1892       4016       4017       4061       4060
      1923       4017       4018       4062       4061
      1954       4018       4019       4063       4062
      1985       4019       4020       4064       4063
      2016       4020       4021       4065       4064
      2047       4021       4022       4066       4065
      2078       4022       4023       4067       4066
      2109       4023       4024       4068       4067
      2140       4024       4025       4069       4068
      2171       4025       4026       4070       4069
      2202       4026       4027       4071       4070
      2233       4027       4028       4072       4071
      2264       4028       4029       4073       4072
      2295       4029       4030       4074       4073
      2326       4030       4031       4075       4074
      2357       4031       4032       4076       4075
      2388       4032       4033       4077       4076
      2419       4033       4034       4078       4077
      2450       4034       4035       4079       4078
      2481       4035       4036       4080       4079
      2512       4036       4037       4081       4080
      2543       4037       4038       4082       4081
      2574       4038       4039       4083       4082
      2605       4039       4040       4084       4083
      2636       4040       4041       4085       4084
      2667       4041       4042       4086       4085
      2698       4042       4043       4087       4086
      2729       4043       4044       4088       4087
      2760       4044       1527       1528       4088
      2791       3246       4045       4089       3247
      2822       4045       4046       4090       4089
      2853       4046       4047       4091       4090
      2884       4047       4048       4092       4091
      2915       4048       4049       4093       4092
      2946       4049       4050       4094       4093
      2977       4050       4051       4095       4094
      3008       4051       4052       4096       4095
      3039       4052       4053       4097       4096
      3070       4053       4054       4098       4097
      3101       4054       4055       4099       4098
      3132       4055       4056       4100       4099
      3163       4056       4057       4101       4100
      3194       4057       4058       4102       4101
      3225       4058       4059       4103       4102
      3256       4059       4060       4104       4103
      3287       4060       4061       4105       4104
      3318       4061       4062       4106       4105
      3349       4062       4063       4107       4106
      3380       4063       4064       4108       4107
      3411       4064       4065       4109       4108
      3442       4065       4066       4110       4109
      3473       4066       4067       4111       4110
      3504       4067       4068       4112       4111
      3535       4068       4069       4113       4112
      3566       4069       4070       4114       4113
      3597       4070       4071       4115       4114
      3628       4071       4072       4116       4115
      3659       4072       4073       4117       4116
      3690       4073       4074       4118       4117
      3721       4074       4075       4119       4118
      3752       4075       4076       4120       4119
      3783       4076       4077       4121       4120
      3814       4077       4078       4122       4121
      3845       4078       4079       4123       4122
      3876       4079       4080       4124       4123
      3907       4080       4081       4125       4124
      3938       4081       4082       4126       4125
      3969       4082       4083       4127       4126
      4000       4083       4084       4128       4127
      4031       4084       4085       4129       4128
      4062       4085       4086       4130       4129
      4093       4086       4087       4131       4130
      4124       4087       4088       4132       4131
      4155       4088       1528       1529       4132
      4186       3247       4089       4133       3248
      4217       4089       4090       4134       4133
      4248       4090       4091       4135       4134
      4279       4091       4092       4136       4135
      4310       4092       4093       4137       4136
      4341       4093       4094       4138       4137
      4372       4094       4095       4139       4138
      4403       4095       4096       4140       4139
      4434       4096       4097       4141       4140
      4465       4097       4098       4142       4141
      4496       4098       4099       4143       4142
      4527       4099       4100       4144       4143
      4558       4100       4101       4145       4144
      4589       4101       4102       4146       4145
      4620       4102       4103       4147       4146
      4651       4103       4104       4148       4147
      4682       4104       4105       4149       4148
      4713       4105       4106       4150       4149
      4744       4106       4107       4151       4150
      4775       4107       4108       4152       4151
      4806       4108       4109       4153       4152
      4837       4109       4110       4154       4153
      4868       4110       4111       4155       4154
      4899       4111       4112       4156       4155
      4930       4112       4113       4157       4156
      4961       4113       4114       4158       4157
      4992       4114       4115       4159       4158
      5023       4115       4116       4160       4159
      5054       4116       4117       4161       4160
      5085       4117       4118       4162       4161
      5116       4118       4119       4163       4162
      5147       4119       4120       4164       4163
      5178       4120       4121       4165       4164
      5209       4121       4122       4166       4165
      5240       4122       4123       4167       4166
      5271       4123       4124       4168       4167
      5302       4124       4125       4169       4168
      5333       4125       4126       4170       4169
      5364       4126       4127       4171       4170
      5395       4127       4128       4172       4171
      5426       4128       4129       4173       4172
      5457       4129       4130       4174       4173
      5488       4130       4131       4175       4174
      5519       4131       4132       4176       4175
      5550       4132       1529       1530       4176
      5581       3248       4133       4177       3249
      5612       4133       4134       4178       4177
      5643       4134       4135       4179       4178
      5674       4135       4136       4180       4179
      5705       4136       4137       4181       4180
      5736       4137       4138       4182       4181
      5767       4138       4139       4183       4182
      5798       4139       4140       4184       4183
      5829       4140       4141       4185       4184
      5860       4141       4142       4186       4185
      5891       4142       4143       4187       4186
      5922       4143       4144       4188       4187
      5953       4144       4145       4189       4188
      5984       4145       4146       4190       4189
      6015       4146       4147       4191       4190
      6046       4147       4148       4192       4191
      6077       4148       4149       4193       4192
      6108       4149       4150       4194       4193
      6139       4150       4151       4195       4194
      6170       4151       4152       4196       4195
      6201       4152       4153       4197       4196
      6232       4153       4154       4198       4197
      6263       4154       4155       4199       4198
      6294       4155       4156       4200       4199
      6325       4156       4157       4201       4200
      6356       4157       4158       4202       4201
      6387       4158       4159       4203       4202
      6418       4159       4160       4204       4203
      6449       4160       4161       4205       4204
      6480       4161       4162       4206       4205
      6511       4162       4163       4207       4206
      6542       4163       4164       4208       4207
      6573       4164       4165       4209       4208
      6604       4165       4166       4210       4209
      6635       4166       4167       4211       4210
      6666       4167       4168       4212       4211
      6697       4168       4169       4213       4212
      6728       4169       4170       4214       4213
      6759       4170       4171       4215       4214
      6790       4171       4172       4216       4215
      6821       4172       4173       4217       4216
      6852       4173       4174       4218       4217
      6883       4174       4175       4219       4218
      6914       4175       4176       4220       4219
      6945       4176       1530       1531       4220
      6976       3249       4177       4221       3250
      7007       4177       4178       4222       4221
      7038       4178       4179       4223       4222
      7069       4179       4180       4224       4223
      7100       4180       4181       4225       4224
      7131       4181       4182       4226       4225
      7162       4182       4183       4227       4226
      7193       4183       4184       4228       4227
      7224       4184       4185       4229       4228
      7255       4185       4186       4230       4229
      7286       4186       4187       4231       4230
      7317       4187       4188       4232       4231
      7348       4188       4189       4233       4232
      7379       4189       4190       4234       4233
      7410       4190       4191       4235       4234
      7441       4191       4192       4236       4235
      7472       4192       4193       4237       4236
      7503       4193       4194       4238       4237
      7534       4194       4195       4239       4238
      7565       4195       4196       4240       4239
      7596       4196       4197       4241       4240
      7627       4197       4198       4242       4241
      7658       4198       4199       4243       4242
      7689       4199       4200       4244       4243
      7720       4200       4201       4245       4244
      7751       4201       4202       4246       4245
      7782       4202       4203       4247       4246
      7813       4203       4204       4248       4247
      7844       4204       4205       4249       4248
      7875       4205       4206       4250       4249
      7906       4206       4207       4251       4250
      7937       4207       4208       4252       4251
      7968       4208       4209       4253       4252
      7999       4209       4210       4254       4253
      8030       4210       4211       4255       4254
      8061       4211       4212       4256       4255
      8092       4212       4213       4257       4256
      8123       4213       4214       4258       4257
      8154       4214       4215       4259       4258
      8185       4215       4216       4260       4259
      8216       4216       4217       4261       4260
      8247       4217       4218       4262       4261
      8278       4218       4219       4263       4262
      8309       4219       4220       4264       4263
      8340       4220       1531       1532       4264
      8371       3250       4221       4265       3251
      8402       4221       4222       4266       4265
      8433       4222       4223       4267       4266
      8464       4223       4224       4268       4267
      8495       4224       4225       4269       4268
      8526       4225       4226       4270       4269
      8557       4226       4227       4271       4270
      8588       4227       4228       4272       4271
      8619       4228       4229       4273       4272
      8650       4229       4230       4274       4273
      8681       4230       4231       4275       4274
      8712       4231       4232       4276       4275
      8743       4232       4233       4277       4276
      8774       4233       4234       4278       4277
      8805       4234       4235       4279       4278
      8836       4235       4236       4280       4279
      8867       4236       4237       4281       4280
      8898       4237       4238       4282       4281
      8929       4238       4239       4283       4282
      8960       4239       4240       4284       4283
      8991       4240       4241       4285       4284
      9022       4241       4242       4286       4285
      9053       4242       4243       4287       4286
      9084       4243       4244       4288       4287
      9115       4244       4245       4289       4288
      9146       4245       4246       4290       4289
      9177       4246       4247       4291       4290
      9208       4247       4248       4292       4291
      9239       4248       4249       4293       4292
      9270       4249       4250       4294       4293
      9301       4250       4251       4295       4294
      9332       4251       4252       4296       4295
      9363       4252       4253       4297       4296
      9394       4253       4254       4298       4297
      9425       4254       4255       4299       4298
      9456       4255       4256       4300       4299
      9487       4256       4257       4301       4300
      9518       4257       4258       4302       4301
      9549       4258       4259       4303       4302
      9580       4259       4260       4304       4303
      9611       4260       4261       4305       4304
      9642       4261       4262       4306       4305
      9673       4262       4263       4307       4306
      9704       4263       4264       4308       4307
      9735       4264       1532       1533       4308
      9766       3251       4265       4309       3252
      9797       4265       4266       4310       4309
      9828       4266       4267       4311       4310
      9859       4267       4268       4312       4311
      9890       4268       4269       4313       4312
      9921       4269       4270       4314       4313
      9952       4270       4271       4315       4314
      9983       4271       4272       4316       4315
     10014       4272       4273       4317       4316
     10045       4273       4274       4318       4317
     10076       4274       4275       4319       4318
     10107       4275       4276       4320       4319
     10138       4276       4277       4321       4320
     10169       4277       4278       4322       4321
     10200       4278       4279       4323       4322
     10231       4279       4280       4324       4323
     10262       4280       4281       4325       4324
     10293       4281       4282       4326       4325
     10324       4282       4283       4327       4326
     10355       4283       4284       4328       4327
     10386       4284       4285       4329       4328
     10417       4285       4286       4330       4329
     10448       4286       4287       4331       4330
     10479       4287       4288       4332       4331
     10510       4288       4289       4333       4332
     10541       4289       4290       4334       4333
     10572       4290       4291       4335       4334
     10603       4291       4292       4336       4335
     10634       4292       4293       4337       4336
     10665       4293       4294       4338       4337
     10696       4294       4295       4339       4338
     10727       4295       4296       4340       4339
     10758       4296       4297       4341       4340
     10789       4297       4298       4342       4341
     10820       4298       4299       4343       4342
     10851       4299       4300       4344       4343
     10882       4300       4301       4345       4344
     10913       4301       4302       4346       4345
     10944       4302       4303       4347       4346
     10975       4303       4304       4348       4347
     11006       4304       4305       4349       4348
     11037       4305       4306       4350       4349
     11068       4306       4307       4351       4350
     11099       4307       4308       4352       4351
     11130       4308       1533       1534       4352
     11161       3252       4309       4353       3253
     11192       4309       4310       4354       4353
     11223       4310       4311       4355       4354
     11254       4311       4312       4356       4355
     11285       4312       4313       4357       4356
     11316       4313       4314       4358       4357
     11347       4314       4315       4359       4358
     11378       4315       4316       4360       4359
     11409       4316       4317       4361       4360
     11440       4317       4318       4362       4361
     11471       4318       4319       4363       4362
     11502       4319       4320       4364       4363
     11533       4320       4321       4365       4364
     11564       4321       4322       4366       4365
     11595       4322       4323       4367       4366
     11626       4323       4324       4368       4367
     11657       4324       4325       4369       4368
     11688       4325       4326       4370       4369
     11719       4326       4327       4371       4370
     11750       4327       4328       4372       4371
     11781       4328       4329       4373       4372
     11812       4329       4330       4374       4373
     11843       4330       4331       4375       4374
     11874       4331       4332       4376       4375
     11905       4332       4333       4377       4376
     11936       4333       4334       4378       4377
     11967       4334       4335       4379       4378
     11998       4335       4336       4380       4379
     12029       4336       4337       4381       4380
     12060       4337       4338       4382       4381
     12091       4338       4339       4383       4382
     12122       4339       4340       4384       4383
     12153       4340       4341       4385       4384
     12184       4341       4342       4386       4385
     12215       4342       4343       4387       4386
     12246       4343       4344       4388       4387
     12277       4344       4345       4389       4388
     12308       4345       4346       4390       4389
     12339       4346       4347       4391       4390
     12370       4347       4348       4392       4391
     12401       4348       4349       4393       4392
     12432       4349       4350       4394       4393
     12463       4350       4351       4395       4394
     12494       4351       4352       4396       4395
     12525       4352       1534       1535       4396
     12556       3253       4353       4397       3254
     12587       4353       4354       4398       4397
     12618       4354       4355       4399       4398
     12649       4355       4356       4400       4399
     12680       4356       4357       4401       4400
     12711       4357       4358       4402       4401
     12742       4358       4359       4403       4402
     12773       4359       4360       4404       4403
     12804       4360       4361       4405       4404
     12835       4361       4362       4406       4405
     12866       4362       4363       4407       4406
     12897       4363       4364       4408       4407
     12928       4364       4365       4409       4408
     12959       4365       4366       4410       4409
     12990       4366       4367       4411       4410
     13021       4367       4368       4412       4411
     13052       4368       4369       4413       4412
     13083       4369       4370       4414       4413
     13114       4370       4371       4415       4414
     13145       4371       4372       4416       4415
     13176       4372       4373       4417       4416
     13207       4373       4374       4418       4417
     13238       4374       4375       4419       4418
     13269       4375       4376       4420       4419
     13300       4376       4377       4421       4420
     13331       4377       4378       4422       4421
     13362       4378       4379       4423       4422
     13393       4379       4380       4424       4423
     13424       4380       4381       4425       4424
     13455       4381       4382       4426       4425
     13486       4382       4383       4427       4426
     13517       4383       4384       4428       4427
     13548       4384       4385       4429       4428
     13579       4385       4386       4430       4429
     13610       4386       4387       4431       4430
     13641       4387       4388       4432       4431
     13672       4388       4389       4433       4432
     13703       4389       4390       4434       4433
     13734       4390       4391       4435       4434
     13765       4391       4392       4436       4435
     13796       4392       4393       4437       4436
     13827       4393       4394       4438       4437
     13858       4394       4395       4439       4438
     13889       4395       4396       4440       4439
     13920       4396       1535       1536       4440
     13951       3254       4397       4441       3255
     13982       4397       4398       4442       4441
     14013       4398       4399       4443       4442
     14044       4399       4400       4444       4443
     14075       4400       4401       4445       4444
     14106       4401       4402       4446       4445
     14137       4402       4403       4447       4446
     14168       4403       4404       4448       4447
     14199       4404       4405       4449       4448
     14230       4405       4406       4450       4449
     14261       4406       4407       4451       4450
     14292       4407       4408       4452       4451
     14323       4408       4409       4453       4452
     14354       4409       4410       4454       4453
     14385       4410       4411       4455       4454
     14416       4411       4412       4456       4455
     14447       4412       4413       4457       4456
     14478       4413       4414       4458       4457
     14509       4414       4415       4459       4458
     14540       4415       4416       4460       4459
     14571       4416       4417       4461       4460
     14602       4417       4418       4462       4461
     14633       4418       4419       4463       4462
     14664       4419       4420       4464       4463
     14695       4420       4421       4465       4464
     14726       4421       4422       4466       4465
     14757       4422       4423       4467       4466
     14788       4423       4424       4468       4467
     14819       4424       4425       4469       4468
     14850       4425       4426       4470       4469
     14881       4426       4427       4471       4470
     14912       4427       4428       4472       4471
     14943       4428       4429       4473       4472
     14974       4429       4430       4474       4473
     15005       4430       4431       4475       4474
     15036       4431       4432       4476       4475
     15067       4432       4433       4477       4476
     15098       4433       4434       4478       4477
     15129       4434       4435       4479       4478
     15160       4435       4436       4480       4479
     15191       4436       4437       4481       4480
     15222       4437       4438       4482       4481
     15253       4438       4439       4483       4482
     15284       4439       4440       4484       4483
     15315       4440       1536       1537       4484
     15346       3255       4441       4485       3256
     15377       4441       4442       4486       4485
     15408       4442       4443       4487       4486
     15439       4443       4444       4488       4487
     15470       4444       4445       4489       4488
     15501       4445       4446       4490       4489
     15532       4446       4447       4491       4490
     15563       4447       4448       4492       4491
     15594       4448       4449       4493       4492
     15625       4449       4450       4494       4493
     15656       4450       4451       4495       4494
     15687       4451       4452       4496       4495
     15718       4452       4453       4497       4496
     15749       4453       4454       4498       4497
     15780       4454       4455       4499       4498
     15811       4455       4456       4500       4499
     15842       4456       4457       4501       4500
     15873       4457       4458       4502       4501
     15904       4458       4459       4503       4502
     15935       4459       4460       4504       4503
     15966       4460       4461       4505       4504
     15997       4461       4462       4506       4505
     16028       4462       4463       4507       4506
     16059       4463       4464       4508       4507
     16090       4464       4465       4509       4508
     16121       4465       4466       4510       4509
     16152       4466       4467       4511       4510
     16183       4467       4468       4512       4511
     16214       4468       4469       4513       4512
     16245       4469       4470       4514       4513
     16276       4470       4471       4515       4514
     16307       4471       4472       4516       4515
     16338       4472       4473       4517       4516
     16369       4473       4474       4518       4517
     16400       4474       4475       4519       4518
     16431       4475       4476       4520       4519
     16462       4476       4477       4521       4520
     16493       4477       4478       4522       4521
     16524       4478       4479       4523       4522
     16555       4479       4480       4524       4523
     16586       4480       4481       4525       4524
     16617       4481       4482       4526       4525
     16648       4482       4483       4527       4526
     16679       4483       4484       4528       4527
     16710       4484       1537       1538       4528
     16741       3256       4485       4529       3257
     16772       4485       4486       4530       4529
     16803       4486       4487       4531       4530
     16834       4487       4488       4532       4531
     16865       4488       4489       4533       4532
     16896       4489       4490       4534       4533
     16927       4490       4491       4535       4534
     16958       4491       4492       4536       4535
     16989       4492       4493       4537       4536
     17020       4493       4494       4538       4537
     17051       4494       4495       4539       4538
     17082       4495       4496       4540       4539
     17113       4496       4497       4541       4540
     17144       4497       4498       4542       4541
     17175       4498       4499       4543       4542
     17206       4499       4500       4544       4543
     17237       4500       4501       4545       4544
     17268       4501       4502       4546       4545
     17299       4502       4503       4547       4546
     17330       4503       4504       4548       4547
     17361       4504       4505       4549       4548
     17392       4505       4506       4550       4549
     17423       4506       4507       4551       4550
     17454       4507       4508       4552       4551
     17485       4508       4509       4553       4552
     17516       4509       4510       4554       4553
     17547       4510       4511       4555       4554
     17578       4511       4512       4556       4555
     17609       4512       4513       4557       4556
     17640       4513       4514       4558       4557
     17671       4514       4515       4559       4558
     17702       4515       4516       4560       4559
     17733       4516       4517       4561       4560
     17764       4517       4518       4562       4561
     17795       4518       4519       4563       4562
     17826       4519       4520       4564       4563
     17857       4520       4521       4565       4564
     17888       4521       4522       4566       4565
     17919       4522       4523       4567       4566
     17950       4523       4524       4568       4567
     17981       4524       4525       4569       4568
     18012       4525       4526       4570       4569
     18043       4526       4527       4571       4570
     18074       4527       4528       4572       4571
     18105       4528       1538       1539       4572
     18136       3257       4529       4573       3258
     18167       4529       4530       4574       4573
     18198       4530       4531       4575       4574
     18229       4531       4532       4576       4575
     18260       4532       4533       4577       4576
     18291       4533       4534       4578       4577
     18322       4534       4535       4579       4578
     18353       4535       4536       4580       4579
     18384       4536       4537       4581       4580
     18415       4537       4538       4582       4581
     18446       4538       4539       4583       4582
     18477       4539       4540       4584       4583
     18508       4540       4541       4585       4584
     18539       4541       4542       4586       4585
     18570       4542       4543       4587       4586
     18601       4543       4544       4588       4587
     18632       4544       4545       4589       4588
     18663       4545       4546       4590       4589
     18694       4546       4547       4591       4590
     18725       4547       4548       4592       4591
     18756       4548       4549       4593       4592
     18787       4549       4550       4594       4593
     18818       4550       4551       4595       4594
     18849       4551       4552       4596       4595
     18880       4552       4553       4597       4596
     18911       4553       4554       4598       4597
     18942       4554       4555       4599       4598
     18973       4555       4556       4600       4599
     19004       4556       4557       4601       4600
     19035       4557       4558       4602       4601
     19066       4558       4559       4603       4602
     19097       4559       4560       4604       4603
     19128       4560       4561       4605       4604
     19159       4561       4562       4606       4605
     19190       4562       4563       4607       4606
     19221       4563       4564       4608       4607
     19252       4564       4565       4609       4608
     19283       4565       4566       4610       4609
     19314       4566       4567       4611       4610
     19345       4567       4568       4612       4611
     19376       4568       4569       4613       4612
     19407       4569       4570       4614       4613
     19438       4570       4571       4615       4614
     19469       4571       4572       4616       4615
     19500       4572       1539       1540       4616
     19531       3258       4573       4617       3259
     19562       4573       4574       4618       4617
     19593       4574       4575       4619       4618
     19624       4575       4576       4620       4619
     19655       4576       4577       4621       4620
     19686       4577       4578       4622       4621
     19717       4578       4579       4623       4622
     19748       4579       4580       4624       4623
     19779       4580       4581       4625       4624
     19810       4581       4582       4626       4625
     19841       4582       4583       4627       4626
     19872       4583       4584       4628       4627
     19903       4584       4585       4629       4628
     19934       4585       4586       4630       4629
     19965       4586       4587       4631       4630
     19996       4587       4588       4632       4631
     20027       4588       4589       4633       4632
     20058       4589       4590       4634       4633
     20089       4590       4591       4635       4634
     20120       4591       4592       4636       4635
     20151       4592       4593       4637       4636
     20182       4593       4594       4638       4637
     20213       4594       4595       4639       4638
     20244       4595       4596       4640       4639
     20275       4596       4597       4641       4640
     20306       4597       4598       4642       4641
     20337       4598       4599       4643       4642
     20368       4599       4600       4644       4643
     20399       4600       4601       4645       4644
     20430       4601       4602       4646       4645
     20461       4602       4603       4647       4646
     20492       4603       4604       4648       4647
     20523       4604       4605       4649       4648
     20554       4605       4606       4650       4649
     20585       4606       4607       4651       4650
     20616       4607       4608       4652       4651
     20647       4608       4609       4653       4652
     20678       4609       4610       4654       4653
     20709       4610       4611       4655       4654
     20740       4611       4612       4656       4655
     20771       4612       4613       4657       4656
     20802       4613       4614       4658       4657
     20833       4614       4615       4659       4658
     20864       4615       4616       4660       4659
     20895       4616       1540       1541       4660
     20926       3259       4617       4661       3260
     20957       4617       4618       4662       4661
     20988       4618       4619       4663       4662
     21019       4619       4620       4664       4663
     21050       4620       4621       4665       4664
     21081       4621       4622       4666       4665
     21112       4622       4623       4667       4666
     21143       4623       4624       4668       4667
     21174       4624       4625       4669       4668
     21205       4625       4626       4670       4669
     21236       4626       4627       4671       4670
     21267       4627       4628       4672       4671
     21298       4628       4629       4673       4672
     21329       4629       4630       4674       4673
     21360       4630       4631       4675       4674
     21391       4631       4632       4676       4675
     21422       4632       4633       4677       4676
     21453       4633       4634       4678       4677
     21484       4634       4635       4679       4678
     21515       4635       4636       4680       4679
     21546       4636       4637       4681       4680
     21577       4637       4638       4682       4681
     21608       4638       4639       4683       4682
     21639       4639       4640       4684       4683
     21670       4640       4641       4685       4684
     21701       4641       4642       4686       4685
     21732       4642       4643       4687       4686
     21763       4643       4644       4688       4687
     21794       4644       4645       4689       4688
     21825       4645       4646       4690       4689
     21856       4646       4647       4691       4690
     21887       4647       4648       4692       4691
     21918       4648       4649       4693       4692
     21949       4649       4650       4694       4693
     21980       4650       4651       4695       4694
     22011       4651       4652       4696       4695
     22042       4652       4653       4697       4696
     22073       4653       4654       4698       4697
     22104       4654       4655       4699       4698
     22135       4655       4656       4700       4699
     22166       4656       4657       4701       4700
     22197       4657       4658       4702       4701
     22228       4658       4659       4703       4702
     22259       4659       4660       4704       4703
     22290       4660       1541       1542       4704
     22321       3260       4661       4705       3261
     22352       4661       4662       4706       4705
     22383       4662       4663       4707       4706
     22414       4663       4664       4708       4707
     22445       4664       4665       4709       4708
     22476       4665       4666       4710       4709
     22507       4666       4667       4711       4710
     22538       4667       4668       4712       4711
     22569       4668       4669       4713       4712
     22600       4669       4670       4714       4713
     22631       4670       4671       4715       4714
     22662       4671       4672       4716       4715
     22693       4672       4673       4717       4716
     22724       4673       4674       4718       4717
     22755       4674       4675       4719       4718
     22786       4675       4676       4720       4719
     22817       4676       4677       4721       4720
     22848       4677       4678       4722       4721
     22879       4678       4679       4723       4722
     22910       4679       4680       4724       4723
     22941       4680       4681       4725       4724
     22972       4681       4682       4726       4725
     23003       4682       4683       4727       4726
     23034       4683       4684       4728       4727
     23065       4684       4685       4729       4728
     23096       4685       4686       4730       4729
     23127       4686       4687       4731       4730
     23158       4687       4688       4732       4731
     23189       4688       4689       4733       4732
     23220       4689       4690       4734       4733
     23251       4690       4691       4735       4734
     23282       4691       4692       4736       4735
     23313       4692       4693       4737       4736
     23344       4693       4694       4738       4737
     23375       4694       4695       4739       4738
     23406       4695       4696       4740       4739
     23437       4696       4697       4741       4740
     23468       4697       4698       4742       4741
     23499       4698       4699       4743       4742
     23530       4699       4700       4744       4743
     23561       4700       4701       4745       4744
     23592       4701       4702       4746       4745
     23623       4702       4703       4747       4746
     23654       4703       4704       4748       4747
     23685       4704       1542       1543       4748
     23716       3261       4705       4749       3262
     23747       4705       4706       4750       4749
     23778       4706       4707       4751       4750
     23809       4707       4708       4752       4751
     23840       4708       4709       4753       4752
     23871       4709       4710       4754       4753
     23902       4710       4711       4755       4754
     23933       4711       4712       4756       4755
     23964       4712       4713       4757       4756
     23995       4713       4714       4758       4757
     24026       4714       4715       4759       4758
     24057       4715       4716       4760       4759
     24088       4716       4717       4761       4760
     24119       4717       4718       4762       4761
     24150       4718       4719       4763       4762
     24181       4719       4720       4764       4763
     24212       4720       4721       4765       4764
     24243       4721       4722       4766       4765
     24274       4722       4723       4767       4766
     24305       4723       4724       4768       4767
     24336       4724       4725       4769       4768
     24367       4725       4726       4770       4769
     24398       4726       4727       4771       4770
     24429       4727       4728       4772       4771
     24460       4728       4729       4773       4772
     24491       4729       4730       4774       4773
     24522       4730       4731       4775       4774
     24553       4731       4732       4776       4775
     24584       4732       4733       4777       4776
     24615       4733       4734       4778       4777
     24646       4734       4735       4779       4778
     24677       4735       4736       4780       4779
     24708       4736       4737       4781       4780
     24739       4737       4738       4782       4781
     24770       4738       4739       4783       4782
     24801       4739       4740       4784       4783
     24832       4740       4741       4785       4784
     24863       4741       4742       4786       4785
     24894       4742       4743       4787       4786
     24925       4743       4744       4788       4787
     24956       4744       4745       4789       4788
     24987       4745       4746       4790       4789
     25018       4746       4747       4791       4790
     25049       4747       4748       4792       4791
     25080       4748       1543       1544       4792
     25111       3262       4749       4793       3263
     25142       4749       4750       4794       4793
     25173       4750       4751       4795       4794
     25204       4751       4752       4796       4795
     25235       4752       4753       4797       4796
     25266       4753       4754       4798       4797
     25297       4754       4755       4799       4798
     25328       4755       4756       4800       4799
     25359       4756       4757       4801       4800
     25390       4757       4758       4802       4801
     25421       4758       4759       4803       4802
     25452       4759       4760       4804       4803
     25483       4760       4761       4805       4804
     25514       4761       4762       4806       4805
     25545       4762       4763       4807       4806
     25576       4763       4764       4808       4807
     25607       4764       4765       4809       4808
     25638       4765       4766       4810       4809
     25669       4766       4767       4811       4810
     25700       4767       4768       4812       4811
     25731       4768       4769       4813       4812
     25762       4769       4770       4814       4813
     25793       4770       4771       4815       4814
     25824       4771       4772       4816       4815
     25855       4772       4773       4817       4816
     25886       4773       4774       4818       4817
     25917       4774       4775       4819       4818
     25948       4775       4776       4820       4819
     25979       4776       4777       4821       4820
     26010       4777       4778       4822       4821
     26041       4778       4779       4823       4822
     26072       4779       4780       4824       4823
     26103       4780       4781       4825       4824
     26134       4781       4782       4826       4825
     26165       4782       4783       4827       4826
     26196       4783       4784       4828       4827
     26227       4784       4785       4829       4828
     26258       4785       4786       4830       4829
     26289       4786       4787       4831       4830
     26320       4787       4788       4832       4831
     26351       4788       4789       4833       4832
     26382       4789       4790       4834       4833
     26413       4790       4791       4835       4834
     26444       4791       4792       4836       4835
     26475       4792       1544       1545       4836
     26506       3263       4793       4837       3264
     26537       4793       4794       4838       4837
     26568       4794       4795       4839       4838
     26599       4795       4796       4840       4839
     26630       4796       4797       4841       4840
     26661       4797       4798       4842       4841
     26692       4798       4799       4843       4842
     26723       4799       4800       4844       4843
     26754       4800       4801       4845       4844
     26785       4801       4802       4846       4845
     26816       4802       4803       4847       4846
     26847       4803       4804       4848       4847
     26878       4804       4805       4849       4848
     26909       4805       4806       4850       4849
     26940       4806       4807       4851       4850
     26971       4807       4808       4852       4851
     27002       4808       4809       4853       4852
     27033       4809       4810       4854       4853
     27064       4810       4811       4855       4854
     27095       4811       4812       4856       4855
     27126       4812       4813       4857       4856
     27157       4813       4814       4858       4857
     27188       4814       4815       4859       4858
     27219       4815       4816       4860       4859
     27250       4816       4817       4861       4860
     27281       4817       4818       4862       4861
     27312       4818       4819       4863       4862
     27343       4819       4820       4864       4863
     27374       4820       4821       4865       4864
     27405       4821       4822       4866       4865
     27436       4822       4823       4867       4866
     27467       4823       4824       4868       4867
     27498       4824       4825       4869       4868
     27529       4825       4826       4870       4869
     27560       4826       4827       4871       4870
     27591       4827       4828       4872       4871
     27622       4828       4829       4873       4872
     27653       4829       4830       4874       4873
     27684       4830       4831       4875       4874
     27715       4831       4832       4876       4875
     27746       4832       4833       4877       4876
     27777       4833       4834       4878       4877
     27808       4834       4835       4879       4878
     27839       4835       4836       4880       4879
     27870       4836       1545       1546       4880
     27901       3264       4837       4881       3265
     27932       4837       4838       4882       4881
     27963       4838       4839       4883       4882
     27994       4839       4840       4884       4883
     28025       4840       4841       4885       4884
     28056       4841       4842       4886       4885
     28087       4842       4843       4887       4886
     28118       4843       4844       4888       4887
     28149       4844       4845       4889       4888
     28180       4845       4846       4890       4889
     28211       4846       4847       4891       4890
     28242       4847       4848       4892       4891
     28273       4848       4849       4893       4892
     28304       4849       4850       4894       4893
     28335       4850       4851       4895       4894
     28366       4851       4852       4896       4895
     28397       4852       4853       4897       4896
     28428       4853       4854       4898       4897
     28459       4854       4855       4899       4898
     28490       4855       4856       4900       4899
     28521       4856       4857       4901       4900
     28552       4857       4858       4902       4901
     28583       4858       4859       4903       4902
     28614       4859       4860       4904       4903
     28645       4860       4861       4905       4904
     28676       4861       4862       4906       4905
     28707       4862       4863       4907       4906
     28738       4863       4864       4908       4907
     28769       4864       4865       4909       4908
     28800       4865       4866       4910       4909
     28831       4866       4867       4911       4910
     28862       4867       4868       4912       4911
     28893       4868       4869       4913       4912
     28924       4869       4870       4914       4913
     28955       4870       4871       4915       4914
     28986       4871       4872       4916       4915
     29017       4872       4873       4917       4916
     29048       4873       4874       4918       4917
     29079       4874       4875       4919       4918
     29110       4875       4876       4920       4919
     29141       4876       4877       4921       4920
     29172       4877       4878       4922       4921
     29203       4878       4879       4923       4922
     29234       4879       4880       4924       4923
     29265       4880       1546       1547       4924
     29296       3265       4881       4925       3266
     29327       4881       4882       4926       4925
     29358       4882       4883       4927       4926
     29389       4883       4884       4928       4927
     29420       4884       4885       4929       4928
     29451       4885       4886       4930       4929
     29482       4886       4887       4931       4930
     29513       4887       4888       4932       4931
     29544       4888       4889       4933       4932
     29575       4889       4890       4934       4933
     29606       4890       4891       4935       4934
     29637       4891       4892       4936       4935
     29668       4892       4893       4937       4936
     29699       4893       4894       4938       4937
     29730       4894       4895       4939       4938
     29761       4895       4896       4940       4939
     29792       4896       4897       4941       4940
     29823       4897       4898       4942       4941
     29854       4898       4899       4943       4942
     29885       4899       4900       4944       4943
     29916       4900       4901       4945       4944
     29947       4901       4902       4946       4945
     29978       4902       4903       4947       4946
     30009       4903       4904       4948       4947
     30040       4904       4905       4949       4948
     30071       4905       4906       4950       4949
     30102       4906       4907       4951       4950
     30133       4907       4908       4952       4951
     30164       4908       4909       4953       4952
     30195       4909       4910       4954       4953
     30226       4910       4911       4955       4954
     30257       4911       4912       4956       4955
     30288       4912       4913       4957       4956
     30319       4913       4914       4958       4957
     30350       4914       4915       4959       4958
     30381       4915       4916       4960       4959
     30412       4916       4917       4961       4960
     30443       4917       4918       4962       4961
     30474       4918       4919       4963       4962
     30505       4919       4920       4964       4963
     30536       4920       4921       4965       4964
     30567       4921       4922       4966       4965
     30598       4922       4923       4967       4966
     30629       4923       4924       4968       4967
     30660       4924       1547       1548       4968
     30691       3266       4925       3957       3244
     30722       4925       4926       3958       3957
     30753       4926       4927       3959       3958
     30784       4927       4928       3960       3959
     30815       4928       4929       3961       3960
     30846       4929       4930       3962       3961
     30877       4930       4931       3963       3962
     30908       4931       4932       3964       3963
     30939       4932       4933       3965       3964
     30970       4933       4934       3966       3965
     31001       4934       4935       3967       3966
     31032       4935       4936       3968       3967
     31063       4936       4937       3969       3968
     31094       4937       4938       3970       3969
     31125       4938       4939       3971       3970
     31156       4939       4940       3972       3971
     31187       4940       4941       3973       3972
     31218       4941       4942       3974       3973
     31249       4942       4943       3975       3974
     31280       4943       4944       3976       3975
     31311       4944       4945       3977       3976
     31342       4945       4946       3978       3977
     31373       4946       4947       3979       3978
     31404       4947       4948       3980       3979
     31435       4948       4949       3981       3980
     31466       4949       4950       3982       3981
     31497       4950       4951       3983       3982
     31528       4951       4952       3984       3983
     31559       4952       4953       3985       3984
     31590       4953       4954       3986       3985
     31621       4954       4955       3987       3986
     31652       4955       4956       3988       3987
     31683       4956       4957       3989       3988
     31714       4957       4958       3990       3989
     31745       4958       4959       3991       3990
     31776       4959       4960       3992       3991
     31807       4960       4961       3993       3992
     31838       4961       4962       3994       3993
     31869       4962       4963       3995       3994
     31900       4963       4964       3996       3995
     31931       4964       4965       3997       3996
     31962       4965       4966       3998       3997
     31993       4966       4967       3999       3998
     32024       4967       4968       4000       3999
     32055       4968       1548       1496       4000
