       713
      1365         78         79       1549       1527
      1366         79         80       1550       1549
      1367         80         81       1551       1550
      1368         81         82       1552       1551
      1369         82         83       1553       1552
      1370         83         84       1554       1553
      1371         84         85       1555       1554
      1372         85         86       1556       1555
      1373         86         87       1557       1556
      1374         87         88       1558       1557
      1375         88         89       1559       1558
      1376         89         90       1560       1559
      1377         90         91       1561       1560
      1378         91         92       1562       1561
      1379         92         93       1563       1562
      1380         93         94       1564       1563
      1381         94         95       1565       1564
      1382         95         96       1566       1565
      1383         96         97       1567       1566
      1384         97         98       1568       1567
      1385         98         99       1569       1568
      1386         99        100       1570       1569
      1387        100        101       1571       1570
      1388        101        102       1572       1571
      1389        102        103       1573       1572
      1390        103        104       1574       1573
      1391        104        105       1575       1574
      1392        105        106       1576       1575
      1393        106        107       1577       1576
      1394        107        108       1578       1577
      1395        108         33       1474       1578
      2760       1527       1549       1579       1528
      2761       1549       1550       1580       1579
      2762       1550       1551       1581       1580
      2763       1551       1552       1582       1581
      2764       1552       1553       1583       1582
      2765       1553       1554       1584       1583
      2766       1554       1555       1585       1584
      2767       1555       1556       1586       1585
      2768       1556       1557       1587       1586
      2769       1557       1558       1588       1587
      2770       1558       1559       1589       1588
      2771       1559       1560       1590       1589
      2772       1560       1561       1591       1590
      2773       1561       1562       1592       1591
      2774       1562       1563       1593       1592
      2775       1563       1564       1594       1593
      2776       1564       1565       1595       1594
      2777       1565       1566       1596       1595
      2778       1566       1567       1597       1596
      2779       1567       1568       1598       1597
      2780       1568       1569       1599       1598
      2781       1569       1570       1600       1599
      2782       1570       1571       1601       1600
      2783       1571       1572       1602       1601
      2784       1572       1573       1603       1602
      2785       1573       1574       1604       1603
      2786       1574       1575       1605       1604
      2787       1575       1576       1606       1605
      2788       1576       1577       1607       1606
      2789       1577       1578       1608       1607
      2790       1578       1474       1475       1608
      4155       1528       1579       1609       1529
      4156       1579       1580       1610       1609
      4157       1580       1581       1611       1610
      4158       1581       1582       1612       1611
      4159       1582       1583       1613       1612
      4160       1583       1584       1614       1613
      4161       1584       1585       1615       1614
      4162       1585       1586       1616       1615
      4163       1586       1587       1617       1616
      4164       1587       1588       1618       1617
      4165       1588       1589       1619       1618
      4166       1589       1590       1620       1619
      4167       1590       1591       1621       1620
      4168       1591       1592       1622       1621
      4169       1592       1593       1623       1622
      4170       1593       1594       1624       1623
      4171       1594       1595       1625       1624
      4172       1595       1596       1626       1625
      4173       1596       1597       1627       1626
      4174       1597       1598       1628       1627
      4175       1598       1599       1629       1628
      4176       1599       1600       1630       1629
      4177       1600       1601       1631       1630
      4178       1601       1602       1632       1631
      4179       1602       1603       1633       1632
      4180       1603       1604       1634       1633
      4181       1604       1605       1635       1634
      4182       1605       1606       1636       1635
      4183       1606       1607       1637       1636
      4184       1607       1608       1638       1637
      4185       1608       1475       1476       1638
      5550       1529       1609       1639       1530
      5551       1609       1610       1640       1639
      5552       1610       1611       1641       1640
      5553       1611       1612       1642       1641
      5554       1612       1613       1643       1642
      5555       1613       1614       1644       1643
      5556       1614       1615       1645       1644
      5557       1615       1616       1646       1645
      5558       1616       1617       1647       1646
      5559       1617       1618       1648       1647
      5560       1618       1619       1649       1648
      5561       1619       1620       1650       1649
      5562       1620       1621       1651       1650
      5563       1621       1622       1652       1651
      5564       1622       1623       1653       1652
      5565       1623       1624       1654       1653
      5566       1624       1625       1655       1654
      5567       1625       1626       1656       1655
      5568       1626       1627       1657       1656
      5569       1627       1628       1658       1657
      5570       1628       1629       1659       1658
      5571       1629       1630       1660       1659
      5572       1630       1631       1661       1660
      5573       1631       1632       1662       1661
      5574       1632       1633       1663       1662
      5575       1633       1634       1664       1663
      5576       1634       1635       1665       1664
      5577       1635       1636       1666       1665
      5578       1636       1637       1667       1666
      5579       1637       1638       1668       1667
      5580       1638       1476       1477       1668
      6945       1530       1639       1669       1531
      6946       1639       1640       1670       1669
      6947       1640       1641       1671       1670
      6948       1641       1642       1672       1671
      6949       1642       1643       1673       1672
      6950       1643       1644       1674       1673
      6951       1644       1645       1675       1674
      6952       1645       1646       1676       1675
      6953       1646       1647       1677       1676
      6954       1647       1648       1678       1677
      6955       1648       1649       1679       1678
      6956       1649       1650       1680       1679
      6957       1650       1651       1681       1680
      6958       1651       1652       1682       1681
      6959       1652       1653       1683       1682
      6960       1653       1654       1684       1683
      6961       1654       1655       1685       1684
      6962       1655       1656       1686       1685
      6963       1656       1657       1687       1686
      6964       1657       1658       1688       1687
      6965       1658       1659       1689       1688
      6966       1659       1660       1690       1689
      6967       1660       1661       1691       1690
      6968       1661       1662       1692       1691
      6969       1662       1663       1693       1692
      6970       1663       1664       1694       1693
      6971       1664       1665       1695       1694
      6972       1665       1666       1696       1695
      6973       1666       1667       1697       1696
      6974       1667       1668       1698       1697
      6975       1668       1477       1478       1698
      8340       1531       1669       1699       1532
      8341       1669       1670       1700       1699
      8342       1670       1671       1701       1700
      8343       1671       1672       1702       1701
      8344       1672       1673       1703       1702
      8345       1673       1674       1704       1703
      8346       1674       1675       1705       1704
      8347       1675       1676       1706       1705
      8348       1676       1677       1707       1706
      8349       1677       1678       1708       1707
      8350       1678       1679       1709       1708
      8351       1679       1680       1710       1709
      8352       1680       1681       1711       1710
      8353       1681       1682       1712       1711
      8354       1682       1683       1713       1712
      8355       1683       1684       1714       1713
      8356       1684       1685       1715       1714
      8357       1685       1686       1716       1715
      8358       1686       1687       1717       1716
      8359       1687       1688       1718       1717
      8360       1688       1689       1719       1718
      8361       1689       1690       1720       1719
      8362       1690       1691       1721       1720
      8363       1691       1692       1722       1721
      8364       1692       1693       1723       1722
      8365       1693       1694       1724       1723
      8366       1694       1695       1725       1724
      8367       1695       1696       1726       1725
      8368       1696       1697       1727       1726
      8369       1697       1698       1728       1727
      8370       1698       1478       1479       1728
      9735       1532       1699       1729       1533
      9736       1699       1700       1730       1729
      9737       1700       1701       1731       1730
      9738       1701       1702       1732       1731
      9739       1702       1703       1733       1732
      9740       1703       1704       1734       1733
      9741       1704       1705       1735       1734
      9742       1705       1706       1736       1735
      9743       1706       1707       1737       1736
      9744       1707       1708       1738       1737
      9745       1708       1709       1739       1738
      9746       1709       1710       1740       1739
      9747       1710       1711       1741       1740
      9748       1711       1712       1742       1741
      9749       1712       1713       1743       1742
      9750       1713       1714       1744       1743
      9751       1714       1715       1745       1744
      9752       1715       1716       1746       1745
      9753       1716       1717       1747       1746
      9754       1717       1718       1748       1747
      9755       1718       1719       1749       1748
      9756       1719       1720       1750       1749
      9757       1720       1721       1751       1750
      9758       1721       1722       1752       1751
      9759       1722       1723       1753       1752
      9760       1723       1724       1754       1753
      9761       1724       1725       1755       1754
      9762       1725       1726       1756       1755
      9763       1726       1727       1757       1756
      9764       1727       1728       1758       1757
      9765       1728       1479       1480       1758
     11130       1533       1729       1759       1534
     11131       1729       1730       1760       1759
     11132       1730       1731       1761       1760
     11133       1731       1732       1762       1761
     11134       1732       1733       1763       1762
     11135       1733       1734       1764       1763
     11136       1734       1735       1765       1764
     11137       1735       1736       1766       1765
     11138       1736       1737       1767       1766
     11139       1737       1738       1768       1767
     11140       1738       1739       1769       1768
     11141       1739       1740       1770       1769
     11142       1740       1741       1771       1770
     11143       1741       1742       1772       1771
     11144       1742       1743       1773       1772
     11145       1743       1744       1774       1773
     11146       1744       1745       1775       1774
     11147       1745       1746       1776       1775
     11148       1746       1747       1777       1776
     11149       1747       1748       1778       1777
     11150       1748       1749       1779       1778
     11151       1749       1750       1780       1779
     11152       1750       1751       1781       1780
     11153       1751       1752       1782       1781
     11154       1752       1753       1783       1782
     11155       1753       1754       1784       1783
     11156       1754       1755       1785       1784
     11157       1755       1756       1786       1785
     11158       1756       1757       1787       1786
     11159       1757       1758       1788       1787
     11160       1758       1480       1481       1788
     12525       1534       1759       1789       1535
     12526       1759       1760       1790       1789
     12527       1760       1761       1791       1790
     12528       1761       1762       1792       1791
     12529       1762       1763       1793       1792
     12530       1763       1764       1794       1793
     12531       1764       1765       1795       1794
     12532       1765       1766       1796       1795
     12533       1766       1767       1797       1796
     12534       1767       1768       1798       1797
     12535       1768       1769       1799       1798
     12536       1769       1770       1800       1799
     12537       1770       1771       1801       1800
     12538       1771       1772       1802       1801
     12539       1772       1773       1803       1802
     12540       1773       1774       1804       1803
     12541       1774       1775       1805       1804
     12542       1775       1776       1806       1805
     12543       1776       1777       1807       1806
     12544       1777       1778       1808       1807
     12545       1778       1779       1809       1808
     12546       1779       1780       1810       1809
     12547       1780       1781       1811       1810
     12548       1781       1782       1812       1811
     12549       1782       1783       1813       1812
     12550       1783       1784       1814       1813
     12551       1784       1785       1815       1814
     12552       1785       1786       1816       1815
     12553       1786       1787       1817       1816
     12554       1787       1788       1818       1817
     12555       1788       1481       1482       1818
     13920       1535       1789       1819       1536
     13921       1789       1790       1820       1819
     13922       1790       1791       1821       1820
     13923       1791       1792       1822       1821
     13924       1792       1793       1823       1822
     13925       1793       1794       1824       1823
     13926       1794       1795       1825       1824
     13927       1795       1796       1826       1825
     13928       1796       1797       1827       1826
     13929       1797       1798       1828       1827
     13930       1798       1799       1829       1828
     13931       1799       1800       1830       1829
     13932       1800       1801       1831       1830
     13933       1801       1802       1832       1831
     13934       1802       1803       1833       1832
     13935       1803       1804       1834       1833
     13936       1804       1805       1835       1834
     13937       1805       1806       1836       1835
     13938       1806       1807       1837       1836
     13939       1807       1808       1838       1837
     13940       1808       1809       1839       1838
     13941       1809       1810       1840       1839
     13942       1810       1811       1841       1840
     13943       1811       1812       1842       1841
     13944       1812       1813       1843       1842
     13945       1813       1814       1844       1843
     13946       1814       1815       1845       1844
     13947       1815       1816       1846       1845
     13948       1816       1817       1847       1846
     13949       1817       1818       1848       1847
     13950       1818       1482       1483       1848
     15315       1536       1819       1849       1537
     15316       1819       1820       1850       1849
     15317       1820       1821       1851       1850
     15318       1821       1822       1852       1851
     15319       1822       1823       1853       1852
     15320       1823       1824       1854       1853
     15321       1824       1825       1855       1854
     15322       1825       1826       1856       1855
     15323       1826       1827       1857       1856
     15324       1827       1828       1858       1857
     15325       1828       1829       1859       1858
     15326       1829       1830       1860       1859
     15327       1830       1831       1861       1860
     15328       1831       1832       1862       1861
     15329       1832       1833       1863       1862
     15330       1833       1834       1864       1863
     15331       1834       1835       1865       1864
     15332       1835       1836       1866       1865
     15333       1836       1837       1867       1866
     15334       1837       1838       1868       1867
     15335       1838       1839       1869       1868
     15336       1839       1840       1870       1869
     15337       1840       1841       1871       1870
     15338       1841       1842       1872       1871
     15339       1842       1843       1873       1872
     15340       1843       1844       1874       1873
     15341       1844       1845       1875       1874
     15342       1845       1846       1876       1875
     15343       1846       1847       1877       1876
     15344       1847       1848       1878       1877
     15345       1848       1483       1484       1878
     16710       1537       1849       1879       1538
     16711       1849       1850       1880       1879
     16712       1850       1851       1881       1880
     16713       1851       1852       1882       1881
     16714       1852       1853       1883       1882
     16715       1853       1854       1884       1883
     16716       1854       1855       1885       1884
     16717       1855       1856       1886       1885
     16718       1856       1857       1887       1886
     16719       1857       1858       1888       1887
     16720       1858       1859       1889       1888
     16721       1859       1860       1890       1889
     16722       1860       1861       1891       1890
     16723       1861       1862       1892       1891
     16724       1862       1863       1893       1892
     16725       1863       1864       1894       1893
     16726       1864       1865       1895       1894
     16727       1865       1866       1896       1895
     16728       1866       1867       1897       1896
     16729       1867       1868       1898       1897
     16730       1868       1869       1899       1898
     16731       1869       1870       1900       1899
     16732       1870       1871       1901       1900
     16733       1871       1872       1902       1901
     16734       1872       1873       1903       1902
     16735       1873       1874       1904       1903
     16736       1874       1875       1905       1904
     16737       1875       1876       1906       1905
     16738       1876       1877       1907       1906
     16739       1877       1878       1908       1907
     16740       1878       1484       1485       1908
     18105       1538       1879       1909       1539
     18106       1879       1880       1910       1909
     18107       1880       1881       1911       1910
     18108       1881       1882       1912       1911
     18109       1882       1883       1913       1912
     18110       1883       1884       1914       1913
     18111       1884       1885       1915       1914
     18112       1885       1886       1916       1915
     18113       1886       1887       1917       1916
     18114       1887       1888       1918       1917
     18115       1888       1889       1919       1918
     18116       1889       1890       1920       1919
     18117       1890       1891       1921       1920
     18118       1891       1892       1922       1921
     18119       1892       1893       1923       1922
     18120       1893       1894       1924       1923
     18121       1894       1895       1925       1924
     18122       1895       1896       1926       1925
     18123       1896       1897       1927       1926
     18124       1897       1898       1928       1927
     18125       1898       1899       1929       1928
     18126       1899       1900       1930       1929
     18127       1900       1901       1931       1930
     18128       1901       1902       1932       1931
     18129       1902       1903       1933       1932
     18130       1903       1904       1934       1933
     18131       1904       1905       1935       1934
     18132       1905       1906       1936       1935
     18133       1906       1907       1937       1936
     18134       1907       1908       1938       1937
     18135       1908       1485       1486       1938
     19500       1539       1909       1939       1540
     19501       1909       1910       1940       1939
     19502       1910       1911       1941       1940
     19503       1911       1912       1942       1941
     19504       1912       1913       1943       1942
     19505       1913       1914       1944       1943
     19506       1914       1915       1945       1944
     19507       1915       1916       1946       1945
     19508       1916       1917       1947       1946
     19509       1917       1918       1948       1947
     19510       1918       1919       1949       1948
     19511       1919       1920       1950       1949
     19512       1920       1921       1951       1950
     19513       1921       1922       1952       1951
     19514       1922       1923       1953       1952
     19515       1923       1924       1954       1953
     19516       1924       1925       1955       1954
     19517       1925       1926       1956       1955
     19518       1926       1927       1957       1956
     19519       1927       1928       1958       1957
     19520       1928       1929       1959       1958
     19521       1929       1930       1960       1959
     19522       1930       1931       1961       1960
     19523       1931       1932       1962       1961
     19524       1932       1933       1963       1962
     19525       1933       1934       1964       1963
     19526       1934       1935       1965       1964
     19527       1935       1936       1966       1965
     19528       1936       1937       1967       1966
     19529       1937       1938       1968       1967
     19530       1938       1486       1487       1968
     20895       1540       1939       1969       1541
     20896       1939       1940       1970       1969
     20897       1940       1941       1971       1970
     20898       1941       1942       1972       1971
     20899       1942       1943       1973       1972
     20900       1943       1944       1974       1973
     20901       1944       1945       1975       1974
     20902       1945       1946       1976       1975
     20903       1946       1947       1977       1976
     20904       1947       1948       1978       1977
     20905       1948       1949       1979       1978
     20906       1949       1950       1980       1979
     20907       1950       1951       1981       1980
     20908       1951       1952       1982       1981
     20909       1952       1953       1983       1982
     20910       1953       1954       1984       1983
     20911       1954       1955       1985       1984
     20912       1955       1956       1986       1985
     20913       1956       1957       1987       1986
     20914       1957       1958       1988       1987
     20915       1958       1959       1989       1988
     20916       1959       1960       1990       1989
     20917       1960       1961       1991       1990
     20918       1961       1962       1992       1991
     20919       1962       1963       1993       1992
     20920       1963       1964       1994       1993
     20921       1964       1965       1995       1994
     20922       1965       1966       1996       1995
     20923       1966       1967       1997       1996
     20924       1967       1968       1998       1997
     20925       1968       1487       1488       1998
     22290       1541       1969       1999       1542
     22291       1969       1970       2000       1999
     22292       1970       1971       2001       2000
     22293       1971       1972       2002       2001
     22294       1972       1973       2003       2002
     22295       1973       1974       2004       2003
     22296       1974       1975       2005       2004
     22297       1975       1976       2006       2005
     22298       1976       1977       2007       2006
     22299       1977       1978       2008       2007
     22300       1978       1979       2009       2008
     22301       1979       1980       2010       2009
     22302       1980       1981       2011       2010
     22303       1981       1982       2012       2011
     22304       1982       1983       2013       2012
     22305       1983       1984       2014       2013
     22306       1984       1985       2015       2014
     22307       1985       1986       2016       2015
     22308       1986       1987       2017       2016
     22309       1987       1988       2018       2017
     22310       1988       1989       2019       2018
     22311       1989       1990       2020       2019
     22312       1990       1991       2021       2020
     22313       1991       1992       2022       2021
     22314       1992       1993       2023       2022
     22315       1993       1994       2024       2023
     22316       1994       1995       2025       2024
     22317       1995       1996       2026       2025
     22318       1996       1997       2027       2026
     22319       1997       1998       2028       2027
     22320       1998       1488       1489       2028
     23685       1542       1999       2029       1543
     23686       1999       2000       2030       2029
     23687       2000       2001       2031       2030
     23688       2001       2002       2032       2031
     23689       2002       2003       2033       2032
     23690       2003       2004       2034       2033
     23691       2004       2005       2035       2034
     23692       2005       2006       2036       2035
     23693       2006       2007       2037       2036
     23694       2007       2008       2038       2037
     23695       2008       2009       2039       2038
     23696       2009       2010       2040       2039
     23697       2010       2011       2041       2040
     23698       2011       2012       2042       2041
     23699       2012       2013       2043       2042
     23700       2013       2014       2044       2043
     23701       2014       2015       2045       2044
     23702       2015       2016       2046       2045
     23703       2016       2017       2047       2046
     23704       2017       2018       2048       2047
     23705       2018       2019       2049       2048
     23706       2019       2020       2050       2049
     23707       2020       2021       2051       2050
     23708       2021       2022       2052       2051
     23709       2022       2023       2053       2052
     23710       2023       2024       2054       2053
     23711       2024       2025       2055       2054
     23712       2025       2026       2056       2055
     23713       2026       2027       2057       2056
     23714       2027       2028       2058       2057
     23715       2028       1489       1490       2058
     25080       1543       2029       2059       1544
     25081       2029       2030       2060       2059
     25082       2030       2031       2061       2060
     25083       2031       2032       2062       2061
     25084       2032       2033       2063       2062
     25085       2033       2034       2064       2063
     25086       2034       2035       2065       2064
     25087       2035       2036       2066       2065
     25088       2036       2037       2067       2066
     25089       2037       2038       2068       2067
     25090       2038       2039       2069       2068
     25091       2039       2040       2070       2069
     25092       2040       2041       2071       2070
     25093       2041       2042       2072       2071
     25094       2042       2043       2073       2072
     25095       2043       2044       2074       2073
     25096       2044       2045       2075       2074
     25097       2045       2046       2076       2075
     25098       2046       2047       2077       2076
     25099       2047       2048       2078       2077
     25100       2048       2049       2079       2078
     25101       2049       2050       2080       2079
     25102       2050       2051       2081       2080
     25103       2051       2052       2082       2081
     25104       2052       2053       2083       2082
     25105       2053       2054       2084       2083
     25106       2054       2055       2085       2084
     25107       2055       2056       2086       2085
     25108       2056       2057       2087       2086
     25109       2057       2058       2088       2087
     25110       2058       1490       1491       2088
     26475       1544       2059       2089       1545
     26476       2059       2060       2090       2089
     26477       2060       2061       2091       2090
     26478       2061       2062       2092       2091
     26479       2062       2063       2093       2092
     26480       2063       2064       2094       2093
     26481       2064       2065       2095       2094
     26482       2065       2066       2096       2095
     26483       2066       2067       2097       2096
     26484       2067       2068       2098       2097
     26485       2068       2069       2099       2098
     26486       2069       2070       2100       2099
     26487       2070       2071       2101       2100
     26488       2071       2072       2102       2101
     26489       2072       2073       2103       2102
     26490       2073       2074       2104       2103
     26491       2074       2075       2105       2104
     26492       2075       2076       2106       2105
     26493       2076       2077       2107       2106
     26494       2077       2078       2108       2107
     26495       2078       2079       2109       2108
     26496       2079       2080       2110       2109
     26497       2080       2081       2111       2110
     26498       2081       2082       2112       2111
     26499       2082       2083       2113       2112
     26500       2083       2084       2114       2113
     26501       2084       2085       2115       2114
     26502       2085       2086       2116       2115
     26503       2086       2087       2117       2116
     26504       2087       2088       2118       2117
     26505       2088       1491       1492       2118
     27870       1545       2089       2119       1546
     27871       2089       2090       2120       2119
     27872       2090       2091       2121       2120
     27873       2091       2092       2122       2121
     27874       2092       2093       2123       2122
     27875       2093       2094       2124       2123
     27876       2094       2095       2125       2124
     27877       2095       2096       2126       2125
     27878       2096       2097       2127       2126
     27879       2097       2098       2128       2127
     27880       2098       2099       2129       2128
     27881       2099       2100       2130       2129
     27882       2100       2101       2131       2130
     27883       2101       2102       2132       2131
     27884       2102       2103       2133       2132
     27885       2103       2104       2134       2133
     27886       2104       2105       2135       2134
     27887       2105       2106       2136       2135
     27888       2106       2107       2137       2136
     27889       2107       2108       2138       2137
     27890       2108       2109       2139       2138
     27891       2109       2110       2140       2139
     27892       2110       2111       2141       2140
     27893       2111       2112       2142       2141
     27894       2112       2113       2143       2142
     27895       2113       2114       2144       2143
     27896       2114       2115       2145       2144
     27897       2115       2116       2146       2145
     27898       2116       2117       2147       2146
     27899       2117       2118       2148       2147
     27900       2118       1492       1493       2148
     29265       1546       2119       2149       1547
     29266       2119       2120       2150       2149
     29267       2120       2121       2151       2150
     29268       2121       2122       2152       2151
     29269       2122       2123       2153       2152
     29270       2123       2124       2154       2153
     29271       2124       2125       2155       2154
     29272       2125       2126       2156       2155
     29273       2126       2127       2157       2156
     29274       2127       2128       2158       2157
     29275       2128       2129       2159       2158
     29276       2129       2130       2160       2159
     29277       2130       2131       2161       2160
     29278       2131       2132       2162       2161
     29279       2132       2133       2163       2162
     29280       2133       2134       2164       2163
     29281       2134       2135       2165       2164
     29282       2135       2136       2166       2165
     29283       2136       2137       2167       2166
     29284       2137       2138       2168       2167
     29285       2138       2139       2169       2168
     29286       2139       2140       2170       2169
     29287       2140       2141       2171       2170
     29288       2141       2142       2172       2171
     29289       2142       2143       2173       2172
     29290       2143       2144       2174       2173
     29291       2144       2145       2175       2174
     29292       2145       2146       2176       2175
     29293       2146       2147       2177       2176
     29294       2147       2148       2178       2177
     29295       2148       1493       1494       2178
     30660       1547       2149       2179       1548
     30661       2149       2150       2180       2179
     30662       2150       2151       2181       2180
     30663       2151       2152       2182       2181
     30664       2152       2153       2183       2182
     30665       2153       2154       2184       2183
     30666       2154       2155       2185       2184
     30667       2155       2156       2186       2185
     30668       2156       2157       2187       2186
     30669       2157       2158       2188       2187
     30670       2158       2159       2189       2188
     30671       2159       2160       2190       2189
     30672       2160       2161       2191       2190
     30673       2161       2162       2192       2191
     30674       2162       2163       2193       2192
     30675       2163       2164       2194       2193
     30676       2164       2165       2195       2194
     30677       2165       2166       2196       2195
     30678       2166       2167       2197       2196
     30679       2167       2168       2198       2197
     30680       2168       2169       2199       2198
     30681       2169       2170       2200       2199
     30682       2170       2171       2201       2200
     30683       2171       2172       2202       2201
     30684       2172       2173       2203       2202
     30685       2173       2174       2204       2203
     30686       2174       2175       2205       2204
     30687       2175       2176       2206       2205
     30688       2176       2177       2207       2206
     30689       2177       2178       2208       2207
     30690       2178       1494       1495       2208
     32055       1548       2179       1497       1496
     32056       2179       2180       1498       1497
     32057       2180       2181       1499       1498
     32058       2181       2182       1500       1499
     32059       2182       2183       1501       1500
     32060       2183       2184       1502       1501
     32061       2184       2185       1503       1502
     32062       2185       2186       1504       1503
     32063       2186       2187       1505       1504
     32064       2187       2188       1506       1505
     32065       2188       2189       1507       1506
     32066       2189       2190       1508       1507
     32067       2190       2191       1509       1508
     32068       2191       2192       1510       1509
     32069       2192       2193       1511       1510
     32070       2193       2194       1512       1511
     32071       2194       2195       1513       1512
     32072       2195       2196       1514       1513
     32073       2196       2197       1515       1514
     32074       2197       2198       1516       1515
     32075       2198       2199       1517       1516
     32076       2199       2200       1518       1517
     32077       2200       2201       1519       1518
     32078       2201       2202       1520       1519
     32079       2202       2203       1521       1520
     32080       2203       2204       1522       1521
     32081       2204       2205       1523       1522
     32082       2205       2206       1524       1523
     32083       2206       2207       1525       1524
     32084       2207       2208       1526       1525
     32085       2208       1495       1473       1526
