       713
         1         32          2       3245       3326
         2         31         32       3326       3325
         3         30         31       3325       3324
         4         29         30       3324       3323
         5         28         29       3323       3322
         6         27         28       3322       3321
         7         26         27       3321       3320
         8         25         26       3320       3319
         9         24         25       3319       3318
        10         23         24       3318       3317
        11         22         23       3317       3316
        12         21         22       3316       3315
        13         20         21       3315       3314
        14         19         20       3314       3313
        15         18         19       3313       3312
        16         17         18       3312       3311
        17         16         17       3311       3310
        18         15         16       3310       3309
        19         14         15       3309       3308
        20         13         14       3308       3307
        21         12         13       3307       3306
        22         11         12       3306       3305
        23         10         11       3305       3304
        24          9         10       3304       3303
        25          8          9       3303       3302
        26          7          8       3302       3301
        27          6          7       3301       3300
        28          5          6       3300       3299
        29          4          5       3299       3298
        30          3          4       3298       3297
        31          1          3       3297       2210
      1396       3326       3245       3246       3356
      1397       3325       3326       3356       3355
      1398       3324       3325       3355       3354
      1399       3323       3324       3354       3353
      1400       3322       3323       3353       3352
      1401       3321       3322       3352       3351
      1402       3320       3321       3351       3350
      1403       3319       3320       3350       3349
      1404       3318       3319       3349       3348
      1405       3317       3318       3348       3347
      1406       3316       3317       3347       3346
      1407       3315       3316       3346       3345
      1408       3314       3315       3345       3344
      1409       3313       3314       3344       3343
      1410       3312       3313       3343       3342
      1411       3311       3312       3342       3341
      1412       3310       3311       3341       3340
      1413       3309       3310       3340       3339
      1414       3308       3309       3339       3338
      1415       3307       3308       3338       3337
      1416       3306       3307       3337       3336
      1417       3305       3306       3336       3335
      1418       3304       3305       3335       3334
      1419       3303       3304       3334       3333
      1420       3302       3303       3333       3332
      1421       3301       3302       3332       3331
      1422       3300       3301       3331       3330
      1423       3299       3300       3330       3329
      1424       3298       3299       3329       3328
      1425       3297       3298       3328       3327
      1426       2210       3297       3327       2211
      2791       3356       3246       3247       3386
      2792       3355       3356       3386       3385
      2793       3354       3355       3385       3384
      2794       3353       3354       3384       3383
      2795       3352       3353       3383       3382
      2796       3351       3352       3382       3381
      2797       3350       3351       3381       3380
      2798       3349       3350       3380       3379
      2799       3348       3349       3379       3378
      2800       3347       3348       3378       3377
      2801       3346       3347       3377       3376
      2802       3345       3346       3376       3375
      2803       3344       3345       3375       3374
      2804       3343       3344       3374       3373
      2805       3342       3343       3373       3372
      2806       3341       3342       3372       3371
      2807       3340       3341       3371       3370
      2808       3339       3340       3370       3369
      2809       3338       3339       3369       3368
      2810       3337       3338       3368       3367
      2811       3336       3337       3367       3366
      2812       3335       3336       3366       3365
      2813       3334       3335       3365       3364
      2814       3333       3334       3364       3363
      2815       3332       3333       3363       3362
      2816       3331       3332       3362       3361
      2817       3330       3331       3361       3360
      2818       3329       3330       3360       3359
      2819       3328       3329       3359       3358
      2820       3327       3328       3358       3357
      2821       2211       3327       3357       2212
      4186       3386       3247       3248       3416
      4187       3385       3386       3416       3415
      4188       3384       3385       3415       3414
      4189       3383       3384       3414       3413
      4190       3382       3383       3413       3412
      4191       3381       3382       3412       3411
      4192       3380       3381       3411       3410
      4193       3379       3380       3410       3409
      4194       3378       3379       3409       3408
      4195       3377       3378       3408       3407
      4196       3376       3377       3407       3406
      4197       3375       3376       3406       3405
      4198       3374       3375       3405       3404
      4199       3373       3374       3404       3403
      4200       3372       3373       3403       3402
      4201       3371       3372       3402       3401
      4202       3370       3371       3401       3400
      4203       3369       3370       3400       3399
      4204       3368       3369       3399       3398
      4205       3367       3368       3398       3397
      4206       3366       3367       3397       3396
      4207       3365       3366       3396       3395
      4208       3364       3365       3395       3394
      4209       3363       3364       3394       3393
      4210       3362       3363       3393       3392
      4211       3361       3362       3392       3391
      4212       3360       3361       3391       3390
      4213       3359       3360       3390       3389
      4214       3358       3359       3389       3388
      4215       3357       3358       3388       3387
      4216       2212       3357       3387       2213
      5581       3416       3248       3249       3446
      5582       3415       3416       3446       3445
      5583       3414       3415       3445       3444
      5584       3413       3414       3444       3443
      5585       3412       3413       3443       3442
      5586       3411       3412       3442       3441
      5587       3410       3411       3441       3440
      5588       3409       3410       3440       3439
      5589       3408       3409       3439       3438
      5590       3407       3408       3438       3437
      5591       3406       3407       3437       3436
      5592       3405       3406       3436       3435
      5593       3404       3405       3435       3434
      5594       3403       3404       3434       3433
      5595       3402       3403       3433       3432
      5596       3401       3402       3432       3431
      5597       3400       3401       3431       3430
      5598       3399       3400       3430       3429
      5599       3398       3399       3429       3428
      5600       3397       3398       3428       3427
      5601       3396       3397       3427       3426
      5602       3395       3396       3426       3425
      5603       3394       3395       3425       3424
      5604       3393       3394       3424       3423
      5605       3392       3393       3423       3422
      5606       3391       3392       3422       3421
      5607       3390       3391       3421       3420
      5608       3389       3390       3420       3419
      5609       3388       3389       3419       3418
      5610       3387       3388       3418       3417
      5611       2213       3387       3417       2214
      6976       3446       3249       3250       3476
      6977       3445       3446       3476       3475
      6978       3444       3445       3475       3474
      6979       3443       3444       3474       3473
      6980       3442       3443       3473       3472
      6981       3441       3442       3472       3471
      6982       3440       3441       3471       3470
      6983       3439       3440       3470       3469
      6984       3438       3439       3469       3468
      6985       3437       3438       3468       3467
      6986       3436       3437       3467       3466
      6987       3435       3436       3466       3465
      6988       3434       3435       3465       3464
      6989       3433       3434       3464       3463
      6990       3432       3433       3463       3462
      6991       3431       3432       3462       3461
      6992       3430       3431       3461       3460
      6993       3429       3430       3460       3459
      6994       3428       3429       3459       3458
      6995       3427       3428       3458       3457
      6996       3426       3427       3457       3456
      6997       3425       3426       3456       3455
      6998       3424       3425       3455       3454
      6999       3423       3424       3454       3453
      7000       3422       3423       3453       3452
      7001       3421       3422       3452       3451
      7002       3420       3421       3451       3450
      7003       3419       3420       3450       3449
      7004       3418       3419       3449       3448
      7005       3417       3418       3448       3447
      7006       2214       3417       3447       2215
      8371       3476       3250       3251       3506
      8372       3475       3476       3506       3505
      8373       3474       3475       3505       3504
      8374       3473       3474       3504       3503
      8375       3472       3473       3503       3502
      8376       3471       3472       3502       3501
      8377       3470       3471       3501       3500
      8378       3469       3470       3500       3499
      8379       3468       3469       3499       3498
      8380       3467       3468       3498       3497
      8381       3466       3467       3497       3496
      8382       3465       3466       3496       3495
      8383       3464       3465       3495       3494
      8384       3463       3464       3494       3493
      8385       3462       3463       3493       3492
      8386       3461       3462       3492       3491
      8387       3460       3461       3491       3490
      8388       3459       3460       3490       3489
      8389       3458       3459       3489       3488
      8390       3457       3458       3488       3487
      8391       3456       3457       3487       3486
      8392       3455       3456       3486       3485
      8393       3454       3455       3485       3484
      8394       3453       3454       3484       3483
      8395       3452       3453       3483       3482
      8396       3451       3452       3482       3481
      8397       3450       3451       3481       3480
      8398       3449       3450       3480       3479
      8399       3448       3449       3479       3478
      8400       3447       3448       3478       3477
      8401       2215       3447       3477       2216
      9766       3506       3251       3252       3536
      9767       3505       3506       3536       3535
      9768       3504       3505       3535       3534
      9769       3503       3504       3534       3533
      9770       3502       3503       3533       3532
      9771       3501       3502       3532       3531
      9772       3500       3501       3531       3530
      9773       3499       3500       3530       3529
      9774       3498       3499       3529       3528
      9775       3497       3498       3528       3527
      9776       3496       3497       3527       3526
      9777       3495       3496       3526       3525
      9778       3494       3495       3525       3524
      9779       3493       3494       3524       3523
      9780       3492       3493       3523       3522
      9781       3491       3492       3522       3521
      9782       3490       3491       3521       3520
      9783       3489       3490       3520       3519
      9784       3488       3489       3519       3518
      9785       3487       3488       3518       3517
      9786       3486       3487       3517       3516
      9787       3485       3486       3516       3515
      9788       3484       3485       3515       3514
      9789       3483       3484       3514       3513
      9790       3482       3483       3513       3512
      9791       3481       3482       3512       3511
      9792       3480       3481       3511       3510
      9793       3479       3480       3510       3509
      9794       3478       3479       3509       3508
      9795       3477       3478       3508       3507
      9796       2216       3477       3507       2217
     11161       3536       3252       3253       3566
     11162       3535       3536       3566       3565
     11163       3534       3535       3565       3564
     11164       3533       3534       3564       3563
     11165       3532       3533       3563       3562
     11166       3531       3532       3562       3561
     11167       3530       3531       3561       3560
     11168       3529       3530       3560       3559
     11169       3528       3529       3559       3558
     11170       3527       3528       3558       3557
     11171       3526       3527       3557       3556
     11172       3525       3526       3556       3555
     11173       3524       3525       3555       3554
     11174       3523       3524       3554       3553
     11175       3522       3523       3553       3552
     11176       3521       3522       3552       3551
     11177       3520       3521       3551       3550
     11178       3519       3520       3550       3549
     11179       3518       3519       3549       3548
     11180       3517       3518       3548       3547
     11181       3516       3517       3547       3546
     11182       3515       3516       3546       3545
     11183       3514       3515       3545       3544
     11184       3513       3514       3544       3543
     11185       3512       3513       3543       3542
     11186       3511       3512       3542       3541
     11187       3510       3511       3541       3540
     11188       3509       3510       3540       3539
     11189       3508       3509       3539       3538
     11190       3507       3508       3538       3537
     11191       2217       3507       3537       2218
     12556       3566       3253       3254       3596
     12557       3565       3566       3596       3595
     12558       3564       3565       3595       3594
     12559       3563       3564       3594       3593
     12560       3562       3563       3593       3592
     12561       3561       3562       3592       3591
     12562       3560       3561       3591       3590
     12563       3559       3560       3590       3589
     12564       3558       3559       3589       3588
     12565       3557       3558       3588       3587
     12566       3556       3557       3587       3586
     12567       3555       3556       3586       3585
     12568       3554       3555       3585       3584
     12569       3553       3554       3584       3583
     12570       3552       3553       3583       3582
     12571       3551       3552       3582       3581
     12572       3550       3551       3581       3580
     12573       3549       3550       3580       3579
     12574       3548       3549       3579       3578
     12575       3547       3548       3578       3577
     12576       3546       3547       3577       3576
     12577       3545       3546       3576       3575
     12578       3544       3545       3575       3574
     12579       3543       3544       3574       3573
     12580       3542       3543       3573       3572
     12581       3541       3542       3572       3571
     12582       3540       3541       3571       3570
     12583       3539       3540       3570       3569
     12584       3538       3539       3569       3568
     12585       3537       3538       3568       3567
     12586       2218       3537       3567       2219
     13951       3596       3254       3255       3626
     13952       3595       3596       3626       3625
     13953       3594       3595       3625       3624
     13954       3593       3594       3624       3623
     13955       3592       3593       3623       3622
     13956       3591       3592       3622       3621
     13957       3590       3591       3621       3620
     13958       3589       3590       3620       3619
     13959       3588       3589       3619       3618
     13960       3587       3588       3618       3617
     13961       3586       3587       3617       3616
     13962       3585       3586       3616       3615
     13963       3584       3585       3615       3614
     13964       3583       3584       3614       3613
     13965       3582       3583       3613       3612
     13966       3581       3582       3612       3611
     13967       3580       3581       3611       3610
     13968       3579       3580       3610       3609
     13969       3578       3579       3609       3608
     13970       3577       3578       3608       3607
     13971       3576       3577       3607       3606
     13972       3575       3576       3606       3605
     13973       3574       3575       3605       3604
     13974       3573       3574       3604       3603
     13975       3572       3573       3603       3602
     13976       3571       3572       3602       3601
     13977       3570       3571       3601       3600
     13978       3569       3570       3600       3599
     13979       3568       3569       3599       3598
     13980       3567       3568       3598       3597
     13981       2219       3567       3597       2220
     15346       3626       3255       3256       3656
     15347       3625       3626       3656       3655
     15348       3624       3625       3655       3654
     15349       3623       3624       3654       3653
     15350       3622       3623       3653       3652
     15351       3621       3622       3652       3651
     15352       3620       3621       3651       3650
     15353       3619       3620       3650       3649
     15354       3618       3619       3649       3648
     15355       3617       3618       3648       3647
     15356       3616       3617       3647       3646
     15357       3615       3616       3646       3645
     15358       3614       3615       3645       3644
     15359       3613       3614       3644       3643
     15360       3612       3613       3643       3642
     15361       3611       3612       3642       3641
     15362       3610       3611       3641       3640
     15363       3609       3610       3640       3639
     15364       3608       3609       3639       3638
     15365       3607       3608       3638       3637
     15366       3606       3607       3637       3636
     15367       3605       3606       3636       3635
     15368       3604       3605       3635       3634
     15369       3603       3604       3634       3633
     15370       3602       3603       3633       3632
     15371       3601       3602       3632       3631
     15372       3600       3601       3631       3630
     15373       3599       3600       3630       3629
     15374       3598       3599       3629       3628
     15375       3597       3598       3628       3627
     15376       2220       3597       3627       2221
     16741       3656       3256       3257       3686
     16742       3655       3656       3686       3685
     16743       3654       3655       3685       3684
     16744       3653       3654       3684       3683
     16745       3652       3653       3683       3682
     16746       3651       3652       3682       3681
     16747       3650       3651       3681       3680
     16748       3649       3650       3680       3679
     16749       3648       3649       3679       3678
     16750       3647       3648       3678       3677
     16751       3646       3647       3677       3676
     16752       3645       3646       3676       3675
     16753       3644       3645       3675       3674
     16754       3643       3644       3674       3673
     16755       3642       3643       3673       3672
     16756       3641       3642       3672       3671
     16757       3640       3641       3671       3670
     16758       3639       3640       3670       3669
     16759       3638       3639       3669       3668
     16760       3637       3638       3668       3667
     16761       3636       3637       3667       3666
     16762       3635       3636       3666       3665
     16763       3634       3635       3665       3664
     16764       3633       3634       3664       3663
     16765       3632       3633       3663       3662
     16766       3631       3632       3662       3661
     16767       3630       3631       3661       3660
     16768       3629       3630       3660       3659
     16769       3628       3629       3659       3658
     16770       3627       3628       3658       3657
     16771       2221       3627       3657       2222
     18136       3686       3257       3258       3716
     18137       3685       3686       3716       3715
     18138       3684       3685       3715       3714
     18139       3683       3684       3714       3713
     18140       3682       3683       3713       3712
     18141       3681       3682       3712       3711
     18142       3680       3681       3711       3710
     18143       3679       3680       3710       3709
     18144       3678       3679       3709       3708
     18145       3677       3678       3708       3707
     18146       3676       3677       3707       3706
     18147       3675       3676       3706       3705
     18148       3674       3675       3705       3704
     18149       3673       3674       3704       3703
     18150       3672       3673       3703       3702
     18151       3671       3672       3702       3701
     18152       3670       3671       3701       3700
     18153       3669       3670       3700       3699
     18154       3668       3669       3699       3698
     18155       3667       3668       3698       3697
     18156       3666       3667       3697       3696
     18157       3665       3666       3696       3695
     18158       3664       3665       3695       3694
     18159       3663       3664       3694       3693
     18160       3662       3663       3693       3692
     18161       3661       3662       3692       3691
     18162       3660       3661       3691       3690
     18163       3659       3660       3690       3689
     18164       3658       3659       3689       3688
     18165       3657       3658       3688       3687
     18166       2222       3657       3687       2223
     19531       3716       3258       3259       3746
     19532       3715       3716       3746       3745
     19533       3714       3715       3745       3744
     19534       3713       3714       3744       3743
     19535       3712       3713       3743       3742
     19536       3711       3712       3742       3741
     19537       3710       3711       3741       3740
     19538       3709       3710       3740       3739
     19539       3708       3709       3739       3738
     19540       3707       3708       3738       3737
     19541       3706       3707       3737       3736
     19542       3705       3706       3736       3735
     19543       3704       3705       3735       3734
     19544       3703       3704       3734       3733
     19545       3702       3703       3733       3732
     19546       3701       3702       3732       3731
     19547       3700       3701       3731       3730
     19548       3699       3700       3730       3729
     19549       3698       3699       3729       3728
     19550       3697       3698       3728       3727
     19551       3696       3697       3727       3726
     19552       3695       3696       3726       3725
     19553       3694       3695       3725       3724
     19554       3693       3694       3724       3723
     19555       3692       3693       3723       3722
     19556       3691       3692       3722       3721
     19557       3690       3691       3721       3720
     19558       3689       3690       3720       3719
     19559       3688       3689       3719       3718
     19560       3687       3688       3718       3717
     19561       2223       3687       3717       2224
     20926       3746       3259       3260       3776
     20927       3745       3746       3776       3775
     20928       3744       3745       3775       3774
     20929       3743       3744       3774       3773
     20930       3742       3743       3773       3772
     20931       3741       3742       3772       3771
     20932       3740       3741       3771       3770
     20933       3739       3740       3770       3769
     20934       3738       3739       3769       3768
     20935       3737       3738       3768       3767
     20936       3736       3737       3767       3766
     20937       3735       3736       3766       3765
     20938       3734       3735       3765       3764
     20939       3733       3734       3764       3763
     20940       3732       3733       3763       3762
     20941       3731       3732       3762       3761
     20942       3730       3731       3761       3760
     20943       3729       3730       3760       3759
     20944       3728       3729       3759       3758
     20945       3727       3728       3758       3757
     20946       3726       3727       3757       3756
     20947       3725       3726       3756       3755
     20948       3724       3725       3755       3754
     20949       3723       3724       3754       3753
     20950       3722       3723       3753       3752
     20951       3721       3722       3752       3751
     20952       3720       3721       3751       3750
     20953       3719       3720       3750       3749
     20954       3718       3719       3749       3748
     20955       3717       3718       3748       3747
     20956       2224       3717       3747       2225
     22321       3776       3260       3261       3806
     22322       3775       3776       3806       3805
     22323       3774       3775       3805       3804
     22324       3773       3774       3804       3803
     22325       3772       3773       3803       3802
     22326       3771       3772       3802       3801
     22327       3770       3771       3801       3800
     22328       3769       3770       3800       3799
     22329       3768       3769       3799       3798
     22330       3767       3768       3798       3797
     22331       3766       3767       3797       3796
     22332       3765       3766       3796       3795
     22333       3764       3765       3795       3794
     22334       3763       3764       3794       3793
     22335       3762       3763       3793       3792
     22336       3761       3762       3792       3791
     22337       3760       3761       3791       3790
     22338       3759       3760       3790       3789
     22339       3758       3759       3789       3788
     22340       3757       3758       3788       3787
     22341       3756       3757       3787       3786
     22342       3755       3756       3786       3785
     22343       3754       3755       3785       3784
     22344       3753       3754       3784       3783
     22345       3752       3753       3783       3782
     22346       3751       3752       3782       3781
     22347       3750       3751       3781       3780
     22348       3749       3750       3780       3779
     22349       3748       3749       3779       3778
     22350       3747       3748       3778       3777
     22351       2225       3747       3777       2226
     23716       3806       3261       3262       3836
     23717       3805       3806       3836       3835
     23718       3804       3805       3835       3834
     23719       3803       3804       3834       3833
     23720       3802       3803       3833       3832
     23721       3801       3802       3832       3831
     23722       3800       3801       3831       3830
     23723       3799       3800       3830       3829
     23724       3798       3799       3829       3828
     23725       3797       3798       3828       3827
     23726       3796       3797       3827       3826
     23727       3795       3796       3826       3825
     23728       3794       3795       3825       3824
     23729       3793       3794       3824       3823
     23730       3792       3793       3823       3822
     23731       3791       3792       3822       3821
     23732       3790       3791       3821       3820
     23733       3789       3790       3820       3819
     23734       3788       3789       3819       3818
     23735       3787       3788       3818       3817
     23736       3786       3787       3817       3816
     23737       3785       3786       3816       3815
     23738       3784       3785       3815       3814
     23739       3783       3784       3814       3813
     23740       3782       3783       3813       3812
     23741       3781       3782       3812       3811
     23742       3780       3781       3811       3810
     23743       3779       3780       3810       3809
     23744       3778       3779       3809       3808
     23745       3777       3778       3808       3807
     23746       2226       3777       3807       2227
     25111       3836       3262       3263       3866
     25112       3835       3836       3866       3865
     25113       3834       3835       3865       3864
     25114       3833       3834       3864       3863
     25115       3832       3833       3863       3862
     25116       3831       3832       3862       3861
     25117       3830       3831       3861       3860
     25118       3829       3830       3860       3859
     25119       3828       3829       3859       3858
     25120       3827       3828       3858       3857
     25121       3826       3827       3857       3856
     25122       3825       3826       3856       3855
     25123       3824       3825       3855       3854
     25124       3823       3824       3854       3853
     25125       3822       3823       3853       3852
     25126       3821       3822       3852       3851
     25127       3820       3821       3851       3850
     25128       3819       3820       3850       3849
     25129       3818       3819       3849       3848
     25130       3817       3818       3848       3847
     25131       3816       3817       3847       3846
     25132       3815       3816       3846       3845
     25133       3814       3815       3845       3844
     25134       3813       3814       3844       3843
     25135       3812       3813       3843       3842
     25136       3811       3812       3842       3841
     25137       3810       3811       3841       3840
     25138       3809       3810       3840       3839
     25139       3808       3809       3839       3838
     25140       3807       3808       3838       3837
     25141       2227       3807       3837       2228
     26506       3866       3263       3264       3896
     26507       3865       3866       3896       3895
     26508       3864       3865       3895       3894
     26509       3863       3864       3894       3893
     26510       3862       3863       3893       3892
     26511       3861       3862       3892       3891
     26512       3860       3861       3891       3890
     26513       3859       3860       3890       3889
     26514       3858       3859       3889       3888
     26515       3857       3858       3888       3887
     26516       3856       3857       3887       3886
     26517       3855       3856       3886       3885
     26518       3854       3855       3885       3884
     26519       3853       3854       3884       3883
     26520       3852       3853       3883       3882
     26521       3851       3852       3882       3881
     26522       3850       3851       3881       3880
     26523       3849       3850       3880       3879
     26524       3848       3849       3879       3878
     26525       3847       3848       3878       3877
     26526       3846       3847       3877       3876
     26527       3845       3846       3876       3875
     26528       3844       3845       3875       3874
     26529       3843       3844       3874       3873
     26530       3842       3843       3873       3872
     26531       3841       3842       3872       3871
     26532       3840       3841       3871       3870
     26533       3839       3840       3870       3869
     26534       3838       3839       3869       3868
     26535       3837       3838       3868       3867
     26536       2228       3837       3867       2229
     27901       3896       3264       3265       3926
     27902       3895       3896       3926       3925
     27903       3894       3895       3925       3924
     27904       3893       3894       3924       3923
     27905       3892       3893       3923       3922
     27906       3891       3892       3922       3921
     27907       3890       3891       3921       3920
     27908       3889       3890       3920       3919
     27909       3888       3889       3919       3918
     27910       3887       3888       3918       3917
     27911       3886       3887       3917       3916
     27912       3885       3886       3916       3915
     27913       3884       3885       3915       3914
     27914       3883       3884       3914       3913
     27915       3882       3883       3913       3912
     27916       3881       3882       3912       3911
     27917       3880       3881       3911       3910
     27918       3879       3880       3910       3909
     27919       3878       3879       3909       3908
     27920       3877       3878       3908       3907
     27921       3876       3877       3907       3906
     27922       3875       3876       3906       3905
     27923       3874       3875       3905       3904
     27924       3873       3874       3904       3903
     27925       3872       3873       3903       3902
     27926       3871       3872       3902       3901
     27927       3870       3871       3901       3900
     27928       3869       3870       3900       3899
     27929       3868       3869       3899       3898
     27930       3867       3868       3898       3897
     27931       2229       3867       3897       2230
     29296       3926       3265       3266       3956
     29297       3925       3926       3956       3955
     29298       3924       3925       3955       3954
     29299       3923       3924       3954       3953
     29300       3922       3923       3953       3952
     29301       3921       3922       3952       3951
     29302       3920       3921       3951       3950
     29303       3919       3920       3950       3949
     29304       3918       3919       3949       3948
     29305       3917       3918       3948       3947
     29306       3916       3917       3947       3946
     29307       3915       3916       3946       3945
     29308       3914       3915       3945       3944
     29309       3913       3914       3944       3943
     29310       3912       3913       3943       3942
     29311       3911       3912       3942       3941
     29312       3910       3911       3941       3940
     29313       3909       3910       3940       3939
     29314       3908       3909       3939       3938
     29315       3907       3908       3938       3937
     29316       3906       3907       3937       3936
     29317       3905       3906       3936       3935
     29318       3904       3905       3935       3934
     29319       3903       3904       3934       3933
     29320       3902       3903       3933       3932
     29321       3901       3902       3932       3931
     29322       3900       3901       3931       3930
     29323       3899       3900       3930       3929
     29324       3898       3899       3929       3928
     29325       3897       3898       3928       3927
     29326       2230       3897       3927       2231
     30691       3956       3266       3244       3296
     30692       3955       3956       3296       3295
     30693       3954       3955       3295       3294
     30694       3953       3954       3294       3293
     30695       3952       3953       3293       3292
     30696       3951       3952       3292       3291
     30697       3950       3951       3291       3290
     30698       3949       3950       3290       3289
     30699       3948       3949       3289       3288
     30700       3947       3948       3288       3287
     30701       3946       3947       3287       3286
     30702       3945       3946       3286       3285
     30703       3944       3945       3285       3284
     30704       3943       3944       3284       3283
     30705       3942       3943       3283       3282
     30706       3941       3942       3282       3281
     30707       3940       3941       3281       3280
     30708       3939       3940       3280       3279
     30709       3938       3939       3279       3278
     30710       3937       3938       3278       3277
     30711       3936       3937       3277       3276
     30712       3935       3936       3276       3275
     30713       3934       3935       3275       3274
     30714       3933       3934       3274       3273
     30715       3932       3933       3273       3272
     30716       3931       3932       3272       3271
     30717       3930       3931       3271       3270
     30718       3929       3930       3270       3269
     30719       3928       3929       3269       3268
     30720       3927       3928       3268       3267
     30721       2231       3927       3267       2209
