      1035
        31         77          1       2210       2319
        62         76         77       2319       2318
        93         75         76       2318       2317
       124         74         75       2317       2316
       155         73         74       2316       2315
       186         72         73       2315       2314
       217         71         72       2314       2313
       248         70         71       2313       2312
       279         69         70       2312       2311
       310         68         69       2311       2310
       341         67         68       2310       2309
       372         66         67       2309       2308
       403         65         66       2308       2307
       434         64         65       2307       2306
       465         63         64       2306       2305
       496         62         63       2305       2304
       527         61         62       2304       2303
       558         60         61       2303       2302
       589         59         60       2302       2301
       620         58         59       2301       2300
       651         57         58       2300       2299
       682         56         57       2299       2298
       713         55         56       2298       2297
       744         54         55       2297       2296
       775         53         54       2296       2295
       806         52         53       2295       2294
       837         51         52       2294       2293
       868         50         51       2293       2292
       899         49         50       2292       2291
       930         48         49       2291       2290
       961         47         48       2290       2289
       992         46         47       2289       2288
      1023         45         46       2288       2287
      1054         44         45       2287       2286
      1085         43         44       2286       2285
      1116         42         43       2285       2284
      1147         41         42       2284       2283
      1178         40         41       2283       2282
      1209         39         40       2282       2281
      1240         38         39       2281       2280
      1271         37         38       2280       2279
      1302         36         37       2279       2278
      1333         35         36       2278       2277
      1364         34         35       2277       2276
      1395         33         34       2276       1474
      1426       2319       2210       2211       2363
      1457       2318       2319       2363       2362
      1488       2317       2318       2362       2361
      1519       2316       2317       2361       2360
      1550       2315       2316       2360       2359
      1581       2314       2315       2359       2358
      1612       2313       2314       2358       2357
      1643       2312       2313       2357       2356
      1674       2311       2312       2356       2355
      1705       2310       2311       2355       2354
      1736       2309       2310       2354       2353
      1767       2308       2309       2353       2352
      1798       2307       2308       2352       2351
      1829       2306       2307       2351       2350
      1860       2305       2306       2350       2349
      1891       2304       2305       2349       2348
      1922       2303       2304       2348       2347
      1953       2302       2303       2347       2346
      1984       2301       2302       2346       2345
      2015       2300       2301       2345       2344
      2046       2299       2300       2344       2343
      2077       2298       2299       2343       2342
      2108       2297       2298       2342       2341
      2139       2296       2297       2341       2340
      2170       2295       2296       2340       2339
      2201       2294       2295       2339       2338
      2232       2293       2294       2338       2337
      2263       2292       2293       2337       2336
      2294       2291       2292       2336       2335
      2325       2290       2291       2335       2334
      2356       2289       2290       2334       2333
      2387       2288       2289       2333       2332
      2418       2287       2288       2332       2331
      2449       2286       2287       2331       2330
      2480       2285       2286       2330       2329
      2511       2284       2285       2329       2328
      2542       2283       2284       2328       2327
      2573       2282       2283       2327       2326
      2604       2281       2282       2326       2325
      2635       2280       2281       2325       2324
      2666       2279       2280       2324       2323
      2697       2278       2279       2323       2322
      2728       2277       2278       2322       2321
      2759       2276       2277       2321       2320
      2790       1474       2276       2320       1475
      2821       2363       2211       2212       2407
      2852       2362       2363       2407       2406
      2883       2361       2362       2406       2405
      2914       2360       2361       2405       2404
      2945       2359       2360       2404       2403
      2976       2358       2359       2403       2402
      3007       2357       2358       2402       2401
      3038       2356       2357       2401       2400
      3069       2355       2356       2400       2399
      3100       2354       2355       2399       2398
      3131       2353       2354       2398       2397
      3162       2352       2353       2397       2396
      3193       2351       2352       2396       2395
      3224       2350       2351       2395       2394
      3255       2349       2350       2394       2393
      3286       2348       2349       2393       2392
      3317       2347       2348       2392       2391
      3348       2346       2347       2391       2390
      3379       2345       2346       2390       2389
      3410       2344       2345       2389       2388
      3441       2343       2344       2388       2387
      3472       2342       2343       2387       2386
      3503       2341       2342       2386       2385
      3534       2340       2341       2385       2384
      3565       2339       2340       2384       2383
      3596       2338       2339       2383       2382
      3627       2337       2338       2382       2381
      3658       2336       2337       2381       2380
      3689       2335       2336       2380       2379
      3720       2334       2335       2379       2378
      3751       2333       2334       2378       2377
      3782       2332       2333       2377       2376
      3813       2331       2332       2376       2375
      3844       2330       2331       2375       2374
      3875       2329       2330       2374       2373
      3906       2328       2329       2373       2372
      3937       2327       2328       2372       2371
      3968       2326       2327       2371       2370
      3999       2325       2326       2370       2369
      4030       2324       2325       2369       2368
      4061       2323       2324       2368       2367
      4092       2322       2323       2367       2366
      4123       2321       2322       2366       2365
      4154       2320       2321       2365       2364
      4185       1475       2320       2364       1476
      4216       2407       2212       2213       2451
      4247       2406       2407       2451       2450
      4278       2405       2406       2450       2449
      4309       2404       2405       2449       2448
      4340       2403       2404       2448       2447
      4371       2402       2403       2447       2446
      4402       2401       2402       2446       2445
      4433       2400       2401       2445       2444
      4464       2399       2400       2444       2443
      4495       2398       2399       2443       2442
      4526       2397       2398       2442       2441
      4557       2396       2397       2441       2440
      4588       2395       2396       2440       2439
      4619       2394       2395       2439       2438
      4650       2393       2394       2438       2437
      4681       2392       2393       2437       2436
      4712       2391       2392       2436       2435
      4743       2390       2391       2435       2434
      4774       2389       2390       2434       2433
      4805       2388       2389       2433       2432
      4836       2387       2388       2432       2431
      4867       2386       2387       2431       2430
      4898       2385       2386       2430       2429
      4929       2384       2385       2429       2428
      4960       2383       2384       2428       2427
      4991       2382       2383       2427       2426
      5022       2381       2382       2426       2425
      5053       2380       2381       2425       2424
      5084       2379       2380       2424       2423
      5115       2378       2379       2423       2422
      5146       2377       2378       2422       2421
      5177       2376       2377       2421       2420
      5208       2375       2376       2420       2419
      5239       2374       2375       2419       2418
      5270       2373       2374       2418       2417
      5301       2372       2373       2417       2416
      5332       2371       2372       2416       2415
      5363       2370       2371       2415       2414
      5394       2369       2370       2414       2413
      5425       2368       2369       2413       2412
      5456       2367       2368       2412       2411
      5487       2366       2367       2411       2410
      5518       2365       2366       2410       2409
      5549       2364       2365       2409       2408
      5580       1476       2364       2408       1477
      5611       2451       2213       2214       2495
      5642       2450       2451       2495       2494
      5673       2449       2450       2494       2493
      5704       2448       2449       2493       2492
      5735       2447       2448       2492       2491
      5766       2446       2447       2491       2490
      5797       2445       2446       2490       2489
      5828       2444       2445       2489       2488
      5859       2443       2444       2488       2487
      5890       2442       2443       2487       2486
      5921       2441       2442       2486       2485
      5952       2440       2441       2485       2484
      5983       2439       2440       2484       2483
      6014       2438       2439       2483       2482
      6045       2437       2438       2482       2481
      6076       2436       2437       2481       2480
      6107       2435       2436       2480       2479
      6138       2434       2435       2479       2478
      6169       2433       2434       2478       2477
      6200       2432       2433       2477       2476
      6231       2431       2432       2476       2475
      6262       2430       2431       2475       2474
      6293       2429       2430       2474       2473
      6324       2428       2429       2473       2472
      6355       2427       2428       2472       2471
      6386       2426       2427       2471       2470
      6417       2425       2426       2470       2469
      6448       2424       2425       2469       2468
      6479       2423       2424       2468       2467
      6510       2422       2423       2467       2466
      6541       2421       2422       2466       2465
      6572       2420       2421       2465       2464
      6603       2419       2420       2464       2463
      6634       2418       2419       2463       2462
      6665       2417       2418       2462       2461
      6696       2416       2417       2461       2460
      6727       2415       2416       2460       2459
      6758       2414       2415       2459       2458
      6789       2413       2414       2458       2457
      6820       2412       2413       2457       2456
      6851       2411       2412       2456       2455
      6882       2410       2411       2455       2454
      6913       2409       2410       2454       2453
      6944       2408       2409       2453       2452
      6975       1477       2408       2452       1478
      7006       2495       2214       2215       2539
      7037       2494       2495       2539       2538
      7068       2493       2494       2538       2537
      7099       2492       2493       2537       2536
      7130       2491       2492       2536       2535
      7161       2490       2491       2535       2534
      7192       2489       2490       2534       2533
      7223       2488       2489       2533       2532
      7254       2487       2488       2532       2531
      7285       2486       2487       2531       2530
      7316       2485       2486       2530       2529
      7347       2484       2485       2529       2528
      7378       2483       2484       2528       2527
      7409       2482       2483       2527       2526
      7440       2481       2482       2526       2525
      7471       2480       2481       2525       2524
      7502       2479       2480       2524       2523
      7533       2478       2479       2523       2522
      7564       2477       2478       2522       2521
      7595       2476       2477       2521       2520
      7626       2475       2476       2520       2519
      7657       2474       2475       2519       2518
      7688       2473       2474       2518       2517
      7719       2472       2473       2517       2516
      7750       2471       2472       2516       2515
      7781       2470       2471       2515       2514
      7812       2469       2470       2514       2513
      7843       2468       2469       2513       2512
      7874       2467       2468       2512       2511
      7905       2466       2467       2511       2510
      7936       2465       2466       2510       2509
      7967       2464       2465       2509       2508
      7998       2463       2464       2508       2507
      8029       2462       2463       2507       2506
      8060       2461       2462       2506       2505
      8091       2460       2461       2505       2504
      8122       2459       2460       2504       2503
      8153       2458       2459       2503       2502
      8184       2457       2458       2502       2501
      8215       2456       2457       2501       2500
      8246       2455       2456       2500       2499
      8277       2454       2455       2499       2498
      8308       2453       2454       2498       2497
      8339       2452       2453       2497       2496
      8370       1478       2452       2496       1479
      8401       2539       2215       2216       2583
      8432       2538       2539       2583       2582
      8463       2537       2538       2582       2581
      8494       2536       2537       2581       2580
      8525       2535       2536       2580       2579
      8556       2534       2535       2579       2578
      8587       2533       2534       2578       2577
      8618       2532       2533       2577       2576
      8649       2531       2532       2576       2575
      8680       2530       2531       2575       2574
      8711       2529       2530       2574       2573
      8742       2528       2529       2573       2572
      8773       2527       2528       2572       2571
      8804       2526       2527       2571       2570
      8835       2525       2526       2570       2569
      8866       2524       2525       2569       2568
      8897       2523       2524       2568       2567
      8928       2522       2523       2567       2566
      8959       2521       2522       2566       2565
      8990       2520       2521       2565       2564
      9021       2519       2520       2564       2563
      9052       2518       2519       2563       2562
      9083       2517       2518       2562       2561
      9114       2516       2517       2561       2560
      9145       2515       2516       2560       2559
      9176       2514       2515       2559       2558
      9207       2513       2514       2558       2557
      9238       2512       2513       2557       2556
      9269       2511       2512       2556       2555
      9300       2510       2511       2555       2554
      9331       2509       2510       2554       2553
      9362       2508       2509       2553       2552
      9393       2507       2508       2552       2551
      9424       2506       2507       2551       2550
      9455       2505       2506       2550       2549
      9486       2504       2505       2549       2548
      9517       2503       2504       2548       2547
      9548       2502       2503       2547       2546
      9579       2501       2502       2546       2545
      9610       2500       2501       2545       2544
      9641       2499       2500       2544       2543
      9672       2498       2499       2543       2542
      9703       2497       2498       2542       2541
      9734       2496       2497       2541       2540
      9765       1479       2496       2540       1480
      9796       2583       2216       2217       2627
      9827       2582       2583       2627       2626
      9858       2581       2582       2626       2625
      9889       2580       2581       2625       2624
      9920       2579       2580       2624       2623
      9951       2578       2579       2623       2622
      9982       2577       2578       2622       2621
     10013       2576       2577       2621       2620
     10044       2575       2576       2620       2619
     10075       2574       2575       2619       2618
     10106       2573       2574       2618       2617
     10137       2572       2573       2617       2616
     10168       2571       2572       2616       2615
     10199       2570       2571       2615       2614
     10230       2569       2570       2614       2613
     10261       2568       2569       2613       2612
     10292       2567       2568       2612       2611
     10323       2566       2567       2611       2610
     10354       2565       2566       2610       2609
     10385       2564       2565       2609       2608
     10416       2563       2564       2608       2607
     10447       2562       2563       2607       2606
     10478       2561       2562       2606       2605
     10509       2560       2561       2605       2604
     10540       2559       2560       2604       2603
     10571       2558       2559       2603       2602
     10602       2557       2558       2602       2601
     10633       2556       2557       2601       2600
     10664       2555       2556       2600       2599
     10695       2554       2555       2599       2598
     10726       2553       2554       2598       2597
     10757       2552       2553       2597       2596
     10788       2551       2552       2596       2595
     10819       2550       2551       2595       2594
     10850       2549       2550       2594       2593
     10881       2548       2549       2593       2592
     10912       2547       2548       2592       2591
     10943       2546       2547       2591       2590
     10974       2545       2546       2590       2589
     11005       2544       2545       2589       2588
     11036       2543       2544       2588       2587
     11067       2542       2543       2587       2586
     11098       2541       2542       2586       2585
     11129       2540       2541       2585       2584
     11160       1480       2540       2584       1481
     11191       2627       2217       2218       2671
     11222       2626       2627       2671       2670
     11253       2625       2626       2670       2669
     11284       2624       2625       2669       2668
     11315       2623       2624       2668       2667
     11346       2622       2623       2667       2666
     11377       2621       2622       2666       2665
     11408       2620       2621       2665       2664
     11439       2619       2620       2664       2663
     11470       2618       2619       2663       2662
     11501       2617       2618       2662       2661
     11532       2616       2617       2661       2660
     11563       2615       2616       2660       2659
     11594       2614       2615       2659       2658
     11625       2613       2614       2658       2657
     11656       2612       2613       2657       2656
     11687       2611       2612       2656       2655
     11718       2610       2611       2655       2654
     11749       2609       2610       2654       2653
     11780       2608       2609       2653       2652
     11811       2607       2608       2652       2651
     11842       2606       2607       2651       2650
     11873       2605       2606       2650       2649
     11904       2604       2605       2649       2648
     11935       2603       2604       2648       2647
     11966       2602       2603       2647       2646
     11997       2601       2602       2646       2645
     12028       2600       2601       2645       2644
     12059       2599       2600       2644       2643
     12090       2598       2599       2643       2642
     12121       2597       2598       2642       2641
     12152       2596       2597       2641       2640
     12183       2595       2596       2640       2639
     12214       2594       2595       2639       2638
     12245       2593       2594       2638       2637
     12276       2592       2593       2637       2636
     12307       2591       2592       2636       2635
     12338       2590       2591       2635       2634
     12369       2589       2590       2634       2633
     12400       2588       2589       2633       2632
     12431       2587       2588       2632       2631
     12462       2586       2587       2631       2630
     12493       2585       2586       2630       2629
     12524       2584       2585       2629       2628
     12555       1481       2584       2628       1482
     12586       2671       2218       2219       2715
     12617       2670       2671       2715       2714
     12648       2669       2670       2714       2713
     12679       2668       2669       2713       2712
     12710       2667       2668       2712       2711
     12741       2666       2667       2711       2710
     12772       2665       2666       2710       2709
     12803       2664       2665       2709       2708
     12834       2663       2664       2708       2707
     12865       2662       2663       2707       2706
     12896       2661       2662       2706       2705
     12927       2660       2661       2705       2704
     12958       2659       2660       2704       2703
     12989       2658       2659       2703       2702
     13020       2657       2658       2702       2701
     13051       2656       2657       2701       2700
     13082       2655       2656       2700       2699
     13113       2654       2655       2699       2698
     13144       2653       2654       2698       2697
     13175       2652       2653       2697       2696
     13206       2651       2652       2696       2695
     13237       2650       2651       2695       2694
     13268       2649       2650       2694       2693
     13299       2648       2649       2693       2692
     13330       2647       2648       2692       2691
     13361       2646       2647       2691       2690
     13392       2645       2646       2690       2689
     13423       2644       2645       2689       2688
     13454       2643       2644       2688       2687
     13485       2642       2643       2687       2686
     13516       2641       2642       2686       2685
     13547       2640       2641       2685       2684
     13578       2639       2640       2684       2683
     13609       2638       2639       2683       2682
     13640       2637       2638       2682       2681
     13671       2636       2637       2681       2680
     13702       2635       2636       2680       2679
     13733       2634       2635       2679       2678
     13764       2633       2634       2678       2677
     13795       2632       2633       2677       2676
     13826       2631       2632       2676       2675
     13857       2630       2631       2675       2674
     13888       2629       2630       2674       2673
     13919       2628       2629       2673       2672
     13950       1482       2628       2672       1483
     13981       2715       2219       2220       2759
     14012       2714       2715       2759       2758
     14043       2713       2714       2758       2757
     14074       2712       2713       2757       2756
     14105       2711       2712       2756       2755
     14136       2710       2711       2755       2754
     14167       2709       2710       2754       2753
     14198       2708       2709       2753       2752
     14229       2707       2708       2752       2751
     14260       2706       2707       2751       2750
     14291       2705       2706       2750       2749
     14322       2704       2705       2749       2748
     14353       2703       2704       2748       2747
     14384       2702       2703       2747       2746
     14415       2701       2702       2746       2745
     14446       2700       2701       2745       2744
     14477       2699       2700       2744       2743
     14508       2698       2699       2743       2742
     14539       2697       2698       2742       2741
     14570       2696       2697       2741       2740
     14601       2695       2696       2740       2739
     14632       2694       2695       2739       2738
     14663       2693       2694       2738       2737
     14694       2692       2693       2737       2736
     14725       2691       2692       2736       2735
     14756       2690       2691       2735       2734
     14787       2689       2690       2734       2733
     14818       2688       2689       2733       2732
     14849       2687       2688       2732       2731
     14880       2686       2687       2731       2730
     14911       2685       2686       2730       2729
     14942       2684       2685       2729       2728
     14973       2683       2684       2728       2727
     15004       2682       2683       2727       2726
     15035       2681       2682       2726       2725
     15066       2680       2681       2725       2724
     15097       2679       2680       2724       2723
     15128       2678       2679       2723       2722
     15159       2677       2678       2722       2721
     15190       2676       2677       2721       2720
     15221       2675       2676       2720       2719
     15252       2674       2675       2719       2718
     15283       2673       2674       2718       2717
     15314       2672       2673       2717       2716
     15345       1483       2672       2716       1484
     15376       2759       2220       2221       2803
     15407       2758       2759       2803       2802
     15438       2757       2758       2802       2801
     15469       2756       2757       2801       2800
     15500       2755       2756       2800       2799
     15531       2754       2755       2799       2798
     15562       2753       2754       2798       2797
     15593       2752       2753       2797       2796
     15624       2751       2752       2796       2795
     15655       2750       2751       2795       2794
     15686       2749       2750       2794       2793
     15717       2748       2749       2793       2792
     15748       2747       2748       2792       2791
     15779       2746       2747       2791       2790
     15810       2745       2746       2790       2789
     15841       2744       2745       2789       2788
     15872       2743       2744       2788       2787
     15903       2742       2743       2787       2786
     15934       2741       2742       2786       2785
     15965       2740       2741       2785       2784
     15996       2739       2740       2784       2783
     16027       2738       2739       2783       2782
     16058       2737       2738       2782       2781
     16089       2736       2737       2781       2780
     16120       2735       2736       2780       2779
     16151       2734       2735       2779       2778
     16182       2733       2734       2778       2777
     16213       2732       2733       2777       2776
     16244       2731       2732       2776       2775
     16275       2730       2731       2775       2774
     16306       2729       2730       2774       2773
     16337       2728       2729       2773       2772
     16368       2727       2728       2772       2771
     16399       2726       2727       2771       2770
     16430       2725       2726       2770       2769
     16461       2724       2725       2769       2768
     16492       2723       2724       2768       2767
     16523       2722       2723       2767       2766
     16554       2721       2722       2766       2765
     16585       2720       2721       2765       2764
     16616       2719       2720       2764       2763
     16647       2718       2719       2763       2762
     16678       2717       2718       2762       2761
     16709       2716       2717       2761       2760
     16740       1484       2716       2760       1485
     16771       2803       2221       2222       2847
     16802       2802       2803       2847       2846
     16833       2801       2802       2846       2845
     16864       2800       2801       2845       2844
     16895       2799       2800       2844       2843
     16926       2798       2799       2843       2842
     16957       2797       2798       2842       2841
     16988       2796       2797       2841       2840
     17019       2795       2796       2840       2839
     17050       2794       2795       2839       2838
     17081       2793       2794       2838       2837
     17112       2792       2793       2837       2836
     17143       2791       2792       2836       2835
     17174       2790       2791       2835       2834
     17205       2789       2790       2834       2833
     17236       2788       2789       2833       2832
     17267       2787       2788       2832       2831
     17298       2786       2787       2831       2830
     17329       2785       2786       2830       2829
     17360       2784       2785       2829       2828
     17391       2783       2784       2828       2827
     17422       2782       2783       2827       2826
     17453       2781       2782       2826       2825
     17484       2780       2781       2825       2824
     17515       2779       2780       2824       2823
     17546       2778       2779       2823       2822
     17577       2777       2778       2822       2821
     17608       2776       2777       2821       2820
     17639       2775       2776       2820       2819
     17670       2774       2775       2819       2818
     17701       2773       2774       2818       2817
     17732       2772       2773       2817       2816
     17763       2771       2772       2816       2815
     17794       2770       2771       2815       2814
     17825       2769       2770       2814       2813
     17856       2768       2769       2813       2812
     17887       2767       2768       2812       2811
     17918       2766       2767       2811       2810
     17949       2765       2766       2810       2809
     17980       2764       2765       2809       2808
     18011       2763       2764       2808       2807
     18042       2762       2763       2807       2806
     18073       2761       2762       2806       2805
     18104       2760       2761       2805       2804
     18135       1485       2760       2804       1486
     18166       2847       2222       2223       2891
     18197       2846       2847       2891       2890
     18228       2845       2846       2890       2889
     18259       2844       2845       2889       2888
     18290       2843       2844       2888       2887
     18321       2842       2843       2887       2886
     18352       2841       2842       2886       2885
     18383       2840       2841       2885       2884
     18414       2839       2840       2884       2883
     18445       2838       2839       2883       2882
     18476       2837       2838       2882       2881
     18507       2836       2837       2881       2880
     18538       2835       2836       2880       2879
     18569       2834       2835       2879       2878
     18600       2833       2834       2878       2877
     18631       2832       2833       2877       2876
     18662       2831       2832       2876       2875
     18693       2830       2831       2875       2874
     18724       2829       2830       2874       2873
     18755       2828       2829       2873       2872
     18786       2827       2828       2872       2871
     18817       2826       2827       2871       2870
     18848       2825       2826       2870       2869
     18879       2824       2825       2869       2868
     18910       2823       2824       2868       2867
     18941       2822       2823       2867       2866
     18972       2821       2822       2866       2865
     19003       2820       2821       2865       2864
     19034       2819       2820       2864       2863
     19065       2818       2819       2863       2862
     19096       2817       2818       2862       2861
     19127       2816       2817       2861       2860
     19158       2815       2816       2860       2859
     19189       2814       2815       2859       2858
     19220       2813       2814       2858       2857
     19251       2812       2813       2857       2856
     19282       2811       2812       2856       2855
     19313       2810       2811       2855       2854
     19344       2809       2810       2854       2853
     19375       2808       2809       2853       2852
     19406       2807       2808       2852       2851
     19437       2806       2807       2851       2850
     19468       2805       2806       2850       2849
     19499       2804       2805       2849       2848
     19530       1486       2804       2848       1487
     19561       2891       2223       2224       2935
     19592       2890       2891       2935       2934
     19623       2889       2890       2934       2933
     19654       2888       2889       2933       2932
     19685       2887       2888       2932       2931
     19716       2886       2887       2931       2930
     19747       2885       2886       2930       2929
     19778       2884       2885       2929       2928
     19809       2883       2884       2928       2927
     19840       2882       2883       2927       2926
     19871       2881       2882       2926       2925
     19902       2880       2881       2925       2924
     19933       2879       2880       2924       2923
     19964       2878       2879       2923       2922
     19995       2877       2878       2922       2921
     20026       2876       2877       2921       2920
     20057       2875       2876       2920       2919
     20088       2874       2875       2919       2918
     20119       2873       2874       2918       2917
     20150       2872       2873       2917       2916
     20181       2871       2872       2916       2915
     20212       2870       2871       2915       2914
     20243       2869       2870       2914       2913
     20274       2868       2869       2913       2912
     20305       2867       2868       2912       2911
     20336       2866       2867       2911       2910
     20367       2865       2866       2910       2909
     20398       2864       2865       2909       2908
     20429       2863       2864       2908       2907
     20460       2862       2863       2907       2906
     20491       2861       2862       2906       2905
     20522       2860       2861       2905       2904
     20553       2859       2860       2904       2903
     20584       2858       2859       2903       2902
     20615       2857       2858       2902       2901
     20646       2856       2857       2901       2900
     20677       2855       2856       2900       2899
     20708       2854       2855       2899       2898
     20739       2853       2854       2898       2897
     20770       2852       2853       2897       2896
     20801       2851       2852       2896       2895
     20832       2850       2851       2895       2894
     20863       2849       2850       2894       2893
     20894       2848       2849       2893       2892
     20925       1487       2848       2892       1488
     20956       2935       2224       2225       2979
     20987       2934       2935       2979       2978
     21018       2933       2934       2978       2977
     21049       2932       2933       2977       2976
     21080       2931       2932       2976       2975
     21111       2930       2931       2975       2974
     21142       2929       2930       2974       2973
     21173       2928       2929       2973       2972
     21204       2927       2928       2972       2971
     21235       2926       2927       2971       2970
     21266       2925       2926       2970       2969
     21297       2924       2925       2969       2968
     21328       2923       2924       2968       2967
     21359       2922       2923       2967       2966
     21390       2921       2922       2966       2965
     21421       2920       2921       2965       2964
     21452       2919       2920       2964       2963
     21483       2918       2919       2963       2962
     21514       2917       2918       2962       2961
     21545       2916       2917       2961       2960
     21576       2915       2916       2960       2959
     21607       2914       2915       2959       2958
     21638       2913       2914       2958       2957
     21669       2912       2913       2957       2956
     21700       2911       2912       2956       2955
     21731       2910       2911       2955       2954
     21762       2909       2910       2954       2953
     21793       2908       2909       2953       2952
     21824       2907       2908       2952       2951
     21855       2906       2907       2951       2950
     21886       2905       2906       2950       2949
     21917       2904       2905       2949       2948
     21948       2903       2904       2948       2947
     21979       2902       2903       2947       2946
     22010       2901       2902       2946       2945
     22041       2900       2901       2945       2944
     22072       2899       2900       2944       2943
     22103       2898       2899       2943       2942
     22134       2897       2898       2942       2941
     22165       2896       2897       2941       2940
     22196       2895       2896       2940       2939
     22227       2894       2895       2939       2938
     22258       2893       2894       2938       2937
     22289       2892       2893       2937       2936
     22320       1488       2892       2936       1489
     22351       2979       2225       2226       3023
     22382       2978       2979       3023       3022
     22413       2977       2978       3022       3021
     22444       2976       2977       3021       3020
     22475       2975       2976       3020       3019
     22506       2974       2975       3019       3018
     22537       2973       2974       3018       3017
     22568       2972       2973       3017       3016
     22599       2971       2972       3016       3015
     22630       2970       2971       3015       3014
     22661       2969       2970       3014       3013
     22692       2968       2969       3013       3012
     22723       2967       2968       3012       3011
     22754       2966       2967       3011       3010
     22785       2965       2966       3010       3009
     22816       2964       2965       3009       3008
     22847       2963       2964       3008       3007
     22878       2962       2963       3007       3006
     22909       2961       2962       3006       3005
     22940       2960       2961       3005       3004
     22971       2959       2960       3004       3003
     23002       2958       2959       3003       3002
     23033       2957       2958       3002       3001
     23064       2956       2957       3001       3000
     23095       2955       2956       3000       2999
     23126       2954       2955       2999       2998
     23157       2953       2954       2998       2997
     23188       2952       2953       2997       2996
     23219       2951       2952       2996       2995
     23250       2950       2951       2995       2994
     23281       2949       2950       2994       2993
     23312       2948       2949       2993       2992
     23343       2947       2948       2992       2991
     23374       2946       2947       2991       2990
     23405       2945       2946       2990       2989
     23436       2944       2945       2989       2988
     23467       2943       2944       2988       2987
     23498       2942       2943       2987       2986
     23529       2941       2942       2986       2985
     23560       2940       2941       2985       2984
     23591       2939       2940       2984       2983
     23622       2938       2939       2983       2982
     23653       2937       2938       2982       2981
     23684       2936       2937       2981       2980
     23715       1489       2936       2980       1490
     23746       3023       2226       2227       3067
     23777       3022       3023       3067       3066
     23808       3021       3022       3066       3065
     23839       3020       3021       3065       3064
     23870       3019       3020       3064       3063
     23901       3018       3019       3063       3062
     23932       3017       3018       3062       3061
     23963       3016       3017       3061       3060
     23994       3015       3016       3060       3059
     24025       3014       3015       3059       3058
     24056       3013       3014       3058       3057
     24087       3012       3013       3057       3056
     24118       3011       3012       3056       3055
     24149       3010       3011       3055       3054
     24180       3009       3010       3054       3053
     24211       3008       3009       3053       3052
     24242       3007       3008       3052       3051
     24273       3006       3007       3051       3050
     24304       3005       3006       3050       3049
     24335       3004       3005       3049       3048
     24366       3003       3004       3048       3047
     24397       3002       3003       3047       3046
     24428       3001       3002       3046       3045
     24459       3000       3001       3045       3044
     24490       2999       3000       3044       3043
     24521       2998       2999       3043       3042
     24552       2997       2998       3042       3041
     24583       2996       2997       3041       3040
     24614       2995       2996       3040       3039
     24645       2994       2995       3039       3038
     24676       2993       2994       3038       3037
     24707       2992       2993       3037       3036
     24738       2991       2992       3036       3035
     24769       2990       2991       3035       3034
     24800       2989       2990       3034       3033
     24831       2988       2989       3033       3032
     24862       2987       2988       3032       3031
     24893       2986       2987       3031       3030
     24924       2985       2986       3030       3029
     24955       2984       2985       3029       3028
     24986       2983       2984       3028       3027
     25017       2982       2983       3027       3026
     25048       2981       2982       3026       3025
     25079       2980       2981       3025       3024
     25110       1490       2980       3024       1491
     25141       3067       2227       2228       3111
     25172       3066       3067       3111       3110
     25203       3065       3066       3110       3109
     25234       3064       3065       3109       3108
     25265       3063       3064       3108       3107
     25296       3062       3063       3107       3106
     25327       3061       3062       3106       3105
     25358       3060       3061       3105       3104
     25389       3059       3060       3104       3103
     25420       3058       3059       3103       3102
     25451       3057       3058       3102       3101
     25482       3056       3057       3101       3100
     25513       3055       3056       3100       3099
     25544       3054       3055       3099       3098
     25575       3053       3054       3098       3097
     25606       3052       3053       3097       3096
     25637       3051       3052       3096       3095
     25668       3050       3051       3095       3094
     25699       3049       3050       3094       3093
     25730       3048       3049       3093       3092
     25761       3047       3048       3092       3091
     25792       3046       3047       3091       3090
     25823       3045       3046       3090       3089
     25854       3044       3045       3089       3088
     25885       3043       3044       3088       3087
     25916       3042       3043       3087       3086
     25947       3041       3042       3086       3085
     25978       3040       3041       3085       3084
     26009       3039       3040       3084       3083
     26040       3038       3039       3083       3082
     26071       3037       3038       3082       3081
     26102       3036       3037       3081       3080
     26133       3035       3036       3080       3079
     26164       3034       3035       3079       3078
     26195       3033       3034       3078       3077
     26226       3032       3033       3077       3076
     26257       3031       3032       3076       3075
     26288       3030       3031       3075       3074
     26319       3029       3030       3074       3073
     26350       3028       3029       3073       3072
     26381       3027       3028       3072       3071
     26412       3026       3027       3071       3070
     26443       3025       3026       3070       3069
     26474       3024       3025       3069       3068
     26505       1491       3024       3068       1492
     26536       3111       2228       2229       3155
     26567       3110       3111       3155       3154
     26598       3109       3110       3154       3153
     26629       3108       3109       3153       3152
     26660       3107       3108       3152       3151
     26691       3106       3107       3151       3150
     26722       3105       3106       3150       3149
     26753       3104       3105       3149       3148
     26784       3103       3104       3148       3147
     26815       3102       3103       3147       3146
     26846       3101       3102       3146       3145
     26877       3100       3101       3145       3144
     26908       3099       3100       3144       3143
     26939       3098       3099       3143       3142
     26970       3097       3098       3142       3141
     27001       3096       3097       3141       3140
     27032       3095       3096       3140       3139
     27063       3094       3095       3139       3138
     27094       3093       3094       3138       3137
     27125       3092       3093       3137       3136
     27156       3091       3092       3136       3135
     27187       3090       3091       3135       3134
     27218       3089       3090       3134       3133
     27249       3088       3089       3133       3132
     27280       3087       3088       3132       3131
     27311       3086       3087       3131       3130
     27342       3085       3086       3130       3129
     27373       3084       3085       3129       3128
     27404       3083       3084       3128       3127
     27435       3082       3083       3127       3126
     27466       3081       3082       3126       3125
     27497       3080       3081       3125       3124
     27528       3079       3080       3124       3123
     27559       3078       3079       3123       3122
     27590       3077       3078       3122       3121
     27621       3076       3077       3121       3120
     27652       3075       3076       3120       3119
     27683       3074       3075       3119       3118
     27714       3073       3074       3118       3117
     27745       3072       3073       3117       3116
     27776       3071       3072       3116       3115
     27807       3070       3071       3115       3114
     27838       3069       3070       3114       3113
     27869       3068       3069       3113       3112
     27900       1492       3068       3112       1493
     27931       3155       2229       2230       3199
     27962       3154       3155       3199       3198
     27993       3153       3154       3198       3197
     28024       3152       3153       3197       3196
     28055       3151       3152       3196       3195
     28086       3150       3151       3195       3194
     28117       3149       3150       3194       3193
     28148       3148       3149       3193       3192
     28179       3147       3148       3192       3191
     28210       3146       3147       3191       3190
     28241       3145       3146       3190       3189
     28272       3144       3145       3189       3188
     28303       3143       3144       3188       3187
     28334       3142       3143       3187       3186
     28365       3141       3142       3186       3185
     28396       3140       3141       3185       3184
     28427       3139       3140       3184       3183
     28458       3138       3139       3183       3182
     28489       3137       3138       3182       3181
     28520       3136       3137       3181       3180
     28551       3135       3136       3180       3179
     28582       3134       3135       3179       3178
     28613       3133       3134       3178       3177
     28644       3132       3133       3177       3176
     28675       3131       3132       3176       3175
     28706       3130       3131       3175       3174
     28737       3129       3130       3174       3173
     28768       3128       3129       3173       3172
     28799       3127       3128       3172       3171
     28830       3126       3127       3171       3170
     28861       3125       3126       3170       3169
     28892       3124       3125       3169       3168
     28923       3123       3124       3168       3167
     28954       3122       3123       3167       3166
     28985       3121       3122       3166       3165
     29016       3120       3121       3165       3164
     29047       3119       3120       3164       3163
     29078       3118       3119       3163       3162
     29109       3117       3118       3162       3161
     29140       3116       3117       3161       3160
     29171       3115       3116       3160       3159
     29202       3114       3115       3159       3158
     29233       3113       3114       3158       3157
     29264       3112       3113       3157       3156
     29295       1493       3112       3156       1494
     29326       3199       2230       2231       3243
     29357       3198       3199       3243       3242
     29388       3197       3198       3242       3241
     29419       3196       3197       3241       3240
     29450       3195       3196       3240       3239
     29481       3194       3195       3239       3238
     29512       3193       3194       3238       3237
     29543       3192       3193       3237       3236
     29574       3191       3192       3236       3235
     29605       3190       3191       3235       3234
     29636       3189       3190       3234       3233
     29667       3188       3189       3233       3232
     29698       3187       3188       3232       3231
     29729       3186       3187       3231       3230
     29760       3185       3186       3230       3229
     29791       3184       3185       3229       3228
     29822       3183       3184       3228       3227
     29853       3182       3183       3227       3226
     29884       3181       3182       3226       3225
     29915       3180       3181       3225       3224
     29946       3179       3180       3224       3223
     29977       3178       3179       3223       3222
     30008       3177       3178       3222       3221
     30039       3176       3177       3221       3220
     30070       3175       3176       3220       3219
     30101       3174       3175       3219       3218
     30132       3173       3174       3218       3217
     30163       3172       3173       3217       3216
     30194       3171       3172       3216       3215
     30225       3170       3171       3215       3214
     30256       3169       3170       3214       3213
     30287       3168       3169       3213       3212
     30318       3167       3168       3212       3211
     30349       3166       3167       3211       3210
     30380       3165       3166       3210       3209
     30411       3164       3165       3209       3208
     30442       3163       3164       3208       3207
     30473       3162       3163       3207       3206
     30504       3161       3162       3206       3205
     30535       3160       3161       3205       3204
     30566       3159       3160       3204       3203
     30597       3158       3159       3203       3202
     30628       3157       3158       3202       3201
     30659       3156       3157       3201       3200
     30690       1494       3156       3200       1495
     30721       3243       2231       2209       2275
     30752       3242       3243       2275       2274
     30783       3241       3242       2274       2273
     30814       3240       3241       2273       2272
     30845       3239       3240       2272       2271
     30876       3238       3239       2271       2270
     30907       3237       3238       2270       2269
     30938       3236       3237       2269       2268
     30969       3235       3236       2268       2267
     31000       3234       3235       2267       2266
     31031       3233       3234       2266       2265
     31062       3232       3233       2265       2264
     31093       3231       3232       2264       2263
     31124       3230       3231       2263       2262
     31155       3229       3230       2262       2261
     31186       3228       3229       2261       2260
     31217       3227       3228       2260       2259
     31248       3226       3227       2259       2258
     31279       3225       3226       2258       2257
     31310       3224       3225       2257       2256
     31341       3223       3224       2256       2255
     31372       3222       3223       2255       2254
     31403       3221       3222       2254       2253
     31434       3220       3221       2253       2252
     31465       3219       3220       2252       2251
     31496       3218       3219       2251       2250
     31527       3217       3218       2250       2249
     31558       3216       3217       2249       2248
     31589       3215       3216       2248       2247
     31620       3214       3215       2247       2246
     31651       3213       3214       2246       2245
     31682       3212       3213       2245       2244
     31713       3211       3212       2244       2243
     31744       3210       3211       2243       2242
     31775       3209       3210       2242       2241
     31806       3208       3209       2241       2240
     31837       3207       3208       2240       2239
     31868       3206       3207       2239       2238
     31899       3205       3206       2238       2237
     31930       3204       3205       2237       2236
     31961       3203       3204       2236       2235
     31992       3202       3203       2235       2234
     32023       3201       3202       2234       2233
     32054       3200       3201       2233       2232
     32085       1495       3200       2232       1473
