      1395
     30691       3296       3244       3957      34009
     30692       3295       3296      34009      34010
     30693       3294       3295      34010      34011
     30694       3293       3294      34011      34012
     30695       3292       3293      34012      34013
     30696       3291       3292      34013      34014
     30697       3290       3291      34014      34015
     30698       3289       3290      34015      34016
     30699       3288       3289      34016      34017
     30700       3287       3288      34017      34018
     30701       3286       3287      34018      34019
     30702       3285       3286      34019      34020
     30703       3284       3285      34020      34021
     30704       3283       3284      34021      34022
     30705       3282       3283      34022      34023
     30706       3281       3282      34023      34024
     30707       3280       3281      34024      34025
     30708       3279       3280      34025      34026
     30709       3278       3279      34026      34027
     30710       3277       3278      34027      34028
     30711       3276       3277      34028      34029
     30712       3275       3276      34029      34030
     30713       3274       3275      34030      34031
     30714       3273       3274      34031      34032
     30715       3272       3273      34032      34033
     30716       3271       3272      34033      34034
     30717       3270       3271      34034      34035
     30718       3269       3270      34035      34036
     30719       3268       3269      34036      34037
     30720       3267       3268      34037      34038
     30721       2209       3267      34038       2275
     30722      34009       3957       3958      34039
     30723      34010      34009      34039      34040
     30724      34011      34010      34040      34041
     30725      34012      34011      34041      34042
     30726      34013      34012      34042      34043
     30727      34014      34013      34043      34044
     30728      34015      34014      34044      34045
     30729      34016      34015      34045      34046
     30730      34017      34016      34046      34047
     30731      34018      34017      34047      34048
     30732      34019      34018      34048      34049
     30733      34020      34019      34049      34050
     30734      34021      34020      34050      34051
     30735      34022      34021      34051      34052
     30736      34023      34022      34052      34053
     30737      34024      34023      34053      34054
     30738      34025      34024      34054      34055
     30739      34026      34025      34055      34056
     30740      34027      34026      34056      34057
     30741      34028      34027      34057      34058
     30742      34029      34028      34058      34059
     30743      34030      34029      34059      34060
     30744      34031      34030      34060      34061
     30745      34032      34031      34061      34062
     30746      34033      34032      34062      34063
     30747      34034      34033      34063      34064
     30748      34035      34034      34064      34065
     30749      34036      34035      34065      34066
     30750      34037      34036      34066      34067
     30751      34038      34037      34067      34068
     30752       2275      34038      34068       2274
     30753      34039       3958       3959      34069
     30754      34040      34039      34069      34070
     30755      34041      34040      34070      34071
     30756      34042      34041      34071      34072
     30757      34043      34042      34072      34073
     30758      34044      34043      34073      34074
     30759      34045      34044      34074      34075
     30760      34046      34045      34075      34076
     30761      34047      34046      34076      34077
     30762      34048      34047      34077      34078
     30763      34049      34048      34078      34079
     30764      34050      34049      34079      34080
     30765      34051      34050      34080      34081
     30766      34052      34051      34081      34082
     30767      34053      34052      34082      34083
     30768      34054      34053      34083      34084
     30769      34055      34054      34084      34085
     30770      34056      34055      34085      34086
     30771      34057      34056      34086      34087
     30772      34058      34057      34087      34088
     30773      34059      34058      34088      34089
     30774      34060      34059      34089      34090
     30775      34061      34060      34090      34091
     30776      34062      34061      34091      34092
     30777      34063      34062      34092      34093
     30778      34064      34063      34093      34094
     30779      34065      34064      34094      34095
     30780      34066      34065      34095      34096
     30781      34067      34066      34096      34097
     30782      34068      34067      34097      34098
     30783       2274      34068      34098       2273
     30784      34069       3959       3960      34099
     30785      34070      34069      34099      34100
     30786      34071      34070      34100      34101
     30787      34072      34071      34101      34102
     30788      34073      34072      34102      34103
     30789      34074      34073      34103      34104
     30790      34075      34074      34104      34105
     30791      34076      34075      34105      34106
     30792      34077      34076      34106      34107
     30793      34078      34077      34107      34108
     30794      34079      34078      34108      34109
     30795      34080      34079      34109      34110
     30796      34081      34080      34110      34111
     30797      34082      34081      34111      34112
     30798      34083      34082      34112      34113
     30799      34084      34083      34113      34114
     30800      34085      34084      34114      34115
     30801      34086      34085      34115      34116
     30802      34087      34086      34116      34117
     30803      34088      34087      34117      34118
     30804      34089      34088      34118      34119
     30805      34090      34089      34119      34120
     30806      34091      34090      34120      34121
     30807      34092      34091      34121      34122
     30808      34093      34092      34122      34123
     30809      34094      34093      34123      34124
     30810      34095      34094      34124      34125
     30811      34096      34095      34125      34126
     30812      34097      34096      34126      34127
     30813      34098      34097      34127      34128
     30814       2273      34098      34128       2272
     30815      34099       3960       3961      34129
     30816      34100      34099      34129      34130
     30817      34101      34100      34130      34131
     30818      34102      34101      34131      34132
     30819      34103      34102      34132      34133
     30820      34104      34103      34133      34134
     30821      34105      34104      34134      34135
     30822      34106      34105      34135      34136
     30823      34107      34106      34136      34137
     30824      34108      34107      34137      34138
     30825      34109      34108      34138      34139
     30826      34110      34109      34139      34140
     30827      34111      34110      34140      34141
     30828      34112      34111      34141      34142
     30829      34113      34112      34142      34143
     30830      34114      34113      34143      34144
     30831      34115      34114      34144      34145
     30832      34116      34115      34145      34146
     30833      34117      34116      34146      34147
     30834      34118      34117      34147      34148
     30835      34119      34118      34148      34149
     30836      34120      34119      34149      34150
     30837      34121      34120      34150      34151
     30838      34122      34121      34151      34152
     30839      34123      34122      34152      34153
     30840      34124      34123      34153      34154
     30841      34125      34124      34154      34155
     30842      34126      34125      34155      34156
     30843      34127      34126      34156      34157
     30844      34128      34127      34157      34158
     30845       2272      34128      34158       2271
     30846      34129       3961       3962      34159
     30847      34130      34129      34159      34160
     30848      34131      34130      34160      34161
     30849      34132      34131      34161      34162
     30850      34133      34132      34162      34163
     30851      34134      34133      34163      34164
     30852      34135      34134      34164      34165
     30853      34136      34135      34165      34166
     30854      34137      34136      34166      34167
     30855      34138      34137      34167      34168
     30856      34139      34138      34168      34169
     30857      34140      34139      34169      34170
     30858      34141      34140      34170      34171
     30859      34142      34141      34171      34172
     30860      34143      34142      34172      34173
     30861      34144      34143      34173      34174
     30862      34145      34144      34174      34175
     30863      34146      34145      34175      34176
     30864      34147      34146      34176      34177
     30865      34148      34147      34177      34178
     30866      34149      34148      34178      34179
     30867      34150      34149      34179      34180
     30868      34151      34150      34180      34181
     30869      34152      34151      34181      34182
     30870      34153      34152      34182      34183
     30871      34154      34153      34183      34184
     30872      34155      34154      34184      34185
     30873      34156      34155      34185      34186
     30874      34157      34156      34186      34187
     30875      34158      34157      34187      34188
     30876       2271      34158      34188       2270
     30877      34159       3962       3963      34189
     30878      34160      34159      34189      34190
     30879      34161      34160      34190      34191
     30880      34162      34161      34191      34192
     30881      34163      34162      34192      34193
     30882      34164      34163      34193      34194
     30883      34165      34164      34194      34195
     30884      34166      34165      34195      34196
     30885      34167      34166      34196      34197
     30886      34168      34167      34197      34198
     30887      34169      34168      34198      34199
     30888      34170      34169      34199      34200
     30889      34171      34170      34200      34201
     30890      34172      34171      34201      34202
     30891      34173      34172      34202      34203
     30892      34174      34173      34203      34204
     30893      34175      34174      34204      34205
     30894      34176      34175      34205      34206
     30895      34177      34176      34206      34207
     30896      34178      34177      34207      34208
     30897      34179      34178      34208      34209
     30898      34180      34179      34209      34210
     30899      34181      34180      34210      34211
     30900      34182      34181      34211      34212
     30901      34183      34182      34212      34213
     30902      34184      34183      34213      34214
     30903      34185      34184      34214      34215
     30904      34186      34185      34215      34216
     30905      34187      34186      34216      34217
     30906      34188      34187      34217      34218
     30907       2270      34188      34218       2269
     30908      34189       3963       3964      34219
     30909      34190      34189      34219      34220
     30910      34191      34190      34220      34221
     30911      34192      34191      34221      34222
     30912      34193      34192      34222      34223
     30913      34194      34193      34223      34224
     30914      34195      34194      34224      34225
     30915      34196      34195      34225      34226
     30916      34197      34196      34226      34227
     30917      34198      34197      34227      34228
     30918      34199      34198      34228      34229
     30919      34200      34199      34229      34230
     30920      34201      34200      34230      34231
     30921      34202      34201      34231      34232
     30922      34203      34202      34232      34233
     30923      34204      34203      34233      34234
     30924      34205      34204      34234      34235
     30925      34206      34205      34235      34236
     30926      34207      34206      34236      34237
     30927      34208      34207      34237      34238
     30928      34209      34208      34238      34239
     30929      34210      34209      34239      34240
     30930      34211      34210      34240      34241
     30931      34212      34211      34241      34242
     30932      34213      34212      34242      34243
     30933      34214      34213      34243      34244
     30934      34215      34214      34244      34245
     30935      34216      34215      34245      34246
     30936      34217      34216      34246      34247
     30937      34218      34217      34247      34248
     30938       2269      34218      34248       2268
     30939      34219       3964       3965      34249
     30940      34220      34219      34249      34250
     30941      34221      34220      34250      34251
     30942      34222      34221      34251      34252
     30943      34223      34222      34252      34253
     30944      34224      34223      34253      34254
     30945      34225      34224      34254      34255
     30946      34226      34225      34255      34256
     30947      34227      34226      34256      34257
     30948      34228      34227      34257      34258
     30949      34229      34228      34258      34259
     30950      34230      34229      34259      34260
     30951      34231      34230      34260      34261
     30952      34232      34231      34261      34262
     30953      34233      34232      34262      34263
     30954      34234      34233      34263      34264
     30955      34235      34234      34264      34265
     30956      34236      34235      34265      34266
     30957      34237      34236      34266      34267
     30958      34238      34237      34267      34268
     30959      34239      34238      34268      34269
     30960      34240      34239      34269      34270
     30961      34241      34240      34270      34271
     30962      34242      34241      34271      34272
     30963      34243      34242      34272      34273
     30964      34244      34243      34273      34274
     30965      34245      34244      34274      34275
     30966      34246      34245      34275      34276
     30967      34247      34246      34276      34277
     30968      34248      34247      34277      34278
     30969       2268      34248      34278       2267
     30970      34249       3965       3966      34279
     30971      34250      34249      34279      34280
     30972      34251      34250      34280      34281
     30973      34252      34251      34281      34282
     30974      34253      34252      34282      34283
     30975      34254      34253      34283      34284
     30976      34255      34254      34284      34285
     30977      34256      34255      34285      34286
     30978      34257      34256      34286      34287
     30979      34258      34257      34287      34288
     30980      34259      34258      34288      34289
     30981      34260      34259      34289      34290
     30982      34261      34260      34290      34291
     30983      34262      34261      34291      34292
     30984      34263      34262      34292      34293
     30985      34264      34263      34293      34294
     30986      34265      34264      34294      34295
     30987      34266      34265      34295      34296
     30988      34267      34266      34296      34297
     30989      34268      34267      34297      34298
     30990      34269      34268      34298      34299
     30991      34270      34269      34299      34300
     30992      34271      34270      34300      34301
     30993      34272      34271      34301      34302
     30994      34273      34272      34302      34303
     30995      34274      34273      34303      34304
     30996      34275      34274      34304      34305
     30997      34276      34275      34305      34306
     30998      34277      34276      34306      34307
     30999      34278      34277      34307      34308
     31000       2267      34278      34308       2266
     31001      34279       3966       3967      34309
     31002      34280      34279      34309      34310
     31003      34281      34280      34310      34311
     31004      34282      34281      34311      34312
     31005      34283      34282      34312      34313
     31006      34284      34283      34313      34314
     31007      34285      34284      34314      34315
     31008      34286      34285      34315      34316
     31009      34287      34286      34316      34317
     31010      34288      34287      34317      34318
     31011      34289      34288      34318      34319
     31012      34290      34289      34319      34320
     31013      34291      34290      34320      34321
     31014      34292      34291      34321      34322
     31015      34293      34292      34322      34323
     31016      34294      34293      34323      34324
     31017      34295      34294      34324      34325
     31018      34296      34295      34325      34326
     31019      34297      34296      34326      34327
     31020      34298      34297      34327      34328
     31021      34299      34298      34328      34329
     31022      34300      34299      34329      34330
     31023      34301      34300      34330      34331
     31024      34302      34301      34331      34332
     31025      34303      34302      34332      34333
     31026      34304      34303      34333      34334
     31027      34305      34304      34334      34335
     31028      34306      34305      34335      34336
     31029      34307      34306      34336      34337
     31030      34308      34307      34337      34338
     31031       2266      34308      34338       2265
     31032      34309       3967       3968      34339
     31033      34310      34309      34339      34340
     31034      34311      34310      34340      34341
     31035      34312      34311      34341      34342
     31036      34313      34312      34342      34343
     31037      34314      34313      34343      34344
     31038      34315      34314      34344      34345
     31039      34316      34315      34345      34346
     31040      34317      34316      34346      34347
     31041      34318      34317      34347      34348
     31042      34319      34318      34348      34349
     31043      34320      34319      34349      34350
     31044      34321      34320      34350      34351
     31045      34322      34321      34351      34352
     31046      34323      34322      34352      34353
     31047      34324      34323      34353      34354
     31048      34325      34324      34354      34355
     31049      34326      34325      34355      34356
     31050      34327      34326      34356      34357
     31051      34328      34327      34357      34358
     31052      34329      34328      34358      34359
     31053      34330      34329      34359      34360
     31054      34331      34330      34360      34361
     31055      34332      34331      34361      34362
     31056      34333      34332      34362      34363
     31057      34334      34333      34363      34364
     31058      34335      34334      34364      34365
     31059      34336      34335      34365      34366
     31060      34337      34336      34366      34367
     31061      34338      34337      34367      34368
     31062       2265      34338      34368       2264
     31063      34339       3968       3969      34369
     31064      34340      34339      34369      34370
     31065      34341      34340      34370      34371
     31066      34342      34341      34371      34372
     31067      34343      34342      34372      34373
     31068      34344      34343      34373      34374
     31069      34345      34344      34374      34375
     31070      34346      34345      34375      34376
     31071      34347      34346      34376      34377
     31072      34348      34347      34377      34378
     31073      34349      34348      34378      34379
     31074      34350      34349      34379      34380
     31075      34351      34350      34380      34381
     31076      34352      34351      34381      34382
     31077      34353      34352      34382      34383
     31078      34354      34353      34383      34384
     31079      34355      34354      34384      34385
     31080      34356      34355      34385      34386
     31081      34357      34356      34386      34387
     31082      34358      34357      34387      34388
     31083      34359      34358      34388      34389
     31084      34360      34359      34389      34390
     31085      34361      34360      34390      34391
     31086      34362      34361      34391      34392
     31087      34363      34362      34392      34393
     31088      34364      34363      34393      34394
     31089      34365      34364      34394      34395
     31090      34366      34365      34395      34396
     31091      34367      34366      34396      34397
     31092      34368      34367      34397      34398
     31093       2264      34368      34398       2263
     31094      34369       3969       3970      34399
     31095      34370      34369      34399      34400
     31096      34371      34370      34400      34401
     31097      34372      34371      34401      34402
     31098      34373      34372      34402      34403
     31099      34374      34373      34403      34404
     31100      34375      34374      34404      34405
     31101      34376      34375      34405      34406
     31102      34377      34376      34406      34407
     31103      34378      34377      34407      34408
     31104      34379      34378      34408      34409
     31105      34380      34379      34409      34410
     31106      34381      34380      34410      34411
     31107      34382      34381      34411      34412
     31108      34383      34382      34412      34413
     31109      34384      34383      34413      34414
     31110      34385      34384      34414      34415
     31111      34386      34385      34415      34416
     31112      34387      34386      34416      34417
     31113      34388      34387      34417      34418
     31114      34389      34388      34418      34419
     31115      34390      34389      34419      34420
     31116      34391      34390      34420      34421
     31117      34392      34391      34421      34422
     31118      34393      34392      34422      34423
     31119      34394      34393      34423      34424
     31120      34395      34394      34424      34425
     31121      34396      34395      34425      34426
     31122      34397      34396      34426      34427
     31123      34398      34397      34427      34428
     31124       2263      34398      34428       2262
     31125      34399       3970       3971      34429
     31126      34400      34399      34429      34430
     31127      34401      34400      34430      34431
     31128      34402      34401      34431      34432
     31129      34403      34402      34432      34433
     31130      34404      34403      34433      34434
     31131      34405      34404      34434      34435
     31132      34406      34405      34435      34436
     31133      34407      34406      34436      34437
     31134      34408      34407      34437      34438
     31135      34409      34408      34438      34439
     31136      34410      34409      34439      34440
     31137      34411      34410      34440      34441
     31138      34412      34411      34441      34442
     31139      34413      34412      34442      34443
     31140      34414      34413      34443      34444
     31141      34415      34414      34444      34445
     31142      34416      34415      34445      34446
     31143      34417      34416      34446      34447
     31144      34418      34417      34447      34448
     31145      34419      34418      34448      34449
     31146      34420      34419      34449      34450
     31147      34421      34420      34450      34451
     31148      34422      34421      34451      34452
     31149      34423      34422      34452      34453
     31150      34424      34423      34453      34454
     31151      34425      34424      34454      34455
     31152      34426      34425      34455      34456
     31153      34427      34426      34456      34457
     31154      34428      34427      34457      34458
     31155       2262      34428      34458       2261
     31156      34429       3971       3972      34459
     31157      34430      34429      34459      34460
     31158      34431      34430      34460      34461
     31159      34432      34431      34461      34462
     31160      34433      34432      34462      34463
     31161      34434      34433      34463      34464
     31162      34435      34434      34464      34465
     31163      34436      34435      34465      34466
     31164      34437      34436      34466      34467
     31165      34438      34437      34467      34468
     31166      34439      34438      34468      34469
     31167      34440      34439      34469      34470
     31168      34441      34440      34470      34471
     31169      34442      34441      34471      34472
     31170      34443      34442      34472      34473
     31171      34444      34443      34473      34474
     31172      34445      34444      34474      34475
     31173      34446      34445      34475      34476
     31174      34447      34446      34476      34477
     31175      34448      34447      34477      34478
     31176      34449      34448      34478      34479
     31177      34450      34449      34479      34480
     31178      34451      34450      34480      34481
     31179      34452      34451      34481      34482
     31180      34453      34452      34482      34483
     31181      34454      34453      34483      34484
     31182      34455      34454      34484      34485
     31183      34456      34455      34485      34486
     31184      34457      34456      34486      34487
     31185      34458      34457      34487      34488
     31186       2261      34458      34488       2260
     31187      34459       3972       3973      34489
     31188      34460      34459      34489      34490
     31189      34461      34460      34490      34491
     31190      34462      34461      34491      34492
     31191      34463      34462      34492      34493
     31192      34464      34463      34493      34494
     31193      34465      34464      34494      34495
     31194      34466      34465      34495      34496
     31195      34467      34466      34496      34497
     31196      34468      34467      34497      34498
     31197      34469      34468      34498      34499
     31198      34470      34469      34499      34500
     31199      34471      34470      34500      34501
     31200      34472      34471      34501      34502
     31201      34473      34472      34502      34503
     31202      34474      34473      34503      34504
     31203      34475      34474      34504      34505
     31204      34476      34475      34505      34506
     31205      34477      34476      34506      34507
     31206      34478      34477      34507      34508
     31207      34479      34478      34508      34509
     31208      34480      34479      34509      34510
     31209      34481      34480      34510      34511
     31210      34482      34481      34511      34512
     31211      34483      34482      34512      34513
     31212      34484      34483      34513      34514
     31213      34485      34484      34514      34515
     31214      34486      34485      34515      34516
     31215      34487      34486      34516      34517
     31216      34488      34487      34517      34518
     31217       2260      34488      34518       2259
     31218      34489       3973       3974      34519
     31219      34490      34489      34519      34520
     31220      34491      34490      34520      34521
     31221      34492      34491      34521      34522
     31222      34493      34492      34522      34523
     31223      34494      34493      34523      34524
     31224      34495      34494      34524      34525
     31225      34496      34495      34525      34526
     31226      34497      34496      34526      34527
     31227      34498      34497      34527      34528
     31228      34499      34498      34528      34529
     31229      34500      34499      34529      34530
     31230      34501      34500      34530      34531
     31231      34502      34501      34531      34532
     31232      34503      34502      34532      34533
     31233      34504      34503      34533      34534
     31234      34505      34504      34534      34535
     31235      34506      34505      34535      34536
     31236      34507      34506      34536      34537
     31237      34508      34507      34537      34538
     31238      34509      34508      34538      34539
     31239      34510      34509      34539      34540
     31240      34511      34510      34540      34541
     31241      34512      34511      34541      34542
     31242      34513      34512      34542      34543
     31243      34514      34513      34543      34544
     31244      34515      34514      34544      34545
     31245      34516      34515      34545      34546
     31246      34517      34516      34546      34547
     31247      34518      34517      34547      34548
     31248       2259      34518      34548       2258
     31249      34519       3974       3975      34549
     31250      34520      34519      34549      34550
     31251      34521      34520      34550      34551
     31252      34522      34521      34551      34552
     31253      34523      34522      34552      34553
     31254      34524      34523      34553      34554
     31255      34525      34524      34554      34555
     31256      34526      34525      34555      34556
     31257      34527      34526      34556      34557
     31258      34528      34527      34557      34558
     31259      34529      34528      34558      34559
     31260      34530      34529      34559      34560
     31261      34531      34530      34560      34561
     31262      34532      34531      34561      34562
     31263      34533      34532      34562      34563
     31264      34534      34533      34563      34564
     31265      34535      34534      34564      34565
     31266      34536      34535      34565      34566
     31267      34537      34536      34566      34567
     31268      34538      34537      34567      34568
     31269      34539      34538      34568      34569
     31270      34540      34539      34569      34570
     31271      34541      34540      34570      34571
     31272      34542      34541      34571      34572
     31273      34543      34542      34572      34573
     31274      34544      34543      34573      34574
     31275      34545      34544      34574      34575
     31276      34546      34545      34575      34576
     31277      34547      34546      34576      34577
     31278      34548      34547      34577      34578
     31279       2258      34548      34578       2257
     31280      34549       3975       3976      34579
     31281      34550      34549      34579      34580
     31282      34551      34550      34580      34581
     31283      34552      34551      34581      34582
     31284      34553      34552      34582      34583
     31285      34554      34553      34583      34584
     31286      34555      34554      34584      34585
     31287      34556      34555      34585      34586
     31288      34557      34556      34586      34587
     31289      34558      34557      34587      34588
     31290      34559      34558      34588      34589
     31291      34560      34559      34589      34590
     31292      34561      34560      34590      34591
     31293      34562      34561      34591      34592
     31294      34563      34562      34592      34593
     31295      34564      34563      34593      34594
     31296      34565      34564      34594      34595
     31297      34566      34565      34595      34596
     31298      34567      34566      34596      34597
     31299      34568      34567      34597      34598
     31300      34569      34568      34598      34599
     31301      34570      34569      34599      34600
     31302      34571      34570      34600      34601
     31303      34572      34571      34601      34602
     31304      34573      34572      34602      34603
     31305      34574      34573      34603      34604
     31306      34575      34574      34604      34605
     31307      34576      34575      34605      34606
     31308      34577      34576      34606      34607
     31309      34578      34577      34607      34608
     31310       2257      34578      34608       2256
     31311      34579       3976       3977      34609
     31312      34580      34579      34609      34610
     31313      34581      34580      34610      34611
     31314      34582      34581      34611      34612
     31315      34583      34582      34612      34613
     31316      34584      34583      34613      34614
     31317      34585      34584      34614      34615
     31318      34586      34585      34615      34616
     31319      34587      34586      34616      34617
     31320      34588      34587      34617      34618
     31321      34589      34588      34618      34619
     31322      34590      34589      34619      34620
     31323      34591      34590      34620      34621
     31324      34592      34591      34621      34622
     31325      34593      34592      34622      34623
     31326      34594      34593      34623      34624
     31327      34595      34594      34624      34625
     31328      34596      34595      34625      34626
     31329      34597      34596      34626      34627
     31330      34598      34597      34627      34628
     31331      34599      34598      34628      34629
     31332      34600      34599      34629      34630
     31333      34601      34600      34630      34631
     31334      34602      34601      34631      34632
     31335      34603      34602      34632      34633
     31336      34604      34603      34633      34634
     31337      34605      34604      34634      34635
     31338      34606      34605      34635      34636
     31339      34607      34606      34636      34637
     31340      34608      34607      34637      34638
     31341       2256      34608      34638       2255
     31342      34609       3977       3978      34639
     31343      34610      34609      34639      34640
     31344      34611      34610      34640      34641
     31345      34612      34611      34641      34642
     31346      34613      34612      34642      34643
     31347      34614      34613      34643      34644
     31348      34615      34614      34644      34645
     31349      34616      34615      34645      34646
     31350      34617      34616      34646      34647
     31351      34618      34617      34647      34648
     31352      34619      34618      34648      34649
     31353      34620      34619      34649      34650
     31354      34621      34620      34650      34651
     31355      34622      34621      34651      34652
     31356      34623      34622      34652      34653
     31357      34624      34623      34653      34654
     31358      34625      34624      34654      34655
     31359      34626      34625      34655      34656
     31360      34627      34626      34656      34657
     31361      34628      34627      34657      34658
     31362      34629      34628      34658      34659
     31363      34630      34629      34659      34660
     31364      34631      34630      34660      34661
     31365      34632      34631      34661      34662
     31366      34633      34632      34662      34663
     31367      34634      34633      34663      34664
     31368      34635      34634      34664      34665
     31369      34636      34635      34665      34666
     31370      34637      34636      34666      34667
     31371      34638      34637      34667      34668
     31372       2255      34638      34668       2254
     31373      34639       3978       3979      34669
     31374      34640      34639      34669      34670
     31375      34641      34640      34670      34671
     31376      34642      34641      34671      34672
     31377      34643      34642      34672      34673
     31378      34644      34643      34673      34674
     31379      34645      34644      34674      34675
     31380      34646      34645      34675      34676
     31381      34647      34646      34676      34677
     31382      34648      34647      34677      34678
     31383      34649      34648      34678      34679
     31384      34650      34649      34679      34680
     31385      34651      34650      34680      34681
     31386      34652      34651      34681      34682
     31387      34653      34652      34682      34683
     31388      34654      34653      34683      34684
     31389      34655      34654      34684      34685
     31390      34656      34655      34685      34686
     31391      34657      34656      34686      34687
     31392      34658      34657      34687      34688
     31393      34659      34658      34688      34689
     31394      34660      34659      34689      34690
     31395      34661      34660      34690      34691
     31396      34662      34661      34691      34692
     31397      34663      34662      34692      34693
     31398      34664      34663      34693      34694
     31399      34665      34664      34694      34695
     31400      34666      34665      34695      34696
     31401      34667      34666      34696      34697
     31402      34668      34667      34697      34698
     31403       2254      34668      34698       2253
     31404      34669       3979       3980      34699
     31405      34670      34669      34699      34700
     31406      34671      34670      34700      34701
     31407      34672      34671      34701      34702
     31408      34673      34672      34702      34703
     31409      34674      34673      34703      34704
     31410      34675      34674      34704      34705
     31411      34676      34675      34705      34706
     31412      34677      34676      34706      34707
     31413      34678      34677      34707      34708
     31414      34679      34678      34708      34709
     31415      34680      34679      34709      34710
     31416      34681      34680      34710      34711
     31417      34682      34681      34711      34712
     31418      34683      34682      34712      34713
     31419      34684      34683      34713      34714
     31420      34685      34684      34714      34715
     31421      34686      34685      34715      34716
     31422      34687      34686      34716      34717
     31423      34688      34687      34717      34718
     31424      34689      34688      34718      34719
     31425      34690      34689      34719      34720
     31426      34691      34690      34720      34721
     31427      34692      34691      34721      34722
     31428      34693      34692      34722      34723
     31429      34694      34693      34723      34724
     31430      34695      34694      34724      34725
     31431      34696      34695      34725      34726
     31432      34697      34696      34726      34727
     31433      34698      34697      34727      34728
     31434       2253      34698      34728       2252
     31435      34699       3980       3981      34729
     31436      34700      34699      34729      34730
     31437      34701      34700      34730      34731
     31438      34702      34701      34731      34732
     31439      34703      34702      34732      34733
     31440      34704      34703      34733      34734
     31441      34705      34704      34734      34735
     31442      34706      34705      34735      34736
     31443      34707      34706      34736      34737
     31444      34708      34707      34737      34738
     31445      34709      34708      34738      34739
     31446      34710      34709      34739      34740
     31447      34711      34710      34740      34741
     31448      34712      34711      34741      34742
     31449      34713      34712      34742      34743
     31450      34714      34713      34743      34744
     31451      34715      34714      34744      34745
     31452      34716      34715      34745      34746
     31453      34717      34716      34746      34747
     31454      34718      34717      34747      34748
     31455      34719      34718      34748      34749
     31456      34720      34719      34749      34750
     31457      34721      34720      34750      34751
     31458      34722      34721      34751      34752
     31459      34723      34722      34752      34753
     31460      34724      34723      34753      34754
     31461      34725      34724      34754      34755
     31462      34726      34725      34755      34756
     31463      34727      34726      34756      34757
     31464      34728      34727      34757      34758
     31465       2252      34728      34758       2251
     31466      34729       3981       3982      34759
     31467      34730      34729      34759      34760
     31468      34731      34730      34760      34761
     31469      34732      34731      34761      34762
     31470      34733      34732      34762      34763
     31471      34734      34733      34763      34764
     31472      34735      34734      34764      34765
     31473      34736      34735      34765      34766
     31474      34737      34736      34766      34767
     31475      34738      34737      34767      34768
     31476      34739      34738      34768      34769
     31477      34740      34739      34769      34770
     31478      34741      34740      34770      34771
     31479      34742      34741      34771      34772
     31480      34743      34742      34772      34773
     31481      34744      34743      34773      34774
     31482      34745      34744      34774      34775
     31483      34746      34745      34775      34776
     31484      34747      34746      34776      34777
     31485      34748      34747      34777      34778
     31486      34749      34748      34778      34779
     31487      34750      34749      34779      34780
     31488      34751      34750      34780      34781
     31489      34752      34751      34781      34782
     31490      34753      34752      34782      34783
     31491      34754      34753      34783      34784
     31492      34755      34754      34784      34785
     31493      34756      34755      34785      34786
     31494      34757      34756      34786      34787
     31495      34758      34757      34787      34788
     31496       2251      34758      34788       2250
     31497      34759       3982       3983      34789
     31498      34760      34759      34789      34790
     31499      34761      34760      34790      34791
     31500      34762      34761      34791      34792
     31501      34763      34762      34792      34793
     31502      34764      34763      34793      34794
     31503      34765      34764      34794      34795
     31504      34766      34765      34795      34796
     31505      34767      34766      34796      34797
     31506      34768      34767      34797      34798
     31507      34769      34768      34798      34799
     31508      34770      34769      34799      34800
     31509      34771      34770      34800      34801
     31510      34772      34771      34801      34802
     31511      34773      34772      34802      34803
     31512      34774      34773      34803      34804
     31513      34775      34774      34804      34805
     31514      34776      34775      34805      34806
     31515      34777      34776      34806      34807
     31516      34778      34777      34807      34808
     31517      34779      34778      34808      34809
     31518      34780      34779      34809      34810
     31519      34781      34780      34810      34811
     31520      34782      34781      34811      34812
     31521      34783      34782      34812      34813
     31522      34784      34783      34813      34814
     31523      34785      34784      34814      34815
     31524      34786      34785      34815      34816
     31525      34787      34786      34816      34817
     31526      34788      34787      34817      34818
     31527       2250      34788      34818       2249
     31528      34789       3983       3984      34819
     31529      34790      34789      34819      34820
     31530      34791      34790      34820      34821
     31531      34792      34791      34821      34822
     31532      34793      34792      34822      34823
     31533      34794      34793      34823      34824
     31534      34795      34794      34824      34825
     31535      34796      34795      34825      34826
     31536      34797      34796      34826      34827
     31537      34798      34797      34827      34828
     31538      34799      34798      34828      34829
     31539      34800      34799      34829      34830
     31540      34801      34800      34830      34831
     31541      34802      34801      34831      34832
     31542      34803      34802      34832      34833
     31543      34804      34803      34833      34834
     31544      34805      34804      34834      34835
     31545      34806      34805      34835      34836
     31546      34807      34806      34836      34837
     31547      34808      34807      34837      34838
     31548      34809      34808      34838      34839
     31549      34810      34809      34839      34840
     31550      34811      34810      34840      34841
     31551      34812      34811      34841      34842
     31552      34813      34812      34842      34843
     31553      34814      34813      34843      34844
     31554      34815      34814      34844      34845
     31555      34816      34815      34845      34846
     31556      34817      34816      34846      34847
     31557      34818      34817      34847      34848
     31558       2249      34818      34848       2248
     31559      34819       3984       3985      34849
     31560      34820      34819      34849      34850
     31561      34821      34820      34850      34851
     31562      34822      34821      34851      34852
     31563      34823      34822      34852      34853
     31564      34824      34823      34853      34854
     31565      34825      34824      34854      34855
     31566      34826      34825      34855      34856
     31567      34827      34826      34856      34857
     31568      34828      34827      34857      34858
     31569      34829      34828      34858      34859
     31570      34830      34829      34859      34860
     31571      34831      34830      34860      34861
     31572      34832      34831      34861      34862
     31573      34833      34832      34862      34863
     31574      34834      34833      34863      34864
     31575      34835      34834      34864      34865
     31576      34836      34835      34865      34866
     31577      34837      34836      34866      34867
     31578      34838      34837      34867      34868
     31579      34839      34838      34868      34869
     31580      34840      34839      34869      34870
     31581      34841      34840      34870      34871
     31582      34842      34841      34871      34872
     31583      34843      34842      34872      34873
     31584      34844      34843      34873      34874
     31585      34845      34844      34874      34875
     31586      34846      34845      34875      34876
     31587      34847      34846      34876      34877
     31588      34848      34847      34877      34878
     31589       2248      34848      34878       2247
     31590      34849       3985       3986      34879
     31591      34850      34849      34879      34880
     31592      34851      34850      34880      34881
     31593      34852      34851      34881      34882
     31594      34853      34852      34882      34883
     31595      34854      34853      34883      34884
     31596      34855      34854      34884      34885
     31597      34856      34855      34885      34886
     31598      34857      34856      34886      34887
     31599      34858      34857      34887      34888
     31600      34859      34858      34888      34889
     31601      34860      34859      34889      34890
     31602      34861      34860      34890      34891
     31603      34862      34861      34891      34892
     31604      34863      34862      34892      34893
     31605      34864      34863      34893      34894
     31606      34865      34864      34894      34895
     31607      34866      34865      34895      34896
     31608      34867      34866      34896      34897
     31609      34868      34867      34897      34898
     31610      34869      34868      34898      34899
     31611      34870      34869      34899      34900
     31612      34871      34870      34900      34901
     31613      34872      34871      34901      34902
     31614      34873      34872      34902      34903
     31615      34874      34873      34903      34904
     31616      34875      34874      34904      34905
     31617      34876      34875      34905      34906
     31618      34877      34876      34906      34907
     31619      34878      34877      34907      34908
     31620       2247      34878      34908       2246
     31621      34879       3986       3987      34909
     31622      34880      34879      34909      34910
     31623      34881      34880      34910      34911
     31624      34882      34881      34911      34912
     31625      34883      34882      34912      34913
     31626      34884      34883      34913      34914
     31627      34885      34884      34914      34915
     31628      34886      34885      34915      34916
     31629      34887      34886      34916      34917
     31630      34888      34887      34917      34918
     31631      34889      34888      34918      34919
     31632      34890      34889      34919      34920
     31633      34891      34890      34920      34921
     31634      34892      34891      34921      34922
     31635      34893      34892      34922      34923
     31636      34894      34893      34923      34924
     31637      34895      34894      34924      34925
     31638      34896      34895      34925      34926
     31639      34897      34896      34926      34927
     31640      34898      34897      34927      34928
     31641      34899      34898      34928      34929
     31642      34900      34899      34929      34930
     31643      34901      34900      34930      34931
     31644      34902      34901      34931      34932
     31645      34903      34902      34932      34933
     31646      34904      34903      34933      34934
     31647      34905      34904      34934      34935
     31648      34906      34905      34935      34936
     31649      34907      34906      34936      34937
     31650      34908      34907      34937      34938
     31651       2246      34908      34938       2245
     31652      34909       3987       3988      34939
     31653      34910      34909      34939      34940
     31654      34911      34910      34940      34941
     31655      34912      34911      34941      34942
     31656      34913      34912      34942      34943
     31657      34914      34913      34943      34944
     31658      34915      34914      34944      34945
     31659      34916      34915      34945      34946
     31660      34917      34916      34946      34947
     31661      34918      34917      34947      34948
     31662      34919      34918      34948      34949
     31663      34920      34919      34949      34950
     31664      34921      34920      34950      34951
     31665      34922      34921      34951      34952
     31666      34923      34922      34952      34953
     31667      34924      34923      34953      34954
     31668      34925      34924      34954      34955
     31669      34926      34925      34955      34956
     31670      34927      34926      34956      34957
     31671      34928      34927      34957      34958
     31672      34929      34928      34958      34959
     31673      34930      34929      34959      34960
     31674      34931      34930      34960      34961
     31675      34932      34931      34961      34962
     31676      34933      34932      34962      34963
     31677      34934      34933      34963      34964
     31678      34935      34934      34964      34965
     31679      34936      34935      34965      34966
     31680      34937      34936      34966      34967
     31681      34938      34937      34967      34968
     31682       2245      34938      34968       2244
     31683      34939       3988       3989      34969
     31684      34940      34939      34969      34970
     31685      34941      34940      34970      34971
     31686      34942      34941      34971      34972
     31687      34943      34942      34972      34973
     31688      34944      34943      34973      34974
     31689      34945      34944      34974      34975
     31690      34946      34945      34975      34976
     31691      34947      34946      34976      34977
     31692      34948      34947      34977      34978
     31693      34949      34948      34978      34979
     31694      34950      34949      34979      34980
     31695      34951      34950      34980      34981
     31696      34952      34951      34981      34982
     31697      34953      34952      34982      34983
     31698      34954      34953      34983      34984
     31699      34955      34954      34984      34985
     31700      34956      34955      34985      34986
     31701      34957      34956      34986      34987
     31702      34958      34957      34987      34988
     31703      34959      34958      34988      34989
     31704      34960      34959      34989      34990
     31705      34961      34960      34990      34991
     31706      34962      34961      34991      34992
     31707      34963      34962      34992      34993
     31708      34964      34963      34993      34994
     31709      34965      34964      34994      34995
     31710      34966      34965      34995      34996
     31711      34967      34966      34996      34997
     31712      34968      34967      34997      34998
     31713       2244      34968      34998       2243
     31714      34969       3989       3990      34999
     31715      34970      34969      34999      35000
     31716      34971      34970      35000      35001
     31717      34972      34971      35001      35002
     31718      34973      34972      35002      35003
     31719      34974      34973      35003      35004
     31720      34975      34974      35004      35005
     31721      34976      34975      35005      35006
     31722      34977      34976      35006      35007
     31723      34978      34977      35007      35008
     31724      34979      34978      35008      35009
     31725      34980      34979      35009      35010
     31726      34981      34980      35010      35011
     31727      34982      34981      35011      35012
     31728      34983      34982      35012      35013
     31729      34984      34983      35013      35014
     31730      34985      34984      35014      35015
     31731      34986      34985      35015      35016
     31732      34987      34986      35016      35017
     31733      34988      34987      35017      35018
     31734      34989      34988      35018      35019
     31735      34990      34989      35019      35020
     31736      34991      34990      35020      35021
     31737      34992      34991      35021      35022
     31738      34993      34992      35022      35023
     31739      34994      34993      35023      35024
     31740      34995      34994      35024      35025
     31741      34996      34995      35025      35026
     31742      34997      34996      35026      35027
     31743      34998      34997      35027      35028
     31744       2243      34998      35028       2242
     31745      34999       3990       3991      35029
     31746      35000      34999      35029      35030
     31747      35001      35000      35030      35031
     31748      35002      35001      35031      35032
     31749      35003      35002      35032      35033
     31750      35004      35003      35033      35034
     31751      35005      35004      35034      35035
     31752      35006      35005      35035      35036
     31753      35007      35006      35036      35037
     31754      35008      35007      35037      35038
     31755      35009      35008      35038      35039
     31756      35010      35009      35039      35040
     31757      35011      35010      35040      35041
     31758      35012      35011      35041      35042
     31759      35013      35012      35042      35043
     31760      35014      35013      35043      35044
     31761      35015      35014      35044      35045
     31762      35016      35015      35045      35046
     31763      35017      35016      35046      35047
     31764      35018      35017      35047      35048
     31765      35019      35018      35048      35049
     31766      35020      35019      35049      35050
     31767      35021      35020      35050      35051
     31768      35022      35021      35051      35052
     31769      35023      35022      35052      35053
     31770      35024      35023      35053      35054
     31771      35025      35024      35054      35055
     31772      35026      35025      35055      35056
     31773      35027      35026      35056      35057
     31774      35028      35027      35057      35058
     31775       2242      35028      35058       2241
     31776      35029       3991       3992      35059
     31777      35030      35029      35059      35060
     31778      35031      35030      35060      35061
     31779      35032      35031      35061      35062
     31780      35033      35032      35062      35063
     31781      35034      35033      35063      35064
     31782      35035      35034      35064      35065
     31783      35036      35035      35065      35066
     31784      35037      35036      35066      35067
     31785      35038      35037      35067      35068
     31786      35039      35038      35068      35069
     31787      35040      35039      35069      35070
     31788      35041      35040      35070      35071
     31789      35042      35041      35071      35072
     31790      35043      35042      35072      35073
     31791      35044      35043      35073      35074
     31792      35045      35044      35074      35075
     31793      35046      35045      35075      35076
     31794      35047      35046      35076      35077
     31795      35048      35047      35077      35078
     31796      35049      35048      35078      35079
     31797      35050      35049      35079      35080
     31798      35051      35050      35080      35081
     31799      35052      35051      35081      35082
     31800      35053      35052      35082      35083
     31801      35054      35053      35083      35084
     31802      35055      35054      35084      35085
     31803      35056      35055      35085      35086
     31804      35057      35056      35086      35087
     31805      35058      35057      35087      35088
     31806       2241      35058      35088       2240
     31807      35059       3992       3993      35089
     31808      35060      35059      35089      35090
     31809      35061      35060      35090      35091
     31810      35062      35061      35091      35092
     31811      35063      35062      35092      35093
     31812      35064      35063      35093      35094
     31813      35065      35064      35094      35095
     31814      35066      35065      35095      35096
     31815      35067      35066      35096      35097
     31816      35068      35067      35097      35098
     31817      35069      35068      35098      35099
     31818      35070      35069      35099      35100
     31819      35071      35070      35100      35101
     31820      35072      35071      35101      35102
     31821      35073      35072      35102      35103
     31822      35074      35073      35103      35104
     31823      35075      35074      35104      35105
     31824      35076      35075      35105      35106
     31825      35077      35076      35106      35107
     31826      35078      35077      35107      35108
     31827      35079      35078      35108      35109
     31828      35080      35079      35109      35110
     31829      35081      35080      35110      35111
     31830      35082      35081      35111      35112
     31831      35083      35082      35112      35113
     31832      35084      35083      35113      35114
     31833      35085      35084      35114      35115
     31834      35086      35085      35115      35116
     31835      35087      35086      35116      35117
     31836      35088      35087      35117      35118
     31837       2240      35088      35118       2239
     31838      35089       3993       3994      35119
     31839      35090      35089      35119      35120
     31840      35091      35090      35120      35121
     31841      35092      35091      35121      35122
     31842      35093      35092      35122      35123
     31843      35094      35093      35123      35124
     31844      35095      35094      35124      35125
     31845      35096      35095      35125      35126
     31846      35097      35096      35126      35127
     31847      35098      35097      35127      35128
     31848      35099      35098      35128      35129
     31849      35100      35099      35129      35130
     31850      35101      35100      35130      35131
     31851      35102      35101      35131      35132
     31852      35103      35102      35132      35133
     31853      35104      35103      35133      35134
     31854      35105      35104      35134      35135
     31855      35106      35105      35135      35136
     31856      35107      35106      35136      35137
     31857      35108      35107      35137      35138
     31858      35109      35108      35138      35139
     31859      35110      35109      35139      35140
     31860      35111      35110      35140      35141
     31861      35112      35111      35141      35142
     31862      35113      35112      35142      35143
     31863      35114      35113      35143      35144
     31864      35115      35114      35144      35145
     31865      35116      35115      35145      35146
     31866      35117      35116      35146      35147
     31867      35118      35117      35147      35148
     31868       2239      35118      35148       2238
     31869      35119       3994       3995      35149
     31870      35120      35119      35149      35150
     31871      35121      35120      35150      35151
     31872      35122      35121      35151      35152
     31873      35123      35122      35152      35153
     31874      35124      35123      35153      35154
     31875      35125      35124      35154      35155
     31876      35126      35125      35155      35156
     31877      35127      35126      35156      35157
     31878      35128      35127      35157      35158
     31879      35129      35128      35158      35159
     31880      35130      35129      35159      35160
     31881      35131      35130      35160      35161
     31882      35132      35131      35161      35162
     31883      35133      35132      35162      35163
     31884      35134      35133      35163      35164
     31885      35135      35134      35164      35165
     31886      35136      35135      35165      35166
     31887      35137      35136      35166      35167
     31888      35138      35137      35167      35168
     31889      35139      35138      35168      35169
     31890      35140      35139      35169      35170
     31891      35141      35140      35170      35171
     31892      35142      35141      35171      35172
     31893      35143      35142      35172      35173
     31894      35144      35143      35173      35174
     31895      35145      35144      35174      35175
     31896      35146      35145      35175      35176
     31897      35147      35146      35176      35177
     31898      35148      35147      35177      35178
     31899       2238      35148      35178       2237
     31900      35149       3995       3996      35179
     31901      35150      35149      35179      35180
     31902      35151      35150      35180      35181
     31903      35152      35151      35181      35182
     31904      35153      35152      35182      35183
     31905      35154      35153      35183      35184
     31906      35155      35154      35184      35185
     31907      35156      35155      35185      35186
     31908      35157      35156      35186      35187
     31909      35158      35157      35187      35188
     31910      35159      35158      35188      35189
     31911      35160      35159      35189      35190
     31912      35161      35160      35190      35191
     31913      35162      35161      35191      35192
     31914      35163      35162      35192      35193
     31915      35164      35163      35193      35194
     31916      35165      35164      35194      35195
     31917      35166      35165      35195      35196
     31918      35167      35166      35196      35197
     31919      35168      35167      35197      35198
     31920      35169      35168      35198      35199
     31921      35170      35169      35199      35200
     31922      35171      35170      35200      35201
     31923      35172      35171      35201      35202
     31924      35173      35172      35202      35203
     31925      35174      35173      35203      35204
     31926      35175      35174      35204      35205
     31927      35176      35175      35205      35206
     31928      35177      35176      35206      35207
     31929      35178      35177      35207      35208
     31930       2237      35178      35208       2236
     31931      35179       3996       3997      35209
     31932      35180      35179      35209      35210
     31933      35181      35180      35210      35211
     31934      35182      35181      35211      35212
     31935      35183      35182      35212      35213
     31936      35184      35183      35213      35214
     31937      35185      35184      35214      35215
     31938      35186      35185      35215      35216
     31939      35187      35186      35216      35217
     31940      35188      35187      35217      35218
     31941      35189      35188      35218      35219
     31942      35190      35189      35219      35220
     31943      35191      35190      35220      35221
     31944      35192      35191      35221      35222
     31945      35193      35192      35222      35223
     31946      35194      35193      35223      35224
     31947      35195      35194      35224      35225
     31948      35196      35195      35225      35226
     31949      35197      35196      35226      35227
     31950      35198      35197      35227      35228
     31951      35199      35198      35228      35229
     31952      35200      35199      35229      35230
     31953      35201      35200      35230      35231
     31954      35202      35201      35231      35232
     31955      35203      35202      35232      35233
     31956      35204      35203      35233      35234
     31957      35205      35204      35234      35235
     31958      35206      35205      35235      35236
     31959      35207      35206      35236      35237
     31960      35208      35207      35237      35238
     31961       2236      35208      35238       2235
     31962      35209       3997       3998      35239
     31963      35210      35209      35239      35240
     31964      35211      35210      35240      35241
     31965      35212      35211      35241      35242
     31966      35213      35212      35242      35243
     31967      35214      35213      35243      35244
     31968      35215      35214      35244      35245
     31969      35216      35215      35245      35246
     31970      35217      35216      35246      35247
     31971      35218      35217      35247      35248
     31972      35219      35218      35248      35249
     31973      35220      35219      35249      35250
     31974      35221      35220      35250      35251
     31975      35222      35221      35251      35252
     31976      35223      35222      35252      35253
     31977      35224      35223      35253      35254
     31978      35225      35224      35254      35255
     31979      35226      35225      35255      35256
     31980      35227      35226      35256      35257
     31981      35228      35227      35257      35258
     31982      35229      35228      35258      35259
     31983      35230      35229      35259      35260
     31984      35231      35230      35260      35261
     31985      35232      35231      35261      35262
     31986      35233      35232      35262      35263
     31987      35234      35233      35263      35264
     31988      35235      35234      35264      35265
     31989      35236      35235      35265      35266
     31990      35237      35236      35266      35267
     31991      35238      35237      35267      35268
     31992       2235      35238      35268       2234
     31993      35239       3998       3999      35269
     31994      35240      35239      35269      35270
     31995      35241      35240      35270      35271
     31996      35242      35241      35271      35272
     31997      35243      35242      35272      35273
     31998      35244      35243      35273      35274
     31999      35245      35244      35274      35275
     32000      35246      35245      35275      35276
     32001      35247      35246      35276      35277
     32002      35248      35247      35277      35278
     32003      35249      35248      35278      35279
     32004      35250      35249      35279      35280
     32005      35251      35250      35280      35281
     32006      35252      35251      35281      35282
     32007      35253      35252      35282      35283
     32008      35254      35253      35283      35284
     32009      35255      35254      35284      35285
     32010      35256      35255      35285      35286
     32011      35257      35256      35286      35287
     32012      35258      35257      35287      35288
     32013      35259      35258      35288      35289
     32014      35260      35259      35289      35290
     32015      35261      35260      35290      35291
     32016      35262      35261      35291      35292
     32017      35263      35262      35292      35293
     32018      35264      35263      35293      35294
     32019      35265      35264      35294      35295
     32020      35266      35265      35295      35296
     32021      35267      35266      35296      35297
     32022      35268      35267      35297      35298
     32023       2234      35268      35298       2233
     32024      35269       3999       4000      35299
     32025      35270      35269      35299      35300
     32026      35271      35270      35300      35301
     32027      35272      35271      35301      35302
     32028      35273      35272      35302      35303
     32029      35274      35273      35303      35304
     32030      35275      35274      35304      35305
     32031      35276      35275      35305      35306
     32032      35277      35276      35306      35307
     32033      35278      35277      35307      35308
     32034      35279      35278      35308      35309
     32035      35280      35279      35309      35310
     32036      35281      35280      35310      35311
     32037      35282      35281      35311      35312
     32038      35283      35282      35312      35313
     32039      35284      35283      35313      35314
     32040      35285      35284      35314      35315
     32041      35286      35285      35315      35316
     32042      35287      35286      35316      35317
     32043      35288      35287      35317      35318
     32044      35289      35288      35318      35319
     32045      35290      35289      35319      35320
     32046      35291      35290      35320      35321
     32047      35292      35291      35321      35322
     32048      35293      35292      35322      35323
     32049      35294      35293      35323      35324
     32050      35295      35294      35324      35325
     32051      35296      35295      35325      35326
     32052      35297      35296      35326      35327
     32053      35298      35297      35327      35328
     32054       2233      35298      35328       2232
     32055      35299       4000       1496       1497
     32056      35300      35299       1497       1498
     32057      35301      35300       1498       1499
     32058      35302      35301       1499       1500
     32059      35303      35302       1500       1501
     32060      35304      35303       1501       1502
     32061      35305      35304       1502       1503
     32062      35306      35305       1503       1504
     32063      35307      35306       1504       1505
     32064      35308      35307       1505       1506
     32065      35309      35308       1506       1507
     32066      35310      35309       1507       1508
     32067      35311      35310       1508       1509
     32068      35312      35311       1509       1510
     32069      35313      35312       1510       1511
     32070      35314      35313       1511       1512
     32071      35315      35314       1512       1513
     32072      35316      35315       1513       1514
     32073      35317      35316       1514       1515
     32074      35318      35317       1515       1516
     32075      35319      35318       1516       1517
     32076      35320      35319       1517       1518
     32077      35321      35320       1518       1519
     32078      35322      35321       1519       1520
     32079      35323      35322       1520       1521
     32080      35324      35323       1521       1522
     32081      35325      35324       1522       1523
     32082      35326      35325       1523       1524
     32083      35327      35326       1524       1525
     32084      35328      35327       1525       1526
     32085       2232      35328       1526       1473
