      1395
         1          2         32        153        109
         2         32         31        154        153
         3         31         30        155        154
         4         30         29        156        155
         5         29         28        157        156
         6         28         27        158        157
         7         27         26        159        158
         8         26         25        160        159
         9         25         24        161        160
        10         24         23        162        161
        11         23         22        163        162
        12         22         21        164        163
        13         21         20        165        164
        14         20         19        166        165
        15         19         18        167        166
        16         18         17        168        167
        17         17         16        169        168
        18         16         15        170        169
        19         15         14        171        170
        20         14         13        172        171
        21         13         12        173        172
        22         12         11        174        173
        23         11         10        175        174
        24         10          9        176        175
        25          9          8        177        176
        26          8          7        178        177
        27          7          6        179        178
        28          6          5        180        179
        29          5          4        181        180
        30          4          3        182        181
        31          3          1         77        182
        32        109        153        183        110
        33        153        154        184        183
        34        154        155        185        184
        35        155        156        186        185
        36        156        157        187        186
        37        157        158        188        187
        38        158        159        189        188
        39        159        160        190        189
        40        160        161        191        190
        41        161        162        192        191
        42        162        163        193        192
        43        163        164        194        193
        44        164        165        195        194
        45        165        166        196        195
        46        166        167        197        196
        47        167        168        198        197
        48        168        169        199        198
        49        169        170        200        199
        50        170        171        201        200
        51        171        172        202        201
        52        172        173        203        202
        53        173        174        204        203
        54        174        175        205        204
        55        175        176        206        205
        56        176        177        207        206
        57        177        178        208        207
        58        178        179        209        208
        59        179        180        210        209
        60        180        181        211        210
        61        181        182        212        211
        62        182         77         76        212
        63        110        183        213        111
        64        183        184        214        213
        65        184        185        215        214
        66        185        186        216        215
        67        186        187        217        216
        68        187        188        218        217
        69        188        189        219        218
        70        189        190        220        219
        71        190        191        221        220
        72        191        192        222        221
        73        192        193        223        222
        74        193        194        224        223
        75        194        195        225        224
        76        195        196        226        225
        77        196        197        227        226
        78        197        198        228        227
        79        198        199        229        228
        80        199        200        230        229
        81        200        201        231        230
        82        201        202        232        231
        83        202        203        233        232
        84        203        204        234        233
        85        204        205        235        234
        86        205        206        236        235
        87        206        207        237        236
        88        207        208        238        237
        89        208        209        239        238
        90        209        210        240        239
        91        210        211        241        240
        92        211        212        242        241
        93        212         76         75        242
        94        111        213        243        112
        95        213        214        244        243
        96        214        215        245        244
        97        215        216        246        245
        98        216        217        247        246
        99        217        218        248        247
       100        218        219        249        248
       101        219        220        250        249
       102        220        221        251        250
       103        221        222        252        251
       104        222        223        253        252
       105        223        224        254        253
       106        224        225        255        254
       107        225        226        256        255
       108        226        227        257        256
       109        227        228        258        257
       110        228        229        259        258
       111        229        230        260        259
       112        230        231        261        260
       113        231        232        262        261
       114        232        233        263        262
       115        233        234        264        263
       116        234        235        265        264
       117        235        236        266        265
       118        236        237        267        266
       119        237        238        268        267
       120        238        239        269        268
       121        239        240        270        269
       122        240        241        271        270
       123        241        242        272        271
       124        242         75         74        272
       125        112        243        273        113
       126        243        244        274        273
       127        244        245        275        274
       128        245        246        276        275
       129        246        247        277        276
       130        247        248        278        277
       131        248        249        279        278
       132        249        250        280        279
       133        250        251        281        280
       134        251        252        282        281
       135        252        253        283        282
       136        253        254        284        283
       137        254        255        285        284
       138        255        256        286        285
       139        256        257        287        286
       140        257        258        288        287
       141        258        259        289        288
       142        259        260        290        289
       143        260        261        291        290
       144        261        262        292        291
       145        262        263        293        292
       146        263        264        294        293
       147        264        265        295        294
       148        265        266        296        295
       149        266        267        297        296
       150        267        268        298        297
       151        268        269        299        298
       152        269        270        300        299
       153        270        271        301        300
       154        271        272        302        301
       155        272         74         73        302
       156        113        273        303        114
       157        273        274        304        303
       158        274        275        305        304
       159        275        276        306        305
       160        276        277        307        306
       161        277        278        308        307
       162        278        279        309        308
       163        279        280        310        309
       164        280        281        311        310
       165        281        282        312        311
       166        282        283        313        312
       167        283        284        314        313
       168        284        285        315        314
       169        285        286        316        315
       170        286        287        317        316
       171        287        288        318        317
       172        288        289        319        318
       173        289        290        320        319
       174        290        291        321        320
       175        291        292        322        321
       176        292        293        323        322
       177        293        294        324        323
       178        294        295        325        324
       179        295        296        326        325
       180        296        297        327        326
       181        297        298        328        327
       182        298        299        329        328
       183        299        300        330        329
       184        300        301        331        330
       185        301        302        332        331
       186        302         73         72        332
       187        114        303        333        115
       188        303        304        334        333
       189        304        305        335        334
       190        305        306        336        335
       191        306        307        337        336
       192        307        308        338        337
       193        308        309        339        338
       194        309        310        340        339
       195        310        311        341        340
       196        311        312        342        341
       197        312        313        343        342
       198        313        314        344        343
       199        314        315        345        344
       200        315        316        346        345
       201        316        317        347        346
       202        317        318        348        347
       203        318        319        349        348
       204        319        320        350        349
       205        320        321        351        350
       206        321        322        352        351
       207        322        323        353        352
       208        323        324        354        353
       209        324        325        355        354
       210        325        326        356        355
       211        326        327        357        356
       212        327        328        358        357
       213        328        329        359        358
       214        329        330        360        359
       215        330        331        361        360
       216        331        332        362        361
       217        332         72         71        362
       218        115        333        363        116
       219        333        334        364        363
       220        334        335        365        364
       221        335        336        366        365
       222        336        337        367        366
       223        337        338        368        367
       224        338        339        369        368
       225        339        340        370        369
       226        340        341        371        370
       227        341        342        372        371
       228        342        343        373        372
       229        343        344        374        373
       230        344        345        375        374
       231        345        346        376        375
       232        346        347        377        376
       233        347        348        378        377
       234        348        349        379        378
       235        349        350        380        379
       236        350        351        381        380
       237        351        352        382        381
       238        352        353        383        382
       239        353        354        384        383
       240        354        355        385        384
       241        355        356        386        385
       242        356        357        387        386
       243        357        358        388        387
       244        358        359        389        388
       245        359        360        390        389
       246        360        361        391        390
       247        361        362        392        391
       248        362         71         70        392
       249        116        363        393        117
       250        363        364        394        393
       251        364        365        395        394
       252        365        366        396        395
       253        366        367        397        396
       254        367        368        398        397
       255        368        369        399        398
       256        369        370        400        399
       257        370        371        401        400
       258        371        372        402        401
       259        372        373        403        402
       260        373        374        404        403
       261        374        375        405        404
       262        375        376        406        405
       263        376        377        407        406
       264        377        378        408        407
       265        378        379        409        408
       266        379        380        410        409
       267        380        381        411        410
       268        381        382        412        411
       269        382        383        413        412
       270        383        384        414        413
       271        384        385        415        414
       272        385        386        416        415
       273        386        387        417        416
       274        387        388        418        417
       275        388        389        419        418
       276        389        390        420        419
       277        390        391        421        420
       278        391        392        422        421
       279        392         70         69        422
       280        117        393        423        118
       281        393        394        424        423
       282        394        395        425        424
       283        395        396        426        425
       284        396        397        427        426
       285        397        398        428        427
       286        398        399        429        428
       287        399        400        430        429
       288        400        401        431        430
       289        401        402        432        431
       290        402        403        433        432
       291        403        404        434        433
       292        404        405        435        434
       293        405        406        436        435
       294        406        407        437        436
       295        407        408        438        437
       296        408        409        439        438
       297        409        410        440        439
       298        410        411        441        440
       299        411        412        442        441
       300        412        413        443        442
       301        413        414        444        443
       302        414        415        445        444
       303        415        416        446        445
       304        416        417        447        446
       305        417        418        448        447
       306        418        419        449        448
       307        419        420        450        449
       308        420        421        451        450
       309        421        422        452        451
       310        422         69         68        452
       311        118        423        453        119
       312        423        424        454        453
       313        424        425        455        454
       314        425        426        456        455
       315        426        427        457        456
       316        427        428        458        457
       317        428        429        459        458
       318        429        430        460        459
       319        430        431        461        460
       320        431        432        462        461
       321        432        433        463        462
       322        433        434        464        463
       323        434        435        465        464
       324        435        436        466        465
       325        436        437        467        466
       326        437        438        468        467
       327        438        439        469        468
       328        439        440        470        469
       329        440        441        471        470
       330        441        442        472        471
       331        442        443        473        472
       332        443        444        474        473
       333        444        445        475        474
       334        445        446        476        475
       335        446        447        477        476
       336        447        448        478        477
       337        448        449        479        478
       338        449        450        480        479
       339        450        451        481        480
       340        451        452        482        481
       341        452         68         67        482
       342        119        453        483        120
       343        453        454        484        483
       344        454        455        485        484
       345        455        456        486        485
       346        456        457        487        486
       347        457        458        488        487
       348        458        459        489        488
       349        459        460        490        489
       350        460        461        491        490
       351        461        462        492        491
       352        462        463        493        492
       353        463        464        494        493
       354        464        465        495        494
       355        465        466        496        495
       356        466        467        497        496
       357        467        468        498        497
       358        468        469        499        498
       359        469        470        500        499
       360        470        471        501        500
       361        471        472        502        501
       362        472        473        503        502
       363        473        474        504        503
       364        474        475        505        504
       365        475        476        506        505
       366        476        477        507        506
       367        477        478        508        507
       368        478        479        509        508
       369        479        480        510        509
       370        480        481        511        510
       371        481        482        512        511
       372        482         67         66        512
       373        120        483        513        121
       374        483        484        514        513
       375        484        485        515        514
       376        485        486        516        515
       377        486        487        517        516
       378        487        488        518        517
       379        488        489        519        518
       380        489        490        520        519
       381        490        491        521        520
       382        491        492        522        521
       383        492        493        523        522
       384        493        494        524        523
       385        494        495        525        524
       386        495        496        526        525
       387        496        497        527        526
       388        497        498        528        527
       389        498        499        529        528
       390        499        500        530        529
       391        500        501        531        530
       392        501        502        532        531
       393        502        503        533        532
       394        503        504        534        533
       395        504        505        535        534
       396        505        506        536        535
       397        506        507        537        536
       398        507        508        538        537
       399        508        509        539        538
       400        509        510        540        539
       401        510        511        541        540
       402        511        512        542        541
       403        512         66         65        542
       404        121        513        543        122
       405        513        514        544        543
       406        514        515        545        544
       407        515        516        546        545
       408        516        517        547        546
       409        517        518        548        547
       410        518        519        549        548
       411        519        520        550        549
       412        520        521        551        550
       413        521        522        552        551
       414        522        523        553        552
       415        523        524        554        553
       416        524        525        555        554
       417        525        526        556        555
       418        526        527        557        556
       419        527        528        558        557
       420        528        529        559        558
       421        529        530        560        559
       422        530        531        561        560
       423        531        532        562        561
       424        532        533        563        562
       425        533        534        564        563
       426        534        535        565        564
       427        535        536        566        565
       428        536        537        567        566
       429        537        538        568        567
       430        538        539        569        568
       431        539        540        570        569
       432        540        541        571        570
       433        541        542        572        571
       434        542         65         64        572
       435        122        543        573        123
       436        543        544        574        573
       437        544        545        575        574
       438        545        546        576        575
       439        546        547        577        576
       440        547        548        578        577
       441        548        549        579        578
       442        549        550        580        579
       443        550        551        581        580
       444        551        552        582        581
       445        552        553        583        582
       446        553        554        584        583
       447        554        555        585        584
       448        555        556        586        585
       449        556        557        587        586
       450        557        558        588        587
       451        558        559        589        588
       452        559        560        590        589
       453        560        561        591        590
       454        561        562        592        591
       455        562        563        593        592
       456        563        564        594        593
       457        564        565        595        594
       458        565        566        596        595
       459        566        567        597        596
       460        567        568        598        597
       461        568        569        599        598
       462        569        570        600        599
       463        570        571        601        600
       464        571        572        602        601
       465        572         64         63        602
       466        123        573        603        124
       467        573        574        604        603
       468        574        575        605        604
       469        575        576        606        605
       470        576        577        607        606
       471        577        578        608        607
       472        578        579        609        608
       473        579        580        610        609
       474        580        581        611        610
       475        581        582        612        611
       476        582        583        613        612
       477        583        584        614        613
       478        584        585        615        614
       479        585        586        616        615
       480        586        587        617        616
       481        587        588        618        617
       482        588        589        619        618
       483        589        590        620        619
       484        590        591        621        620
       485        591        592        622        621
       486        592        593        623        622
       487        593        594        624        623
       488        594        595        625        624
       489        595        596        626        625
       490        596        597        627        626
       491        597        598        628        627
       492        598        599        629        628
       493        599        600        630        629
       494        600        601        631        630
       495        601        602        632        631
       496        602         63         62        632
       497        124        603        633        125
       498        603        604        634        633
       499        604        605        635        634
       500        605        606        636        635
       501        606        607        637        636
       502        607        608        638        637
       503        608        609        639        638
       504        609        610        640        639
       505        610        611        641        640
       506        611        612        642        641
       507        612        613        643        642
       508        613        614        644        643
       509        614        615        645        644
       510        615        616        646        645
       511        616        617        647        646
       512        617        618        648        647
       513        618        619        649        648
       514        619        620        650        649
       515        620        621        651        650
       516        621        622        652        651
       517        622        623        653        652
       518        623        624        654        653
       519        624        625        655        654
       520        625        626        656        655
       521        626        627        657        656
       522        627        628        658        657
       523        628        629        659        658
       524        629        630        660        659
       525        630        631        661        660
       526        631        632        662        661
       527        632         62         61        662
       528        125        633        663        126
       529        633        634        664        663
       530        634        635        665        664
       531        635        636        666        665
       532        636        637        667        666
       533        637        638        668        667
       534        638        639        669        668
       535        639        640        670        669
       536        640        641        671        670
       537        641        642        672        671
       538        642        643        673        672
       539        643        644        674        673
       540        644        645        675        674
       541        645        646        676        675
       542        646        647        677        676
       543        647        648        678        677
       544        648        649        679        678
       545        649        650        680        679
       546        650        651        681        680
       547        651        652        682        681
       548        652        653        683        682
       549        653        654        684        683
       550        654        655        685        684
       551        655        656        686        685
       552        656        657        687        686
       553        657        658        688        687
       554        658        659        689        688
       555        659        660        690        689
       556        660        661        691        690
       557        661        662        692        691
       558        662         61         60        692
       559        126        663        693        127
       560        663        664        694        693
       561        664        665        695        694
       562        665        666        696        695
       563        666        667        697        696
       564        667        668        698        697
       565        668        669        699        698
       566        669        670        700        699
       567        670        671        701        700
       568        671        672        702        701
       569        672        673        703        702
       570        673        674        704        703
       571        674        675        705        704
       572        675        676        706        705
       573        676        677        707        706
       574        677        678        708        707
       575        678        679        709        708
       576        679        680        710        709
       577        680        681        711        710
       578        681        682        712        711
       579        682        683        713        712
       580        683        684        714        713
       581        684        685        715        714
       582        685        686        716        715
       583        686        687        717        716
       584        687        688        718        717
       585        688        689        719        718
       586        689        690        720        719
       587        690        691        721        720
       588        691        692        722        721
       589        692         60         59        722
       590        127        693        723        128
       591        693        694        724        723
       592        694        695        725        724
       593        695        696        726        725
       594        696        697        727        726
       595        697        698        728        727
       596        698        699        729        728
       597        699        700        730        729
       598        700        701        731        730
       599        701        702        732        731
       600        702        703        733        732
       601        703        704        734        733
       602        704        705        735        734
       603        705        706        736        735
       604        706        707        737        736
       605        707        708        738        737
       606        708        709        739        738
       607        709        710        740        739
       608        710        711        741        740
       609        711        712        742        741
       610        712        713        743        742
       611        713        714        744        743
       612        714        715        745        744
       613        715        716        746        745
       614        716        717        747        746
       615        717        718        748        747
       616        718        719        749        748
       617        719        720        750        749
       618        720        721        751        750
       619        721        722        752        751
       620        722         59         58        752
       621        128        723        753        129
       622        723        724        754        753
       623        724        725        755        754
       624        725        726        756        755
       625        726        727        757        756
       626        727        728        758        757
       627        728        729        759        758
       628        729        730        760        759
       629        730        731        761        760
       630        731        732        762        761
       631        732        733        763        762
       632        733        734        764        763
       633        734        735        765        764
       634        735        736        766        765
       635        736        737        767        766
       636        737        738        768        767
       637        738        739        769        768
       638        739        740        770        769
       639        740        741        771        770
       640        741        742        772        771
       641        742        743        773        772
       642        743        744        774        773
       643        744        745        775        774
       644        745        746        776        775
       645        746        747        777        776
       646        747        748        778        777
       647        748        749        779        778
       648        749        750        780        779
       649        750        751        781        780
       650        751        752        782        781
       651        752         58         57        782
       652        129        753        783        130
       653        753        754        784        783
       654        754        755        785        784
       655        755        756        786        785
       656        756        757        787        786
       657        757        758        788        787
       658        758        759        789        788
       659        759        760        790        789
       660        760        761        791        790
       661        761        762        792        791
       662        762        763        793        792
       663        763        764        794        793
       664        764        765        795        794
       665        765        766        796        795
       666        766        767        797        796
       667        767        768        798        797
       668        768        769        799        798
       669        769        770        800        799
       670        770        771        801        800
       671        771        772        802        801
       672        772        773        803        802
       673        773        774        804        803
       674        774        775        805        804
       675        775        776        806        805
       676        776        777        807        806
       677        777        778        808        807
       678        778        779        809        808
       679        779        780        810        809
       680        780        781        811        810
       681        781        782        812        811
       682        782         57         56        812
       683        130        783        813        131
       684        783        784        814        813
       685        784        785        815        814
       686        785        786        816        815
       687        786        787        817        816
       688        787        788        818        817
       689        788        789        819        818
       690        789        790        820        819
       691        790        791        821        820
       692        791        792        822        821
       693        792        793        823        822
       694        793        794        824        823
       695        794        795        825        824
       696        795        796        826        825
       697        796        797        827        826
       698        797        798        828        827
       699        798        799        829        828
       700        799        800        830        829
       701        800        801        831        830
       702        801        802        832        831
       703        802        803        833        832
       704        803        804        834        833
       705        804        805        835        834
       706        805        806        836        835
       707        806        807        837        836
       708        807        808        838        837
       709        808        809        839        838
       710        809        810        840        839
       711        810        811        841        840
       712        811        812        842        841
       713        812         56         55        842
       714        131        813        843        132
       715        813        814        844        843
       716        814        815        845        844
       717        815        816        846        845
       718        816        817        847        846
       719        817        818        848        847
       720        818        819        849        848
       721        819        820        850        849
       722        820        821        851        850
       723        821        822        852        851
       724        822        823        853        852
       725        823        824        854        853
       726        824        825        855        854
       727        825        826        856        855
       728        826        827        857        856
       729        827        828        858        857
       730        828        829        859        858
       731        829        830        860        859
       732        830        831        861        860
       733        831        832        862        861
       734        832        833        863        862
       735        833        834        864        863
       736        834        835        865        864
       737        835        836        866        865
       738        836        837        867        866
       739        837        838        868        867
       740        838        839        869        868
       741        839        840        870        869
       742        840        841        871        870
       743        841        842        872        871
       744        842         55         54        872
       745        132        843        873        133
       746        843        844        874        873
       747        844        845        875        874
       748        845        846        876        875
       749        846        847        877        876
       750        847        848        878        877
       751        848        849        879        878
       752        849        850        880        879
       753        850        851        881        880
       754        851        852        882        881
       755        852        853        883        882
       756        853        854        884        883
       757        854        855        885        884
       758        855        856        886        885
       759        856        857        887        886
       760        857        858        888        887
       761        858        859        889        888
       762        859        860        890        889
       763        860        861        891        890
       764        861        862        892        891
       765        862        863        893        892
       766        863        864        894        893
       767        864        865        895        894
       768        865        866        896        895
       769        866        867        897        896
       770        867        868        898        897
       771        868        869        899        898
       772        869        870        900        899
       773        870        871        901        900
       774        871        872        902        901
       775        872         54         53        902
       776        133        873        903        134
       777        873        874        904        903
       778        874        875        905        904
       779        875        876        906        905
       780        876        877        907        906
       781        877        878        908        907
       782        878        879        909        908
       783        879        880        910        909
       784        880        881        911        910
       785        881        882        912        911
       786        882        883        913        912
       787        883        884        914        913
       788        884        885        915        914
       789        885        886        916        915
       790        886        887        917        916
       791        887        888        918        917
       792        888        889        919        918
       793        889        890        920        919
       794        890        891        921        920
       795        891        892        922        921
       796        892        893        923        922
       797        893        894        924        923
       798        894        895        925        924
       799        895        896        926        925
       800        896        897        927        926
       801        897        898        928        927
       802        898        899        929        928
       803        899        900        930        929
       804        900        901        931        930
       805        901        902        932        931
       806        902         53         52        932
       807        134        903        933        135
       808        903        904        934        933
       809        904        905        935        934
       810        905        906        936        935
       811        906        907        937        936
       812        907        908        938        937
       813        908        909        939        938
       814        909        910        940        939
       815        910        911        941        940
       816        911        912        942        941
       817        912        913        943        942
       818        913        914        944        943
       819        914        915        945        944
       820        915        916        946        945
       821        916        917        947        946
       822        917        918        948        947
       823        918        919        949        948
       824        919        920        950        949
       825        920        921        951        950
       826        921        922        952        951
       827        922        923        953        952
       828        923        924        954        953
       829        924        925        955        954
       830        925        926        956        955
       831        926        927        957        956
       832        927        928        958        957
       833        928        929        959        958
       834        929        930        960        959
       835        930        931        961        960
       836        931        932        962        961
       837        932         52         51        962
       838        135        933        963        136
       839        933        934        964        963
       840        934        935        965        964
       841        935        936        966        965
       842        936        937        967        966
       843        937        938        968        967
       844        938        939        969        968
       845        939        940        970        969
       846        940        941        971        970
       847        941        942        972        971
       848        942        943        973        972
       849        943        944        974        973
       850        944        945        975        974
       851        945        946        976        975
       852        946        947        977        976
       853        947        948        978        977
       854        948        949        979        978
       855        949        950        980        979
       856        950        951        981        980
       857        951        952        982        981
       858        952        953        983        982
       859        953        954        984        983
       860        954        955        985        984
       861        955        956        986        985
       862        956        957        987        986
       863        957        958        988        987
       864        958        959        989        988
       865        959        960        990        989
       866        960        961        991        990
       867        961        962        992        991
       868        962         51         50        992
       869        136        963        993        137
       870        963        964        994        993
       871        964        965        995        994
       872        965        966        996        995
       873        966        967        997        996
       874        967        968        998        997
       875        968        969        999        998
       876        969        970       1000        999
       877        970        971       1001       1000
       878        971        972       1002       1001
       879        972        973       1003       1002
       880        973        974       1004       1003
       881        974        975       1005       1004
       882        975        976       1006       1005
       883        976        977       1007       1006
       884        977        978       1008       1007
       885        978        979       1009       1008
       886        979        980       1010       1009
       887        980        981       1011       1010
       888        981        982       1012       1011
       889        982        983       1013       1012
       890        983        984       1014       1013
       891        984        985       1015       1014
       892        985        986       1016       1015
       893        986        987       1017       1016
       894        987        988       1018       1017
       895        988        989       1019       1018
       896        989        990       1020       1019
       897        990        991       1021       1020
       898        991        992       1022       1021
       899        992         50         49       1022
       900        137        993       1023        138
       901        993        994       1024       1023
       902        994        995       1025       1024
       903        995        996       1026       1025
       904        996        997       1027       1026
       905        997        998       1028       1027
       906        998        999       1029       1028
       907        999       1000       1030       1029
       908       1000       1001       1031       1030
       909       1001       1002       1032       1031
       910       1002       1003       1033       1032
       911       1003       1004       1034       1033
       912       1004       1005       1035       1034
       913       1005       1006       1036       1035
       914       1006       1007       1037       1036
       915       1007       1008       1038       1037
       916       1008       1009       1039       1038
       917       1009       1010       1040       1039
       918       1010       1011       1041       1040
       919       1011       1012       1042       1041
       920       1012       1013       1043       1042
       921       1013       1014       1044       1043
       922       1014       1015       1045       1044
       923       1015       1016       1046       1045
       924       1016       1017       1047       1046
       925       1017       1018       1048       1047
       926       1018       1019       1049       1048
       927       1019       1020       1050       1049
       928       1020       1021       1051       1050
       929       1021       1022       1052       1051
       930       1022         49         48       1052
       931        138       1023       1053        139
       932       1023       1024       1054       1053
       933       1024       1025       1055       1054
       934       1025       1026       1056       1055
       935       1026       1027       1057       1056
       936       1027       1028       1058       1057
       937       1028       1029       1059       1058
       938       1029       1030       1060       1059
       939       1030       1031       1061       1060
       940       1031       1032       1062       1061
       941       1032       1033       1063       1062
       942       1033       1034       1064       1063
       943       1034       1035       1065       1064
       944       1035       1036       1066       1065
       945       1036       1037       1067       1066
       946       1037       1038       1068       1067
       947       1038       1039       1069       1068
       948       1039       1040       1070       1069
       949       1040       1041       1071       1070
       950       1041       1042       1072       1071
       951       1042       1043       1073       1072
       952       1043       1044       1074       1073
       953       1044       1045       1075       1074
       954       1045       1046       1076       1075
       955       1046       1047       1077       1076
       956       1047       1048       1078       1077
       957       1048       1049       1079       1078
       958       1049       1050       1080       1079
       959       1050       1051       1081       1080
       960       1051       1052       1082       1081
       961       1052         48         47       1082
       962        139       1053       1083        140
       963       1053       1054       1084       1083
       964       1054       1055       1085       1084
       965       1055       1056       1086       1085
       966       1056       1057       1087       1086
       967       1057       1058       1088       1087
       968       1058       1059       1089       1088
       969       1059       1060       1090       1089
       970       1060       1061       1091       1090
       971       1061       1062       1092       1091
       972       1062       1063       1093       1092
       973       1063       1064       1094       1093
       974       1064       1065       1095       1094
       975       1065       1066       1096       1095
       976       1066       1067       1097       1096
       977       1067       1068       1098       1097
       978       1068       1069       1099       1098
       979       1069       1070       1100       1099
       980       1070       1071       1101       1100
       981       1071       1072       1102       1101
       982       1072       1073       1103       1102
       983       1073       1074       1104       1103
       984       1074       1075       1105       1104
       985       1075       1076       1106       1105
       986       1076       1077       1107       1106
       987       1077       1078       1108       1107
       988       1078       1079       1109       1108
       989       1079       1080       1110       1109
       990       1080       1081       1111       1110
       991       1081       1082       1112       1111
       992       1082         47         46       1112
       993        140       1083       1113        141
       994       1083       1084       1114       1113
       995       1084       1085       1115       1114
       996       1085       1086       1116       1115
       997       1086       1087       1117       1116
       998       1087       1088       1118       1117
       999       1088       1089       1119       1118
      1000       1089       1090       1120       1119
      1001       1090       1091       1121       1120
      1002       1091       1092       1122       1121
      1003       1092       1093       1123       1122
      1004       1093       1094       1124       1123
      1005       1094       1095       1125       1124
      1006       1095       1096       1126       1125
      1007       1096       1097       1127       1126
      1008       1097       1098       1128       1127
      1009       1098       1099       1129       1128
      1010       1099       1100       1130       1129
      1011       1100       1101       1131       1130
      1012       1101       1102       1132       1131
      1013       1102       1103       1133       1132
      1014       1103       1104       1134       1133
      1015       1104       1105       1135       1134
      1016       1105       1106       1136       1135
      1017       1106       1107       1137       1136
      1018       1107       1108       1138       1137
      1019       1108       1109       1139       1138
      1020       1109       1110       1140       1139
      1021       1110       1111       1141       1140
      1022       1111       1112       1142       1141
      1023       1112         46         45       1142
      1024        141       1113       1143        142
      1025       1113       1114       1144       1143
      1026       1114       1115       1145       1144
      1027       1115       1116       1146       1145
      1028       1116       1117       1147       1146
      1029       1117       1118       1148       1147
      1030       1118       1119       1149       1148
      1031       1119       1120       1150       1149
      1032       1120       1121       1151       1150
      1033       1121       1122       1152       1151
      1034       1122       1123       1153       1152
      1035       1123       1124       1154       1153
      1036       1124       1125       1155       1154
      1037       1125       1126       1156       1155
      1038       1126       1127       1157       1156
      1039       1127       1128       1158       1157
      1040       1128       1129       1159       1158
      1041       1129       1130       1160       1159
      1042       1130       1131       1161       1160
      1043       1131       1132       1162       1161
      1044       1132       1133       1163       1162
      1045       1133       1134       1164       1163
      1046       1134       1135       1165       1164
      1047       1135       1136       1166       1165
      1048       1136       1137       1167       1166
      1049       1137       1138       1168       1167
      1050       1138       1139       1169       1168
      1051       1139       1140       1170       1169
      1052       1140       1141       1171       1170
      1053       1141       1142       1172       1171
      1054       1142         45         44       1172
      1055        142       1143       1173        143
      1056       1143       1144       1174       1173
      1057       1144       1145       1175       1174
      1058       1145       1146       1176       1175
      1059       1146       1147       1177       1176
      1060       1147       1148       1178       1177
      1061       1148       1149       1179       1178
      1062       1149       1150       1180       1179
      1063       1150       1151       1181       1180
      1064       1151       1152       1182       1181
      1065       1152       1153       1183       1182
      1066       1153       1154       1184       1183
      1067       1154       1155       1185       1184
      1068       1155       1156       1186       1185
      1069       1156       1157       1187       1186
      1070       1157       1158       1188       1187
      1071       1158       1159       1189       1188
      1072       1159       1160       1190       1189
      1073       1160       1161       1191       1190
      1074       1161       1162       1192       1191
      1075       1162       1163       1193       1192
      1076       1163       1164       1194       1193
      1077       1164       1165       1195       1194
      1078       1165       1166       1196       1195
      1079       1166       1167       1197       1196
      1080       1167       1168       1198       1197
      1081       1168       1169       1199       1198
      1082       1169       1170       1200       1199
      1083       1170       1171       1201       1200
      1084       1171       1172       1202       1201
      1085       1172         44         43       1202
      1086        143       1173       1203        144
      1087       1173       1174       1204       1203
      1088       1174       1175       1205       1204
      1089       1175       1176       1206       1205
      1090       1176       1177       1207       1206
      1091       1177       1178       1208       1207
      1092       1178       1179       1209       1208
      1093       1179       1180       1210       1209
      1094       1180       1181       1211       1210
      1095       1181       1182       1212       1211
      1096       1182       1183       1213       1212
      1097       1183       1184       1214       1213
      1098       1184       1185       1215       1214
      1099       1185       1186       1216       1215
      1100       1186       1187       1217       1216
      1101       1187       1188       1218       1217
      1102       1188       1189       1219       1218
      1103       1189       1190       1220       1219
      1104       1190       1191       1221       1220
      1105       1191       1192       1222       1221
      1106       1192       1193       1223       1222
      1107       1193       1194       1224       1223
      1108       1194       1195       1225       1224
      1109       1195       1196       1226       1225
      1110       1196       1197       1227       1226
      1111       1197       1198       1228       1227
      1112       1198       1199       1229       1228
      1113       1199       1200       1230       1229
      1114       1200       1201       1231       1230
      1115       1201       1202       1232       1231
      1116       1202         43         42       1232
      1117        144       1203       1233        145
      1118       1203       1204       1234       1233
      1119       1204       1205       1235       1234
      1120       1205       1206       1236       1235
      1121       1206       1207       1237       1236
      1122       1207       1208       1238       1237
      1123       1208       1209       1239       1238
      1124       1209       1210       1240       1239
      1125       1210       1211       1241       1240
      1126       1211       1212       1242       1241
      1127       1212       1213       1243       1242
      1128       1213       1214       1244       1243
      1129       1214       1215       1245       1244
      1130       1215       1216       1246       1245
      1131       1216       1217       1247       1246
      1132       1217       1218       1248       1247
      1133       1218       1219       1249       1248
      1134       1219       1220       1250       1249
      1135       1220       1221       1251       1250
      1136       1221       1222       1252       1251
      1137       1222       1223       1253       1252
      1138       1223       1224       1254       1253
      1139       1224       1225       1255       1254
      1140       1225       1226       1256       1255
      1141       1226       1227       1257       1256
      1142       1227       1228       1258       1257
      1143       1228       1229       1259       1258
      1144       1229       1230       1260       1259
      1145       1230       1231       1261       1260
      1146       1231       1232       1262       1261
      1147       1232         42         41       1262
      1148        145       1233       1263        146
      1149       1233       1234       1264       1263
      1150       1234       1235       1265       1264
      1151       1235       1236       1266       1265
      1152       1236       1237       1267       1266
      1153       1237       1238       1268       1267
      1154       1238       1239       1269       1268
      1155       1239       1240       1270       1269
      1156       1240       1241       1271       1270
      1157       1241       1242       1272       1271
      1158       1242       1243       1273       1272
      1159       1243       1244       1274       1273
      1160       1244       1245       1275       1274
      1161       1245       1246       1276       1275
      1162       1246       1247       1277       1276
      1163       1247       1248       1278       1277
      1164       1248       1249       1279       1278
      1165       1249       1250       1280       1279
      1166       1250       1251       1281       1280
      1167       1251       1252       1282       1281
      1168       1252       1253       1283       1282
      1169       1253       1254       1284       1283
      1170       1254       1255       1285       1284
      1171       1255       1256       1286       1285
      1172       1256       1257       1287       1286
      1173       1257       1258       1288       1287
      1174       1258       1259       1289       1288
      1175       1259       1260       1290       1289
      1176       1260       1261       1291       1290
      1177       1261       1262       1292       1291
      1178       1262         41         40       1292
      1179        146       1263       1293        147
      1180       1263       1264       1294       1293
      1181       1264       1265       1295       1294
      1182       1265       1266       1296       1295
      1183       1266       1267       1297       1296
      1184       1267       1268       1298       1297
      1185       1268       1269       1299       1298
      1186       1269       1270       1300       1299
      1187       1270       1271       1301       1300
      1188       1271       1272       1302       1301
      1189       1272       1273       1303       1302
      1190       1273       1274       1304       1303
      1191       1274       1275       1305       1304
      1192       1275       1276       1306       1305
      1193       1276       1277       1307       1306
      1194       1277       1278       1308       1307
      1195       1278       1279       1309       1308
      1196       1279       1280       1310       1309
      1197       1280       1281       1311       1310
      1198       1281       1282       1312       1311
      1199       1282       1283       1313       1312
      1200       1283       1284       1314       1313
      1201       1284       1285       1315       1314
      1202       1285       1286       1316       1315
      1203       1286       1287       1317       1316
      1204       1287       1288       1318       1317
      1205       1288       1289       1319       1318
      1206       1289       1290       1320       1319
      1207       1290       1291       1321       1320
      1208       1291       1292       1322       1321
      1209       1292         40         39       1322
      1210        147       1293       1323        148
      1211       1293       1294       1324       1323
      1212       1294       1295       1325       1324
      1213       1295       1296       1326       1325
      1214       1296       1297       1327       1326
      1215       1297       1298       1328       1327
      1216       1298       1299       1329       1328
      1217       1299       1300       1330       1329
      1218       1300       1301       1331       1330
      1219       1301       1302       1332       1331
      1220       1302       1303       1333       1332
      1221       1303       1304       1334       1333
      1222       1304       1305       1335       1334
      1223       1305       1306       1336       1335
      1224       1306       1307       1337       1336
      1225       1307       1308       1338       1337
      1226       1308       1309       1339       1338
      1227       1309       1310       1340       1339
      1228       1310       1311       1341       1340
      1229       1311       1312       1342       1341
      1230       1312       1313       1343       1342
      1231       1313       1314       1344       1343
      1232       1314       1315       1345       1344
      1233       1315       1316       1346       1345
      1234       1316       1317       1347       1346
      1235       1317       1318       1348       1347
      1236       1318       1319       1349       1348
      1237       1319       1320       1350       1349
      1238       1320       1321       1351       1350
      1239       1321       1322       1352       1351
      1240       1322         39         38       1352
      1241        148       1323       1353        149
      1242       1323       1324       1354       1353
      1243       1324       1325       1355       1354
      1244       1325       1326       1356       1355
      1245       1326       1327       1357       1356
      1246       1327       1328       1358       1357
      1247       1328       1329       1359       1358
      1248       1329       1330       1360       1359
      1249       1330       1331       1361       1360
      1250       1331       1332       1362       1361
      1251       1332       1333       1363       1362
      1252       1333       1334       1364       1363
      1253       1334       1335       1365       1364
      1254       1335       1336       1366       1365
      1255       1336       1337       1367       1366
      1256       1337       1338       1368       1367
      1257       1338       1339       1369       1368
      1258       1339       1340       1370       1369
      1259       1340       1341       1371       1370
      1260       1341       1342       1372       1371
      1261       1342       1343       1373       1372
      1262       1343       1344       1374       1373
      1263       1344       1345       1375       1374
      1264       1345       1346       1376       1375
      1265       1346       1347       1377       1376
      1266       1347       1348       1378       1377
      1267       1348       1349       1379       1378
      1268       1349       1350       1380       1379
      1269       1350       1351       1381       1380
      1270       1351       1352       1382       1381
      1271       1352         38         37       1382
      1272        149       1353       1383        150
      1273       1353       1354       1384       1383
      1274       1354       1355       1385       1384
      1275       1355       1356       1386       1385
      1276       1356       1357       1387       1386
      1277       1357       1358       1388       1387
      1278       1358       1359       1389       1388
      1279       1359       1360       1390       1389
      1280       1360       1361       1391       1390
      1281       1361       1362       1392       1391
      1282       1362       1363       1393       1392
      1283       1363       1364       1394       1393
      1284       1364       1365       1395       1394
      1285       1365       1366       1396       1395
      1286       1366       1367       1397       1396
      1287       1367       1368       1398       1397
      1288       1368       1369       1399       1398
      1289       1369       1370       1400       1399
      1290       1370       1371       1401       1400
      1291       1371       1372       1402       1401
      1292       1372       1373       1403       1402
      1293       1373       1374       1404       1403
      1294       1374       1375       1405       1404
      1295       1375       1376       1406       1405
      1296       1376       1377       1407       1406
      1297       1377       1378       1408       1407
      1298       1378       1379       1409       1408
      1299       1379       1380       1410       1409
      1300       1380       1381       1411       1410
      1301       1381       1382       1412       1411
      1302       1382         37         36       1412
      1303        150       1383       1413        151
      1304       1383       1384       1414       1413
      1305       1384       1385       1415       1414
      1306       1385       1386       1416       1415
      1307       1386       1387       1417       1416
      1308       1387       1388       1418       1417
      1309       1388       1389       1419       1418
      1310       1389       1390       1420       1419
      1311       1390       1391       1421       1420
      1312       1391       1392       1422       1421
      1313       1392       1393       1423       1422
      1314       1393       1394       1424       1423
      1315       1394       1395       1425       1424
      1316       1395       1396       1426       1425
      1317       1396       1397       1427       1426
      1318       1397       1398       1428       1427
      1319       1398       1399       1429       1428
      1320       1399       1400       1430       1429
      1321       1400       1401       1431       1430
      1322       1401       1402       1432       1431
      1323       1402       1403       1433       1432
      1324       1403       1404       1434       1433
      1325       1404       1405       1435       1434
      1326       1405       1406       1436       1435
      1327       1406       1407       1437       1436
      1328       1407       1408       1438       1437
      1329       1408       1409       1439       1438
      1330       1409       1410       1440       1439
      1331       1410       1411       1441       1440
      1332       1411       1412       1442       1441
      1333       1412         36         35       1442
      1334        151       1413       1443        152
      1335       1413       1414       1444       1443
      1336       1414       1415       1445       1444
      1337       1415       1416       1446       1445
      1338       1416       1417       1447       1446
      1339       1417       1418       1448       1447
      1340       1418       1419       1449       1448
      1341       1419       1420       1450       1449
      1342       1420       1421       1451       1450
      1343       1421       1422       1452       1451
      1344       1422       1423       1453       1452
      1345       1423       1424       1454       1453
      1346       1424       1425       1455       1454
      1347       1425       1426       1456       1455
      1348       1426       1427       1457       1456
      1349       1427       1428       1458       1457
      1350       1428       1429       1459       1458
      1351       1429       1430       1460       1459
      1352       1430       1431       1461       1460
      1353       1431       1432       1462       1461
      1354       1432       1433       1463       1462
      1355       1433       1434       1464       1463
      1356       1434       1435       1465       1464
      1357       1435       1436       1466       1465
      1358       1436       1437       1467       1466
      1359       1437       1438       1468       1467
      1360       1438       1439       1469       1468
      1361       1439       1440       1470       1469
      1362       1440       1441       1471       1470
      1363       1441       1442       1472       1471
      1364       1442         35         34       1472
      1365        152       1443         79         78
      1366       1443       1444         80         79
      1367       1444       1445         81         80
      1368       1445       1446         82         81
      1369       1446       1447         83         82
      1370       1447       1448         84         83
      1371       1448       1449         85         84
      1372       1449       1450         86         85
      1373       1450       1451         87         86
      1374       1451       1452         88         87
      1375       1452       1453         89         88
      1376       1453       1454         90         89
      1377       1454       1455         91         90
      1378       1455       1456         92         91
      1379       1456       1457         93         92
      1380       1457       1458         94         93
      1381       1458       1459         95         94
      1382       1459       1460         96         95
      1383       1460       1461         97         96
      1384       1461       1462         98         97
      1385       1462       1463         99         98
      1386       1463       1464        100         99
      1387       1464       1465        101        100
      1388       1465       1466        102        101
      1389       1466       1467        103        102
      1390       1467       1468        104        103
      1391       1468       1469        105        104
      1392       1469       1470        106        105
      1393       1470       1471        107        106
      1394       1471       1472        108        107
      1395       1472         34         33        108
