-65396.208232 
-64422.965526 
-63534.483049 
-62730.725184 
-62011.659729 
-61377.257886 
-60827.494263 
-60362.346861 
-59981.797072 
-59685.829680 
-59474.432850 
-59347.598132 
-59305.320456 
-59347.598132 
-59474.432850 
-59685.829680 
-59981.797072 
-60362.346861 
-60827.494263 
-61377.257886 
-62011.659729 
-62730.725184 
-63534.483049 
-64422.965526 
-65396.208232 
-63447.299670 
-62474.355972 
-61586.146382 
-60782.635315 
-60063.790600 
-59429.583466 
-58879.988543 
-58414.983853 
-58034.550806 
-57738.674198 
-57527.342206 
-57400.546388 
-57358.281677 
-57400.546388 
-57527.342206 
-57738.674198 
-58034.550806 
-58414.983853 
-58879.988543 
-59429.583466 
-60063.790600 
-60782.635315 
-61586.146382 
-62474.355972 
-63447.299670 
-61580.157409 
-60607.500002 
-59719.551692 
-58916.276927 
-58197.643564 
-57563.622858 
-57014.189461 
-56549.321413 
-56169.000142 
-55873.210457 
-55661.940545 
-55535.181972 
-55492.929677 
-55535.181972 
-55661.940545 
-55873.210457 
-56169.000142 
-56549.321413 
-57014.189461 
-57563.622858 
-58197.643564 
-58916.276927 
-59719.551692 
-60607.500002 
-61580.157409 
-59794.709279 
-58822.325478 
-57934.626872 
-57131.577941 
-56413.146567 
-55779.304029 
-55230.025001 
-54765.287542 
-54385.073095 
-54089.366482 
-53878.155901 
-53751.432924 
-53709.192493 
-53751.432924 
-53878.155901 
-54089.366482 
-54385.073095 
-54765.287542 
-55230.025001 
-55779.304029 
-56413.146567 
-57131.577941 
-57934.626872 
-58822.325478 
-59794.709279 
-58090.886345 
-57118.763499 
-56231.303052 
-55428.469511 
-54710.230785 
-54076.558177 
-53527.426380 
-53062.813472 
-52682.700910 
-52387.073528 
-52175.919533 
-52049.230505 
-52007.001390 
-52049.230505 
-52175.919533 
-52387.073528 
-52682.700910 
-53062.813472 
-53527.426380 
-54076.558177 
-54710.230785 
-55428.469511 
-56231.303052 
-57118.763499 
-58090.886345 
-56468.622900 
-55496.748386 
-54609.514578 
-53806.886010 
-53088.830615 
-52455.319718 
-51906.328031 
-51441.833649 
-51061.818044 
-50766.266061 
-50555.165916 
-50428.509195 
-50386.290849 
-50428.509195 
-50555.165916 
-50766.266061 
-51061.818044 
-51441.833649 
-51906.328031 
-52455.319718 
-53088.830615 
-53806.886010 
-54609.514578 
-55496.748386 
-56468.622900 
-54927.856443 
-53956.217669 
-53069.199008 
-52266.765019 
-51548.883658 
-50915.526271 
-50366.667590 
-49902.285724 
-49522.362159 
-49226.881752 
-49015.832727 
-48889.206675 
-48846.998551 
-48889.206675 
-49015.832727 
-49226.881752 
-49522.362159 
-49902.285724 
-50366.667590 
-50915.526271 
-51548.883658 
-52266.765019 
-53069.199008 
-53956.217669 
-54927.856443 
-53468.527676 
-52497.112077 
-51610.297094 
-50808.047312 
-50090.330709 
-49457.118651 
-48908.385885 
-48444.110539 
-48064.274108 
-47768.861461 
-47557.860830 
-47431.263813 
-47389.065367 
-47431.263813 
-47557.860830 
-47768.861461 
-48064.274108 
-48444.110539 
-48908.385885 
-49457.118651 
-50090.330709 
-50808.047312 
-51610.297094 
-52497.112077 
-53468.527676 
-52090.580485 
-51119.375521 
-50232.752773 
-49430.676848 
-48713.115746 
-48080.040850 
-47531.426926 
-47067.252113 
-46687.497921 
-46392.149227 
-46181.194271 
-46054.624657 
-46012.435345 
-46054.624657 
-46181.194271 
-46392.149227 
-46687.497921 
-47067.252113 
-47531.426926 
-48080.040850 
-48713.115746 
-49430.676848 
-50232.752773 
-51119.375521 
-52090.580485 
-50793.961936 
-49822.955091 
-48936.513155 
-48134.600757 
-47417.185916 
-46784.240033 
-46235.737889 
-45771.657637 
-45391.980797 
-45096.692256 
-44885.780262 
-44759.236423 
-44717.055702 
-44759.236423 
-44885.780262 
-45096.692256 
-45391.980797 
-45771.657637 
-46235.737889 
-46784.240033 
-47417.185916 
-48134.600757 
-48936.513155 
-49822.955091 
-50793.961936 
-49578.622257 
-48607.801040 
-47721.528515 
-46919.769333 
-46202.491530 
-45569.666526 
-45021.269113 
-44557.277459 
-44177.673094 
-43882.440913 
-43671.569172 
-43545.049482 
-43502.876811 
-43545.049482 
-43671.569172 
-43882.440913 
-44177.673094 
-44557.277459 
-45021.269113 
-45569.666526 
-46202.491530 
-46919.769333 
-47721.528515 
-48607.801040 
-49578.622257 
-48444.514838 
-47473.866776 
-46587.752281 
-45786.136021 
-45068.986050 
-44436.273802 
-43887.974085 
-43424.065076 
-43044.528317 
-42749.348711 
-42538.514518 
-42412.017355 
-42369.852193 
-42412.017355 
-42538.514518 
-42749.348711 
-43044.528317 
-43424.065076 
-43887.974085 
-44436.273802 
-45068.986050 
-45786.136021 
-46587.752281 
-47473.866776 
-48444.514838 
-47391.596211 
-46421.108854 
-45535.141025 
-44733.657410 
-44016.626079 
-43384.018480 
-42835.809434 
-42371.977128 
-41992.503113 
-41697.372300 
-41486.572955 
-41360.096700 
-41317.938507 
-41360.096700 
-41486.572955 
-41697.372300 
-41992.503113 
-42371.977128 
-42835.809434 
-43384.018480 
-44016.626079 
-44733.657410 
-45535.141025 
-46421.108854 
-47391.596211 
-46419.826052 
-45449.486967 
-44563.654457 
-43762.293225 
-43045.371356 
-42412.860310 
-41864.734919 
-41400.973382 
-41021.557258 
-40726.471464 
-40515.704271 
-40389.247306 
-40347.095542 
-40389.247306 
-40515.704271 
-40726.471464 
-41021.557258 
-41400.973382 
-41864.734919 
-42412.860310 
-43045.371356 
-43762.293225 
-44563.654457 
-45449.486967 
-46419.826052 
-45529.167166 
-44558.963937 
-43673.255416 
-42872.006319 
-42155.184745 
-41522.762167 
-40974.713428 
-40511.016734 
-40131.653652 
-39836.609107 
-39625.871375 
-39499.432084 
-39457.286212 
-39499.432084 
-39625.871375 
-39836.609107 
-40131.653652 
-40511.016734 
-40974.713428 
-41522.762167 
-42155.184745 
-42872.006319 
-43673.255416 
-44558.963937 
-45529.167166 
-44719.585483 
-43749.505710 
-42863.909861 
-42062.762665 
-41346.032232 
-40713.690047 
-40165.710963 
-39702.073193 
-39322.758313 
-39027.751252 
-38817.040291 
-38690.617061 
-38648.476543 
-38690.617061 
-38817.040291 
-39027.751252 
-39322.758313 
-39702.073193 
-40165.710963 
-40713.690047 
-41346.032232 
-42062.762665 
-42863.909861 
-43749.505710 
-44719.585483 
-43991.050052 
-43021.081349 
-42135.586867 
-41334.531348 
-40617.882913 
-39985.613056 
-39437.696638 
-38974.111882 
-38594.840367 
-38299.867030 
-38089.180154 
-37962.771374 
-37920.635672 
-37962.771374 
-38089.180154 
-38299.867030 
-38594.840367 
-38974.111882 
-39437.696638 
-39985.613056 
-40617.882913 
-41334.531348 
-42135.586867 
-43021.081349 
-43991.050052 
-43343.533033 
-42373.663027 
-41488.258620 
-40687.284565 
-39970.708994 
-39338.503407 
-38790.642675 
-38327.105026 
-37947.872046 
-37652.928675 
-37442.263201 
-37315.867262 
-37273.735840 
-37315.867262 
-37442.263201 
-37652.928675 
-37947.872046 
-38327.105026 
-38790.642675 
-39338.503407 
-39970.708994 
-40687.284565 
-41488.258620 
-42373.663027 
-43343.533033 
-42777.009692 
-41807.226021 
-40921.900408 
-40120.997614 
-39404.485779 
-38772.336413 
-38224.524392 
-37761.027950 
-37381.828678 
-37086.911521 
-36876.264769 
-36749.880062 
-36707.752383 
-36749.880062 
-36876.264769 
-37086.911521 
-37381.828678 
-37761.027950 
-38224.524392 
-38772.336413 
-39404.485779 
-40120.997614 
-40921.900408 
-41807.226021 
-42777.009692 
-42291.458398 
-41321.748711 
-40436.490618 
-39635.648890 
-38919.191673 
-38287.090484 
-37739.320205 
-37275.859074 
-36896.688689 
-36601.793994 
-36391.163285 
-36264.788203 
-36222.663733 
-36264.788203 
-36391.163285 
-36601.793994 
-36896.688689 
-37275.859074 
-37739.320205 
-38287.090484 
-38919.191673 
-39635.648890 
-40436.490618 
-41321.748711 
-42291.458398 
-41886.860619 
-40917.212571 
-40032.010733 
-39231.219882 
-38514.808171 
-37882.747122 
-37335.011620 
-36871.579910 
-36492.433591 
-36197.557611 
-35986.940269 
-35860.573206 
-35818.451409 
-35860.573206 
-35986.940269 
-36197.557611 
-36492.433591 
-36871.579910 
-37335.011620 
-37882.747122 
-38514.808171 
-39231.219882 
-40032.010733 
-40917.212571 
-41886.860619 
-41563.200914 
-40593.602170 
-39708.445329 
-38907.695173 
-38191.319860 
-37559.290916 
-37011.583232 
-36548.175054 
-36169.047984 
-35874.186975 
-35663.580324 
-35537.219675 
-35495.100016 
-35537.219675 
-35663.580324 
-35874.186975 
-36169.047984 
-36548.175054 
-37011.583232 
-37559.290916 
-38191.319860 
-38907.695173 
-39708.445329 
-40593.602170 
-41563.200914 
-41320.466937 
-40350.905165 
-39465.782067 
-38665.062428 
-37948.714410 
-37316.709543 
-36769.022718 
-36305.632187 
-35926.519553 
-35631.669769 
-35421.071136 
-35294.715297 
-35252.597241 
-35294.715297 
-35421.071136 
-35631.669769 
-35926.519553 
-36305.632187 
-36769.022718 
-37316.709543 
-37948.714410 
-38665.062428 
-39465.782067 
-40350.905165 
-41320.466937 
-41158.649428 
-40189.112303 
-39304.011697 
-38503.312401 
-37786.982578 
-37154.993760 
-36607.320841 
-36143.942074 
-35764.839062 
-35469.996761 
-35259.403472 
-35133.050840 
-35090.933853 
-35133.050840 
-35259.403472 
-35469.996761 
-35764.839062 
-36143.942074 
-36607.320841 
-37154.993760 
-37786.982578 
-38503.312401 
-39304.011697 
-40189.112303 
-41158.649428 
-41077.742217 
-40108.217413 
-39223.128054 
-38422.438928 
-37706.118202 
-37074.137409 
-36526.471442 
-36063.098556 
-35684.000355 
-35389.161796 
-35178.571179 
-35052.220150 
-35010.103697 
-35052.220150 
-35178.571179 
-35389.161796 
-35684.000355 
-36063.098556 
-36526.471442 
-37074.137409 
-37706.118202 
-38422.438928 
-39223.128054 
-40108.217413 
-41077.742217 
-41077.742217 
-40108.217413 
-39223.128054 
-38422.438928 
-37706.118202 
-37074.137409 
-36526.471442 
-36063.098556 
-35684.000355 
-35389.161796 
-35178.571179 
-35052.220150 
-35010.103697 
-35052.220150 
-35178.571179 
-35389.161796 
-35684.000355 
-36063.098556 
-36526.471442 
-37074.137409 
-37706.118202 
-38422.438928 
-39223.128054 
-40108.217413 
-41077.742217 
-41158.649428 
-40189.112303 
-39304.011697 
-38503.312401 
-37786.982578 
-37154.993760 
-36607.320841 
-36143.942074 
-35764.839062 
-35469.996761 
-35259.403472 
-35133.050840 
-35090.933853 
-35133.050840 
-35259.403472 
-35469.996761 
-35764.839062 
-36143.942074 
-36607.320841 
-37154.993760 
-37786.982578 
-38503.312401 
-39304.011697 
-40189.112303 
-41158.649428 
-41320.466937 
-40350.905165 
-39465.782067 
-38665.062428 
-37948.714410 
-37316.709543 
-36769.022718 
-36305.632187 
-35926.519553 
-35631.669769 
-35421.071136 
-35294.715297 
-35252.597241 
-35294.715297 
-35421.071136 
-35631.669769 
-35926.519553 
-36305.632187 
-36769.022718 
-37316.709543 
-37948.714410 
-38665.062428 
-39465.782067 
-40350.905165 
-41320.466937 
-41563.200914 
-40593.602170 
-39708.445329 
-38907.695173 
-38191.319860 
-37559.290916 
-37011.583232 
-36548.175054 
-36169.047984 
-35874.186975 
-35663.580324 
-35537.219675 
-35495.100016 
-35537.219675 
-35663.580324 
-35874.186975 
-36169.047984 
-36548.175054 
-37011.583232 
-37559.290916 
-38191.319860 
-38907.695173 
-39708.445329 
-40593.602170 
-41563.200914 
-41886.860619 
-40917.212571 
-40032.010733 
-39231.219882 
-38514.808171 
-37882.747122 
-37335.011620 
-36871.579910 
-36492.433591 
-36197.557611 
-35986.940269 
-35860.573206 
-35818.451409 
-35860.573206 
-35986.940269 
-36197.557611 
-36492.433591 
-36871.579910 
-37335.011620 
-37882.747122 
-38514.808171 
-39231.219882 
-40032.010733 
-40917.212571 
-41886.860619 
-42291.458398 
-41321.748711 
-40436.490618 
-39635.648890 
-38919.191673 
-38287.090484 
-37739.320205 
-37275.859074 
-36896.688689 
-36601.793994 
-36391.163285 
-36264.788203 
-36222.663733 
-36264.788203 
-36391.163285 
-36601.793994 
-36896.688689 
-37275.859074 
-37739.320205 
-38287.090484 
-38919.191673 
-39635.648890 
-40436.490618 
-41321.748711 
-42291.458398 
-42777.009692 
-41807.226021 
-40921.900408 
-40120.997614 
-39404.485779 
-38772.336413 
-38224.524392 
-37761.027950 
-37381.828678 
-37086.911521 
-36876.264769 
-36749.880062 
-36707.752383 
-36749.880062 
-36876.264769 
-37086.911521 
-37381.828678 
-37761.027950 
-38224.524392 
-38772.336413 
-39404.485779 
-40120.997614 
-40921.900408 
-41807.226021 
-42777.009692 
-43343.533033 
-42373.663027 
-41488.258620 
-40687.284565 
-39970.708994 
-39338.503407 
-38790.642675 
-38327.105026 
-37947.872046 
-37652.928675 
-37442.263201 
-37315.867262 
-37273.735840 
-37315.867262 
-37442.263201 
-37652.928675 
-37947.872046 
-38327.105026 
-38790.642675 
-39338.503407 
-39970.708994 
-40687.284565 
-41488.258620 
-42373.663027 
-43343.533033 
-43991.050052 
-43021.081349 
-42135.586867 
-41334.531348 
-40617.882913 
-39985.613056 
-39437.696638 
-38974.111882 
-38594.840367 
-38299.867030 
-38089.180154 
-37962.771374 
-37920.635672 
-37962.771374 
-38089.180154 
-38299.867030 
-38594.840367 
-38974.111882 
-39437.696638 
-39985.613056 
-40617.882913 
-41334.531348 
-42135.586867 
-43021.081349 
-43991.050052 
-44719.585483 
-43749.505710 
-42863.909861 
-42062.762665 
-41346.032232 
-40713.690047 
-40165.710963 
-39702.073193 
-39322.758313 
-39027.751252 
-38817.040291 
-38690.617061 
-38648.476543 
-38690.617061 
-38817.040291 
-39027.751252 
-39322.758313 
-39702.073193 
-40165.710963 
-40713.690047 
-41346.032232 
-42062.762665 
-42863.909861 
-43749.505710 
-44719.585483 
-45529.167166 
-44558.963937 
-43673.255416 
-42872.006319 
-42155.184745 
-41522.762167 
-40974.713428 
-40511.016734 
-40131.653652 
-39836.609107 
-39625.871375 
-39499.432084 
-39457.286212 
-39499.432084 
-39625.871375 
-39836.609107 
-40131.653652 
-40511.016734 
-40974.713428 
-41522.762167 
-42155.184745 
-42872.006319 
-43673.255416 
-44558.963937 
-45529.167166 
-46419.826052 
-45449.486967 
-44563.654457 
-43762.293225 
-43045.371356 
-42412.860310 
-41864.734919 
-41400.973382 
-41021.557258 
-40726.471464 
-40515.704271 
-40389.247306 
-40347.095542 
-40389.247306 
-40515.704271 
-40726.471464 
-41021.557258 
-41400.973382 
-41864.734919 
-42412.860310 
-43045.371356 
-43762.293225 
-44563.654457 
-45449.486967 
-46419.826052 
-47391.596211 
-46421.108854 
-45535.141025 
-44733.657410 
-44016.626079 
-43384.018480 
-42835.809434 
-42371.977128 
-41992.503113 
-41697.372300 
-41486.572955 
-41360.096700 
-41317.938507 
-41360.096700 
-41486.572955 
-41697.372300 
-41992.503113 
-42371.977128 
-42835.809434 
-43384.018480 
-44016.626079 
-44733.657410 
-45535.141025 
-46421.108854 
-47391.596211 
-48444.514838 
-47473.866776 
-46587.752281 
-45786.136021 
-45068.986050 
-44436.273802 
-43887.974085 
-43424.065076 
-43044.528317 
-42749.348711 
-42538.514518 
-42412.017355 
-42369.852193 
-42412.017355 
-42538.514518 
-42749.348711 
-43044.528317 
-43424.065076 
-43887.974085 
-44436.273802 
-45068.986050 
-45786.136021 
-46587.752281 
-47473.866776 
-48444.514838 
-49578.622257 
-48607.801040 
-47721.528515 
-46919.769333 
-46202.491530 
-45569.666526 
-45021.269113 
-44557.277459 
-44177.673094 
-43882.440913 
-43671.569172 
-43545.049482 
-43502.876811 
-43545.049482 
-43671.569172 
-43882.440913 
-44177.673094 
-44557.277459 
-45021.269113 
-45569.666526 
-46202.491530 
-46919.769333 
-47721.528515 
-48607.801040 
-49578.622257 
-50793.961936 
-49822.955091 
-48936.513155 
-48134.600757 
-47417.185916 
-46784.240033 
-46235.737889 
-45771.657637 
-45391.980797 
-45096.692256 
-44885.780262 
-44759.236423 
-44717.055702 
-44759.236423 
-44885.780262 
-45096.692256 
-45391.980797 
-45771.657637 
-46235.737889 
-46784.240033 
-47417.185916 
-48134.600757 
-48936.513155 
-49822.955091 
-50793.961936 
-52090.580485 
-51119.375521 
-50232.752773 
-49430.676848 
-48713.115746 
-48080.040850 
-47531.426926 
-47067.252113 
-46687.497921 
-46392.149227 
-46181.194271 
-46054.624657 
-46012.435345 
-46054.624657 
-46181.194271 
-46392.149227 
-46687.497921 
-47067.252113 
-47531.426926 
-48080.040850 
-48713.115746 
-49430.676848 
-50232.752773 
-51119.375521 
-52090.580485 
-53468.527676 
-52497.112077 
-51610.297094 
-50808.047312 
-50090.330709 
-49457.118651 
-48908.385885 
-48444.110539 
-48064.274108 
-47768.861461 
-47557.860830 
-47431.263813 
-47389.065367 
-47431.263813 
-47557.860830 
-47768.861461 
-48064.274108 
-48444.110539 
-48908.385885 
-49457.118651 
-50090.330709 
-50808.047312 
-51610.297094 
-52497.112077 
-53468.527676 
-54927.856443 
-53956.217669 
-53069.199008 
-52266.765019 
-51548.883658 
-50915.526271 
-50366.667590 
-49902.285724 
-49522.362159 
-49226.881752 
-49015.832727 
-48889.206675 
-48846.998551 
-48889.206675 
-49015.832727 
-49226.881752 
-49522.362159 
-49902.285724 
-50366.667590 
-50915.526271 
-51548.883658 
-52266.765019 
-53069.199008 
-53956.217669 
-54927.856443 
-56468.622900 
-55496.748386 
-54609.514578 
-53806.886010 
-53088.830615 
-52455.319718 
-51906.328031 
-51441.833649 
-51061.818044 
-50766.266061 
-50555.165916 
-50428.509195 
-50386.290849 
-50428.509195 
-50555.165916 
-50766.266061 
-51061.818044 
-51441.833649 
-51906.328031 
-52455.319718 
-53088.830615 
-53806.886010 
-54609.514578 
-55496.748386 
-56468.622900 
-58090.886345 
-57118.763499 
-56231.303052 
-55428.469511 
-54710.230785 
-54076.558177 
-53527.426380 
-53062.813472 
-52682.700910 
-52387.073528 
-52175.919533 
-52049.230505 
-52007.001390 
-52049.230505 
-52175.919533 
-52387.073528 
-52682.700910 
-53062.813472 
-53527.426380 
-54076.558177 
-54710.230785 
-55428.469511 
-56231.303052 
-57118.763499 
-58090.886345 
-59794.709279 
-58822.325478 
-57934.626872 
-57131.577941 
-56413.146567 
-55779.304029 
-55230.025001 
-54765.287542 
-54385.073095 
-54089.366482 
-53878.155901 
-53751.432924 
-53709.192493 
-53751.432924 
-53878.155901 
-54089.366482 
-54385.073095 
-54765.287542 
-55230.025001 
-55779.304029 
-56413.146567 
-57131.577941 
-57934.626872 
-58822.325478 
-59794.709279 
-61580.157409 
-60607.500002 
-59719.551692 
-58916.276927 
-58197.643564 
-57563.622858 
-57014.189461 
-56549.321413 
-56169.000142 
-55873.210457 
-55661.940545 
-55535.181972 
-55492.929677 
-55535.181972 
-55661.940545 
-55873.210457 
-56169.000142 
-56549.321413 
-57014.189461 
-57563.622858 
-58197.643564 
-58916.276927 
-59719.551692 
-60607.500002 
-61580.157409 
-63447.299670 
-62474.355972 
-61586.146382 
-60782.635315 
-60063.790600 
-59429.583466 
-58879.988543 
-58414.983853 
-58034.550806 
-57738.674198 
-57527.342206 
-57400.546388 
-57358.281677 
-57400.546388 
-57527.342206 
-57738.674198 
-58034.550806 
-58414.983853 
-58879.988543 
-59429.583466 
-60063.790600 
-60782.635315 
-61586.146382 
-62474.355972 
-63447.299670 
-65396.208232 
-64422.965526 
-63534.483049 
-62730.725184 
-62011.659729 
-61377.257886 
-60827.494263 
-60362.346861 
-59981.797072 
-59685.829680 
-59474.432850 
-59347.598132 
-59305.320456 
-59347.598132 
-59474.432850 
-59685.829680 
-59981.797072 
-60362.346861 
-60827.494263 
-61377.257886 
-62011.659729 
-62730.725184 
-63534.483049 
-64422.965526 
-65396.208232 
