       943
        32      24431      24432      24416      24415
        64      24552      24553      24537      24536
        96      24672      24673      24657      24656
       128      24793      24794      24778      24777
       160      24913      24914      24898      24897
       192      25034      25035      25019      25018
       224      25154      25155      25139      25138
       256      25275      25276      25260      25259
       288      24536      24537      24486      24485
       320      24656      24657      24607      24606
       352      24777      24778      24727      24726
       384      24897      24898      24848      24847
       416      25018      25019      24968      24967
       448      25138      25139      25089      25088
       480      25259      25260      25209      25208
       512      25379      25380      25330      25329
       544      24469      24470      24432      24431
       576      24590      24591      24553      24552
       608      24710      24711      24673      24672
       640      24831      24832      24794      24793
       672      24951      24952      24914      24913
       704      25072      25073      25035      25034
       736      25192      25193      25155      25154
       768      25313      25314      25276      25275
       800      24485      24486      24470      24469
       832      24606      24607      24591      24590
       864      24726      24727      24711      24710
       896      24847      24848      24832      24831
       928      24967      24968      24952      24951
       960      25088      25089      25073      25072
       992      25208      25209      25193      25192
      1024      25329      25330      25314      25313
      1056      24468      24469      24431      24415
      1088      24589      24590      24552      24536
      1120      24709      24710      24672      24656
      1152      24830      24831      24793      24777
      1184      24950      24951      24913      24897
      1216      25071      25072      25034      25018
      1248      25191      25192      25154      25138
      1280      25312      25313      25275      25259
      1312      24536      24485      24469      24468
      1344      24656      24606      24590      24589
      1376      24777      24726      24710      24709
      1408      24897      24847      24831      24830
      1440      25018      24967      24951      24950
      1472      25138      25088      25072      25071
      1504      25259      25208      25192      25191
      1536      25379      25329      25313      25312
      1800      24467      24468      24415      24414
      1808      24535      24536      24468      24467
      1816      24588      24589      24536      24535
      1824      24655      24656      24589      24588
      1832      24708      24709      24656      24655
      1840      24776      24777      24709      24708
      1848      24829      24830      24777      24776
      1856      24896      24897      24830      24829
      1864      24949      24950      24897      24896
      1872      25017      25018      24950      24949
      1880      25070      25071      25018      25017
      1888      25137      25138      25071      25070
      1896      25190      25191      25138      25137
      1904      25258      25259      25191      25190
      1912      25311      25312      25259      25258
      1920      25378      25379      25312      25311
      2320      24448      24449      24396      24395
      2336      24516      24517      24449      24448
      2352      24569      24570      24517      24516
      2368      24636      24637      24570      24569
      2384      24689      24690      24637      24636
      2400      24757      24758      24690      24689
      2416      24810      24811      24758      24757
      2432      24877      24878      24811      24810
      2448      24930      24931      24878      24877
      2464      24998      24999      24931      24930
      2480      25051      25052      24999      24998
      2496      25118      25119      25052      25051
      2512      25171      25172      25119      25118
      2528      25239      25240      25172      25171
      2544      25292      25293      25240      25239
      2560      25359      25360      25293      25292
      2576      24449      24450      24397      24396
      2592      24517      24518      24450      24449
      2608      24570      24571      24518      24517
      2624      24637      24638      24571      24570
      2640      24690      24691      24638      24637
      2656      24758      24759      24691      24690
      2672      24811      24812      24759      24758
      2688      24878      24879      24812      24811
      2704      24931      24932      24879      24878
      2720      24999      25000      24932      24931
      2736      25052      25053      25000      24999
      2752      25119      25120      25053      25052
      2768      25172      25173      25120      25119
      2784      25240      25241      25173      25172
      2800      25293      25294      25241      25240
      2816      25360      25361      25294      25293
      2832      24450      24451      24398      24397
      2848      24518      24519      24451      24450
      2864      24571      24572      24519      24518
      2880      24638      24639      24572      24571
      2896      24691      24692      24639      24638
      2912      24759      24760      24692      24691
      2928      24812      24813      24760      24759
      2944      24879      24880      24813      24812
      2960      24932      24933      24880      24879
      2976      25000      25001      24933      24932
      2992      25053      25054      25001      25000
      3008      25120      25121      25054      25053
      3024      25173      25174      25121      25120
      3040      25241      25242      25174      25173
      3056      25294      25295      25242      25241
      3072      25361      25362      25295      25294
      3088      24451      24452      24399      24398
      3104      24519      24520      24452      24451
      3120      24572      24573      24520      24519
      3136      24639      24640      24573      24572
      3152      24692      24693      24640      24639
      3168      24760      24761      24693      24692
      3184      24813      24814      24761      24760
      3200      24880      24881      24814      24813
      3216      24933      24934      24881      24880
      3232      25001      25002      24934      24933
      3248      25054      25055      25002      25001
      3264      25121      25122      25055      25054
      3280      25174      25175      25122      25121
      3296      25242      25243      25175      25174
      3312      25295      25296      25243      25242
      3328      25362      25363      25296      25295
      3344      24452      24453      24400      24399
      3360      24520      24521      24453      24452
      3376      24573      24574      24521      24520
      3392      24640      24641      24574      24573
      3408      24693      24694      24641      24640
      3424      24761      24762      24694      24693
      3440      24814      24815      24762      24761
      3456      24881      24882      24815      24814
      3472      24934      24935      24882      24881
      3488      25002      25003      24935      24934
      3504      25055      25056      25003      25002
      3520      25122      25123      25056      25055
      3536      25175      25176      25123      25122
      3552      25243      25244      25176      25175
      3568      25296      25297      25244      25243
      3584      25363      25364      25297      25296
      3600      24453      24454      24401      24400
      3616      24521      24522      24454      24453
      3632      24574      24575      24522      24521
      3648      24641      24642      24575      24574
      3664      24694      24695      24642      24641
      3680      24762      24763      24695      24694
      3696      24815      24816      24763      24762
      3712      24882      24883      24816      24815
      3728      24935      24936      24883      24882
      3744      25003      25004      24936      24935
      3760      25056      25057      25004      25003
      3776      25123      25124      25057      25056
      3792      25176      25177      25124      25123
      3808      25244      25245      25177      25176
      3824      25297      25298      25245      25244
      3840      25364      25365      25298      25297
      3856      24454      24455      24402      24401
      3872      24522      24523      24455      24454
      3888      24575      24576      24523      24522
      3904      24642      24643      24576      24575
      3920      24695      24696      24643      24642
      3936      24763      24764      24696      24695
      3952      24816      24817      24764      24763
      3968      24883      24884      24817      24816
      3984      24936      24937      24884      24883
      4000      25004      25005      24937      24936
      4016      25057      25058      25005      25004
      4032      25124      25125      25058      25057
      4048      25177      25178      25125      25124
      4064      25245      25246      25178      25177
      4080      25298      25299      25246      25245
      4096      25365      25366      25299      25298
      4112      24455      24456      24403      24402
      4128      24523      24524      24456      24455
      4144      24576      24577      24524      24523
      4160      24643      24644      24577      24576
      4176      24696      24697      24644      24643
      4192      24764      24765      24697      24696
      4208      24817      24818      24765      24764
      4224      24884      24885      24818      24817
      4240      24937      24938      24885      24884
      4256      25005      25006      24938      24937
      4272      25058      25059      25006      25005
      4288      25125      25126      25059      25058
      4304      25178      25179      25126      25125
      4320      25246      25247      25179      25178
      4336      25299      25300      25247      25246
      4352      25366      25367      25300      25299
      4368      24456      24457      24404      24403
      4384      24524      24525      24457      24456
      4400      24577      24578      24525      24524
      4416      24644      24645      24578      24577
      4432      24697      24698      24645      24644
      4448      24765      24766      24698      24697
      4464      24818      24819      24766      24765
      4480      24885      24886      24819      24818
      4496      24938      24939      24886      24885
      4512      25006      25007      24939      24938
      4528      25059      25060      25007      25006
      4544      25126      25127      25060      25059
      4560      25179      25180      25127      25126
      4576      25247      25248      25180      25179
      4592      25300      25301      25248      25247
      4608      25367      25368      25301      25300
      4624      24457      24458      24405      24404
      4640      24525      24526      24458      24457
      4656      24578      24579      24526      24525
      4672      24645      24646      24579      24578
      4688      24698      24699      24646      24645
      4704      24766      24767      24699      24698
      4720      24819      24820      24767      24766
      4736      24886      24887      24820      24819
      4752      24939      24940      24887      24886
      4768      25007      25008      24940      24939
      4784      25060      25061      25008      25007
      4800      25127      25128      25061      25060
      4816      25180      25181      25128      25127
      4832      25248      25249      25181      25180
      4848      25301      25302      25249      25248
      4864      25368      25369      25302      25301
      4880      24458      24459      24406      24405
      4896      24526      24527      24459      24458
      4912      24579      24580      24527      24526
      4928      24646      24647      24580      24579
      4944      24699      24700      24647      24646
      4960      24767      24768      24700      24699
      4976      24820      24821      24768      24767
      4992      24887      24888      24821      24820
      5008      24940      24941      24888      24887
      5024      25008      25009      24941      24940
      5040      25061      25062      25009      25008
      5056      25128      25129      25062      25061
      5072      25181      25182      25129      25128
      5088      25249      25250      25182      25181
      5104      25302      25303      25250      25249
      5120      25369      25370      25303      25302
      5136      24459      24460      24407      24406
      5152      24527      24528      24460      24459
      5168      24580      24581      24528      24527
      5184      24647      24648      24581      24580
      5200      24700      24701      24648      24647
      5216      24768      24769      24701      24700
      5232      24821      24822      24769      24768
      5248      24888      24889      24822      24821
      5264      24941      24942      24889      24888
      5280      25009      25010      24942      24941
      5296      25062      25063      25010      25009
      5312      25129      25130      25063      25062
      5328      25182      25183      25130      25129
      5344      25250      25251      25183      25182
      5360      25303      25304      25251      25250
      5376      25370      25371      25304      25303
      5392      24460      24461      24408      24407
      5408      24528      24529      24461      24460
      5424      24581      24582      24529      24528
      5440      24648      24649      24582      24581
      5456      24701      24702      24649      24648
      5472      24769      24770      24702      24701
      5488      24822      24823      24770      24769
      5504      24889      24890      24823      24822
      5520      24942      24943      24890      24889
      5536      25010      25011      24943      24942
      5552      25063      25064      25011      25010
      5568      25130      25131      25064      25063
      5584      25183      25184      25131      25130
      5600      25251      25252      25184      25183
      5616      25304      25305      25252      25251
      5632      25371      25372      25305      25304
      5648      24461      24462      24409      24408
      5664      24529      24530      24462      24461
      5680      24582      24583      24530      24529
      5696      24649      24650      24583      24582
      5712      24702      24703      24650      24649
      5728      24770      24771      24703      24702
      5744      24823      24824      24771      24770
      5760      24890      24891      24824      24823
      5776      24943      24944      24891      24890
      5792      25011      25012      24944      24943
      5808      25064      25065      25012      25011
      5824      25131      25132      25065      25064
      5840      25184      25185      25132      25131
      5856      25252      25253      25185      25184
      5872      25305      25306      25253      25252
      5888      25372      25373      25306      25305
      5904      24462      24463      24410      24409
      5920      24530      24531      24463      24462
      5936      24583      24584      24531      24530
      5952      24650      24651      24584      24583
      5968      24703      24704      24651      24650
      5984      24771      24772      24704      24703
      6000      24824      24825      24772      24771
      6016      24891      24892      24825      24824
      6032      24944      24945      24892      24891
      6048      25012      25013      24945      24944
      6064      25065      25066      25013      25012
      6080      25132      25133      25066      25065
      6096      25185      25186      25133      25132
      6112      25253      25254      25186      25185
      6128      25306      25307      25254      25253
      6144      25373      25374      25307      25306
      6160      24463      24464      24411      24410
      6176      24531      24532      24464      24463
      6192      24584      24585      24532      24531
      6208      24651      24652      24585      24584
      6224      24704      24705      24652      24651
      6240      24772      24773      24705      24704
      6256      24825      24826      24773      24772
      6272      24892      24893      24826      24825
      6288      24945      24946      24893      24892
      6304      25013      25014      24946      24945
      6320      25066      25067      25014      25013
      6336      25133      25134      25067      25066
      6352      25186      25187      25134      25133
      6368      25254      25255      25187      25186
      6384      25307      25308      25255      25254
      6400      25374      25375      25308      25307
      6416      24464      24465      24412      24411
      6432      24532      24533      24465      24464
      6448      24585      24586      24533      24532
      6464      24652      24653      24586      24585
      6480      24705      24706      24653      24652
      6496      24773      24774      24706      24705
      6512      24826      24827      24774      24773
      6528      24893      24894      24827      24826
      6544      24946      24947      24894      24893
      6560      25014      25015      24947      24946
      6576      25067      25068      25015      25014
      6592      25134      25135      25068      25067
      6608      25187      25188      25135      25134
      6624      25255      25256      25188      25187
      6640      25308      25309      25256      25255
      6656      25375      25376      25309      25308
      6672      24465      24466      24413      24412
      6688      24533      24534      24466      24465
      6704      24586      24587      24534      24533
      6720      24653      24654      24587      24586
      6736      24706      24707      24654      24653
      6752      24774      24775      24707      24706
      6768      24827      24828      24775      24774
      6784      24894      24895      24828      24827
      6800      24947      24948      24895      24894
      6816      25015      25016      24948      24947
      6832      25068      25069      25016      25015
      6848      25135      25136      25069      25068
      6864      25188      25189      25136      25135
      6880      25256      25257      25189      25188
      6896      25309      25310      25257      25256
      6912      25376      25377      25310      25309
      6928      24466      24467      24414      24413
      6944      24534      24535      24467      24466
      6960      24587      24588      24535      24534
      6976      24654      24655      24588      24587
      6992      24707      24708      24655      24654
      7008      24775      24776      24708      24707
      7024      24828      24829      24776      24775
      7040      24895      24896      24829      24828
      7056      24948      24949      24896      24895
      7072      25016      25017      24949      24948
      7088      25069      25070      25017      25016
      7104      25136      25137      25070      25069
      7120      25189      25190      25137      25136
      7136      25257      25258      25190      25189
      7152      25310      25311      25258      25257
      7168      25377      25378      25311      25310
      7176      24501      24502      24382      24381
      7184      24622      24623      24502      24501
      7192      24742      24743      24623      24622
      7200      24863      24864      24743      24742
      7208      24983      24984      24864      24863
      7216      25104      25105      24984      24983
      7224      25224      25225      25105      25104
      7232      25345      25346      25225      25224
      7240      24502      24503      24383      24382
      7248      24623      24624      24503      24502
      7256      24743      24744      24624      24623
      7264      24864      24865      24744      24743
      7272      24984      24985      24865      24864
      7280      25105      25106      24985      24984
      7288      25225      25226      25106      25105
      7296      25346      25347      25226      25225
      7304      24503      24504      24384      24383
      7312      24624      24625      24504      24503
      7320      24744      24745      24625      24624
      7328      24865      24866      24745      24744
      7336      24985      24986      24866      24865
      7344      25106      25107      24986      24985
      7352      25226      25227      25107      25106
      7360      25347      25348      25227      25226
      7368      24504      24505      24385      24384
      7376      24625      24626      24505      24504
      7384      24745      24746      24626      24625
      7392      24866      24867      24746      24745
      7400      24986      24987      24867      24866
      7408      25107      25108      24987      24986
      7416      25227      25228      25108      25107
      7424      25348      25349      25228      25227
      7432      24505      24506      24386      24385
      7440      24626      24627      24506      24505
      7448      24746      24747      24627      24626
      7456      24867      24868      24747      24746
      7464      24987      24988      24868      24867
      7472      25108      25109      24988      24987
      7480      25228      25229      25109      25108
      7488      25349      25350      25229      25228
      7496      24506      24507      24387      24386
      7504      24627      24628      24507      24506
      7512      24747      24748      24628      24627
      7520      24868      24869      24748      24747
      7528      24988      24989      24869      24868
      7536      25109      25110      24989      24988
      7544      25229      25230      25110      25109
      7552      25350      25351      25230      25229
      7560      24507      24508      24388      24387
      7568      24628      24629      24508      24507
      7576      24748      24749      24629      24628
      7584      24869      24870      24749      24748
      7592      24989      24990      24870      24869
      7600      25110      25111      24990      24989
      7608      25230      25231      25111      25110
      7616      25351      25352      25231      25230
      7624      24508      24509      24389      24388
      7632      24629      24630      24509      24508
      7640      24749      24750      24630      24629
      7648      24870      24871      24750      24749
      7656      24990      24991      24871      24870
      7664      25111      25112      24991      24990
      7672      25231      25232      25112      25111
      7680      25352      25353      25232      25231
      7688      24509      24510      24390      24389
      7696      24630      24631      24510      24509
      7704      24750      24751      24631      24630
      7712      24871      24872      24751      24750
      7720      24991      24992      24872      24871
      7728      25112      25113      24992      24991
      7736      25232      25233      25113      25112
      7744      25353      25354      25233      25232
      7752      24510      24511      24391      24390
      7760      24631      24632      24511      24510
      7768      24751      24752      24632      24631
      7776      24872      24873      24752      24751
      7784      24992      24993      24873      24872
      7792      25113      25114      24993      24992
      7800      25233      25234      25114      25113
      7808      25354      25355      25234      25233
      7816      24511      24512      24392      24391
      7824      24632      24633      24512      24511
      7832      24752      24753      24633      24632
      7840      24873      24874      24753      24752
      7848      24993      24994      24874      24873
      7856      25114      25115      24994      24993
      7864      25234      25235      25115      25114
      7872      25355      25356      25235      25234
      7880      24512      24513      24393      24392
      7888      24633      24634      24513      24512
      7896      24753      24754      24634      24633
      7904      24874      24875      24754      24753
      7912      24994      24995      24875      24874
      7920      25115      25116      24995      24994
      7928      25235      25236      25116      25115
      7936      25356      25357      25236      25235
      7952      24447      24448      24395      24394
      7968      24688      24689      24636      24635
      7984      24929      24930      24877      24876
      8000      25170      25171      25118      25117
      8016      24635      24636      24569      24568
      8032      24876      24877      24810      24809
      8048      25117      25118      25051      25050
      8064      25358      25359      25292      25291
      8080      24515      24516      24448      24447
      8096      24756      24757      24689      24688
      8112      24997      24998      24930      24929
      8128      25238      25239      25171      25170
      8144      24568      24569      24516      24515
      8160      24809      24810      24757      24756
      8176      25050      25051      24998      24997
      8192      25291      25292      25239      25238
      8208      24514      24515      24447      24394
      8224      24755      24756      24688      24635
      8240      24996      24997      24929      24876
      8256      25237      25238      25170      25117
      8272      24635      24568      24515      24514
      8288      24876      24809      24756      24755
      8304      25117      25050      24997      24996
      8320      25358      25291      25238      25237
      8388      24513      24514      24394      24393
      8392      24634      24635      24514      24513
      8396      24754      24755      24635      24634
      8400      24875      24876      24755      24754
      8404      24995      24996      24876      24875
      8408      25116      25117      24996      24995
      8412      25236      25237      25117      25116
      8416      25357      25358      25237      25236
      8544      24445      24446      24430      24429
      8576      24483      24484      24446      24445
      8608      24499      24500      24484      24483
      8640      24550      24551      24500      24499
      8672      24566      24567      24551      24550
      8704      24604      24605      24567      24566
      8736      24620      24621      24605      24604
      8768      24670      24671      24621      24620
      8800      24686      24687      24671      24670
      8832      24724      24725      24687      24686
      8864      24740      24741      24725      24724
      8896      24791      24792      24741      24740
      8928      24807      24808      24792      24791
      8960      24845      24846      24808      24807
      8992      24861      24862      24846      24845
      9024      24911      24912      24862      24861
      9056      24927      24928      24912      24911
      9088      24965      24966      24928      24927
      9120      24981      24982      24966      24965
      9152      25032      25033      24982      24981
      9184      25048      25049      25033      25032
      9216      25086      25087      25049      25048
      9248      25102      25103      25087      25086
      9280      25152      25153      25103      25102
      9312      25168      25169      25153      25152
      9344      25206      25207      25169      25168
      9376      25222      25223      25207      25206
      9408      25273      25274      25223      25222
      9440      25289      25290      25274      25273
      9472      25327      25328      25290      25289
      9504      25343      25344      25328      25327
      9536      25393      25394      25344      25343
      9568      24432      24433      24417      24416
      9600      24470      24471      24433      24432
      9632      24486      24487      24471      24470
      9664      24537      24538      24487      24486
      9696      24553      24554      24538      24537
      9728      24591      24592      24554      24553
      9760      24607      24608      24592      24591
      9792      24657      24658      24608      24607
      9824      24673      24674      24658      24657
      9856      24711      24712      24674      24673
      9888      24727      24728      24712      24711
      9920      24778      24779      24728      24727
      9952      24794      24795      24779      24778
      9984      24832      24833      24795      24794
     10016      24848      24849      24833      24832
     10048      24898      24899      24849      24848
     10080      24914      24915      24899      24898
     10112      24952      24953      24915      24914
     10144      24968      24969      24953      24952
     10176      25019      25020      24969      24968
     10208      25035      25036      25020      25019
     10240      25073      25074      25036      25035
     10272      25089      25090      25074      25073
     10304      25139      25140      25090      25089
     10336      25155      25156      25140      25139
     10368      25193      25194      25156      25155
     10400      25209      25210      25194      25193
     10432      25260      25261      25210      25209
     10464      25276      25277      25261      25260
     10496      25314      25315      25277      25276
     10528      25330      25331      25315      25314
     10560      25380      25381      25331      25330
     10592      24433      24434      24418      24417
     10624      24471      24472      24434      24433
     10656      24487      24488      24472      24471
     10688      24538      24539      24488      24487
     10720      24554      24555      24539      24538
     10752      24592      24593      24555      24554
     10784      24608      24609      24593      24592
     10816      24658      24659      24609      24608
     10848      24674      24675      24659      24658
     10880      24712      24713      24675      24674
     10912      24728      24729      24713      24712
     10944      24779      24780      24729      24728
     10976      24795      24796      24780      24779
     11008      24833      24834      24796      24795
     11040      24849      24850      24834      24833
     11072      24899      24900      24850      24849
     11104      24915      24916      24900      24899
     11136      24953      24954      24916      24915
     11168      24969      24970      24954      24953
     11200      25020      25021      24970      24969
     11232      25036      25037      25021      25020
     11264      25074      25075      25037      25036
     11296      25090      25091      25075      25074
     11328      25140      25141      25091      25090
     11360      25156      25157      25141      25140
     11392      25194      25195      25157      25156
     11424      25210      25211      25195      25194
     11456      25261      25262      25211      25210
     11488      25277      25278      25262      25261
     11520      25315      25316      25278      25277
     11552      25331      25332      25316      25315
     11584      25381      25382      25332      25331
     11616      24434      24435      24419      24418
     11648      24472      24473      24435      24434
     11680      24488      24489      24473      24472
     11712      24539      24540      24489      24488
     11744      24555      24556      24540      24539
     11776      24593      24594      24556      24555
     11808      24609      24610      24594      24593
     11840      24659      24660      24610      24609
     11872      24675      24676      24660      24659
     11904      24713      24714      24676      24675
     11936      24729      24730      24714      24713
     11968      24780      24781      24730      24729
     12000      24796      24797      24781      24780
     12032      24834      24835      24797      24796
     12064      24850      24851      24835      24834
     12096      24900      24901      24851      24850
     12128      24916      24917      24901      24900
     12160      24954      24955      24917      24916
     12192      24970      24971      24955      24954
     12224      25021      25022      24971      24970
     12256      25037      25038      25022      25021
     12288      25075      25076      25038      25037
     12320      25091      25092      25076      25075
     12352      25141      25142      25092      25091
     12384      25157      25158      25142      25141
     12416      25195      25196      25158      25157
     12448      25211      25212      25196      25195
     12480      25262      25263      25212      25211
     12512      25278      25279      25263      25262
     12544      25316      25317      25279      25278
     12576      25332      25333      25317      25316
     12608      25382      25383      25333      25332
     12640      24435      24436      24420      24419
     12672      24473      24474      24436      24435
     12704      24489      24490      24474      24473
     12736      24540      24541      24490      24489
     12768      24556      24557      24541      24540
     12800      24594      24595      24557      24556
     12832      24610      24611      24595      24594
     12864      24660      24661      24611      24610
     12896      24676      24677      24661      24660
     12928      24714      24715      24677      24676
     12960      24730      24731      24715      24714
     12992      24781      24782      24731      24730
     13024      24797      24798      24782      24781
     13056      24835      24836      24798      24797
     13088      24851      24852      24836      24835
     13120      24901      24902      24852      24851
     13152      24917      24918      24902      24901
     13184      24955      24956      24918      24917
     13216      24971      24972      24956      24955
     13248      25022      25023      24972      24971
     13280      25038      25039      25023      25022
     13312      25076      25077      25039      25038
     13344      25092      25093      25077      25076
     13376      25142      25143      25093      25092
     13408      25158      25159      25143      25142
     13440      25196      25197      25159      25158
     13472      25212      25213      25197      25196
     13504      25263      25264      25213      25212
     13536      25279      25280      25264      25263
     13568      25317      25318      25280      25279
     13600      25333      25334      25318      25317
     13632      25383      25384      25334      25333
     13664      24436      24437      24421      24420
     13696      24474      24475      24437      24436
     13728      24490      24491      24475      24474
     13760      24541      24542      24491      24490
     13792      24557      24558      24542      24541
     13824      24595      24596      24558      24557
     13856      24611      24612      24596      24595
     13888      24661      24662      24612      24611
     13920      24677      24678      24662      24661
     13952      24715      24716      24678      24677
     13984      24731      24732      24716      24715
     14016      24782      24783      24732      24731
     14048      24798      24799      24783      24782
     14080      24836      24837      24799      24798
     14112      24852      24853      24837      24836
     14144      24902      24903      24853      24852
     14176      24918      24919      24903      24902
     14208      24956      24957      24919      24918
     14240      24972      24973      24957      24956
     14272      25023      25024      24973      24972
     14304      25039      25040      25024      25023
     14336      25077      25078      25040      25039
     14368      25093      25094      25078      25077
     14400      25143      25144      25094      25093
     14432      25159      25160      25144      25143
     14464      25197      25198      25160      25159
     14496      25213      25214      25198      25197
     14528      25264      25265      25214      25213
     14560      25280      25281      25265      25264
     14592      25318      25319      25281      25280
     14624      25334      25335      25319      25318
     14656      25384      25385      25335      25334
     14688      24437      24438      24422      24421
     14720      24475      24476      24438      24437
     14752      24491      24492      24476      24475
     14784      24542      24543      24492      24491
     14816      24558      24559      24543      24542
     14848      24596      24597      24559      24558
     14880      24612      24613      24597      24596
     14912      24662      24663      24613      24612
     14944      24678      24679      24663      24662
     14976      24716      24717      24679      24678
     15008      24732      24733      24717      24716
     15040      24783      24784      24733      24732
     15072      24799      24800      24784      24783
     15104      24837      24838      24800      24799
     15136      24853      24854      24838      24837
     15168      24903      24904      24854      24853
     15200      24919      24920      24904      24903
     15232      24957      24958      24920      24919
     15264      24973      24974      24958      24957
     15296      25024      25025      24974      24973
     15328      25040      25041      25025      25024
     15360      25078      25079      25041      25040
     15392      25094      25095      25079      25078
     15424      25144      25145      25095      25094
     15456      25160      25161      25145      25144
     15488      25198      25199      25161      25160
     15520      25214      25215      25199      25198
     15552      25265      25266      25215      25214
     15584      25281      25282      25266      25265
     15616      25319      25320      25282      25281
     15648      25335      25336      25320      25319
     15680      25385      25386      25336      25335
     15712      24438      24439      24423      24422
     15744      24476      24477      24439      24438
     15776      24492      24493      24477      24476
     15808      24543      24544      24493      24492
     15840      24559      24560      24544      24543
     15872      24597      24598      24560      24559
     15904      24613      24614      24598      24597
     15936      24663      24664      24614      24613
     15968      24679      24680      24664      24663
     16000      24717      24718      24680      24679
     16032      24733      24734      24718      24717
     16064      24784      24785      24734      24733
     16096      24800      24801      24785      24784
     16128      24838      24839      24801      24800
     16160      24854      24855      24839      24838
     16192      24904      24905      24855      24854
     16224      24920      24921      24905      24904
     16256      24958      24959      24921      24920
     16288      24974      24975      24959      24958
     16320      25025      25026      24975      24974
     16352      25041      25042      25026      25025
     16384      25079      25080      25042      25041
     16416      25095      25096      25080      25079
     16448      25145      25146      25096      25095
     16480      25161      25162      25146      25145
     16512      25199      25200      25162      25161
     16544      25215      25216      25200      25199
     16576      25266      25267      25216      25215
     16608      25282      25283      25267      25266
     16640      25320      25321      25283      25282
     16672      25336      25337      25321      25320
     16704      25386      25387      25337      25336
     16736      24439      24440      24424      24423
     16768      24477      24478      24440      24439
     16800      24493      24494      24478      24477
     16832      24544      24545      24494      24493
     16864      24560      24561      24545      24544
     16896      24598      24599      24561      24560
     16928      24614      24615      24599      24598
     16960      24664      24665      24615      24614
     16992      24680      24681      24665      24664
     17024      24718      24719      24681      24680
     17056      24734      24735      24719      24718
     17088      24785      24786      24735      24734
     17120      24801      24802      24786      24785
     17152      24839      24840      24802      24801
     17184      24855      24856      24840      24839
     17216      24905      24906      24856      24855
     17248      24921      24922      24906      24905
     17280      24959      24960      24922      24921
     17312      24975      24976      24960      24959
     17344      25026      25027      24976      24975
     17376      25042      25043      25027      25026
     17408      25080      25081      25043      25042
     17440      25096      25097      25081      25080
     17472      25146      25147      25097      25096
     17504      25162      25163      25147      25146
     17536      25200      25201      25163      25162
     17568      25216      25217      25201      25200
     17600      25267      25268      25217      25216
     17632      25283      25284      25268      25267
     17664      25321      25322      25284      25283
     17696      25337      25338      25322      25321
     17728      25387      25388      25338      25337
     17760      24440      24441      24425      24424
     17792      24478      24479      24441      24440
     17824      24494      24495      24479      24478
     17856      24545      24546      24495      24494
     17888      24561      24562      24546      24545
     17920      24599      24600      24562      24561
     17952      24615      24616      24600      24599
     17984      24665      24666      24616      24615
     18016      24681      24682      24666      24665
     18048      24719      24720      24682      24681
     18080      24735      24736      24720      24719
     18112      24786      24787      24736      24735
     18144      24802      24803      24787      24786
     18176      24840      24841      24803      24802
     18208      24856      24857      24841      24840
     18240      24906      24907      24857      24856
     18272      24922      24923      24907      24906
     18304      24960      24961      24923      24922
     18336      24976      24977      24961      24960
     18368      25027      25028      24977      24976
     18400      25043      25044      25028      25027
     18432      25081      25082      25044      25043
     18464      25097      25098      25082      25081
     18496      25147      25148      25098      25097
     18528      25163      25164      25148      25147
     18560      25201      25202      25164      25163
     18592      25217      25218      25202      25201
     18624      25268      25269      25218      25217
     18656      25284      25285      25269      25268
     18688      25322      25323      25285      25284
     18720      25338      25339      25323      25322
     18752      25388      25389      25339      25338
     18784      24441      24442      24426      24425
     18816      24479      24480      24442      24441
     18848      24495      24496      24480      24479
     18880      24546      24547      24496      24495
     18912      24562      24563      24547      24546
     18944      24600      24601      24563      24562
     18976      24616      24617      24601      24600
     19008      24666      24667      24617      24616
     19040      24682      24683      24667      24666
     19072      24720      24721      24683      24682
     19104      24736      24737      24721      24720
     19136      24787      24788      24737      24736
     19168      24803      24804      24788      24787
     19200      24841      24842      24804      24803
     19232      24857      24858      24842      24841
     19264      24907      24908      24858      24857
     19296      24923      24924      24908      24907
     19328      24961      24962      24924      24923
     19360      24977      24978      24962      24961
     19392      25028      25029      24978      24977
     19424      25044      25045      25029      25028
     19456      25082      25083      25045      25044
     19488      25098      25099      25083      25082
     19520      25148      25149      25099      25098
     19552      25164      25165      25149      25148
     19584      25202      25203      25165      25164
     19616      25218      25219      25203      25202
     19648      25269      25270      25219      25218
     19680      25285      25286      25270      25269
     19712      25323      25324      25286      25285
     19744      25339      25340      25324      25323
     19776      25389      25390      25340      25339
     19808      24442      24443      24427      24426
     19840      24480      24481      24443      24442
     19872      24496      24497      24481      24480
     19904      24547      24548      24497      24496
     19936      24563      24564      24548      24547
     19968      24601      24602      24564      24563
     20000      24617      24618      24602      24601
     20032      24667      24668      24618      24617
     20064      24683      24684      24668      24667
     20096      24721      24722      24684      24683
     20128      24737      24738      24722      24721
     20160      24788      24789      24738      24737
     20192      24804      24805      24789      24788
     20224      24842      24843      24805      24804
     20256      24858      24859      24843      24842
     20288      24908      24909      24859      24858
     20320      24924      24925      24909      24908
     20352      24962      24963      24925      24924
     20384      24978      24979      24963      24962
     20416      25029      25030      24979      24978
     20448      25045      25046      25030      25029
     20480      25083      25084      25046      25045
     20512      25099      25100      25084      25083
     20544      25149      25150      25100      25099
     20576      25165      25166      25150      25149
     20608      25203      25204      25166      25165
     20640      25219      25220      25204      25203
     20672      25270      25271      25220      25219
     20704      25286      25287      25271      25270
     20736      25324      25325      25287      25286
     20768      25340      25341      25325      25324
     20800      25390      25391      25341      25340
     20832      24443      24444      24428      24427
     20864      24481      24482      24444      24443
     20896      24497      24498      24482      24481
     20928      24548      24549      24498      24497
     20960      24564      24565      24549      24548
     20992      24602      24603      24565      24564
     21024      24618      24619      24603      24602
     21056      24668      24669      24619      24618
     21088      24684      24685      24669      24668
     21120      24722      24723      24685      24684
     21152      24738      24739      24723      24722
     21184      24789      24790      24739      24738
     21216      24805      24806      24790      24789
     21248      24843      24844      24806      24805
     21280      24859      24860      24844      24843
     21312      24909      24910      24860      24859
     21344      24925      24926      24910      24909
     21376      24963      24964      24926      24925
     21408      24979      24980      24964      24963
     21440      25030      25031      24980      24979
     21472      25046      25047      25031      25030
     21504      25084      25085      25047      25046
     21536      25100      25101      25085      25084
     21568      25150      25151      25101      25100
     21600      25166      25167      25151      25150
     21632      25204      25205      25167      25166
     21664      25220      25221      25205      25204
     21696      25271      25272      25221      25220
     21728      25287      25288      25272      25271
     21760      25325      25326      25288      25287
     21792      25341      25342      25326      25325
     21824      25391      25392      25342      25341
     21856      24444      24445      24429      24428
     21888      24482      24483      24445      24444
     21920      24498      24499      24483      24482
     21952      24549      24550      24499      24498
     21984      24565      24566      24550      24549
     22016      24603      24604      24566      24565
     22048      24619      24620      24604      24603
     22080      24669      24670      24620      24619
     22112      24685      24686      24670      24669
     22144      24723      24724      24686      24685
     22176      24739      24740      24724      24723
     22208      24790      24791      24740      24739
     22240      24806      24807      24791      24790
     22272      24844      24845      24807      24806
     22304      24860      24861      24845      24844
     22336      24910      24911      24861      24860
     22368      24926      24927      24911      24910
     22400      24964      24965      24927      24926
     22432      24980      24981      24965      24964
     22464      25031      25032      24981      24980
     22496      25047      25048      25032      25031
     22528      25085      25086      25048      25047
     22560      25101      25102      25086      25085
     22592      25151      25152      25102      25101
     22624      25167      25168      25152      25151
     22656      25205      25206      25168      25167
     22688      25221      25222      25206      25205
     22720      25272      25273      25222      25221
     22752      25288      25289      25273      25272
     22784      25326      25327      25289      25288
     22816      25342      25343      25327      25326
