        64
      7169       3165       3044          1        121
      7170       6216       6096       3044       3165
      7171       9260       9139       6096       6216
      7172      12311      12191       9139       9260
      7173      15355      15234      12191      12311
      7174      18406      18286      15234      15355
      7175      21450      21329      18286      18406
      7176      24501      24381      21329      21450
      7177       3287       3165        121        242
      7178       6337       6216       3165       3287
      7179       9382       9260       6216       6337
      7180      12432      12311       9260       9382
      7181      15477      15355      12311      12432
      7182      18527      18406      15355      15477
      7183      21572      21450      18406      18527
      7184      24622      24501      21450      21572
      7185       3408       3287        242        362
      7186       6457       6337       3287       3408
      7187       9503       9382       6337       6457
      7188      12552      12432       9382       9503
      7189      15598      15477      12432      12552
      7190      18647      18527      15477      15598
      7191      21693      21572      18527      18647
      7192      24742      24622      21572      21693
      7193       3530       3408        362        483
      7194       6578       6457       3408       3530
      7195       9625       9503       6457       6578
      7196      12673      12552       9503       9625
      7197      15720      15598      12552      12673
      7198      18768      18647      15598      15720
      7199      21815      21693      18647      18768
      7200      24863      24742      21693      21815
      7201       3651       3530        483        603
      7202       6698       6578       3530       3651
      7203       9746       9625       6578       6698
      7204      12793      12673       9625       9746
      7205      15841      15720      12673      12793
      7206      18888      18768      15720      15841
      7207      21936      21815      18768      18888
      7208      24983      24863      21815      21936
      7209       3773       3651        603        724
      7210       6819       6698       3651       3773
      7211       9868       9746       6698       6819
      7212      12914      12793       9746       9868
      7213      15963      15841      12793      12914
      7214      19009      18888      15841      15963
      7215      22058      21936      18888      19009
      7216      25104      24983      21936      22058
      7217       3894       3773        724        844
      7218       6939       6819       3773       3894
      7219       9989       9868       6819       6939
      7220      13034      12914       9868       9989
      7221      16084      15963      12914      13034
      7222      19129      19009      15963      16084
      7223      22179      22058      19009      19129
      7224      25224      25104      22058      22179
      7225       4016       3894        844        965
      7226       7060       6939       3894       4016
      7227      10111       9989       6939       7060
      7228      13155      13034       9989      10111
      7229      16206      16084      13034      13155
      7230      19250      19129      16084      16206
      7231      22301      22179      19129      19250
      7232      25345      25224      22179      22301
