    36.9609000   -122.0000000 
    36.9542000   -121.9730000 
    36.9707000   -121.9540000 
    36.9772000   -121.9400000 
    36.9775000   -121.9300000 
    36.9634000   -121.8980000 
    36.9316000   -121.8640000 
    36.8537000   -121.8150000 
    36.8514000   -121.8100000 
    36.8074000   -121.7900000 
    36.7571000   -121.8050000 
    36.7525000   -121.8040000 
    36.7518000   -121.8080000 
    36.7126000   -121.8090000 
    36.6807000   -121.8160000 
    36.6479000   -121.8320000 
    36.6124000   -121.8600000 
    36.6042000   -121.8750000 
    36.6025000   -121.8880000 
    36.6232000   -121.9030000 
    36.6251000   -121.9130000 
    36.6366000   -121.9240000 
    36.6390000   -121.9350000 
    36.6365000   -121.9400000 
    36.6295000   -121.9390000 
    36.6268000   -121.9440000 
    36.6119000   -121.9490000 
    36.6116000   -121.9570000 
    36.6082000   -121.9610000 
    36.5849000   -121.9680000 
    36.5850000   -121.9740000 
    36.5805000   -121.9800000 
    36.5685000   -121.9720000 
    36.5592000   -121.9530000 
    36.5650000   -121.9490000 
    36.5642000   -121.9430000 
    36.5605000   -121.9420000 
    36.5610000   -121.9360000 
    36.5520000   -121.9310000 
    36.5394000   -121.9340000 
    36.5358000   -121.9290000 
    36.5264000   -121.9270000 
    36.5250000   -121.9380000 
    36.5219000   -121.9400000 
    36.5251000   -121.9550000 
    36.5205000   -121.9560000 
    36.5049000   -121.9410000 
    36.4984000   -121.9390000 
    36.4916000   -121.9470000 
    36.4882000   -121.9430000 
    36.4696000   -121.9370000 
    36.4602000   -121.9280000 
    36.4484000   -121.9300000 
    36.4258000   -121.9160000 
    36.4172000   -121.9190000 
    36.4024000   -121.9150000 
    36.3979000   -121.9070000 
    36.3924000   -121.9040000 
    36.3819000   -121.9040000 
    36.3737000   -121.9080000 
    36.3645000   -121.9040000 
    36.3565000   -121.9080000 
    36.3374000   -121.8930000 
    36.3132000   -121.8970000 
    36.3086000   -121.9000000 
    36.3087000   -121.9040000 
    36.3043000   -121.9030000 
    36.3017000   -121.8880000 
    36.2888000   -121.8760000 
    36.2794000   -121.8620000 
    36.2766000   -121.8520000 
    36.2594000   -121.8400000 
    36.2477000   -121.8360000 
    36.2385000   -121.8170000 
    36.2342000   -121.8140000 
    36.2317000   -121.8060000 
    36.2334000   -121.7970000 
    36.2276000   -121.7870000 
    36.2270000   -121.7800000 
    36.2101000   -121.7540000 
    36.2100000   -121.7480000 
    36.1950000   -121.7180000 
    36.1745000   -121.6990000 
    36.1620000   -121.6770000 
    36.1261000   -121.6460000 
    36.1193000   -121.6350000 
    36.1018000   -121.6250000 
    36.0866000   -121.6220000 
    36.0710000   -121.6070000 
    36.0633000   -121.5940000 
    36.0529000   -121.5910000 
    36.0485000   -121.5940000 
    36.0416000   -121.5840000 
    36.0217000   -121.5740000 
    36.0184000   -121.5670000 
    36.0185000   -121.5530000 
    36.0142000   -121.5360000 
    36.0000000   -121.5050000 
    35.9700000   -121.4880000 
    35.9501000   -121.4850000 
    35.9336000   -121.4760000 
    35.9302000   -121.4790000 
    35.9265000   -121.4700000 
    35.9234000   -121.4700000 
    35.9190000   -121.4760000 
    35.8968000   -121.4630000 
    35.8878000   -121.4650000 
    35.8704000   -121.4470000 
    35.8587000   -121.4260000 
    35.8558000   -121.4150000 
    35.8218000   -121.3880000 
    35.8158000   -121.3760000 
    35.8103000   -121.3730000 
    35.8050000   -121.3580000 
    35.7834000   -121.3330000 
    35.7698000   -121.3260000 
    35.7599000   -121.3280000 
    35.7553000   -121.3180000 
    35.7497000   -121.3160000 
    35.7452000   -121.3210000 
    35.7377000   -121.3170000 
    35.7272000   -121.3190000 
    35.7209000   -121.3140000 
    35.7144000   -121.3180000 
    35.6926000   -121.2930000 
    35.6643000   -121.2850000 
    35.6671000   -121.2810000 
    35.6662000   -121.2720000 
    35.6638000   -121.2610000 
    35.6543000   -121.2500000 
    35.6521000   -121.2430000 
    35.6510000   -121.2200000 
    35.6343000   -121.1960000 
    35.6359000   -121.1930000 
    35.6410000   -121.1940000 
    35.6428000   -121.1910000 
    35.6366000   -121.1690000 
    35.6056000   -121.1450000 
    35.6000000   -121.1330000 
    35.5929000   -121.1260000 
    35.5828000   -121.1230000 
    35.5756000   -121.1150000 
    35.5605000   -121.1070000 
    35.5517000   -121.1050000 
    35.5095000   -121.0610000 
    35.5033000   -121.0480000 
    35.4900000   -121.0400000 
    35.4834000   -121.0260000 
    35.4600000   -121.0060000 
    35.4588000   -120.9700000 
    35.4513000   -120.9540000 
    35.4463000   -120.9500000 
    35.4480000   -120.9070000 
    35.4312000   -120.8860000 
    35.3971000   -120.8670000 
    35.3814000   -120.8630000 
    35.3740000   -120.8650000 
    35.3722000   -120.8720000 
    35.3680000   -120.8720000 
    35.3672000   -120.8680000 
    35.3723000   -120.8630000 
    35.3712000   -120.8580000 
    35.3425000   -120.8430000 
    35.3404000   -120.8360000 
    35.3424000   -120.8340000 
    35.3389000   -120.8280000 
    35.3330000   -120.8350000 
    35.3324000   -120.8450000 
    35.3239000   -120.8450000 
    35.3195000   -120.8620000 
    35.3146000   -120.8670000 
    35.3263000   -120.8610000 
    35.3446000   -120.8580000 
    35.3688000   -120.8590000 
    35.3700000   -120.8630000 
    35.3480000   -120.8640000 
    35.3165000   -120.8730000 
    35.2946000   -120.8820000 
    35.2812000   -120.8920000 
    35.2755000   -120.8920000 
    35.2750000   -120.8960000 
    35.2623000   -120.8960000 
    35.2571000   -120.9010000 
    35.2498000   -120.8980000 
    35.2478000   -120.9000000 
    35.2344000   -120.8870000 
    35.2313000   -120.8800000 
    35.2190000   -120.8700000 
    35.2164000   -120.8620000 
    35.2132000   -120.8630000 
    35.2090000   -120.8590000 
    35.1872000   -120.8150000 
    35.1779000   -120.7870000 
    35.1680000   -120.7800000 
    35.1624000   -120.7700000 
    35.1593000   -120.7540000 
    35.1716000   -120.7560000 
    35.1781000   -120.7490000 
    35.1789000   -120.7360000 
    35.1742000   -120.7260000 
    35.1745000   -120.7060000 
    35.1581000   -120.6850000 
    35.1530000   -120.6730000 
    35.1514000   -120.6580000 
    35.1438000   -120.6470000 
    35.1351000   -120.6410000 
    35.1040000   -120.6310000 
    35.0513000   -120.6320000 
    34.9858000   -120.6460000 
    34.9393000   -120.6620000 
    34.9304000   -120.6690000 
    34.9262000   -120.6650000 
    34.9026000   -120.6740000 
    34.8999000   -120.6730000 
    34.9000000   -120.6480000 
    34.8879000   -120.6410000 
    34.8807000   -120.6420000 
    34.8616000   -120.6130000 
    34.8407000   -120.6120000 
    34.8076000   -120.6200000 
    34.7578000   -120.6400000 
    34.7495000   -120.6310000 
    34.7451000   -120.6330000 
    34.7385000   -120.6290000 
    34.7316000   -120.6170000 
    34.7129000   -120.6090000 
    34.7073000   -120.6020000 
    34.6932000   -120.6040000 
    34.6924000   -120.5990000 
    34.6895000   -120.6070000 
    34.6498000   -120.6200000 
    34.6112000   -120.6380000 
    34.6037000   -120.6450000 
    34.5924000   -120.6430000 
    34.5861000   -120.6480000 
    34.5790000   -120.6470000 
    34.5765000   -120.6530000 
    34.5715000   -120.6410000 
    34.5637000   -120.6420000 
    34.5594000   -120.6390000 
    34.5606000   -120.6340000 
    34.5534000   -120.6250000 
    34.5523000   -120.6180000 
    34.5570000   -120.6020000 
    34.5566000   -120.5820000 
    34.5506000   -120.5680000 
    34.5400000   -120.5550000 
    34.5391000   -120.5420000 
    34.5233000   -120.5120000 
    34.5123000   -120.5030000 
    34.4942000   -120.4980000 
    34.4923000   -120.4930000 
    34.4880000   -120.4920000 
    34.4807000   -120.4810000 
    34.4743000   -120.4770000 
    34.4481000   -120.4730000 
    34.4483000   -120.4640000 
    34.4417000   -120.4550000 
    34.4510000   -120.4450000 
    34.4492000   -120.4210000 
    34.4526000   -120.4180000 
    34.4542000   -120.4090000 
    34.4584000   -120.3380000 
    34.4615000   -120.3340000 
    34.4657000   -120.3040000 
    34.4698000   -120.2970000 
    34.4665000   -120.2770000 
    34.4709000   -120.2190000 
    34.4682000   -120.1720000 
    34.4734000   -120.1410000 
    34.4699000   -120.1170000 
    34.4599000   -120.0930000 
    34.4590000   -120.0790000 
    34.4631000   -120.0690000 
    34.4608000   -120.0610000 
    34.4624000   -120.0340000 
    34.4574000   -120.0230000 
    34.4618000   -120.0170000 
    34.4601000   -120.0060000 
    34.4558000   -120.0000000 
    34.4558000   -120.0000000 
    34.4491000   -119.9910000 
    34.4482000   -119.9810000 
    34.4357000   -119.9580000 
    34.4348000   -119.9300000 
    34.4316000   -119.9210000 
    34.4166000   -119.8890000 
    34.4067000   -119.8810000 
    34.4085000   -119.8640000 
    34.4033000   -119.8450000 
    34.4143000   -119.8380000 
    34.4167000   -119.7960000 
    34.4017000   -119.7440000 
    34.3941000   -119.7280000 
    34.3941000   -119.7140000 
    34.3952000   -119.7050000 
    34.4008000   -119.6990000 
    34.4027000   -119.6920000 
    34.4073000   -119.6930000 
    34.4116000   -119.6880000 
    34.4151000   -119.6730000 
    34.4150000   -119.6350000 
    34.4201000   -119.6150000 
    34.4184000   -119.5980000 
    34.4116000   -119.5800000 
    34.4142000   -119.5660000 
    34.3952000   -119.5380000 
    34.3933000   -119.5280000 
    34.3861000   -119.5160000 
    34.3818000   -119.4900000 
    34.3720000   -119.4800000 
    34.3752000   -119.4720000 
    34.3717000   -119.4590000 
    34.3544000   -119.4450000 
    34.3541000   -119.4310000 
    34.3176000   -119.3920000 
    34.3193000   -119.3730000 
    34.3024000   -119.3500000 
    34.2901000   -119.3410000 
    34.2826000   -119.3220000 
    34.2777000   -119.3180000 
    34.2726000   -119.3050000 
    34.2732000   -119.2890000 
    34.2616000   -119.2760000 
    34.2512000   -119.2720000 
    34.2510000   -119.2680000 
    34.2445000   -119.2600000 
    34.2402000   -119.2650000 
    34.2473000   -119.2670000 
    34.2459000   -119.2710000 
    34.2232000   -119.2650000 
    34.1675000   -119.2360000 
    34.1497000   -119.2230000 
    34.1442000   -119.2160000 
    34.1416000   -119.1960000 
    34.0992000   -119.1330000 
    34.0932000   -119.1090000 
    34.0983000   -119.0990000 
    34.0976000   -119.0900000 
    34.0840000   -119.0640000 
    34.0815000   -119.0380000 
    34.0651000   -119.0100000 
    34.0659000   -119.0030000 
    34.0588000   -118.9800000 
    34.0464000   -118.9560000 
    34.0422000   -118.9400000 
    34.0447000   -118.9270000 
    34.0406000   -118.9180000 
    34.0382000   -118.8780000 
    34.0331000   -118.8510000 
    34.0002000   -118.8080000 
    34.0057000   -118.8040000 
    34.0086000   -118.7940000 
    34.0206000   -118.7860000 
    34.0257000   -118.7570000 
    34.0332000   -118.7430000 
    34.0288000   -118.7100000 
    34.0314000   -118.7000000 
    34.0306000   -118.6830000 
    34.0381000   -118.6730000 
    34.0355000   -118.6120000 
    34.0390000   -118.6010000 
    34.0367000   -118.5860000 
    34.0399000   -118.5740000 
    34.0374000   -118.5450000 
    34.0338000   -118.5350000 
    34.0287000   -118.5240000 
    34.0118000   -118.5010000 
    34.0067000   -118.4990000 
    34.0064000   -118.4940000 
    34.0000000   -118.4870000 
    34.0000000   -118.4870000 
    34.0000000   -118.4870000 
    33.9950000   -118.4860000 
    33.9916000   -118.4790000 
    33.9858000   -118.4770000 
    33.9646000   -118.4580000 
    33.9691000   -118.4490000 
    33.9720000   -118.4490000 
    33.9725000   -118.4530000 
    33.9733000   -118.4490000 
    33.9775000   -118.4520000 
    33.9783000   -118.4490000 
    33.9800000   -118.4530000 
    33.9825000   -118.4500000 
    33.9838000   -118.4540000 
    33.9821000   -118.4460000 
    33.9775000   -118.4460000 
    33.9767000   -118.4430000 
    33.9679000   -118.4470000 
    33.9617000   -118.4570000 
    33.8842000   -118.4130000 
    33.8475000   -118.4000000 
    33.8408000   -118.3930000 
    33.8067000   -118.3950000 
    33.8013000   -118.4080000 
    33.7925000   -118.4100000 
    33.7837000   -118.4260000 
    33.7758000   -118.4300000 
    33.7541000   -118.4160000 
    33.7421000   -118.4130000 
    33.7421000   -118.4060000 
    33.7370000   -118.4000000 
    33.7429000   -118.3870000 
    33.7429000   -118.3810000 
    33.7371000   -118.3760000 
    33.7387000   -118.3640000 
    33.7346000   -118.3570000 
    33.7279000   -118.3530000 
    33.7187000   -118.3240000 
    33.7146000   -118.3200000 
    33.7104000   -118.3010000 
    33.7054000   -118.2960000 
    33.7054000   -118.2890000 
    33.7100000   -118.2810000 
    33.7141000   -118.2850000 
    33.7183000   -118.2810000 
    33.7246000   -118.2830000 
    33.7137000   -118.2760000 
    33.7150000   -118.2730000 
    33.7208000   -118.2750000 
    33.7217000   -118.2700000 
    33.7375000   -118.2790000 
    33.7491000   -118.2770000 
    33.7525000   -118.2730000 
    33.7562000   -118.2800000 
    33.7550000   -118.2880000 
    33.7579000   -118.2780000 
    33.7667000   -118.2780000 
    33.7679000   -118.2730000 
    33.7558000   -118.2750000 
    33.7546000   -118.2710000 
    33.7596000   -118.2700000 
    33.7545000   -118.2670000 
    33.7600000   -118.2610000 
    33.7662000   -118.2630000 
    33.7629000   -118.2590000 
    33.7671000   -118.2540000 
    33.7654000   -118.2490000 
    33.7729000   -118.2230000 
    33.7696000   -118.2210000 
    33.7717000   -118.2130000 
    33.7663000   -118.2220000 
    33.7696000   -118.2240000 
    33.7696000   -118.2300000 
    33.7654000   -118.2480000 
    33.7529000   -118.2690000 
    33.7358000   -118.2760000 
    33.7221000   -118.2680000 
    33.7233000   -118.2650000 
    33.7325000   -118.2690000 
    33.7379000   -118.2680000 
    33.7317000   -118.2650000 
    33.7313000   -118.2620000 
    33.7467000   -118.2540000 
    33.7512000   -118.2480000 
    33.7441000   -118.2450000 
    33.7412000   -118.2390000 
    33.7396000   -118.2310000 
    33.7429000   -118.2230000 
    33.7454000   -118.2230000 
    33.7429000   -118.2300000 
    33.7446000   -118.2420000 
    33.7500000   -118.2440000 
    33.7554000   -118.2280000 
    33.7520000   -118.2220000 
    33.7621000   -118.2150000 
    33.7570000   -118.2140000 
    33.7604000   -118.2110000 
    33.7592000   -118.2090000 
    33.7558000   -118.2090000 
    33.7509000   -118.2150000 
    33.7446000   -118.2140000 
    33.7404000   -118.2070000 
    33.7492000   -118.2120000 
    33.7521000   -118.2070000 
    33.7450000   -118.2070000 
    33.7446000   -118.2010000 
    33.7504000   -118.1990000 
    33.7425000   -118.1950000 
    33.7404000   -118.2040000 
    33.7379000   -118.2050000 
    33.7388000   -118.1860000 
    33.7499000   -118.1900000 
    33.7534000   -118.1870000 
    33.7588000   -118.2020000 
    33.7654000   -118.2070000 
    33.7595000   -118.1980000 
    33.7621000   -118.1920000 
    33.7595000   -118.1910000 
    33.7595000   -118.1870000 
    33.7637000   -118.1820000 
    33.7621000   -118.1630000 
    33.7512000   -118.1320000 
    33.7429000   -118.1170000 
    33.7396000   -118.1160000 
    33.7379000   -118.1050000 
    33.7346000   -118.1020000 
    33.7346000   -118.0980000 
    33.7387000   -118.0970000 
    33.7362000   -118.0890000 
    33.7321000   -118.0880000 
    33.7342000   -118.0950000 
    33.7295000   -118.0910000 
    33.7087000   -118.0630000 
    33.6779000   -118.0330000 
    33.6526000   -118.0000000 
    33.6526000   -118.0000000 
    33.6452000   -117.9910000 
    33.6194000   -117.9410000 
    33.6057000   -117.9280000 
    33.5930000   -117.8740000 
    33.5823000   -117.8610000 
    33.5749000   -117.8430000 
    33.5657000   -117.8340000 
    33.5605000   -117.8240000 
    33.5530000   -117.8210000 
    33.5516000   -117.8100000 
    33.5466000   -117.8070000 
    33.5417000   -117.7870000 
    33.5142000   -117.7620000 
    33.5096000   -117.7540000 
    33.4964000   -117.7420000 
    33.4853000   -117.7380000 
    33.4820000   -117.7280000 
    33.4591000   -117.7170000 
    33.4593000   -117.7100000 
    33.4626000   -117.7080000 
    33.4600000   -117.7000000 
    33.4608000   -117.6870000 
    33.4448000   -117.6560000 
    33.4117000   -117.6170000 
    33.3995000   -117.6060000 
    33.3842000   -117.5990000 
    33.3784000   -117.5790000 
    33.3641000   -117.5520000 
    33.3321000   -117.5080000 
    33.2543000   -117.4350000 
    33.2121000   -117.4060000 
    33.2090000   -117.4000000 
    33.1655000   -117.3620000 
    33.1277000   -117.3370000 
    33.1250000   -117.3320000 
    33.0359000   -117.2990000 
    33.0088000   -117.2820000 
    32.9539000   -117.2700000 
    32.9256000   -117.2610000 
    32.9142000   -117.2600000 
    32.9021000   -117.2550000 
    32.8801000   -117.2520000 
    32.8564000   -117.2590000 
    32.8508000   -117.2650000 
    32.8535000   -117.2720000 
    32.8486000   -117.2800000 
    32.8443000   -117.2830000 
    32.8318000   -117.2830000 
    32.8224000   -117.2820000 
    32.8007000   -117.2590000 
    32.7833000   -117.2540000 
    32.7659000   -117.2540000 
    32.7590000   -117.2490000 
    32.7449000   -117.2570000 
    32.7263000   -117.2590000 
    32.6990000   -117.2570000 
    32.6730000   -117.2460000 
    32.6675000   -117.2470000 
    32.6648000   -117.2400000 
    32.6666000   -117.2370000 
    32.6824000   -117.2370000 
    32.6860000   -117.2330000 
    32.6891000   -117.2390000 
    32.6962000   -117.2400000 
    32.7048000   -117.2370000 
    32.7183000   -117.2210000 
    32.7209000   -117.2200000 
    32.7216000   -117.2250000 
    32.7250000   -117.2260000 
    32.7223000   -117.2170000 
    32.7282000   -117.2070000 
    32.7277000   -117.1790000 
    32.7250000   -117.1760000 
    32.7098000   -117.1740000 
    32.6899000   -117.1390000 
    32.6869000   -117.1410000 
    32.6873000   -117.1340000 
    32.6736000   -117.1200000 
    32.6699000   -117.1250000 
    32.6677000   -117.1210000 
    32.6397000   -117.1160000 
    32.6294000   -117.1010000 
    32.6152000   -117.0980000 
    32.6015000   -117.1140000 
    32.6037000   -117.1220000 
    32.6130000   -117.1290000 
    32.6210000   -117.1270000 
    32.6246000   -117.1310000 
    32.6314000   -117.1310000 
    32.6346000   -117.1370000 
    32.6534000   -117.1450000 
    32.6716000   -117.1600000 
    32.6807000   -117.1540000 
    32.6826000   -117.1580000 
    32.6774000   -117.1640000 
    32.6788000   -117.1670000 
    32.6989000   -117.1640000 
    32.7084000   -117.1880000 
    32.7147000   -117.1870000 
    32.7166000   -117.1920000 
    32.7158000   -117.2090000 
    32.7083000   -117.2240000 
    32.6964000   -117.2290000 
    32.6872000   -117.2280000 
    32.6831000   -117.2230000 
    32.6891000   -117.2060000 
    32.6891000   -117.1970000 
    32.6820000   -117.1810000 
    32.6608000   -117.1620000 
    32.6209000   -117.1380000 
    32.6030000   -117.1330000 
    32.5683000   -117.1350000 
    32.5358000   -117.1240000 
    32.4869000   -117.1250000 
    32.4689000   -117.1210000 
    32.4487000   -117.1120000 
    32.4397000   -117.1020000 
    32.3940000   -117.0900000 
    32.3742000   -117.0770000 
    32.3466000   -117.0660000 
    32.3289000   -117.0550000 
    32.2834000   -117.0380000 
    32.2687000   -117.0250000 
    32.2682000   -117.0120000 
    32.2642000   -117.0060000 
    32.2573000   -116.9740000 
    32.2482000   -116.9480000 
    32.2403000   -116.9350000 
    32.2264000   -116.9230000 
    32.2029000   -116.9150000 
    32.1673000   -116.9090000 
    32.1635000   -116.9040000 
    32.1297000   -116.8890000 
    32.0854000   -116.8880000 
    32.0779000   -116.8840000 
    32.0329000   -116.8880000 
    32.0179000   -116.8820000 
    32.0027000   -116.8660000 
    32.0000000   -116.8650000 
    32.0000000   -116.8650000 
    31.9921000   -116.8610000 
    31.9774000   -116.8340000 
    31.9799000   -116.7990000 
    31.9757000   -116.7910000 
    31.9749000   -116.7780000 
    31.9595000   -116.7620000 
    31.9109000   -116.7570000 
    31.9024000   -116.7510000 
    31.9006000   -116.7210000 
    31.8948000   -116.7150000 
    31.8951000   -116.7030000 
    31.8598000   -116.6690000 
    31.8626000   -116.6630000 
    31.8583000   -116.6410000 
    31.8459000   -116.6300000 
    31.8579000   -116.6320000 
    31.8592000   -116.6290000 
    31.8560000   -116.6210000 
    31.8527000   -116.6230000 
    31.8430000   -116.6150000 
    31.8165000   -116.6110000 
    31.7799000   -116.6220000 
    31.7707000   -116.6120000 
    31.7657000   -116.6140000 
    31.7632000   -116.6210000 
    31.7501000   -116.6230000 
    31.7222000   -116.6400000 
    31.7137000   -116.6390000 
    31.7092000   -116.6330000 
    31.6981000   -116.6310000 
    31.6992000   -116.6350000 
    31.7065000   -116.6390000 
    31.7168000   -116.6590000 
    31.7254000   -116.6410000 
    31.7496000   -116.6320000 
    31.7529000   -116.6260000 
    31.7651000   -116.6260000 
    31.7723000   -116.6230000 
    31.7694000   -116.6270000 
    31.7384000   -116.6410000 
    31.7248000   -116.6520000 
    31.7183000   -116.6630000 
    31.7183000   -116.6720000 
    31.7284000   -116.6830000 
    31.7326000   -116.6980000 
    31.7490000   -116.7280000 
    31.7490000   -116.7430000 
    31.7442000   -116.7440000 
    31.7423000   -116.7490000 
    31.7398000   -116.7380000 
    31.7327000   -116.7360000 
    31.7310000   -116.7280000 
    31.7205000   -116.7260000 
    31.7234000   -116.7170000 
    31.7150000   -116.7190000 
    31.7123000   -116.7160000 
    31.7098000   -116.7100000 
    31.7146000   -116.6990000 
    31.7054000   -116.6910000 
    31.7026000   -116.6930000 
    31.6977000   -116.6790000 
    31.6932000   -116.6800000 
    31.6640000   -116.6520000 
    31.6454000   -116.6540000 
    31.6146000   -116.6690000 
    31.5998000   -116.6660000 
    31.5905000   -116.6550000 
    31.5827000   -116.6530000 
    31.5791000   -116.6560000 
    31.5791000   -116.6740000 
    31.5707000   -116.6830000 
    31.5714000   -116.6940000 
    31.5590000   -116.6900000 
    31.5528000   -116.6940000 
    31.5490000   -116.6850000 
    31.5534000   -116.6780000 
    31.5488000   -116.6680000 
    31.5346000   -116.6660000 
    31.5338000   -116.6620000 
    31.5272000   -116.6610000 
    31.5171000   -116.6490000 
    31.5132000   -116.6480000 
    31.5159000   -116.6370000 
    31.5141000   -116.6330000 
    31.4951000   -116.6120000 
    31.4610000   -116.6060000 
    31.4593000   -116.5990000 
    31.4641000   -116.5830000 
    31.4633000   -116.5740000 
    31.4514000   -116.5540000 
    31.4442000   -116.5470000 
    31.4347000   -116.5260000 
    31.4143000   -116.5140000 
    31.4090000   -116.5040000 
    31.4057000   -116.5050000 
    31.3767000   -116.4890000 
    31.3686000   -116.4900000 
    31.3616000   -116.4810000 
    31.3601000   -116.4730000 
    31.3515000   -116.4720000 
    31.3452000   -116.4590000 
    31.3341000   -116.4570000 
    31.3298000   -116.4600000 
    31.3291000   -116.4520000 
    31.3226000   -116.4490000 
    31.3214000   -116.4410000 
    31.3098000   -116.4330000 
    31.3029000   -116.4200000 
    31.2917000   -116.4160000 
    31.2905000   -116.4090000 
    31.2840000   -116.4030000 
    31.2821000   -116.3960000 
    31.2664000   -116.3880000 
    31.2569000   -116.3730000 
    31.2520000   -116.3720000 
    31.2405000   -116.3610000 
    31.2249000   -116.3540000 
    31.2132000   -116.3540000 
    31.2070000   -116.3420000 
    31.1896000   -116.3360000 
    31.1528000   -116.3110000 
    31.0935000   -116.3150000 
    30.9766000   -116.3400000 
    30.9642000   -116.3350000 
    30.9562000   -116.3270000 
    30.9546000   -116.3200000 
    30.9612000   -116.2960000 
    30.9687000   -116.2840000 
    30.9653000   -116.2680000 
    30.9321000   -116.2450000 
    30.9329000   -116.2360000 
    30.9180000   -116.2230000 
    30.9133000   -116.2150000 
    30.8867000   -116.2050000 
    30.8754000   -116.1890000 
    30.8613000   -116.1760000 
    30.8596000   -116.1660000 
    30.8620000   -116.1570000 
    30.8587000   -116.1480000 
    30.8229000   -116.1060000 
    30.8187000   -116.0970000 
    30.8212000   -116.0870000 
    30.8196000   -116.0780000 
    30.8025000   -116.0600000 
    30.7724000   -116.0500000 
    30.7175000   -116.0470000 
    30.7000000   -116.0330000 
    30.6633000   -116.0270000 
    30.5725000   -116.0320000 
    30.4991000   -116.0450000 
    30.4933000   -116.0490000 
    30.4725000   -116.0480000 
    30.4633000   -116.0440000 
    30.4566000   -116.0350000 
    30.4358000   -116.0300000 
    30.4329000   -116.0200000 
    30.4242000   -116.0140000 
    30.3891000   -116.0050000 
    30.3759000   -116.0050000 
    30.3733000   -116.0080000 
    30.3650000   -116.0060000 
    30.3593000   -116.0000000 
