       240
1 274 443 358 273
9 443 444 357 358
17 444 445 356 357
25 445 446 355 356
33 446 447 354 355
41 447 448 353 354
49 448 449 352 353
57 449 450 351 352
65 450 451 350 351
73 451 452 349 350
81 452 453 348 349
89 453 454 347 348
97 454 455 346 347
105 455 456 345 346
113 456 344 337 345
121 275 429 443 274
129 429 430 444 443
137 430 431 445 444
145 431 432 446 445
153 432 433 447 446
161 433 434 448 447
169 434 435 449 448
177 435 436 450 449
185 436 437 451 450
193 437 438 452 451
201 438 439 453 452
209 439 440 454 453
217 440 441 455 454
225 441 442 456 455
233 442 343 344 456
241 276 415 429 275
249 415 416 430 429
257 416 417 431 430
265 417 418 432 431
273 418 419 433 432
281 419 420 434 433
289 420 421 435 434
297 421 422 436 435
305 422 423 437 436
313 423 424 438 437
321 424 425 439 438
329 425 426 440 439
337 426 427 441 440
345 427 428 442 441
353 428 342 343 442
361 277 401 415 276
369 401 402 416 415
377 402 403 417 416
385 403 404 418 417
393 404 405 419 418
401 405 406 420 419
409 406 407 421 420
417 407 408 422 421
425 408 409 423 422
433 409 410 424 423
441 410 411 425 424
449 411 412 426 425
457 412 413 427 426
465 413 414 428 427
473 414 341 342 428
481 278 387 401 277
489 387 388 402 401
497 388 389 403 402
505 389 390 404 403
513 390 391 405 404
521 391 392 406 405
529 392 393 407 406
537 393 394 408 407
545 394 395 409 408
553 395 396 410 409
561 396 397 411 410
569 397 398 412 411
577 398 399 413 412
585 399 400 414 413
593 400 340 341 414
601 279 373 387 278
609 373 374 388 387
617 374 375 389 388
625 375 376 390 389
633 376 377 391 390
641 377 378 392 391
649 378 379 393 392
657 379 380 394 393
665 380 381 395 394
673 381 382 396 395
681 382 383 397 396
689 383 384 398 397
697 384 385 399 398
705 385 386 400 399
713 386 339 340 400
721 280 359 373 279
729 359 360 374 373
737 360 361 375 374
745 361 362 376 375
753 362 363 377 376
761 363 364 378 377
769 364 365 379 378
777 365 366 380 379
785 366 367 381 380
793 367 368 382 381
801 368 369 383 382
809 369 370 384 383
817 370 371 385 384
825 371 372 386 385
833 372 338 339 386
841 1 3 359 280
849 3 4 360 359
857 4 5 361 360
865 5 6 362 361
873 6 7 363 362
881 7 8 364 363
889 8 9 365 364
897 9 10 366 365
905 10 11 367 366
913 11 12 368 367
921 12 13 369 368
929 13 14 370 369
937 14 15 371 370
945 15 16 372 371
953 16 2 338 372
1801 1299 1297 1514 1548
1802 1548 1514 1515 1562
1803 1562 1515 1516 1576
1804 1576 1516 1517 1590
1805 1590 1517 1518 1604
1806 1604 1518 1519 1618
1807 1618 1519 1520 1632
1808 1632 1520 1513 1521
1809 1300 1299 1548 1547
1810 1547 1548 1562 1561
1811 1561 1562 1576 1575
1812 1575 1576 1590 1589
1813 1589 1590 1604 1603
1814 1603 1604 1618 1617
1815 1617 1618 1632 1631
1816 1631 1632 1521 1522
1817 1301 1300 1547 1546
1818 1546 1547 1561 1560
1819 1560 1561 1575 1574
1820 1574 1575 1589 1588
1821 1588 1589 1603 1602
1822 1602 1603 1617 1616
1823 1616 1617 1631 1630
1824 1630 1631 1522 1523
1825 1302 1301 1546 1545
1826 1545 1546 1560 1559
1827 1559 1560 1574 1573
1828 1573 1574 1588 1587
1829 1587 1588 1602 1601
1830 1601 1602 1616 1615
1831 1615 1616 1630 1629
1832 1629 1630 1523 1524
1833 1303 1302 1545 1544
1834 1544 1545 1559 1558
1835 1558 1559 1573 1572
1836 1572 1573 1587 1586
1837 1586 1587 1601 1600
1838 1600 1601 1615 1614
1839 1614 1615 1629 1628
1840 1628 1629 1524 1525
1841 1304 1303 1544 1543
1842 1543 1544 1558 1557
1843 1557 1558 1572 1571
1844 1571 1572 1586 1585
1845 1585 1586 1600 1599
1846 1599 1600 1614 1613
1847 1613 1614 1628 1627
1848 1627 1628 1525 1526
1849 1305 1304 1543 1542
1850 1542 1543 1557 1556
1851 1556 1557 1571 1570
1852 1570 1571 1585 1584
1853 1584 1585 1599 1598
1854 1598 1599 1613 1612
1855 1612 1613 1627 1626
1856 1626 1627 1526 1527
1857 1306 1305 1542 1541
1858 1541 1542 1556 1555
1859 1555 1556 1570 1569
1860 1569 1570 1584 1583
1861 1583 1584 1598 1597
1862 1597 1598 1612 1611
1863 1611 1612 1626 1625
1864 1625 1626 1527 1528
1865 1307 1306 1541 1540
1866 1540 1541 1555 1554
1867 1554 1555 1569 1568
1868 1568 1569 1583 1582
1869 1582 1583 1597 1596
1870 1596 1597 1611 1610
1871 1610 1611 1625 1624
1872 1624 1625 1528 1529
1873 1308 1307 1540 1539
1874 1539 1540 1554 1553
1875 1553 1554 1568 1567
1876 1567 1568 1582 1581
1877 1581 1582 1596 1595
1878 1595 1596 1610 1609
1879 1609 1610 1624 1623
1880 1623 1624 1529 1530
1881 1309 1308 1539 1538
1882 1538 1539 1553 1552
1883 1552 1553 1567 1566
1884 1566 1567 1581 1580
1885 1580 1581 1595 1594
1886 1594 1595 1609 1608
1887 1608 1609 1623 1622
1888 1622 1623 1530 1531
1889 1310 1309 1538 1537
1890 1537 1538 1552 1551
1891 1551 1552 1566 1565
1892 1565 1566 1580 1579
1893 1579 1580 1594 1593
1894 1593 1594 1608 1607
1895 1607 1608 1622 1621
1896 1621 1622 1531 1532
1897 1311 1310 1537 1536
1898 1536 1537 1551 1550
1899 1550 1551 1565 1564
1900 1564 1565 1579 1578
1901 1578 1579 1593 1592
1902 1592 1593 1607 1606
1903 1606 1607 1621 1620
1904 1620 1621 1532 1533
1905 1312 1311 1536 1535
1906 1535 1536 1550 1549
1907 1549 1550 1564 1563
1908 1563 1564 1578 1577
1909 1577 1578 1592 1591
1910 1591 1592 1606 1605
1911 1605 1606 1620 1619
1912 1619 1620 1533 1534
1913 1298 1312 1535 1448
1914 1448 1535 1549 1447
1915 1447 1549 1563 1446
1916 1446 1563 1577 1445
1917 1445 1577 1591 1444
1918 1444 1591 1605 1443
1919 1443 1605 1619 1442
1920 1442 1619 1534 1441
