       120
968 1647 1900 1753 1633
976 1646 1893 1900 1647
984 1645 1886 1893 1646
992 1644 1879 1886 1645
1000 1643 1872 1879 1644
1008 1642 1865 1872 1643
1016 1641 1858 1865 1642
1024 1640 1851 1858 1641
1032 1639 1844 1851 1640
1040 1638 1837 1844 1639
1048 1637 1830 1837 1638
1056 1636 1823 1830 1637
1064 1635 1816 1823 1636
1072 1634 1809 1816 1635
1080 1449 1450 1809 1634
1088 1900 1901 1754 1753
1096 1893 1894 1901 1900
1104 1886 1887 1894 1893
1112 1879 1880 1887 1886
1120 1872 1873 1880 1879
1128 1865 1866 1873 1872
1136 1858 1859 1866 1865
1144 1851 1852 1859 1858
1152 1844 1845 1852 1851
1160 1837 1838 1845 1844
1168 1830 1831 1838 1837
1176 1823 1824 1831 1830
1184 1816 1817 1824 1823
1192 1809 1810 1817 1816
1200 1450 1451 1810 1809
1208 1901 1902 1755 1754
1216 1894 1895 1902 1901
1224 1887 1888 1895 1894
1232 1880 1881 1888 1887
1240 1873 1874 1881 1880
1248 1866 1867 1874 1873
1256 1859 1860 1867 1866
1264 1852 1853 1860 1859
1272 1845 1846 1853 1852
1280 1838 1839 1846 1845
1288 1831 1832 1839 1838
1296 1824 1825 1832 1831
1304 1817 1818 1825 1824
1312 1810 1811 1818 1817
1320 1451 1452 1811 1810
1328 1902 1903 1756 1755
1336 1895 1896 1903 1902
1344 1888 1889 1896 1895
1352 1881 1882 1889 1888
1360 1874 1875 1882 1881
1368 1867 1868 1875 1874
1376 1860 1861 1868 1867
1384 1853 1854 1861 1860
1392 1846 1847 1854 1853
1400 1839 1840 1847 1846
1408 1832 1833 1840 1839
1416 1825 1826 1833 1832
1424 1818 1819 1826 1825
1432 1811 1812 1819 1818
1440 1452 1453 1812 1811
1448 1903 1904 1757 1756
1456 1896 1897 1904 1903
1464 1889 1890 1897 1896
1472 1882 1883 1890 1889
1480 1875 1876 1883 1882
1488 1868 1869 1876 1875
1496 1861 1862 1869 1868
1504 1854 1855 1862 1861
1512 1847 1848 1855 1854
1520 1840 1841 1848 1847
1528 1833 1834 1841 1840
1536 1826 1827 1834 1833
1544 1819 1820 1827 1826
1552 1812 1813 1820 1819
1560 1453 1454 1813 1812
1568 1904 1905 1758 1757
1576 1897 1898 1905 1904
1584 1890 1891 1898 1897
1592 1883 1884 1891 1890
1600 1876 1877 1884 1883
1608 1869 1870 1877 1876
1616 1862 1863 1870 1869
1624 1855 1856 1863 1862
1632 1848 1849 1856 1855
1640 1841 1842 1849 1848
1648 1834 1835 1842 1841
1656 1827 1828 1835 1834
1664 1820 1821 1828 1827
1672 1813 1814 1821 1820
1680 1454 1455 1814 1813
1688 1905 1906 1759 1758
1696 1898 1899 1906 1905
1704 1891 1892 1899 1898
1712 1884 1885 1892 1891
1720 1877 1878 1885 1884
1728 1870 1871 1878 1877
1736 1863 1864 1871 1870
1744 1856 1857 1864 1863
1752 1849 1850 1857 1856
1760 1842 1843 1850 1849
1768 1835 1836 1843 1842
1776 1828 1829 1836 1835
1784 1821 1822 1829 1828
1792 1814 1815 1822 1821
1800 1455 1456 1815 1814
1808 1906 1521 1513 1759
1816 1899 1522 1521 1906
1824 1892 1523 1522 1899
1832 1885 1524 1523 1892
1840 1878 1525 1524 1885
1848 1871 1526 1525 1878
1856 1864 1527 1526 1871
1864 1857 1528 1527 1864
1872 1850 1529 1528 1857
1880 1843 1530 1529 1850
1888 1836 1531 1530 1843
1896 1829 1532 1531 1836
1904 1822 1533 1532 1829
1912 1815 1534 1533 1822
1920 1456 1441 1534 1815
