       128
113 344 604 463 337
114 604 605 462 463
115 605 606 461 462
116 606 607 460 461
117 607 608 459 460
118 608 609 458 459
119 609 610 457 458
120 610 168 153 457
233 343 597 604 344
234 597 598 605 604
235 598 599 606 605
236 599 600 607 606
237 600 601 608 607
238 601 602 609 608
239 602 603 610 609
240 603 169 168 610
353 342 590 597 343
354 590 591 598 597
355 591 592 599 598
356 592 593 600 599
357 593 594 601 600
358 594 595 602 601
359 595 596 603 602
360 596 170 169 603
473 341 583 590 342
474 583 584 591 590
475 584 585 592 591
476 585 586 593 592
477 586 587 594 593
478 587 588 595 594
479 588 589 596 595
480 589 171 170 596
593 340 576 583 341
594 576 577 584 583
595 577 578 585 584
596 578 579 586 585
597 579 580 587 586
598 580 581 588 587
599 581 582 589 588
600 582 172 171 589
713 339 569 576 340
714 569 570 577 576
715 570 571 578 577
716 571 572 579 578
717 572 573 580 579
718 573 574 581 580
719 574 575 582 581
720 575 173 172 582
833 338 562 569 339
834 562 563 570 569
835 563 564 571 570
836 564 565 572 571
837 565 566 573 572
838 566 567 574 573
839 567 568 575 574
840 568 174 173 575
953 2 40 562 338
954 40 41 563 562
955 41 42 564 563
956 42 43 565 564
957 43 44 566 565
958 44 45 567 566
959 45 46 568 567
960 46 25 174 568
1073 1313 1320 1464 1457
1074 1457 1464 1471 1458
1075 1458 1471 1478 1459
1076 1459 1478 1485 1460
1077 1460 1485 1492 1461
1078 1461 1492 1499 1462
1079 1462 1499 1506 1463
1080 1463 1506 1450 1449
1193 1320 1319 1465 1464
1194 1464 1465 1472 1471
1195 1471 1472 1479 1478
1196 1478 1479 1486 1485
1197 1485 1486 1493 1492
1198 1492 1493 1500 1499
1199 1499 1500 1507 1506
1200 1506 1507 1451 1450
1313 1319 1318 1466 1465
1314 1465 1466 1473 1472
1315 1472 1473 1480 1479
1316 1479 1480 1487 1486
1317 1486 1487 1494 1493
1318 1493 1494 1501 1500
1319 1500 1501 1508 1507
1320 1507 1508 1452 1451
1433 1318 1317 1467 1466
1434 1466 1467 1474 1473
1435 1473 1474 1481 1480
1436 1480 1481 1488 1487
1437 1487 1488 1495 1494
1438 1494 1495 1502 1501
1439 1501 1502 1509 1508
1440 1508 1509 1453 1452
1553 1317 1316 1468 1467
1554 1467 1468 1475 1474
1555 1474 1475 1482 1481
1556 1481 1482 1489 1488
1557 1488 1489 1496 1495
1558 1495 1496 1503 1502
1559 1502 1503 1510 1509
1560 1509 1510 1454 1453
1673 1316 1315 1469 1468
1674 1468 1469 1476 1475
1675 1475 1476 1483 1482
1676 1482 1483 1490 1489
1677 1489 1490 1497 1496
1678 1496 1497 1504 1503
1679 1503 1504 1511 1510
1680 1510 1511 1455 1454
1793 1315 1314 1470 1469
1794 1469 1470 1477 1476
1795 1476 1477 1484 1483
1796 1483 1484 1491 1490
1797 1490 1491 1498 1497
1798 1497 1498 1505 1504
1799 1504 1505 1512 1511
1800 1511 1512 1456 1455
1913 1314 1298 1448 1470
1914 1470 1448 1447 1477
1915 1477 1447 1446 1484
1916 1484 1446 1445 1491
1917 1491 1445 1444 1498
1918 1498 1444 1443 1505
1919 1505 1443 1442 1512
1920 1512 1442 1441 1456
