       128
1 336 274 273 287
2 335 336 287 286
3 334 335 286 285
4 333 334 285 284
5 332 333 284 283
6 331 332 283 282
7 330 331 282 281
8 152 330 281 145
121 329 275 274 336
122 328 329 336 335
123 327 328 335 334
124 326 327 334 333
125 325 326 333 332
126 324 325 332 331
127 323 324 331 330
128 151 323 330 152
241 322 276 275 329
242 321 322 329 328
243 320 321 328 327
244 319 320 327 326
245 318 319 326 325
246 317 318 325 324
247 316 317 324 323
248 150 316 323 151
361 315 277 276 322
362 314 315 322 321
363 313 314 321 320
364 312 313 320 319
365 311 312 319 318
366 310 311 318 317
367 309 310 317 316
368 149 309 316 150
481 308 278 277 315
482 307 308 315 314
483 306 307 314 313
484 305 306 313 312
485 304 305 312 311
486 303 304 311 310
487 302 303 310 309
488 148 302 309 149
601 301 279 278 308
602 300 301 308 307
603 299 300 307 306
604 298 299 306 305
605 297 298 305 304
606 296 297 304 303
607 295 296 303 302
608 147 295 302 148
721 294 280 279 301
722 293 294 301 300
723 292 293 300 299
724 291 292 299 298
725 290 291 298 297
726 289 290 297 296
727 288 289 296 295
728 146 288 295 147
841 24 1 280 294
842 23 24 294 293
843 22 23 293 292
844 21 22 292 291
845 20 21 291 290
846 19 20 290 289
847 18 19 289 288
848 17 18 288 146
961 1336 1321 1654 1766
962 1766 1654 1653 1773
963 1773 1653 1652 1780
964 1780 1652 1651 1787
965 1787 1651 1650 1794
966 1794 1650 1649 1801
967 1801 1649 1648 1808
968 1808 1648 1633 1753
1081 1337 1336 1766 1765
1082 1765 1766 1773 1772
1083 1772 1773 1780 1779
1084 1779 1780 1787 1786
1085 1786 1787 1794 1793
1086 1793 1794 1801 1800
1087 1800 1801 1808 1807
1088 1807 1808 1753 1754
1201 1338 1337 1765 1764
1202 1764 1765 1772 1771
1203 1771 1772 1779 1778
1204 1778 1779 1786 1785
1205 1785 1786 1793 1792
1206 1792 1793 1800 1799
1207 1799 1800 1807 1806
1208 1806 1807 1754 1755
1321 1339 1338 1764 1763
1322 1763 1764 1771 1770
1323 1770 1771 1778 1777
1324 1777 1778 1785 1784
1325 1784 1785 1792 1791
1326 1791 1792 1799 1798
1327 1798 1799 1806 1805
1328 1805 1806 1755 1756
1441 1340 1339 1763 1762
1442 1762 1763 1770 1769
1443 1769 1770 1777 1776
1444 1776 1777 1784 1783
1445 1783 1784 1791 1790
1446 1790 1791 1798 1797
1447 1797 1798 1805 1804
1448 1804 1805 1756 1757
1561 1341 1340 1762 1761
1562 1761 1762 1769 1768
1563 1768 1769 1776 1775
1564 1775 1776 1783 1782
1565 1782 1783 1790 1789
1566 1789 1790 1797 1796
1567 1796 1797 1804 1803
1568 1803 1804 1757 1758
1681 1342 1341 1761 1760
1682 1760 1761 1768 1767
1683 1767 1768 1775 1774
1684 1774 1775 1782 1781
1685 1781 1782 1789 1788
1686 1788 1789 1796 1795
1687 1795 1796 1803 1802
1688 1802 1803 1758 1759
1801 1297 1342 1760 1514
1802 1514 1760 1767 1515
1803 1515 1767 1774 1516
1804 1516 1774 1781 1517
1805 1517 1781 1788 1518
1806 1518 1788 1795 1519
1807 1519 1795 1802 1520
1808 1520 1802 1759 1513
