1920
1 273 287 470 358 274 336 611 443
2 287 286 469 470 336 335 612 611
3 286 285 468 469 335 334 613 612
4 285 284 467 468 334 333 614 613
5 284 283 466 467 333 332 615 614
6 283 282 465 466 332 331 616 615
7 282 281 464 465 331 330 617 616
8 281 145 154 464 330 152 272 617
9 358 470 477 357 443 611 618 444
10 470 469 476 477 611 612 619 618
11 469 468 475 476 612 613 620 619
12 468 467 474 475 613 614 621 620
13 467 466 473 474 614 615 622 621
14 466 465 472 473 615 616 623 622
15 465 464 471 472 616 617 624 623
16 464 154 155 471 617 272 271 624
17 357 477 484 356 444 618 625 445
18 477 476 483 484 618 619 626 625
19 476 475 482 483 619 620 627 626
20 475 474 481 482 620 621 628 627
21 474 473 480 481 621 622 629 628
22 473 472 479 480 622 623 630 629
23 472 471 478 479 623 624 631 630
24 471 155 156 478 624 271 270 631
25 356 484 491 355 445 625 632 446
26 484 483 490 491 625 626 633 632
27 483 482 489 490 626 627 634 633
28 482 481 488 489 627 628 635 634
29 481 480 487 488 628 629 636 635
30 480 479 486 487 629 630 637 636
31 479 478 485 486 630 631 638 637
32 478 156 157 485 631 270 269 638
33 355 491 498 354 446 632 639 447
34 491 490 497 498 632 633 640 639
35 490 489 496 497 633 634 641 640
36 489 488 495 496 634 635 642 641
37 488 487 494 495 635 636 643 642
38 487 486 493 494 636 637 644 643
39 486 485 492 493 637 638 645 644
40 485 157 158 492 638 269 268 645
41 354 498 505 353 447 639 646 448
42 498 497 504 505 639 640 647 646
43 497 496 503 504 640 641 648 647
44 496 495 502 503 641 642 649 648
45 495 494 501 502 642 643 650 649
46 494 493 500 501 643 644 651 650
47 493 492 499 500 644 645 652 651
48 492 158 159 499 645 268 267 652
49 353 505 512 352 448 646 653 449
50 505 504 511 512 646 647 654 653
51 504 503 510 511 647 648 655 654
52 503 502 509 510 648 649 656 655
53 502 501 508 509 649 650 657 656
54 501 500 507 508 650 651 658 657
55 500 499 506 507 651 652 659 658
56 499 159 160 506 652 267 266 659
57 352 512 519 351 449 653 660 450
58 512 511 518 519 653 654 661 660
59 511 510 517 518 654 655 662 661
60 510 509 516 517 655 656 663 662
61 509 508 515 516 656 657 664 663
62 508 507 514 515 657 658 665 664
63 507 506 513 514 658 659 666 665
64 506 160 161 513 659 266 265 666
65 351 519 526 350 450 660 667 451
66 519 518 525 526 660 661 668 667
67 518 517 524 525 661 662 669 668
68 517 516 523 524 662 663 670 669
69 516 515 522 523 663 664 671 670
70 515 514 521 522 664 665 672 671
71 514 513 520 521 665 666 673 672
72 513 161 162 520 666 265 264 673
73 350 526 533 349 451 667 674 452
74 526 525 532 533 667 668 675 674
75 525 524 531 532 668 669 676 675
76 524 523 530 531 669 670 677 676
77 523 522 529 530 670 671 678 677
78 522 521 528 529 671 672 679 678
79 521 520 527 528 672 673 680 679
80 520 162 163 527 673 264 263 680
81 349 533 540 348 452 674 681 453
82 533 532 539 540 674 675 682 681
83 532 531 538 539 675 676 683 682
84 531 530 537 538 676 677 684 683
85 530 529 536 537 677 678 685 684
86 529 528 535 536 678 679 686 685
87 528 527 534 535 679 680 687 686
88 527 163 164 534 680 263 262 687
89 348 540 547 347 453 681 688 454
90 540 539 546 547 681 682 689 688
91 539 538 545 546 682 683 690 689
92 538 537 544 545 683 684 691 690
93 537 536 543 544 684 685 692 691
94 536 535 542 543 685 686 693 692
95 535 534 541 542 686 687 694 693
96 534 164 165 541 687 262 261 694
97 347 547 554 346 454 688 695 455
98 547 546 553 554 688 689 696 695
99 546 545 552 553 689 690 697 696
100 545 544 551 552 690 691 698 697
101 544 543 550 551 691 692 699 698
102 543 542 549 550 692 693 700 699
103 542 541 548 549 693 694 701 700
104 541 165 166 548 694 261 260 701
105 346 554 561 345 455 695 702 456
106 554 553 560 561 695 696 703 702
107 553 552 559 560 696 697 704 703
108 552 551 558 559 697 698 705 704
109 551 550 557 558 698 699 706 705
110 550 549 556 557 699 700 707 706
111 549 548 555 556 700 701 708 707
112 548 166 167 555 701 260 259 708
113 345 561 463 337 456 702 604 344
114 561 560 462 463 702 703 605 604
115 560 559 461 462 703 704 606 605
116 559 558 460 461 704 705 607 606
117 558 557 459 460 705 706 608 607
118 557 556 458 459 706 707 609 608
119 556 555 457 458 707 708 610 609
120 555 167 153 457 708 259 168 610
121 274 336 611 443 275 329 709 429
122 336 335 612 611 329 328 710 709
123 335 334 613 612 328 327 711 710
124 334 333 614 613 327 326 712 711
125 333 332 615 614 326 325 713 712
126 332 331 616 615 325 324 714 713
127 331 330 617 616 324 323 715 714
128 330 152 272 617 323 151 258 715
129 443 611 618 444 429 709 716 430
130 611 612 619 618 709 710 717 716
131 612 613 620 619 710 711 718 717
132 613 614 621 620 711 712 719 718
133 614 615 622 621 712 713 720 719
134 615 616 623 622 713 714 721 720
135 616 617 624 623 714 715 722 721
136 617 272 271 624 715 258 257 722
137 444 618 625 445 430 716 723 431
138 618 619 626 625 716 717 724 723
139 619 620 627 626 717 718 725 724
140 620 621 628 627 718 719 726 725
141 621 622 629 628 719 720 727 726
142 622 623 630 629 720 721 728 727
143 623 624 631 630 721 722 729 728
144 624 271 270 631 722 257 256 729
145 445 625 632 446 431 723 730 432
146 625 626 633 632 723 724 731 730
147 626 627 634 633 724 725 732 731
148 627 628 635 634 725 726 733 732
149 628 629 636 635 726 727 734 733
150 629 630 637 636 727 728 735 734
151 630 631 638 637 728 729 736 735
152 631 270 269 638 729 256 255 736
153 446 632 639 447 432 730 737 433
154 632 633 640 639 730 731 738 737
155 633 634 641 640 731 732 739 738
156 634 635 642 641 732 733 740 739
157 635 636 643 642 733 734 741 740
158 636 637 644 643 734 735 742 741
159 637 638 645 644 735 736 743 742
160 638 269 268 645 736 255 254 743
161 447 639 646 448 433 737 744 434
162 639 640 647 646 737 738 745 744
163 640 641 648 647 738 739 746 745
164 641 642 649 648 739 740 747 746
165 642 643 650 649 740 741 748 747
166 643 644 651 650 741 742 749 748
167 644 645 652 651 742 743 750 749
168 645 268 267 652 743 254 253 750
169 448 646 653 449 434 744 751 435
170 646 647 654 653 744 745 752 751
171 647 648 655 654 745 746 753 752
172 648 649 656 655 746 747 754 753
173 649 650 657 656 747 748 755 754
174 650 651 658 657 748 749 756 755
175 651 652 659 658 749 750 757 756
176 652 267 266 659 750 253 252 757
177 449 653 660 450 435 751 758 436
178 653 654 661 660 751 752 759 758
179 654 655 662 661 752 753 760 759
180 655 656 663 662 753 754 761 760
181 656 657 664 663 754 755 762 761
182 657 658 665 664 755 756 763 762
183 658 659 666 665 756 757 764 763
184 659 266 265 666 757 252 251 764
185 450 660 667 451 436 758 765 437
186 660 661 668 667 758 759 766 765
187 661 662 669 668 759 760 767 766
188 662 663 670 669 760 761 768 767
189 663 664 671 670 761 762 769 768
190 664 665 672 671 762 763 770 769
191 665 666 673 672 763 764 771 770
192 666 265 264 673 764 251 250 771
193 451 667 674 452 437 765 772 438
194 667 668 675 674 765 766 773 772
195 668 669 676 675 766 767 774 773
196 669 670 677 676 767 768 775 774
197 670 671 678 677 768 769 776 775
198 671 672 679 678 769 770 777 776
199 672 673 680 679 770 771 778 777
200 673 264 263 680 771 250 249 778
201 452 674 681 453 438 772 779 439
202 674 675 682 681 772 773 780 779
203 675 676 683 682 773 774 781 780
204 676 677 684 683 774 775 782 781
205 677 678 685 684 775 776 783 782
206 678 679 686 685 776 777 784 783
207 679 680 687 686 777 778 785 784
208 680 263 262 687 778 249 248 785
209 453 681 688 454 439 779 786 440
210 681 682 689 688 779 780 787 786
211 682 683 690 689 780 781 788 787
212 683 684 691 690 781 782 789 788
213 684 685 692 691 782 783 790 789
214 685 686 693 692 783 784 791 790
215 686 687 694 693 784 785 792 791
216 687 262 261 694 785 248 247 792
217 454 688 695 455 440 786 793 441
218 688 689 696 695 786 787 794 793
219 689 690 697 696 787 788 795 794
220 690 691 698 697 788 789 796 795
221 691 692 699 698 789 790 797 796
222 692 693 700 699 790 791 798 797
223 693 694 701 700 791 792 799 798
224 694 261 260 701 792 247 246 799
225 455 695 702 456 441 793 800 442
226 695 696 703 702 793 794 801 800
227 696 697 704 703 794 795 802 801
228 697 698 705 704 795 796 803 802
229 698 699 706 705 796 797 804 803
230 699 700 707 706 797 798 805 804
231 700 701 708 707 798 799 806 805
232 701 260 259 708 799 246 245 806
233 456 702 604 344 442 800 597 343
234 702 703 605 604 800 801 598 597
235 703 704 606 605 801 802 599 598
236 704 705 607 606 802 803 600 599
237 705 706 608 607 803 804 601 600
238 706 707 609 608 804 805 602 601
239 707 708 610 609 805 806 603 602
240 708 259 168 610 806 245 169 603
241 275 329 709 429 276 322 807 415
242 329 328 710 709 322 321 808 807
243 328 327 711 710 321 320 809 808
244 327 326 712 711 320 319 810 809
245 326 325 713 712 319 318 811 810
246 325 324 714 713 318 317 812 811
247 324 323 715 714 317 316 813 812
248 323 151 258 715 316 150 244 813
249 429 709 716 430 415 807 814 416
250 709 710 717 716 807 808 815 814
251 710 711 718 717 808 809 816 815
252 711 712 719 718 809 810 817 816
253 712 713 720 719 810 811 818 817
254 713 714 721 720 811 812 819 818
255 714 715 722 721 812 813 820 819
256 715 258 257 722 813 244 243 820
257 430 716 723 431 416 814 821 417
258 716 717 724 723 814 815 822 821
259 717 718 725 724 815 816 823 822
260 718 719 726 725 816 817 824 823
261 719 720 727 726 817 818 825 824
262 720 721 728 727 818 819 826 825
263 721 722 729 728 819 820 827 826
264 722 257 256 729 820 243 242 827
265 431 723 730 432 417 821 828 418
266 723 724 731 730 821 822 829 828
267 724 725 732 731 822 823 830 829
268 725 726 733 732 823 824 831 830
269 726 727 734 733 824 825 832 831
270 727 728 735 734 825 826 833 832
271 728 729 736 735 826 827 834 833
272 729 256 255 736 827 242 241 834
273 432 730 737 433 418 828 835 419
274 730 731 738 737 828 829 836 835
275 731 732 739 738 829 830 837 836
276 732 733 740 739 830 831 838 837
277 733 734 741 740 831 832 839 838
278 734 735 742 741 832 833 840 839
279 735 736 743 742 833 834 841 840
280 736 255 254 743 834 241 240 841
281 433 737 744 434 419 835 842 420
282 737 738 745 744 835 836 843 842
283 738 739 746 745 836 837 844 843
284 739 740 747 746 837 838 845 844
285 740 741 748 747 838 839 846 845
286 741 742 749 748 839 840 847 846
287 742 743 750 749 840 841 848 847
288 743 254 253 750 841 240 239 848
289 434 744 751 435 420 842 849 421
290 744 745 752 751 842 843 850 849
291 745 746 753 752 843 844 851 850
292 746 747 754 753 844 845 852 851
293 747 748 755 754 845 846 853 852
294 748 749 756 755 846 847 854 853
295 749 750 757 756 847 848 855 854
296 750 253 252 757 848 239 238 855
297 435 751 758 436 421 849 856 422
298 751 752 759 758 849 850 857 856
299 752 753 760 759 850 851 858 857
300 753 754 761 760 851 852 859 858
301 754 755 762 761 852 853 860 859
302 755 756 763 762 853 854 861 860
303 756 757 764 763 854 855 862 861
304 757 252 251 764 855 238 237 862
305 436 758 765 437 422 856 863 423
306 758 759 766 765 856 857 864 863
307 759 760 767 766 857 858 865 864
308 760 761 768 767 858 859 866 865
309 761 762 769 768 859 860 867 866
310 762 763 770 769 860 861 868 867
311 763 764 771 770 861 862 869 868
312 764 251 250 771 862 237 236 869
313 437 765 772 438 423 863 870 424
314 765 766 773 772 863 864 871 870
315 766 767 774 773 864 865 872 871
316 767 768 775 774 865 866 873 872
317 768 769 776 775 866 867 874 873
318 769 770 777 776 867 868 875 874
319 770 771 778 777 868 869 876 875
320 771 250 249 778 869 236 235 876
321 438 772 779 439 424 870 877 425
322 772 773 780 779 870 871 878 877
323 773 774 781 780 871 872 879 878
324 774 775 782 781 872 873 880 879
325 775 776 783 782 873 874 881 880
326 776 777 784 783 874 875 882 881
327 777 778 785 784 875 876 883 882
328 778 249 248 785 876 235 234 883
329 439 779 786 440 425 877 884 426
330 779 780 787 786 877 878 885 884
331 780 781 788 787 878 879 886 885
332 781 782 789 788 879 880 887 886
333 782 783 790 789 880 881 888 887
334 783 784 791 790 881 882 889 888
335 784 785 792 791 882 883 890 889
336 785 248 247 792 883 234 233 890
337 440 786 793 441 426 884 891 427
338 786 787 794 793 884 885 892 891
339 787 788 795 794 885 886 893 892
340 788 789 796 795 886 887 894 893
341 789 790 797 796 887 888 895 894
342 790 791 798 797 888 889 896 895
343 791 792 799 798 889 890 897 896
344 792 247 246 799 890 233 232 897
345 441 793 800 442 427 891 898 428
346 793 794 801 800 891 892 899 898
347 794 795 802 801 892 893 900 899
348 795 796 803 802 893 894 901 900
349 796 797 804 803 894 895 902 901
350 797 798 805 804 895 896 903 902
351 798 799 806 805 896 897 904 903
352 799 246 245 806 897 232 231 904
353 442 800 597 343 428 898 590 342
354 800 801 598 597 898 899 591 590
355 801 802 599 598 899 900 592 591
356 802 803 600 599 900 901 593 592
357 803 804 601 600 901 902 594 593
358 804 805 602 601 902 903 595 594
359 805 806 603 602 903 904 596 595
360 806 245 169 603 904 231 170 596
361 276 322 807 415 277 315 905 401
362 322 321 808 807 315 314 906 905
363 321 320 809 808 314 313 907 906
364 320 319 810 809 313 312 908 907
365 319 318 811 810 312 311 909 908
366 318 317 812 811 311 310 910 909
367 317 316 813 812 310 309 911 910
368 316 150 244 813 309 149 230 911
369 415 807 814 416 401 905 912 402
370 807 808 815 814 905 906 913 912
371 808 809 816 815 906 907 914 913
372 809 810 817 816 907 908 915 914
373 810 811 818 817 908 909 916 915
374 811 812 819 818 909 910 917 916
375 812 813 820 819 910 911 918 917
376 813 244 243 820 911 230 229 918
377 416 814 821 417 402 912 919 403
378 814 815 822 821 912 913 920 919
379 815 816 823 822 913 914 921 920
380 816 817 824 823 914 915 922 921
381 817 818 825 824 915 916 923 922
382 818 819 826 825 916 917 924 923
383 819 820 827 826 917 918 925 924
384 820 243 242 827 918 229 228 925
385 417 821 828 418 403 919 926 404
386 821 822 829 828 919 920 927 926
387 822 823 830 829 920 921 928 927
388 823 824 831 830 921 922 929 928
389 824 825 832 831 922 923 930 929
390 825 826 833 832 923 924 931 930
391 826 827 834 833 924 925 932 931
392 827 242 241 834 925 228 227 932
393 418 828 835 419 404 926 933 405
394 828 829 836 835 926 927 934 933
395 829 830 837 836 927 928 935 934
396 830 831 838 837 928 929 936 935
397 831 832 839 838 929 930 937 936
398 832 833 840 839 930 931 938 937
399 833 834 841 840 931 932 939 938
400 834 241 240 841 932 227 226 939
401 419 835 842 420 405 933 940 406
402 835 836 843 842 933 934 941 940
403 836 837 844 843 934 935 942 941
404 837 838 845 844 935 936 943 942
405 838 839 846 845 936 937 944 943
406 839 840 847 846 937 938 945 944
407 840 841 848 847 938 939 946 945
408 841 240 239 848 939 226 225 946
409 420 842 849 421 406 940 947 407
410 842 843 850 849 940 941 948 947
411 843 844 851 850 941 942 949 948
412 844 845 852 851 942 943 950 949
413 845 846 853 852 943 944 951 950
414 846 847 854 853 944 945 952 951
415 847 848 855 854 945 946 953 952
416 848 239 238 855 946 225 224 953
417 421 849 856 422 407 947 954 408
418 849 850 857 856 947 948 955 954
419 850 851 858 857 948 949 956 955
420 851 852 859 858 949 950 957 956
421 852 853 860 859 950 951 958 957
422 853 854 861 860 951 952 959 958
423 854 855 862 861 952 953 960 959
424 855 238 237 862 953 224 223 960
425 422 856 863 423 408 954 961 409
426 856 857 864 863 954 955 962 961
427 857 858 865 864 955 956 963 962
428 858 859 866 865 956 957 964 963
429 859 860 867 866 957 958 965 964
430 860 861 868 867 958 959 966 965
431 861 862 869 868 959 960 967 966
432 862 237 236 869 960 223 222 967
433 423 863 870 424 409 961 968 410
434 863 864 871 870 961 962 969 968
435 864 865 872 871 962 963 970 969
436 865 866 873 872 963 964 971 970
437 866 867 874 873 964 965 972 971
438 867 868 875 874 965 966 973 972
439 868 869 876 875 966 967 974 973
440 869 236 235 876 967 222 221 974
441 424 870 877 425 410 968 975 411
442 870 871 878 877 968 969 976 975
443 871 872 879 878 969 970 977 976
444 872 873 880 879 970 971 978 977
445 873 874 881 880 971 972 979 978
446 874 875 882 881 972 973 980 979
447 875 876 883 882 973 974 981 980
448 876 235 234 883 974 221 220 981
449 425 877 884 426 411 975 982 412
450 877 878 885 884 975 976 983 982
451 878 879 886 885 976 977 984 983
452 879 880 887 886 977 978 985 984
453 880 881 888 887 978 979 986 985
454 881 882 889 888 979 980 987 986
455 882 883 890 889 980 981 988 987
456 883 234 233 890 981 220 219 988
457 426 884 891 427 412 982 989 413
458 884 885 892 891 982 983 990 989
459 885 886 893 892 983 984 991 990
460 886 887 894 893 984 985 992 991
461 887 888 895 894 985 986 993 992
462 888 889 896 895 986 987 994 993
463 889 890 897 896 987 988 995 994
464 890 233 232 897 988 219 218 995
465 427 891 898 428 413 989 996 414
466 891 892 899 898 989 990 997 996
467 892 893 900 899 990 991 998 997
468 893 894 901 900 991 992 999 998
469 894 895 902 901 992 993 1000 999
470 895 896 903 902 993 994 1001 1000
471 896 897 904 903 994 995 1002 1001
472 897 232 231 904 995 218 217 1002
473 428 898 590 342 414 996 583 341
474 898 899 591 590 996 997 584 583
475 899 900 592 591 997 998 585 584
476 900 901 593 592 998 999 586 585
477 901 902 594 593 999 1000 587 586
478 902 903 595 594 1000 1001 588 587
479 903 904 596 595 1001 1002 589 588
480 904 231 170 596 1002 217 171 589
481 277 315 905 401 278 308 1003 387
482 315 314 906 905 308 307 1004 1003
483 314 313 907 906 307 306 1005 1004
484 313 312 908 907 306 305 1006 1005
485 312 311 909 908 305 304 1007 1006
486 311 310 910 909 304 303 1008 1007
487 310 309 911 910 303 302 1009 1008
488 309 149 230 911 302 148 216 1009
489 401 905 912 402 387 1003 1010 388
490 905 906 913 912 1003 1004 1011 1010
491 906 907 914 913 1004 1005 1012 1011
492 907 908 915 914 1005 1006 1013 1012
493 908 909 916 915 1006 1007 1014 1013
494 909 910 917 916 1007 1008 1015 1014
495 910 911 918 917 1008 1009 1016 1015
496 911 230 229 918 1009 216 215 1016
497 402 912 919 403 388 1010 1017 389
498 912 913 920 919 1010 1011 1018 1017
499 913 914 921 920 1011 1012 1019 1018
500 914 915 922 921 1012 1013 1020 1019
501 915 916 923 922 1013 1014 1021 1020
502 916 917 924 923 1014 1015 1022 1021
503 917 918 925 924 1015 1016 1023 1022
504 918 229 228 925 1016 215 214 1023
505 403 919 926 404 389 1017 1024 390
506 919 920 927 926 1017 1018 1025 1024
507 920 921 928 927 1018 1019 1026 1025
508 921 922 929 928 1019 1020 1027 1026
509 922 923 930 929 1020 1021 1028 1027
510 923 924 931 930 1021 1022 1029 1028
511 924 925 932 931 1022 1023 1030 1029
512 925 228 227 932 1023 214 213 1030
513 404 926 933 405 390 1024 1031 391
514 926 927 934 933 1024 1025 1032 1031
515 927 928 935 934 1025 1026 1033 1032
516 928 929 936 935 1026 1027 1034 1033
517 929 930 937 936 1027 1028 1035 1034
518 930 931 938 937 1028 1029 1036 1035
519 931 932 939 938 1029 1030 1037 1036
520 932 227 226 939 1030 213 212 1037
521 405 933 940 406 391 1031 1038 392
522 933 934 941 940 1031 1032 1039 1038
523 934 935 942 941 1032 1033 1040 1039
524 935 936 943 942 1033 1034 1041 1040
525 936 937 944 943 1034 1035 1042 1041
526 937 938 945 944 1035 1036 1043 1042
527 938 939 946 945 1036 1037 1044 1043
528 939 226 225 946 1037 212 211 1044
529 406 940 947 407 392 1038 1045 393
530 940 941 948 947 1038 1039 1046 1045
531 941 942 949 948 1039 1040 1047 1046
532 942 943 950 949 1040 1041 1048 1047
533 943 944 951 950 1041 1042 1049 1048
534 944 945 952 951 1042 1043 1050 1049
535 945 946 953 952 1043 1044 1051 1050
536 946 225 224 953 1044 211 210 1051
537 407 947 954 408 393 1045 1052 394
538 947 948 955 954 1045 1046 1053 1052
539 948 949 956 955 1046 1047 1054 1053
540 949 950 957 956 1047 1048 1055 1054
541 950 951 958 957 1048 1049 1056 1055
542 951 952 959 958 1049 1050 1057 1056
543 952 953 960 959 1050 1051 1058 1057
544 953 224 223 960 1051 210 209 1058
545 408 954 961 409 394 1052 1059 395
546 954 955 962 961 1052 1053 1060 1059
547 955 956 963 962 1053 1054 1061 1060
548 956 957 964 963 1054 1055 1062 1061
549 957 958 965 964 1055 1056 1063 1062
550 958 959 966 965 1056 1057 1064 1063
551 959 960 967 966 1057 1058 1065 1064
552 960 223 222 967 1058 209 208 1065
553 409 961 968 410 395 1059 1066 396
554 961 962 969 968 1059 1060 1067 1066
555 962 963 970 969 1060 1061 1068 1067
556 963 964 971 970 1061 1062 1069 1068
557 964 965 972 971 1062 1063 1070 1069
558 965 966 973 972 1063 1064 1071 1070
559 966 967 974 973 1064 1065 1072 1071
560 967 222 221 974 1065 208 207 1072
561 410 968 975 411 396 1066 1073 397
562 968 969 976 975 1066 1067 1074 1073
563 969 970 977 976 1067 1068 1075 1074
564 970 971 978 977 1068 1069 1076 1075
565 971 972 979 978 1069 1070 1077 1076
566 972 973 980 979 1070 1071 1078 1077
567 973 974 981 980 1071 1072 1079 1078
568 974 221 220 981 1072 207 206 1079
569 411 975 982 412 397 1073 1080 398
570 975 976 983 982 1073 1074 1081 1080
571 976 977 984 983 1074 1075 1082 1081
572 977 978 985 984 1075 1076 1083 1082
573 978 979 986 985 1076 1077 1084 1083
574 979 980 987 986 1077 1078 1085 1084
575 980 981 988 987 1078 1079 1086 1085
576 981 220 219 988 1079 206 205 1086
577 412 982 989 413 398 1080 1087 399
578 982 983 990 989 1080 1081 1088 1087
579 983 984 991 990 1081 1082 1089 1088
580 984 985 992 991 1082 1083 1090 1089
581 985 986 993 992 1083 1084 1091 1090
582 986 987 994 993 1084 1085 1092 1091
583 987 988 995 994 1085 1086 1093 1092
584 988 219 218 995 1086 205 204 1093
585 413 989 996 414 399 1087 1094 400
586 989 990 997 996 1087 1088 1095 1094
587 990 991 998 997 1088 1089 1096 1095
588 991 992 999 998 1089 1090 1097 1096
589 992 993 1000 999 1090 1091 1098 1097
590 993 994 1001 1000 1091 1092 1099 1098
591 994 995 1002 1001 1092 1093 1100 1099
592 995 218 217 1002 1093 204 203 1100
593 414 996 583 341 400 1094 576 340
594 996 997 584 583 1094 1095 577 576
595 997 998 585 584 1095 1096 578 577
596 998 999 586 585 1096 1097 579 578
597 999 1000 587 586 1097 1098 580 579
598 1000 1001 588 587 1098 1099 581 580
599 1001 1002 589 588 1099 1100 582 581
600 1002 217 171 589 1100 203 172 582
601 278 308 1003 387 279 301 1101 373
602 308 307 1004 1003 301 300 1102 1101
603 307 306 1005 1004 300 299 1103 1102
604 306 305 1006 1005 299 298 1104 1103
605 305 304 1007 1006 298 297 1105 1104
606 304 303 1008 1007 297 296 1106 1105
607 303 302 1009 1008 296 295 1107 1106
608 302 148 216 1009 295 147 202 1107
609 387 1003 1010 388 373 1101 1108 374
610 1003 1004 1011 1010 1101 1102 1109 1108
611 1004 1005 1012 1011 1102 1103 1110 1109
612 1005 1006 1013 1012 1103 1104 1111 1110
613 1006 1007 1014 1013 1104 1105 1112 1111
614 1007 1008 1015 1014 1105 1106 1113 1112
615 1008 1009 1016 1015 1106 1107 1114 1113
616 1009 216 215 1016 1107 202 201 1114
617 388 1010 1017 389 374 1108 1115 375
618 1010 1011 1018 1017 1108 1109 1116 1115
619 1011 1012 1019 1018 1109 1110 1117 1116
620 1012 1013 1020 1019 1110 1111 1118 1117
621 1013 1014 1021 1020 1111 1112 1119 1118
622 1014 1015 1022 1021 1112 1113 1120 1119
623 1015 1016 1023 1022 1113 1114 1121 1120
624 1016 215 214 1023 1114 201 200 1121
625 389 1017 1024 390 375 1115 1122 376
626 1017 1018 1025 1024 1115 1116 1123 1122
627 1018 1019 1026 1025 1116 1117 1124 1123
628 1019 1020 1027 1026 1117 1118 1125 1124
629 1020 1021 1028 1027 1118 1119 1126 1125
630 1021 1022 1029 1028 1119 1120 1127 1126
631 1022 1023 1030 1029 1120 1121 1128 1127
632 1023 214 213 1030 1121 200 199 1128
633 390 1024 1031 391 376 1122 1129 377
634 1024 1025 1032 1031 1122 1123 1130 1129
635 1025 1026 1033 1032 1123 1124 1131 1130
636 1026 1027 1034 1033 1124 1125 1132 1131
637 1027 1028 1035 1034 1125 1126 1133 1132
638 1028 1029 1036 1035 1126 1127 1134 1133
639 1029 1030 1037 1036 1127 1128 1135 1134
640 1030 213 212 1037 1128 199 198 1135
641 391 1031 1038 392 377 1129 1136 378
642 1031 1032 1039 1038 1129 1130 1137 1136
643 1032 1033 1040 1039 1130 1131 1138 1137
644 1033 1034 1041 1040 1131 1132 1139 1138
645 1034 1035 1042 1041 1132 1133 1140 1139
646 1035 1036 1043 1042 1133 1134 1141 1140
647 1036 1037 1044 1043 1134 1135 1142 1141
648 1037 212 211 1044 1135 198 197 1142
649 392 1038 1045 393 378 1136 1143 379
650 1038 1039 1046 1045 1136 1137 1144 1143
651 1039 1040 1047 1046 1137 1138 1145 1144
652 1040 1041 1048 1047 1138 1139 1146 1145
653 1041 1042 1049 1048 1139 1140 1147 1146
654 1042 1043 1050 1049 1140 1141 1148 1147
655 1043 1044 1051 1050 1141 1142 1149 1148
656 1044 211 210 1051 1142 197 196 1149
657 393 1045 1052 394 379 1143 1150 380
658 1045 1046 1053 1052 1143 1144 1151 1150
659 1046 1047 1054 1053 1144 1145 1152 1151
660 1047 1048 1055 1054 1145 1146 1153 1152
661 1048 1049 1056 1055 1146 1147 1154 1153
662 1049 1050 1057 1056 1147 1148 1155 1154
663 1050 1051 1058 1057 1148 1149 1156 1155
664 1051 210 209 1058 1149 196 195 1156
665 394 1052 1059 395 380 1150 1157 381
666 1052 1053 1060 1059 1150 1151 1158 1157
667 1053 1054 1061 1060 1151 1152 1159 1158
668 1054 1055 1062 1061 1152 1153 1160 1159
669 1055 1056 1063 1062 1153 1154 1161 1160
670 1056 1057 1064 1063 1154 1155 1162 1161
671 1057 1058 1065 1064 1155 1156 1163 1162
672 1058 209 208 1065 1156 195 194 1163
673 395 1059 1066 396 381 1157 1164 382
674 1059 1060 1067 1066 1157 1158 1165 1164
675 1060 1061 1068 1067 1158 1159 1166 1165
676 1061 1062 1069 1068 1159 1160 1167 1166
677 1062 1063 1070 1069 1160 1161 1168 1167
678 1063 1064 1071 1070 1161 1162 1169 1168
679 1064 1065 1072 1071 1162 1163 1170 1169
680 1065 208 207 1072 1163 194 193 1170
681 396 1066 1073 397 382 1164 1171 383
682 1066 1067 1074 1073 1164 1165 1172 1171
683 1067 1068 1075 1074 1165 1166 1173 1172
684 1068 1069 1076 1075 1166 1167 1174 1173
685 1069 1070 1077 1076 1167 1168 1175 1174
686 1070 1071 1078 1077 1168 1169 1176 1175
687 1071 1072 1079 1078 1169 1170 1177 1176
688 1072 207 206 1079 1170 193 192 1177
689 397 1073 1080 398 383 1171 1178 384
690 1073 1074 1081 1080 1171 1172 1179 1178
691 1074 1075 1082 1081 1172 1173 1180 1179
692 1075 1076 1083 1082 1173 1174 1181 1180
693 1076 1077 1084 1083 1174 1175 1182 1181
694 1077 1078 1085 1084 1175 1176 1183 1182
695 1078 1079 1086 1085 1176 1177 1184 1183
696 1079 206 205 1086 1177 192 191 1184
697 398 1080 1087 399 384 1178 1185 385
698 1080 1081 1088 1087 1178 1179 1186 1185
699 1081 1082 1089 1088 1179 1180 1187 1186
700 1082 1083 1090 1089 1180 1181 1188 1187
701 1083 1084 1091 1090 1181 1182 1189 1188
702 1084 1085 1092 1091 1182 1183 1190 1189
703 1085 1086 1093 1092 1183 1184 1191 1190
704 1086 205 204 1093 1184 191 190 1191
705 399 1087 1094 400 385 1185 1192 386
706 1087 1088 1095 1094 1185 1186 1193 1192
707 1088 1089 1096 1095 1186 1187 1194 1193
708 1089 1090 1097 1096 1187 1188 1195 1194
709 1090 1091 1098 1097 1188 1189 1196 1195
710 1091 1092 1099 1098 1189 1190 1197 1196
711 1092 1093 1100 1099 1190 1191 1198 1197
712 1093 204 203 1100 1191 190 189 1198
713 400 1094 576 340 386 1192 569 339
714 1094 1095 577 576 1192 1193 570 569
715 1095 1096 578 577 1193 1194 571 570
716 1096 1097 579 578 1194 1195 572 571
717 1097 1098 580 579 1195 1196 573 572
718 1098 1099 581 580 1196 1197 574 573
719 1099 1100 582 581 1197 1198 575 574
720 1100 203 172 582 1198 189 173 575
721 279 301 1101 373 280 294 1199 359
722 301 300 1102 1101 294 293 1200 1199
723 300 299 1103 1102 293 292 1201 1200
724 299 298 1104 1103 292 291 1202 1201
725 298 297 1105 1104 291 290 1203 1202
726 297 296 1106 1105 290 289 1204 1203
727 296 295 1107 1106 289 288 1205 1204
728 295 147 202 1107 288 146 188 1205
729 373 1101 1108 374 359 1199 1206 360
730 1101 1102 1109 1108 1199 1200 1207 1206
731 1102 1103 1110 1109 1200 1201 1208 1207
732 1103 1104 1111 1110 1201 1202 1209 1208
733 1104 1105 1112 1111 1202 1203 1210 1209
734 1105 1106 1113 1112 1203 1204 1211 1210
735 1106 1107 1114 1113 1204 1205 1212 1211
736 1107 202 201 1114 1205 188 187 1212
737 374 1108 1115 375 360 1206 1213 361
738 1108 1109 1116 1115 1206 1207 1214 1213
739 1109 1110 1117 1116 1207 1208 1215 1214
740 1110 1111 1118 1117 1208 1209 1216 1215
741 1111 1112 1119 1118 1209 1210 1217 1216
742 1112 1113 1120 1119 1210 1211 1218 1217
743 1113 1114 1121 1120 1211 1212 1219 1218
744 1114 201 200 1121 1212 187 186 1219
745 375 1115 1122 376 361 1213 1220 362
746 1115 1116 1123 1122 1213 1214 1221 1220
747 1116 1117 1124 1123 1214 1215 1222 1221
748 1117 1118 1125 1124 1215 1216 1223 1222
749 1118 1119 1126 1125 1216 1217 1224 1223
750 1119 1120 1127 1126 1217 1218 1225 1224
751 1120 1121 1128 1127 1218 1219 1226 1225
752 1121 200 199 1128 1219 186 185 1226
753 376 1122 1129 377 362 1220 1227 363
754 1122 1123 1130 1129 1220 1221 1228 1227
755 1123 1124 1131 1130 1221 1222 1229 1228
756 1124 1125 1132 1131 1222 1223 1230 1229
757 1125 1126 1133 1132 1223 1224 1231 1230
758 1126 1127 1134 1133 1224 1225 1232 1231
759 1127 1128 1135 1134 1225 1226 1233 1232
760 1128 199 198 1135 1226 185 184 1233
761 377 1129 1136 378 363 1227 1234 364
762 1129 1130 1137 1136 1227 1228 1235 1234
763 1130 1131 1138 1137 1228 1229 1236 1235
764 1131 1132 1139 1138 1229 1230 1237 1236
765 1132 1133 1140 1139 1230 1231 1238 1237
766 1133 1134 1141 1140 1231 1232 1239 1238
767 1134 1135 1142 1141 1232 1233 1240 1239
768 1135 198 197 1142 1233 184 183 1240
769 378 1136 1143 379 364 1234 1241 365
770 1136 1137 1144 1143 1234 1235 1242 1241
771 1137 1138 1145 1144 1235 1236 1243 1242
772 1138 1139 1146 1145 1236 1237 1244 1243
773 1139 1140 1147 1146 1237 1238 1245 1244
774 1140 1141 1148 1147 1238 1239 1246 1245
775 1141 1142 1149 1148 1239 1240 1247 1246
776 1142 197 196 1149 1240 183 182 1247
777 379 1143 1150 380 365 1241 1248 366
778 1143 1144 1151 1150 1241 1242 1249 1248
779 1144 1145 1152 1151 1242 1243 1250 1249
780 1145 1146 1153 1152 1243 1244 1251 1250
781 1146 1147 1154 1153 1244 1245 1252 1251
782 1147 1148 1155 1154 1245 1246 1253 1252
783 1148 1149 1156 1155 1246 1247 1254 1253
784 1149 196 195 1156 1247 182 181 1254
785 380 1150 1157 381 366 1248 1255 367
786 1150 1151 1158 1157 1248 1249 1256 1255
787 1151 1152 1159 1158 1249 1250 1257 1256
788 1152 1153 1160 1159 1250 1251 1258 1257
789 1153 1154 1161 1160 1251 1252 1259 1258
790 1154 1155 1162 1161 1252 1253 1260 1259
791 1155 1156 1163 1162 1253 1254 1261 1260
792 1156 195 194 1163 1254 181 180 1261
793 381 1157 1164 382 367 1255 1262 368
794 1157 1158 1165 1164 1255 1256 1263 1262
795 1158 1159 1166 1165 1256 1257 1264 1263
796 1159 1160 1167 1166 1257 1258 1265 1264
797 1160 1161 1168 1167 1258 1259 1266 1265
798 1161 1162 1169 1168 1259 1260 1267 1266
799 1162 1163 1170 1169 1260 1261 1268 1267
800 1163 194 193 1170 1261 180 179 1268
801 382 1164 1171 383 368 1262 1269 369
802 1164 1165 1172 1171 1262 1263 1270 1269
803 1165 1166 1173 1172 1263 1264 1271 1270
804 1166 1167 1174 1173 1264 1265 1272 1271
805 1167 1168 1175 1174 1265 1266 1273 1272
806 1168 1169 1176 1175 1266 1267 1274 1273
807 1169 1170 1177 1176 1267 1268 1275 1274
808 1170 193 192 1177 1268 179 178 1275
809 383 1171 1178 384 369 1269 1276 370
810 1171 1172 1179 1178 1269 1270 1277 1276
811 1172 1173 1180 1179 1270 1271 1278 1277
812 1173 1174 1181 1180 1271 1272 1279 1278
813 1174 1175 1182 1181 1272 1273 1280 1279
814 1175 1176 1183 1182 1273 1274 1281 1280
815 1176 1177 1184 1183 1274 1275 1282 1281
816 1177 192 191 1184 1275 178 177 1282
817 384 1178 1185 385 370 1276 1283 371
818 1178 1179 1186 1185 1276 1277 1284 1283
819 1179 1180 1187 1186 1277 1278 1285 1284
820 1180 1181 1188 1187 1278 1279 1286 1285
821 1181 1182 1189 1188 1279 1280 1287 1286
822 1182 1183 1190 1189 1280 1281 1288 1287
823 1183 1184 1191 1190 1281 1282 1289 1288
824 1184 191 190 1191 1282 177 176 1289
825 385 1185 1192 386 371 1283 1290 372
826 1185 1186 1193 1192 1283 1284 1291 1290
827 1186 1187 1194 1193 1284 1285 1292 1291
828 1187 1188 1195 1194 1285 1286 1293 1292
829 1188 1189 1196 1195 1286 1287 1294 1293
830 1189 1190 1197 1196 1287 1288 1295 1294
831 1190 1191 1198 1197 1288 1289 1296 1295
832 1191 190 189 1198 1289 176 175 1296
833 386 1192 569 339 372 1290 562 338
834 1192 1193 570 569 1290 1291 563 562
835 1193 1194 571 570 1291 1292 564 563
836 1194 1195 572 571 1292 1293 565 564
837 1195 1196 573 572 1293 1294 566 565
838 1196 1197 574 573 1294 1295 567 566
839 1197 1198 575 574 1295 1296 568 567
840 1198 189 173 575 1296 175 174 568
841 280 294 1199 359 1 24 60 3
842 294 293 1200 1199 24 23 74 60
843 293 292 1201 1200 23 22 88 74
844 292 291 1202 1201 22 21 102 88
845 291 290 1203 1202 21 20 116 102
846 290 289 1204 1203 20 19 130 116
847 289 288 1205 1204 19 18 144 130
848 288 146 188 1205 18 17 39 144
849 359 1199 1206 360 3 60 59 4
850 1199 1200 1207 1206 60 74 73 59
851 1200 1201 1208 1207 74 88 87 73
852 1201 1202 1209 1208 88 102 101 87
853 1202 1203 1210 1209 102 116 115 101
854 1203 1204 1211 1210 116 130 129 115
855 1204 1205 1212 1211 130 144 143 129
856 1205 188 187 1212 144 39 38 143
857 360 1206 1213 361 4 59 58 5
858 1206 1207 1214 1213 59 73 72 58
859 1207 1208 1215 1214 73 87 86 72
860 1208 1209 1216 1215 87 101 100 86
861 1209 1210 1217 1216 101 115 114 100
862 1210 1211 1218 1217 115 129 128 114
863 1211 1212 1219 1218 129 143 142 128
864 1212 187 186 1219 143 38 37 142
865 361 1213 1220 362 5 58 57 6
866 1213 1214 1221 1220 58 72 71 57
867 1214 1215 1222 1221 72 86 85 71
868 1215 1216 1223 1222 86 100 99 85
869 1216 1217 1224 1223 100 114 113 99
870 1217 1218 1225 1224 114 128 127 113
871 1218 1219 1226 1225 128 142 141 127
872 1219 186 185 1226 142 37 36 141
873 362 1220 1227 363 6 57 56 7
874 1220 1221 1228 1227 57 71 70 56
875 1221 1222 1229 1228 71 85 84 70
876 1222 1223 1230 1229 85 99 98 84
877 1223 1224 1231 1230 99 113 112 98
878 1224 1225 1232 1231 113 127 126 112
879 1225 1226 1233 1232 127 141 140 126
880 1226 185 184 1233 141 36 35 140
881 363 1227 1234 364 7 56 55 8
882 1227 1228 1235 1234 56 70 69 55
883 1228 1229 1236 1235 70 84 83 69
884 1229 1230 1237 1236 84 98 97 83
885 1230 1231 1238 1237 98 112 111 97
886 1231 1232 1239 1238 112 126 125 111
887 1232 1233 1240 1239 126 140 139 125
888 1233 184 183 1240 140 35 34 139
889 364 1234 1241 365 8 55 54 9
890 1234 1235 1242 1241 55 69 68 54
891 1235 1236 1243 1242 69 83 82 68
892 1236 1237 1244 1243 83 97 96 82
893 1237 1238 1245 1244 97 111 110 96
894 1238 1239 1246 1245 111 125 124 110
895 1239 1240 1247 1246 125 139 138 124
896 1240 183 182 1247 139 34 33 138
897 365 1241 1248 366 9 54 53 10
898 1241 1242 1249 1248 54 68 67 53
899 1242 1243 1250 1249 68 82 81 67
900 1243 1244 1251 1250 82 96 95 81
901 1244 1245 1252 1251 96 110 109 95
902 1245 1246 1253 1252 110 124 123 109
903 1246 1247 1254 1253 124 138 137 123
904 1247 182 181 1254 138 33 32 137
905 366 1248 1255 367 10 53 52 11
906 1248 1249 1256 1255 53 67 66 52
907 1249 1250 1257 1256 67 81 80 66
908 1250 1251 1258 1257 81 95 94 80
909 1251 1252 1259 1258 95 109 108 94
910 1252 1253 1260 1259 109 123 122 108
911 1253 1254 1261 1260 123 137 136 122
912 1254 181 180 1261 137 32 31 136
913 367 1255 1262 368 11 52 51 12
914 1255 1256 1263 1262 52 66 65 51
915 1256 1257 1264 1263 66 80 79 65
916 1257 1258 1265 1264 80 94 93 79
917 1258 1259 1266 1265 94 108 107 93
918 1259 1260 1267 1266 108 122 121 107
919 1260 1261 1268 1267 122 136 135 121
920 1261 180 179 1268 136 31 30 135
921 368 1262 1269 369 12 51 50 13
922 1262 1263 1270 1269 51 65 64 50
923 1263 1264 1271 1270 65 79 78 64
924 1264 1265 1272 1271 79 93 92 78
925 1265 1266 1273 1272 93 107 106 92
926 1266 1267 1274 1273 107 121 120 106
927 1267 1268 1275 1274 121 135 134 120
928 1268 179 178 1275 135 30 29 134
929 369 1269 1276 370 13 50 49 14
930 1269 1270 1277 1276 50 64 63 49
931 1270 1271 1278 1277 64 78 77 63
932 1271 1272 1279 1278 78 92 91 77
933 1272 1273 1280 1279 92 106 105 91
934 1273 1274 1281 1280 106 120 119 105
935 1274 1275 1282 1281 120 134 133 119
936 1275 178 177 1282 134 29 28 133
937 370 1276 1283 371 14 49 48 15
938 1276 1277 1284 1283 49 63 62 48
939 1277 1278 1285 1284 63 77 76 62
940 1278 1279 1286 1285 77 91 90 76
941 1279 1280 1287 1286 91 105 104 90
942 1280 1281 1288 1287 105 119 118 104
943 1281 1282 1289 1288 119 133 132 118
944 1282 177 176 1289 133 28 27 132
945 371 1283 1290 372 15 48 47 16
946 1283 1284 1291 1290 48 62 61 47
947 1284 1285 1292 1291 62 76 75 61
948 1285 1286 1293 1292 76 90 89 75
949 1286 1287 1294 1293 90 104 103 89
950 1287 1288 1295 1294 104 118 117 103
951 1288 1289 1296 1295 118 132 131 117
952 1289 176 175 1296 132 27 26 131
953 372 1290 562 338 16 47 40 2
954 1290 1291 563 562 47 61 41 40
955 1291 1292 564 563 61 75 42 41
956 1292 1293 565 564 75 89 43 42
957 1293 1294 566 565 89 103 44 43
958 1294 1295 567 566 103 117 45 44
959 1295 1296 568 567 117 131 46 45
960 1296 175 174 568 131 26 25 46
961 1321 1654 1655 1335 1336 1766 1907 1427
962 1654 1653 1669 1655 1766 1773 1908 1907
963 1653 1652 1683 1669 1773 1780 1909 1908
964 1652 1651 1697 1683 1780 1787 1910 1909
965 1651 1650 1711 1697 1787 1794 1911 1910
966 1650 1649 1725 1711 1794 1801 1912 1911
967 1649 1648 1739 1725 1801 1808 1913 1912
968 1648 1633 1647 1739 1808 1753 1900 1913
969 1335 1655 1656 1334 1427 1907 1914 1428
970 1655 1669 1670 1656 1907 1908 1915 1914
971 1669 1683 1684 1670 1908 1909 1916 1915
972 1683 1697 1698 1684 1909 1910 1917 1916
973 1697 1711 1712 1698 1910 1911 1918 1917
974 1711 1725 1726 1712 1911 1912 1919 1918
975 1725 1739 1740 1726 1912 1913 1920 1919
976 1739 1647 1646 1740 1913 1900 1893 1920
977 1334 1656 1657 1333 1428 1914 1921 1429
978 1656 1670 1671 1657 1914 1915 1922 1921
979 1670 1684 1685 1671 1915 1916 1923 1922
980 1684 1698 1699 1685 1916 1917 1924 1923
981 1698 1712 1713 1699 1917 1918 1925 1924
982 1712 1726 1727 1713 1918 1919 1926 1925
983 1726 1740 1741 1727 1919 1920 1927 1926
984 1740 1646 1645 1741 1920 1893 1886 1927
985 1333 1657 1658 1332 1429 1921 1928 1430
986 1657 1671 1672 1658 1921 1922 1929 1928
987 1671 1685 1686 1672 1922 1923 1930 1929
988 1685 1699 1700 1686 1923 1924 1931 1930
989 1699 1713 1714 1700 1924 1925 1932 1931
990 1713 1727 1728 1714 1925 1926 1933 1932
991 1727 1741 1742 1728 1926 1927 1934 1933
992 1741 1645 1644 1742 1927 1886 1879 1934
993 1332 1658 1659 1331 1430 1928 1935 1431
994 1658 1672 1673 1659 1928 1929 1936 1935
995 1672 1686 1687 1673 1929 1930 1937 1936
996 1686 1700 1701 1687 1930 1931 1938 1937
997 1700 1714 1715 1701 1931 1932 1939 1938
998 1714 1728 1729 1715 1932 1933 1940 1939
999 1728 1742 1743 1729 1933 1934 1941 1940
1000 1742 1644 1643 1743 1934 1879 1872 1941
1001 1331 1659 1660 1330 1431 1935 1942 1432
1002 1659 1673 1674 1660 1935 1936 1943 1942
1003 1673 1687 1688 1674 1936 1937 1944 1943
1004 1687 1701 1702 1688 1937 1938 1945 1944
1005 1701 1715 1716 1702 1938 1939 1946 1945
1006 1715 1729 1730 1716 1939 1940 1947 1946
1007 1729 1743 1744 1730 1940 1941 1948 1947
1008 1743 1643 1642 1744 1941 1872 1865 1948
1009 1330 1660 1661 1329 1432 1942 1949 1433
1010 1660 1674 1675 1661 1942 1943 1950 1949
1011 1674 1688 1689 1675 1943 1944 1951 1950
1012 1688 1702 1703 1689 1944 1945 1952 1951
1013 1702 1716 1717 1703 1945 1946 1953 1952
1014 1716 1730 1731 1717 1946 1947 1954 1953
1015 1730 1744 1745 1731 1947 1948 1955 1954
1016 1744 1642 1641 1745 1948 1865 1858 1955
1017 1329 1661 1662 1328 1433 1949 1956 1434
1018 1661 1675 1676 1662 1949 1950 1957 1956
1019 1675 1689 1690 1676 1950 1951 1958 1957
1020 1689 1703 1704 1690 1951 1952 1959 1958
1021 1703 1717 1718 1704 1952 1953 1960 1959
1022 1717 1731 1732 1718 1953 1954 1961 1960
1023 1731 1745 1746 1732 1954 1955 1962 1961
1024 1745 1641 1640 1746 1955 1858 1851 1962
1025 1328 1662 1663 1327 1434 1956 1963 1435
1026 1662 1676 1677 1663 1956 1957 1964 1963
1027 1676 1690 1691 1677 1957 1958 1965 1964
1028 1690 1704 1705 1691 1958 1959 1966 1965
1029 1704 1718 1719 1705 1959 1960 1967 1966
1030 1718 1732 1733 1719 1960 1961 1968 1967
1031 1732 1746 1747 1733 1961 1962 1969 1968
1032 1746 1640 1639 1747 1962 1851 1844 1969
1033 1327 1663 1664 1326 1435 1963 1970 1436
1034 1663 1677 1678 1664 1963 1964 1971 1970
1035 1677 1691 1692 1678 1964 1965 1972 1971
1036 1691 1705 1706 1692 1965 1966 1973 1972
1037 1705 1719 1720 1706 1966 1967 1974 1973
1038 1719 1733 1734 1720 1967 1968 1975 1974
1039 1733 1747 1748 1734 1968 1969 1976 1975
1040 1747 1639 1638 1748 1969 1844 1837 1976
1041 1326 1664 1665 1325 1436 1970 1977 1437
1042 1664 1678 1679 1665 1970 1971 1978 1977
1043 1678 1692 1693 1679 1971 1972 1979 1978
1044 1692 1706 1707 1693 1972 1973 1980 1979
1045 1706 1720 1721 1707 1973 1974 1981 1980
1046 1720 1734 1735 1721 1974 1975 1982 1981
1047 1734 1748 1749 1735 1975 1976 1983 1982
1048 1748 1638 1637 1749 1976 1837 1830 1983
1049 1325 1665 1666 1324 1437 1977 1984 1438
1050 1665 1679 1680 1666 1977 1978 1985 1984
1051 1679 1693 1694 1680 1978 1979 1986 1985
1052 1693 1707 1708 1694 1979 1980 1987 1986
1053 1707 1721 1722 1708 1980 1981 1988 1987
1054 1721 1735 1736 1722 1981 1982 1989 1988
1055 1735 1749 1750 1736 1982 1983 1990 1989
1056 1749 1637 1636 1750 1983 1830 1823 1990
1057 1324 1666 1667 1323 1438 1984 1991 1439
1058 1666 1680 1681 1667 1984 1985 1992 1991
1059 1680 1694 1695 1681 1985 1986 1993 1992
1060 1694 1708 1709 1695 1986 1987 1994 1993
1061 1708 1722 1723 1709 1987 1988 1995 1994
1062 1722 1736 1737 1723 1988 1989 1996 1995
1063 1736 1750 1751 1737 1989 1990 1997 1996
1064 1750 1636 1635 1751 1990 1823 1816 1997
1065 1323 1667 1668 1322 1439 1991 1998 1440
1066 1667 1681 1682 1668 1991 1992 1999 1998
1067 1681 1695 1696 1682 1992 1993 2000 1999
1068 1695 1709 1710 1696 1993 1994 2001 2000
1069 1709 1723 1724 1710 1994 1995 2002 2001
1070 1723 1737 1738 1724 1995 1996 2003 2002
1071 1737 1751 1752 1738 1996 1997 2004 2003
1072 1751 1635 1634 1752 1997 1816 1809 2004
1073 1322 1668 1457 1313 1440 1998 1464 1320
1074 1668 1682 1458 1457 1998 1999 1471 1464
1075 1682 1696 1459 1458 1999 2000 1478 1471
1076 1696 1710 1460 1459 2000 2001 1485 1478
1077 1710 1724 1461 1460 2001 2002 1492 1485
1078 1724 1738 1462 1461 2002 2003 1499 1492
1079 1738 1752 1463 1462 2003 2004 1506 1499
1080 1752 1634 1449 1463 2004 1809 1450 1506
1081 1336 1766 1907 1427 1337 1765 2005 1413
1082 1766 1773 1908 1907 1765 1772 2006 2005
1083 1773 1780 1909 1908 1772 1779 2007 2006
1084 1780 1787 1910 1909 1779 1786 2008 2007
1085 1787 1794 1911 1910 1786 1793 2009 2008
1086 1794 1801 1912 1911 1793 1800 2010 2009
1087 1801 1808 1913 1912 1800 1807 2011 2010
1088 1808 1753 1900 1913 1807 1754 1901 2011
1089 1427 1907 1914 1428 1413 2005 2012 1414
1090 1907 1908 1915 1914 2005 2006 2013 2012
1091 1908 1909 1916 1915 2006 2007 2014 2013
1092 1909 1910 1917 1916 2007 2008 2015 2014
1093 1910 1911 1918 1917 2008 2009 2016 2015
1094 1911 1912 1919 1918 2009 2010 2017 2016
1095 1912 1913 1920 1919 2010 2011 2018 2017
1096 1913 1900 1893 1920 2011 1901 1894 2018
1097 1428 1914 1921 1429 1414 2012 2019 1415
1098 1914 1915 1922 1921 2012 2013 2020 2019
1099 1915 1916 1923 1922 2013 2014 2021 2020
1100 1916 1917 1924 1923 2014 2015 2022 2021
1101 1917 1918 1925 1924 2015 2016 2023 2022
1102 1918 1919 1926 1925 2016 2017 2024 2023
1103 1919 1920 1927 1926 2017 2018 2025 2024
1104 1920 1893 1886 1927 2018 1894 1887 2025
1105 1429 1921 1928 1430 1415 2019 2026 1416
1106 1921 1922 1929 1928 2019 2020 2027 2026
1107 1922 1923 1930 1929 2020 2021 2028 2027
1108 1923 1924 1931 1930 2021 2022 2029 2028
1109 1924 1925 1932 1931 2022 2023 2030 2029
1110 1925 1926 1933 1932 2023 2024 2031 2030
1111 1926 1927 1934 1933 2024 2025 2032 2031
1112 1927 1886 1879 1934 2025 1887 1880 2032
1113 1430 1928 1935 1431 1416 2026 2033 1417
1114 1928 1929 1936 1935 2026 2027 2034 2033
1115 1929 1930 1937 1936 2027 2028 2035 2034
1116 1930 1931 1938 1937 2028 2029 2036 2035
1117 1931 1932 1939 1938 2029 2030 2037 2036
1118 1932 1933 1940 1939 2030 2031 2038 2037
1119 1933 1934 1941 1940 2031 2032 2039 2038
1120 1934 1879 1872 1941 2032 1880 1873 2039
1121 1431 1935 1942 1432 1417 2033 2040 1418
1122 1935 1936 1943 1942 2033 2034 2041 2040
1123 1936 1937 1944 1943 2034 2035 2042 2041
1124 1937 1938 1945 1944 2035 2036 2043 2042
1125 1938 1939 1946 1945 2036 2037 2044 2043
1126 1939 1940 1947 1946 2037 2038 2045 2044
1127 1940 1941 1948 1947 2038 2039 2046 2045
1128 1941 1872 1865 1948 2039 1873 1866 2046
1129 1432 1942 1949 1433 1418 2040 2047 1419
1130 1942 1943 1950 1949 2040 2041 2048 2047
1131 1943 1944 1951 1950 2041 2042 2049 2048
1132 1944 1945 1952 1951 2042 2043 2050 2049
1133 1945 1946 1953 1952 2043 2044 2051 2050
1134 1946 1947 1954 1953 2044 2045 2052 2051
1135 1947 1948 1955 1954 2045 2046 2053 2052
1136 1948 1865 1858 1955 2046 1866 1859 2053
1137 1433 1949 1956 1434 1419 2047 2054 1420
1138 1949 1950 1957 1956 2047 2048 2055 2054
1139 1950 1951 1958 1957 2048 2049 2056 2055
1140 1951 1952 1959 1958 2049 2050 2057 2056
1141 1952 1953 1960 1959 2050 2051 2058 2057
1142 1953 1954 1961 1960 2051 2052 2059 2058
1143 1954 1955 1962 1961 2052 2053 2060 2059
1144 1955 1858 1851 1962 2053 1859 1852 2060
1145 1434 1956 1963 1435 1420 2054 2061 1421
1146 1956 1957 1964 1963 2054 2055 2062 2061
1147 1957 1958 1965 1964 2055 2056 2063 2062
1148 1958 1959 1966 1965 2056 2057 2064 2063
1149 1959 1960 1967 1966 2057 2058 2065 2064
1150 1960 1961 1968 1967 2058 2059 2066 2065
1151 1961 1962 1969 1968 2059 2060 2067 2066
1152 1962 1851 1844 1969 2060 1852 1845 2067
1153 1435 1963 1970 1436 1421 2061 2068 1422
1154 1963 1964 1971 1970 2061 2062 2069 2068
1155 1964 1965 1972 1971 2062 2063 2070 2069
1156 1965 1966 1973 1972 2063 2064 2071 2070
1157 1966 1967 1974 1973 2064 2065 2072 2071
1158 1967 1968 1975 1974 2065 2066 2073 2072
1159 1968 1969 1976 1975 2066 2067 2074 2073
1160 1969 1844 1837 1976 2067 1845 1838 2074
1161 1436 1970 1977 1437 1422 2068 2075 1423
1162 1970 1971 1978 1977 2068 2069 2076 2075
1163 1971 1972 1979 1978 2069 2070 2077 2076
1164 1972 1973 1980 1979 2070 2071 2078 2077
1165 1973 1974 1981 1980 2071 2072 2079 2078
1166 1974 1975 1982 1981 2072 2073 2080 2079
1167 1975 1976 1983 1982 2073 2074 2081 2080
1168 1976 1837 1830 1983 2074 1838 1831 2081
1169 1437 1977 1984 1438 1423 2075 2082 1424
1170 1977 1978 1985 1984 2075 2076 2083 2082
1171 1978 1979 1986 1985 2076 2077 2084 2083
1172 1979 1980 1987 1986 2077 2078 2085 2084
1173 1980 1981 1988 1987 2078 2079 2086 2085
1174 1981 1982 1989 1988 2079 2080 2087 2086
1175 1982 1983 1990 1989 2080 2081 2088 2087
1176 1983 1830 1823 1990 2081 1831 1824 2088
1177 1438 1984 1991 1439 1424 2082 2089 1425
1178 1984 1985 1992 1991 2082 2083 2090 2089
1179 1985 1986 1993 1992 2083 2084 2091 2090
1180 1986 1987 1994 1993 2084 2085 2092 2091
1181 1987 1988 1995 1994 2085 2086 2093 2092
1182 1988 1989 1996 1995 2086 2087 2094 2093
1183 1989 1990 1997 1996 2087 2088 2095 2094
1184 1990 1823 1816 1997 2088 1824 1817 2095
1185 1439 1991 1998 1440 1425 2089 2096 1426
1186 1991 1992 1999 1998 2089 2090 2097 2096
1187 1992 1993 2000 1999 2090 2091 2098 2097
1188 1993 1994 2001 2000 2091 2092 2099 2098
1189 1994 1995 2002 2001 2092 2093 2100 2099
1190 1995 1996 2003 2002 2093 2094 2101 2100
1191 1996 1997 2004 2003 2094 2095 2102 2101
1192 1997 1816 1809 2004 2095 1817 1810 2102
1193 1440 1998 1464 1320 1426 2096 1465 1319
1194 1998 1999 1471 1464 2096 2097 1472 1465
1195 1999 2000 1478 1471 2097 2098 1479 1472
1196 2000 2001 1485 1478 2098 2099 1486 1479
1197 2001 2002 1492 1485 2099 2100 1493 1486
1198 2002 2003 1499 1492 2100 2101 1500 1493
1199 2003 2004 1506 1499 2101 2102 1507 1500
1200 2004 1809 1450 1506 2102 1810 1451 1507
1201 1337 1765 2005 1413 1338 1764 2103 1399
1202 1765 1772 2006 2005 1764 1771 2104 2103
1203 1772 1779 2007 2006 1771 1778 2105 2104
1204 1779 1786 2008 2007 1778 1785 2106 2105
1205 1786 1793 2009 2008 1785 1792 2107 2106
1206 1793 1800 2010 2009 1792 1799 2108 2107
1207 1800 1807 2011 2010 1799 1806 2109 2108
1208 1807 1754 1901 2011 1806 1755 1902 2109
1209 1413 2005 2012 1414 1399 2103 2110 1400
1210 2005 2006 2013 2012 2103 2104 2111 2110
1211 2006 2007 2014 2013 2104 2105 2112 2111
1212 2007 2008 2015 2014 2105 2106 2113 2112
1213 2008 2009 2016 2015 2106 2107 2114 2113
1214 2009 2010 2017 2016 2107 2108 2115 2114
1215 2010 2011 2018 2017 2108 2109 2116 2115
1216 2011 1901 1894 2018 2109 1902 1895 2116
1217 1414 2012 2019 1415 1400 2110 2117 1401
1218 2012 2013 2020 2019 2110 2111 2118 2117
1219 2013 2014 2021 2020 2111 2112 2119 2118
1220 2014 2015 2022 2021 2112 2113 2120 2119
1221 2015 2016 2023 2022 2113 2114 2121 2120
1222 2016 2017 2024 2023 2114 2115 2122 2121
1223 2017 2018 2025 2024 2115 2116 2123 2122
1224 2018 1894 1887 2025 2116 1895 1888 2123
1225 1415 2019 2026 1416 1401 2117 2124 1402
1226 2019 2020 2027 2026 2117 2118 2125 2124
1227 2020 2021 2028 2027 2118 2119 2126 2125
1228 2021 2022 2029 2028 2119 2120 2127 2126
1229 2022 2023 2030 2029 2120 2121 2128 2127
1230 2023 2024 2031 2030 2121 2122 2129 2128
1231 2024 2025 2032 2031 2122 2123 2130 2129
1232 2025 1887 1880 2032 2123 1888 1881 2130
1233 1416 2026 2033 1417 1402 2124 2131 1403
1234 2026 2027 2034 2033 2124 2125 2132 2131
1235 2027 2028 2035 2034 2125 2126 2133 2132
1236 2028 2029 2036 2035 2126 2127 2134 2133
1237 2029 2030 2037 2036 2127 2128 2135 2134
1238 2030 2031 2038 2037 2128 2129 2136 2135
1239 2031 2032 2039 2038 2129 2130 2137 2136
1240 2032 1880 1873 2039 2130 1881 1874 2137
1241 1417 2033 2040 1418 1403 2131 2138 1404
1242 2033 2034 2041 2040 2131 2132 2139 2138
1243 2034 2035 2042 2041 2132 2133 2140 2139
1244 2035 2036 2043 2042 2133 2134 2141 2140
1245 2036 2037 2044 2043 2134 2135 2142 2141
1246 2037 2038 2045 2044 2135 2136 2143 2142
1247 2038 2039 2046 2045 2136 2137 2144 2143
1248 2039 1873 1866 2046 2137 1874 1867 2144
1249 1418 2040 2047 1419 1404 2138 2145 1405
1250 2040 2041 2048 2047 2138 2139 2146 2145
1251 2041 2042 2049 2048 2139 2140 2147 2146
1252 2042 2043 2050 2049 2140 2141 2148 2147
1253 2043 2044 2051 2050 2141 2142 2149 2148
1254 2044 2045 2052 2051 2142 2143 2150 2149
1255 2045 2046 2053 2052 2143 2144 2151 2150
1256 2046 1866 1859 2053 2144 1867 1860 2151
1257 1419 2047 2054 1420 1405 2145 2152 1406
1258 2047 2048 2055 2054 2145 2146 2153 2152
1259 2048 2049 2056 2055 2146 2147 2154 2153
1260 2049 2050 2057 2056 2147 2148 2155 2154
1261 2050 2051 2058 2057 2148 2149 2156 2155
1262 2051 2052 2059 2058 2149 2150 2157 2156
1263 2052 2053 2060 2059 2150 2151 2158 2157
1264 2053 1859 1852 2060 2151 1860 1853 2158
1265 1420 2054 2061 1421 1406 2152 2159 1407
1266 2054 2055 2062 2061 2152 2153 2160 2159
1267 2055 2056 2063 2062 2153 2154 2161 2160
1268 2056 2057 2064 2063 2154 2155 2162 2161
1269 2057 2058 2065 2064 2155 2156 2163 2162
1270 2058 2059 2066 2065 2156 2157 2164 2163
1271 2059 2060 2067 2066 2157 2158 2165 2164
1272 2060 1852 1845 2067 2158 1853 1846 2165
1273 1421 2061 2068 1422 1407 2159 2166 1408
1274 2061 2062 2069 2068 2159 2160 2167 2166
1275 2062 2063 2070 2069 2160 2161 2168 2167
1276 2063 2064 2071 2070 2161 2162 2169 2168
1277 2064 2065 2072 2071 2162 2163 2170 2169
1278 2065 2066 2073 2072 2163 2164 2171 2170
1279 2066 2067 2074 2073 2164 2165 2172 2171
1280 2067 1845 1838 2074 2165 1846 1839 2172
1281 1422 2068 2075 1423 1408 2166 2173 1409
1282 2068 2069 2076 2075 2166 2167 2174 2173
1283 2069 2070 2077 2076 2167 2168 2175 2174
1284 2070 2071 2078 2077 2168 2169 2176 2175
1285 2071 2072 2079 2078 2169 2170 2177 2176
1286 2072 2073 2080 2079 2170 2171 2178 2177
1287 2073 2074 2081 2080 2171 2172 2179 2178
1288 2074 1838 1831 2081 2172 1839 1832 2179
1289 1423 2075 2082 1424 1409 2173 2180 1410
1290 2075 2076 2083 2082 2173 2174 2181 2180
1291 2076 2077 2084 2083 2174 2175 2182 2181
1292 2077 2078 2085 2084 2175 2176 2183 2182
1293 2078 2079 2086 2085 2176 2177 2184 2183
1294 2079 2080 2087 2086 2177 2178 2185 2184
1295 2080 2081 2088 2087 2178 2179 2186 2185
1296 2081 1831 1824 2088 2179 1832 1825 2186
1297 1424 2082 2089 1425 1410 2180 2187 1411
1298 2082 2083 2090 2089 2180 2181 2188 2187
1299 2083 2084 2091 2090 2181 2182 2189 2188
1300 2084 2085 2092 2091 2182 2183 2190 2189
1301 2085 2086 2093 2092 2183 2184 2191 2190
1302 2086 2087 2094 2093 2184 2185 2192 2191
1303 2087 2088 2095 2094 2185 2186 2193 2192
1304 2088 1824 1817 2095 2186 1825 1818 2193
1305 1425 2089 2096 1426 1411 2187 2194 1412
1306 2089 2090 2097 2096 2187 2188 2195 2194
1307 2090 2091 2098 2097 2188 2189 2196 2195
1308 2091 2092 2099 2098 2189 2190 2197 2196
1309 2092 2093 2100 2099 2190 2191 2198 2197
1310 2093 2094 2101 2100 2191 2192 2199 2198
1311 2094 2095 2102 2101 2192 2193 2200 2199
1312 2095 1817 1810 2102 2193 1818 1811 2200
1313 1426 2096 1465 1319 1412 2194 1466 1318
1314 2096 2097 1472 1465 2194 2195 1473 1466
1315 2097 2098 1479 1472 2195 2196 1480 1473
1316 2098 2099 1486 1479 2196 2197 1487 1480
1317 2099 2100 1493 1486 2197 2198 1494 1487
1318 2100 2101 1500 1493 2198 2199 1501 1494
1319 2101 2102 1507 1500 2199 2200 1508 1501
1320 2102 1810 1451 1507 2200 1811 1452 1508
1321 1338 1764 2103 1399 1339 1763 2201 1385
1322 1764 1771 2104 2103 1763 1770 2202 2201
1323 1771 1778 2105 2104 1770 1777 2203 2202
1324 1778 1785 2106 2105 1777 1784 2204 2203
1325 1785 1792 2107 2106 1784 1791 2205 2204
1326 1792 1799 2108 2107 1791 1798 2206 2205
1327 1799 1806 2109 2108 1798 1805 2207 2206
1328 1806 1755 1902 2109 1805 1756 1903 2207
1329 1399 2103 2110 1400 1385 2201 2208 1386
1330 2103 2104 2111 2110 2201 2202 2209 2208
1331 2104 2105 2112 2111 2202 2203 2210 2209
1332 2105 2106 2113 2112 2203 2204 2211 2210
1333 2106 2107 2114 2113 2204 2205 2212 2211
1334 2107 2108 2115 2114 2205 2206 2213 2212
1335 2108 2109 2116 2115 2206 2207 2214 2213
1336 2109 1902 1895 2116 2207 1903 1896 2214
1337 1400 2110 2117 1401 1386 2208 2215 1387
1338 2110 2111 2118 2117 2208 2209 2216 2215
1339 2111 2112 2119 2118 2209 2210 2217 2216
1340 2112 2113 2120 2119 2210 2211 2218 2217
1341 2113 2114 2121 2120 2211 2212 2219 2218
1342 2114 2115 2122 2121 2212 2213 2220 2219
1343 2115 2116 2123 2122 2213 2214 2221 2220
1344 2116 1895 1888 2123 2214 1896 1889 2221
1345 1401 2117 2124 1402 1387 2215 2222 1388
1346 2117 2118 2125 2124 2215 2216 2223 2222
1347 2118 2119 2126 2125 2216 2217 2224 2223
1348 2119 2120 2127 2126 2217 2218 2225 2224
1349 2120 2121 2128 2127 2218 2219 2226 2225
1350 2121 2122 2129 2128 2219 2220 2227 2226
1351 2122 2123 2130 2129 2220 2221 2228 2227
1352 2123 1888 1881 2130 2221 1889 1882 2228
1353 1402 2124 2131 1403 1388 2222 2229 1389
1354 2124 2125 2132 2131 2222 2223 2230 2229
1355 2125 2126 2133 2132 2223 2224 2231 2230
1356 2126 2127 2134 2133 2224 2225 2232 2231
1357 2127 2128 2135 2134 2225 2226 2233 2232
1358 2128 2129 2136 2135 2226 2227 2234 2233
1359 2129 2130 2137 2136 2227 2228 2235 2234
1360 2130 1881 1874 2137 2228 1882 1875 2235
1361 1403 2131 2138 1404 1389 2229 2236 1390
1362 2131 2132 2139 2138 2229 2230 2237 2236
1363 2132 2133 2140 2139 2230 2231 2238 2237
1364 2133 2134 2141 2140 2231 2232 2239 2238
1365 2134 2135 2142 2141 2232 2233 2240 2239
1366 2135 2136 2143 2142 2233 2234 2241 2240
1367 2136 2137 2144 2143 2234 2235 2242 2241
1368 2137 1874 1867 2144 2235 1875 1868 2242
1369 1404 2138 2145 1405 1390 2236 2243 1391
1370 2138 2139 2146 2145 2236 2237 2244 2243
1371 2139 2140 2147 2146 2237 2238 2245 2244
1372 2140 2141 2148 2147 2238 2239 2246 2245
1373 2141 2142 2149 2148 2239 2240 2247 2246
1374 2142 2143 2150 2149 2240 2241 2248 2247
1375 2143 2144 2151 2150 2241 2242 2249 2248
1376 2144 1867 1860 2151 2242 1868 1861 2249
1377 1405 2145 2152 1406 1391 2243 2250 1392
1378 2145 2146 2153 2152 2243 2244 2251 2250
1379 2146 2147 2154 2153 2244 2245 2252 2251
1380 2147 2148 2155 2154 2245 2246 2253 2252
1381 2148 2149 2156 2155 2246 2247 2254 2253
1382 2149 2150 2157 2156 2247 2248 2255 2254
1383 2150 2151 2158 2157 2248 2249 2256 2255
1384 2151 1860 1853 2158 2249 1861 1854 2256
1385 1406 2152 2159 1407 1392 2250 2257 1393
1386 2152 2153 2160 2159 2250 2251 2258 2257
1387 2153 2154 2161 2160 2251 2252 2259 2258
1388 2154 2155 2162 2161 2252 2253 2260 2259
1389 2155 2156 2163 2162 2253 2254 2261 2260
1390 2156 2157 2164 2163 2254 2255 2262 2261
1391 2157 2158 2165 2164 2255 2256 2263 2262
1392 2158 1853 1846 2165 2256 1854 1847 2263
1393 1407 2159 2166 1408 1393 2257 2264 1394
1394 2159 2160 2167 2166 2257 2258 2265 2264
1395 2160 2161 2168 2167 2258 2259 2266 2265
1396 2161 2162 2169 2168 2259 2260 2267 2266
1397 2162 2163 2170 2169 2260 2261 2268 2267
1398 2163 2164 2171 2170 2261 2262 2269 2268
1399 2164 2165 2172 2171 2262 2263 2270 2269
1400 2165 1846 1839 2172 2263 1847 1840 2270
1401 1408 2166 2173 1409 1394 2264 2271 1395
1402 2166 2167 2174 2173 2264 2265 2272 2271
1403 2167 2168 2175 2174 2265 2266 2273 2272
1404 2168 2169 2176 2175 2266 2267 2274 2273
1405 2169 2170 2177 2176 2267 2268 2275 2274
1406 2170 2171 2178 2177 2268 2269 2276 2275
1407 2171 2172 2179 2178 2269 2270 2277 2276
1408 2172 1839 1832 2179 2270 1840 1833 2277
1409 1409 2173 2180 1410 1395 2271 2278 1396
1410 2173 2174 2181 2180 2271 2272 2279 2278
1411 2174 2175 2182 2181 2272 2273 2280 2279
1412 2175 2176 2183 2182 2273 2274 2281 2280
1413 2176 2177 2184 2183 2274 2275 2282 2281
1414 2177 2178 2185 2184 2275 2276 2283 2282
1415 2178 2179 2186 2185 2276 2277 2284 2283
1416 2179 1832 1825 2186 2277 1833 1826 2284
1417 1410 2180 2187 1411 1396 2278 2285 1397
1418 2180 2181 2188 2187 2278 2279 2286 2285
1419 2181 2182 2189 2188 2279 2280 2287 2286
1420 2182 2183 2190 2189 2280 2281 2288 2287
1421 2183 2184 2191 2190 2281 2282 2289 2288
1422 2184 2185 2192 2191 2282 2283 2290 2289
1423 2185 2186 2193 2192 2283 2284 2291 2290
1424 2186 1825 1818 2193 2284 1826 1819 2291
1425 1411 2187 2194 1412 1397 2285 2292 1398
1426 2187 2188 2195 2194 2285 2286 2293 2292
1427 2188 2189 2196 2195 2286 2287 2294 2293
1428 2189 2190 2197 2196 2287 2288 2295 2294
1429 2190 2191 2198 2197 2288 2289 2296 2295
1430 2191 2192 2199 2198 2289 2290 2297 2296
1431 2192 2193 2200 2199 2290 2291 2298 2297
1432 2193 1818 1811 2200 2291 1819 1812 2298
1433 1412 2194 1466 1318 1398 2292 1467 1317
1434 2194 2195 1473 1466 2292 2293 1474 1467
1435 2195 2196 1480 1473 2293 2294 1481 1474
1436 2196 2197 1487 1480 2294 2295 1488 1481
1437 2197 2198 1494 1487 2295 2296 1495 1488
1438 2198 2199 1501 1494 2296 2297 1502 1495
1439 2199 2200 1508 1501 2297 2298 1509 1502
1440 2200 1811 1452 1508 2298 1812 1453 1509
1441 1339 1763 2201 1385 1340 1762 2299 1371
1442 1763 1770 2202 2201 1762 1769 2300 2299
1443 1770 1777 2203 2202 1769 1776 2301 2300
1444 1777 1784 2204 2203 1776 1783 2302 2301
1445 1784 1791 2205 2204 1783 1790 2303 2302
1446 1791 1798 2206 2205 1790 1797 2304 2303
1447 1798 1805 2207 2206 1797 1804 2305 2304
1448 1805 1756 1903 2207 1804 1757 1904 2305
1449 1385 2201 2208 1386 1371 2299 2306 1372
1450 2201 2202 2209 2208 2299 2300 2307 2306
1451 2202 2203 2210 2209 2300 2301 2308 2307
1452 2203 2204 2211 2210 2301 2302 2309 2308
1453 2204 2205 2212 2211 2302 2303 2310 2309
1454 2205 2206 2213 2212 2303 2304 2311 2310
1455 2206 2207 2214 2213 2304 2305 2312 2311
1456 2207 1903 1896 2214 2305 1904 1897 2312
1457 1386 2208 2215 1387 1372 2306 2313 1373
1458 2208 2209 2216 2215 2306 2307 2314 2313
1459 2209 2210 2217 2216 2307 2308 2315 2314
1460 2210 2211 2218 2217 2308 2309 2316 2315
1461 2211 2212 2219 2218 2309 2310 2317 2316
1462 2212 2213 2220 2219 2310 2311 2318 2317
1463 2213 2214 2221 2220 2311 2312 2319 2318
1464 2214 1896 1889 2221 2312 1897 1890 2319
1465 1387 2215 2222 1388 1373 2313 2320 1374
1466 2215 2216 2223 2222 2313 2314 2321 2320
1467 2216 2217 2224 2223 2314 2315 2322 2321
1468 2217 2218 2225 2224 2315 2316 2323 2322
1469 2218 2219 2226 2225 2316 2317 2324 2323
1470 2219 2220 2227 2226 2317 2318 2325 2324
1471 2220 2221 2228 2227 2318 2319 2326 2325
1472 2221 1889 1882 2228 2319 1890 1883 2326
1473 1388 2222 2229 1389 1374 2320 2327 1375
1474 2222 2223 2230 2229 2320 2321 2328 2327
1475 2223 2224 2231 2230 2321 2322 2329 2328
1476 2224 2225 2232 2231 2322 2323 2330 2329
1477 2225 2226 2233 2232 2323 2324 2331 2330
1478 2226 2227 2234 2233 2324 2325 2332 2331
1479 2227 2228 2235 2234 2325 2326 2333 2332
1480 2228 1882 1875 2235 2326 1883 1876 2333
1481 1389 2229 2236 1390 1375 2327 2334 1376
1482 2229 2230 2237 2236 2327 2328 2335 2334
1483 2230 2231 2238 2237 2328 2329 2336 2335
1484 2231 2232 2239 2238 2329 2330 2337 2336
1485 2232 2233 2240 2239 2330 2331 2338 2337
1486 2233 2234 2241 2240 2331 2332 2339 2338
1487 2234 2235 2242 2241 2332 2333 2340 2339
1488 2235 1875 1868 2242 2333 1876 1869 2340
1489 1390 2236 2243 1391 1376 2334 2341 1377
1490 2236 2237 2244 2243 2334 2335 2342 2341
1491 2237 2238 2245 2244 2335 2336 2343 2342
1492 2238 2239 2246 2245 2336 2337 2344 2343
1493 2239 2240 2247 2246 2337 2338 2345 2344
1494 2240 2241 2248 2247 2338 2339 2346 2345
1495 2241 2242 2249 2248 2339 2340 2347 2346
1496 2242 1868 1861 2249 2340 1869 1862 2347
1497 1391 2243 2250 1392 1377 2341 2348 1378
1498 2243 2244 2251 2250 2341 2342 2349 2348
1499 2244 2245 2252 2251 2342 2343 2350 2349
1500 2245 2246 2253 2252 2343 2344 2351 2350
1501 2246 2247 2254 2253 2344 2345 2352 2351
1502 2247 2248 2255 2254 2345 2346 2353 2352
1503 2248 2249 2256 2255 2346 2347 2354 2353
1504 2249 1861 1854 2256 2347 1862 1855 2354
1505 1392 2250 2257 1393 1378 2348 2355 1379
1506 2250 2251 2258 2257 2348 2349 2356 2355
1507 2251 2252 2259 2258 2349 2350 2357 2356
1508 2252 2253 2260 2259 2350 2351 2358 2357
1509 2253 2254 2261 2260 2351 2352 2359 2358
1510 2254 2255 2262 2261 2352 2353 2360 2359
1511 2255 2256 2263 2262 2353 2354 2361 2360
1512 2256 1854 1847 2263 2354 1855 1848 2361
1513 1393 2257 2264 1394 1379 2355 2362 1380
1514 2257 2258 2265 2264 2355 2356 2363 2362
1515 2258 2259 2266 2265 2356 2357 2364 2363
1516 2259 2260 2267 2266 2357 2358 2365 2364
1517 2260 2261 2268 2267 2358 2359 2366 2365
1518 2261 2262 2269 2268 2359 2360 2367 2366
1519 2262 2263 2270 2269 2360 2361 2368 2367
1520 2263 1847 1840 2270 2361 1848 1841 2368
1521 1394 2264 2271 1395 1380 2362 2369 1381
1522 2264 2265 2272 2271 2362 2363 2370 2369
1523 2265 2266 2273 2272 2363 2364 2371 2370
1524 2266 2267 2274 2273 2364 2365 2372 2371
1525 2267 2268 2275 2274 2365 2366 2373 2372
1526 2268 2269 2276 2275 2366 2367 2374 2373
1527 2269 2270 2277 2276 2367 2368 2375 2374
1528 2270 1840 1833 2277 2368 1841 1834 2375
1529 1395 2271 2278 1396 1381 2369 2376 1382
1530 2271 2272 2279 2278 2369 2370 2377 2376
1531 2272 2273 2280 2279 2370 2371 2378 2377
1532 2273 2274 2281 2280 2371 2372 2379 2378
1533 2274 2275 2282 2281 2372 2373 2380 2379
1534 2275 2276 2283 2282 2373 2374 2381 2380
1535 2276 2277 2284 2283 2374 2375 2382 2381
1536 2277 1833 1826 2284 2375 1834 1827 2382
1537 1396 2278 2285 1397 1382 2376 2383 1383
1538 2278 2279 2286 2285 2376 2377 2384 2383
1539 2279 2280 2287 2286 2377 2378 2385 2384
1540 2280 2281 2288 2287 2378 2379 2386 2385
1541 2281 2282 2289 2288 2379 2380 2387 2386
1542 2282 2283 2290 2289 2380 2381 2388 2387
1543 2283 2284 2291 2290 2381 2382 2389 2388
1544 2284 1826 1819 2291 2382 1827 1820 2389
1545 1397 2285 2292 1398 1383 2383 2390 1384
1546 2285 2286 2293 2292 2383 2384 2391 2390
1547 2286 2287 2294 2293 2384 2385 2392 2391
1548 2287 2288 2295 2294 2385 2386 2393 2392
1549 2288 2289 2296 2295 2386 2387 2394 2393
1550 2289 2290 2297 2296 2387 2388 2395 2394
1551 2290 2291 2298 2297 2388 2389 2396 2395
1552 2291 1819 1812 2298 2389 1820 1813 2396
1553 1398 2292 1467 1317 1384 2390 1468 1316
1554 2292 2293 1474 1467 2390 2391 1475 1468
1555 2293 2294 1481 1474 2391 2392 1482 1475
1556 2294 2295 1488 1481 2392 2393 1489 1482
1557 2295 2296 1495 1488 2393 2394 1496 1489
1558 2296 2297 1502 1495 2394 2395 1503 1496
1559 2297 2298 1509 1502 2395 2396 1510 1503
1560 2298 1812 1453 1509 2396 1813 1454 1510
1561 1340 1762 2299 1371 1341 1761 2397 1357
1562 1762 1769 2300 2299 1761 1768 2398 2397
1563 1769 1776 2301 2300 1768 1775 2399 2398
1564 1776 1783 2302 2301 1775 1782 2400 2399
1565 1783 1790 2303 2302 1782 1789 2401 2400
1566 1790 1797 2304 2303 1789 1796 2402 2401
1567 1797 1804 2305 2304 1796 1803 2403 2402
1568 1804 1757 1904 2305 1803 1758 1905 2403
1569 1371 2299 2306 1372 1357 2397 2404 1358
1570 2299 2300 2307 2306 2397 2398 2405 2404
1571 2300 2301 2308 2307 2398 2399 2406 2405
1572 2301 2302 2309 2308 2399 2400 2407 2406
1573 2302 2303 2310 2309 2400 2401 2408 2407
1574 2303 2304 2311 2310 2401 2402 2409 2408
1575 2304 2305 2312 2311 2402 2403 2410 2409
1576 2305 1904 1897 2312 2403 1905 1898 2410
1577 1372 2306 2313 1373 1358 2404 2411 1359
1578 2306 2307 2314 2313 2404 2405 2412 2411
1579 2307 2308 2315 2314 2405 2406 2413 2412
1580 2308 2309 2316 2315 2406 2407 2414 2413
1581 2309 2310 2317 2316 2407 2408 2415 2414
1582 2310 2311 2318 2317 2408 2409 2416 2415
1583 2311 2312 2319 2318 2409 2410 2417 2416
1584 2312 1897 1890 2319 2410 1898 1891 2417
1585 1373 2313 2320 1374 1359 2411 2418 1360
1586 2313 2314 2321 2320 2411 2412 2419 2418
1587 2314 2315 2322 2321 2412 2413 2420 2419
1588 2315 2316 2323 2322 2413 2414 2421 2420
1589 2316 2317 2324 2323 2414 2415 2422 2421
1590 2317 2318 2325 2324 2415 2416 2423 2422
1591 2318 2319 2326 2325 2416 2417 2424 2423
1592 2319 1890 1883 2326 2417 1891 1884 2424
1593 1374 2320 2327 1375 1360 2418 2425 1361
1594 2320 2321 2328 2327 2418 2419 2426 2425
1595 2321 2322 2329 2328 2419 2420 2427 2426
1596 2322 2323 2330 2329 2420 2421 2428 2427
1597 2323 2324 2331 2330 2421 2422 2429 2428
1598 2324 2325 2332 2331 2422 2423 2430 2429
1599 2325 2326 2333 2332 2423 2424 2431 2430
1600 2326 1883 1876 2333 2424 1884 1877 2431
1601 1375 2327 2334 1376 1361 2425 2432 1362
1602 2327 2328 2335 2334 2425 2426 2433 2432
1603 2328 2329 2336 2335 2426 2427 2434 2433
1604 2329 2330 2337 2336 2427 2428 2435 2434
1605 2330 2331 2338 2337 2428 2429 2436 2435
1606 2331 2332 2339 2338 2429 2430 2437 2436
1607 2332 2333 2340 2339 2430 2431 2438 2437
1608 2333 1876 1869 2340 2431 1877 1870 2438
1609 1376 2334 2341 1377 1362 2432 2439 1363
1610 2334 2335 2342 2341 2432 2433 2440 2439
1611 2335 2336 2343 2342 2433 2434 2441 2440
1612 2336 2337 2344 2343 2434 2435 2442 2441
1613 2337 2338 2345 2344 2435 2436 2443 2442
1614 2338 2339 2346 2345 2436 2437 2444 2443
1615 2339 2340 2347 2346 2437 2438 2445 2444
1616 2340 1869 1862 2347 2438 1870 1863 2445
1617 1377 2341 2348 1378 1363 2439 2446 1364
1618 2341 2342 2349 2348 2439 2440 2447 2446
1619 2342 2343 2350 2349 2440 2441 2448 2447
1620 2343 2344 2351 2350 2441 2442 2449 2448
1621 2344 2345 2352 2351 2442 2443 2450 2449
1622 2345 2346 2353 2352 2443 2444 2451 2450
1623 2346 2347 2354 2353 2444 2445 2452 2451
1624 2347 1862 1855 2354 2445 1863 1856 2452
1625 1378 2348 2355 1379 1364 2446 2453 1365
1626 2348 2349 2356 2355 2446 2447 2454 2453
1627 2349 2350 2357 2356 2447 2448 2455 2454
1628 2350 2351 2358 2357 2448 2449 2456 2455
1629 2351 2352 2359 2358 2449 2450 2457 2456
1630 2352 2353 2360 2359 2450 2451 2458 2457
1631 2353 2354 2361 2360 2451 2452 2459 2458
1632 2354 1855 1848 2361 2452 1856 1849 2459
1633 1379 2355 2362 1380 1365 2453 2460 1366
1634 2355 2356 2363 2362 2453 2454 2461 2460
1635 2356 2357 2364 2363 2454 2455 2462 2461
1636 2357 2358 2365 2364 2455 2456 2463 2462
1637 2358 2359 2366 2365 2456 2457 2464 2463
1638 2359 2360 2367 2366 2457 2458 2465 2464
1639 2360 2361 2368 2367 2458 2459 2466 2465
1640 2361 1848 1841 2368 2459 1849 1842 2466
1641 1380 2362 2369 1381 1366 2460 2467 1367
1642 2362 2363 2370 2369 2460 2461 2468 2467
1643 2363 2364 2371 2370 2461 2462 2469 2468
1644 2364 2365 2372 2371 2462 2463 2470 2469
1645 2365 2366 2373 2372 2463 2464 2471 2470
1646 2366 2367 2374 2373 2464 2465 2472 2471
1647 2367 2368 2375 2374 2465 2466 2473 2472
1648 2368 1841 1834 2375 2466 1842 1835 2473
1649 1381 2369 2376 1382 1367 2467 2474 1368
1650 2369 2370 2377 2376 2467 2468 2475 2474
1651 2370 2371 2378 2377 2468 2469 2476 2475
1652 2371 2372 2379 2378 2469 2470 2477 2476
1653 2372 2373 2380 2379 2470 2471 2478 2477
1654 2373 2374 2381 2380 2471 2472 2479 2478
1655 2374 2375 2382 2381 2472 2473 2480 2479
1656 2375 1834 1827 2382 2473 1835 1828 2480
1657 1382 2376 2383 1383 1368 2474 2481 1369
1658 2376 2377 2384 2383 2474 2475 2482 2481
1659 2377 2378 2385 2384 2475 2476 2483 2482
1660 2378 2379 2386 2385 2476 2477 2484 2483
1661 2379 2380 2387 2386 2477 2478 2485 2484
1662 2380 2381 2388 2387 2478 2479 2486 2485
1663 2381 2382 2389 2388 2479 2480 2487 2486
1664 2382 1827 1820 2389 2480 1828 1821 2487
1665 1383 2383 2390 1384 1369 2481 2488 1370
1666 2383 2384 2391 2390 2481 2482 2489 2488
1667 2384 2385 2392 2391 2482 2483 2490 2489
1668 2385 2386 2393 2392 2483 2484 2491 2490
1669 2386 2387 2394 2393 2484 2485 2492 2491
1670 2387 2388 2395 2394 2485 2486 2493 2492
1671 2388 2389 2396 2395 2486 2487 2494 2493
1672 2389 1820 1813 2396 2487 1821 1814 2494
1673 1384 2390 1468 1316 1370 2488 1469 1315
1674 2390 2391 1475 1468 2488 2489 1476 1469
1675 2391 2392 1482 1475 2489 2490 1483 1476
1676 2392 2393 1489 1482 2490 2491 1490 1483
1677 2393 2394 1496 1489 2491 2492 1497 1490
1678 2394 2395 1503 1496 2492 2493 1504 1497
1679 2395 2396 1510 1503 2493 2494 1511 1504
1680 2396 1813 1454 1510 2494 1814 1455 1511
1681 1341 1761 2397 1357 1342 1760 2495 1343
1682 1761 1768 2398 2397 1760 1767 2496 2495
1683 1768 1775 2399 2398 1767 1774 2497 2496
1684 1775 1782 2400 2399 1774 1781 2498 2497
1685 1782 1789 2401 2400 1781 1788 2499 2498
1686 1789 1796 2402 2401 1788 1795 2500 2499
1687 1796 1803 2403 2402 1795 1802 2501 2500
1688 1803 1758 1905 2403 1802 1759 1906 2501
1689 1357 2397 2404 1358 1343 2495 2502 1344
1690 2397 2398 2405 2404 2495 2496 2503 2502
1691 2398 2399 2406 2405 2496 2497 2504 2503
1692 2399 2400 2407 2406 2497 2498 2505 2504
1693 2400 2401 2408 2407 2498 2499 2506 2505
1694 2401 2402 2409 2408 2499 2500 2507 2506
1695 2402 2403 2410 2409 2500 2501 2508 2507
1696 2403 1905 1898 2410 2501 1906 1899 2508
1697 1358 2404 2411 1359 1344 2502 2509 1345
1698 2404 2405 2412 2411 2502 2503 2510 2509
1699 2405 2406 2413 2412 2503 2504 2511 2510
1700 2406 2407 2414 2413 2504 2505 2512 2511
1701 2407 2408 2415 2414 2505 2506 2513 2512
1702 2408 2409 2416 2415 2506 2507 2514 2513
1703 2409 2410 2417 2416 2507 2508 2515 2514
1704 2410 1898 1891 2417 2508 1899 1892 2515
1705 1359 2411 2418 1360 1345 2509 2516 1346
1706 2411 2412 2419 2418 2509 2510 2517 2516
1707 2412 2413 2420 2419 2510 2511 2518 2517
1708 2413 2414 2421 2420 2511 2512 2519 2518
1709 2414 2415 2422 2421 2512 2513 2520 2519
1710 2415 2416 2423 2422 2513 2514 2521 2520
1711 2416 2417 2424 2423 2514 2515 2522 2521
1712 2417 1891 1884 2424 2515 1892 1885 2522
1713 1360 2418 2425 1361 1346 2516 2523 1347
1714 2418 2419 2426 2425 2516 2517 2524 2523
1715 2419 2420 2427 2426 2517 2518 2525 2524
1716 2420 2421 2428 2427 2518 2519 2526 2525
1717 2421 2422 2429 2428 2519 2520 2527 2526
1718 2422 2423 2430 2429 2520 2521 2528 2527
1719 2423 2424 2431 2430 2521 2522 2529 2528
1720 2424 1884 1877 2431 2522 1885 1878 2529
1721 1361 2425 2432 1362 1347 2523 2530 1348
1722 2425 2426 2433 2432 2523 2524 2531 2530
1723 2426 2427 2434 2433 2524 2525 2532 2531
1724 2427 2428 2435 2434 2525 2526 2533 2532
1725 2428 2429 2436 2435 2526 2527 2534 2533
1726 2429 2430 2437 2436 2527 2528 2535 2534
1727 2430 2431 2438 2437 2528 2529 2536 2535
1728 2431 1877 1870 2438 2529 1878 1871 2536
1729 1362 2432 2439 1363 1348 2530 2537 1349
1730 2432 2433 2440 2439 2530 2531 2538 2537
1731 2433 2434 2441 2440 2531 2532 2539 2538
1732 2434 2435 2442 2441 2532 2533 2540 2539
1733 2435 2436 2443 2442 2533 2534 2541 2540
1734 2436 2437 2444 2443 2534 2535 2542 2541
1735 2437 2438 2445 2444 2535 2536 2543 2542
1736 2438 1870 1863 2445 2536 1871 1864 2543
1737 1363 2439 2446 1364 1349 2537 2544 1350
1738 2439 2440 2447 2446 2537 2538 2545 2544
1739 2440 2441 2448 2447 2538 2539 2546 2545
1740 2441 2442 2449 2448 2539 2540 2547 2546
1741 2442 2443 2450 2449 2540 2541 2548 2547
1742 2443 2444 2451 2450 2541 2542 2549 2548
1743 2444 2445 2452 2451 2542 2543 2550 2549
1744 2445 1863 1856 2452 2543 1864 1857 2550
1745 1364 2446 2453 1365 1350 2544 2551 1351
1746 2446 2447 2454 2453 2544 2545 2552 2551
1747 2447 2448 2455 2454 2545 2546 2553 2552
1748 2448 2449 2456 2455 2546 2547 2554 2553
1749 2449 2450 2457 2456 2547 2548 2555 2554
1750 2450 2451 2458 2457 2548 2549 2556 2555
1751 2451 2452 2459 2458 2549 2550 2557 2556
1752 2452 1856 1849 2459 2550 1857 1850 2557
1753 1365 2453 2460 1366 1351 2551 2558 1352
1754 2453 2454 2461 2460 2551 2552 2559 2558
1755 2454 2455 2462 2461 2552 2553 2560 2559
1756 2455 2456 2463 2462 2553 2554 2561 2560
1757 2456 2457 2464 2463 2554 2555 2562 2561
1758 2457 2458 2465 2464 2555 2556 2563 2562
1759 2458 2459 2466 2465 2556 2557 2564 2563
1760 2459 1849 1842 2466 2557 1850 1843 2564
1761 1366 2460 2467 1367 1352 2558 2565 1353
1762 2460 2461 2468 2467 2558 2559 2566 2565
1763 2461 2462 2469 2468 2559 2560 2567 2566
1764 2462 2463 2470 2469 2560 2561 2568 2567
1765 2463 2464 2471 2470 2561 2562 2569 2568
1766 2464 2465 2472 2471 2562 2563 2570 2569
1767 2465 2466 2473 2472 2563 2564 2571 2570
1768 2466 1842 1835 2473 2564 1843 1836 2571
1769 1367 2467 2474 1368 1353 2565 2572 1354
1770 2467 2468 2475 2474 2565 2566 2573 2572
1771 2468 2469 2476 2475 2566 2567 2574 2573
1772 2469 2470 2477 2476 2567 2568 2575 2574
1773 2470 2471 2478 2477 2568 2569 2576 2575
1774 2471 2472 2479 2478 2569 2570 2577 2576
1775 2472 2473 2480 2479 2570 2571 2578 2577
1776 2473 1835 1828 2480 2571 1836 1829 2578
1777 1368 2474 2481 1369 1354 2572 2579 1355
1778 2474 2475 2482 2481 2572 2573 2580 2579
1779 2475 2476 2483 2482 2573 2574 2581 2580
1780 2476 2477 2484 2483 2574 2575 2582 2581
1781 2477 2478 2485 2484 2575 2576 2583 2582
1782 2478 2479 2486 2485 2576 2577 2584 2583
1783 2479 2480 2487 2486 2577 2578 2585 2584
1784 2480 1828 1821 2487 2578 1829 1822 2585
1785 1369 2481 2488 1370 1355 2579 2586 1356
1786 2481 2482 2489 2488 2579 2580 2587 2586
1787 2482 2483 2490 2489 2580 2581 2588 2587
1788 2483 2484 2491 2490 2581 2582 2589 2588
1789 2484 2485 2492 2491 2582 2583 2590 2589
1790 2485 2486 2493 2492 2583 2584 2591 2590
1791 2486 2487 2494 2493 2584 2585 2592 2591
1792 2487 1821 1814 2494 2585 1822 1815 2592
1793 1370 2488 1469 1315 1356 2586 1470 1314
1794 2488 2489 1476 1469 2586 2587 1477 1470
1795 2489 2490 1483 1476 2587 2588 1484 1477
1796 2490 2491 1490 1483 2588 2589 1491 1484
1797 2491 2492 1497 1490 2589 2590 1498 1491
1798 2492 2493 1504 1497 2590 2591 1505 1498
1799 2493 2494 1511 1504 2591 2592 1512 1505
1800 2494 1814 1455 1511 2592 1815 1456 1512
1801 1342 1760 2495 1343 1297 1514 1548 1299
1802 1760 1767 2496 2495 1514 1515 1562 1548
1803 1767 1774 2497 2496 1515 1516 1576 1562
1804 1774 1781 2498 2497 1516 1517 1590 1576
1805 1781 1788 2499 2498 1517 1518 1604 1590
1806 1788 1795 2500 2499 1518 1519 1618 1604
1807 1795 1802 2501 2500 1519 1520 1632 1618
1808 1802 1759 1906 2501 1520 1513 1521 1632
1809 1343 2495 2502 1344 1299 1548 1547 1300
1810 2495 2496 2503 2502 1548 1562 1561 1547
1811 2496 2497 2504 2503 1562 1576 1575 1561
1812 2497 2498 2505 2504 1576 1590 1589 1575
1813 2498 2499 2506 2505 1590 1604 1603 1589
1814 2499 2500 2507 2506 1604 1618 1617 1603
1815 2500 2501 2508 2507 1618 1632 1631 1617
1816 2501 1906 1899 2508 1632 1521 1522 1631
1817 1344 2502 2509 1345 1300 1547 1546 1301
1818 2502 2503 2510 2509 1547 1561 1560 1546
1819 2503 2504 2511 2510 1561 1575 1574 1560
1820 2504 2505 2512 2511 1575 1589 1588 1574
1821 2505 2506 2513 2512 1589 1603 1602 1588
1822 2506 2507 2514 2513 1603 1617 1616 1602
1823 2507 2508 2515 2514 1617 1631 1630 1616
1824 2508 1899 1892 2515 1631 1522 1523 1630
1825 1345 2509 2516 1346 1301 1546 1545 1302
1826 2509 2510 2517 2516 1546 1560 1559 1545
1827 2510 2511 2518 2517 1560 1574 1573 1559
1828 2511 2512 2519 2518 1574 1588 1587 1573
1829 2512 2513 2520 2519 1588 1602 1601 1587
1830 2513 2514 2521 2520 1602 1616 1615 1601
1831 2514 2515 2522 2521 1616 1630 1629 1615
1832 2515 1892 1885 2522 1630 1523 1524 1629
1833 1346 2516 2523 1347 1302 1545 1544 1303
1834 2516 2517 2524 2523 1545 1559 1558 1544
1835 2517 2518 2525 2524 1559 1573 1572 1558
1836 2518 2519 2526 2525 1573 1587 1586 1572
1837 2519 2520 2527 2526 1587 1601 1600 1586
1838 2520 2521 2528 2527 1601 1615 1614 1600
1839 2521 2522 2529 2528 1615 1629 1628 1614
1840 2522 1885 1878 2529 1629 1524 1525 1628
1841 1347 2523 2530 1348 1303 1544 1543 1304
1842 2523 2524 2531 2530 1544 1558 1557 1543
1843 2524 2525 2532 2531 1558 1572 1571 1557
1844 2525 2526 2533 2532 1572 1586 1585 1571
1845 2526 2527 2534 2533 1586 1600 1599 1585
1846 2527 2528 2535 2534 1600 1614 1613 1599
1847 2528 2529 2536 2535 1614 1628 1627 1613
1848 2529 1878 1871 2536 1628 1525 1526 1627
1849 1348 2530 2537 1349 1304 1543 1542 1305
1850 2530 2531 2538 2537 1543 1557 1556 1542
1851 2531 2532 2539 2538 1557 1571 1570 1556
1852 2532 2533 2540 2539 1571 1585 1584 1570
1853 2533 2534 2541 2540 1585 1599 1598 1584
1854 2534 2535 2542 2541 1599 1613 1612 1598
1855 2535 2536 2543 2542 1613 1627 1626 1612
1856 2536 1871 1864 2543 1627 1526 1527 1626
1857 1349 2537 2544 1350 1305 1542 1541 1306
1858 2537 2538 2545 2544 1542 1556 1555 1541
1859 2538 2539 2546 2545 1556 1570 1569 1555
1860 2539 2540 2547 2546 1570 1584 1583 1569
1861 2540 2541 2548 2547 1584 1598 1597 1583
1862 2541 2542 2549 2548 1598 1612 1611 1597
1863 2542 2543 2550 2549 1612 1626 1625 1611
1864 2543 1864 1857 2550 1626 1527 1528 1625
1865 1350 2544 2551 1351 1306 1541 1540 1307
1866 2544 2545 2552 2551 1541 1555 1554 1540
1867 2545 2546 2553 2552 1555 1569 1568 1554
1868 2546 2547 2554 2553 1569 1583 1582 1568
1869 2547 2548 2555 2554 1583 1597 1596 1582
1870 2548 2549 2556 2555 1597 1611 1610 1596
1871 2549 2550 2557 2556 1611 1625 1624 1610
1872 2550 1857 1850 2557 1625 1528 1529 1624
1873 1351 2551 2558 1352 1307 1540 1539 1308
1874 2551 2552 2559 2558 1540 1554 1553 1539
1875 2552 2553 2560 2559 1554 1568 1567 1553
1876 2553 2554 2561 2560 1568 1582 1581 1567
1877 2554 2555 2562 2561 1582 1596 1595 1581
1878 2555 2556 2563 2562 1596 1610 1609 1595
1879 2556 2557 2564 2563 1610 1624 1623 1609
1880 2557 1850 1843 2564 1624 1529 1530 1623
1881 1352 2558 2565 1353 1308 1539 1538 1309
1882 2558 2559 2566 2565 1539 1553 1552 1538
1883 2559 2560 2567 2566 1553 1567 1566 1552
1884 2560 2561 2568 2567 1567 1581 1580 1566
1885 2561 2562 2569 2568 1581 1595 1594 1580
1886 2562 2563 2570 2569 1595 1609 1608 1594
1887 2563 2564 2571 2570 1609 1623 1622 1608
1888 2564 1843 1836 2571 1623 1530 1531 1622
1889 1353 2565 2572 1354 1309 1538 1537 1310
1890 2565 2566 2573 2572 1538 1552 1551 1537
1891 2566 2567 2574 2573 1552 1566 1565 1551
1892 2567 2568 2575 2574 1566 1580 1579 1565
1893 2568 2569 2576 2575 1580 1594 1593 1579
1894 2569 2570 2577 2576 1594 1608 1607 1593
1895 2570 2571 2578 2577 1608 1622 1621 1607
1896 2571 1836 1829 2578 1622 1531 1532 1621
1897 1354 2572 2579 1355 1310 1537 1536 1311
1898 2572 2573 2580 2579 1537 1551 1550 1536
1899 2573 2574 2581 2580 1551 1565 1564 1550
1900 2574 2575 2582 2581 1565 1579 1578 1564
1901 2575 2576 2583 2582 1579 1593 1592 1578
1902 2576 2577 2584 2583 1593 1607 1606 1592
1903 2577 2578 2585 2584 1607 1621 1620 1606
1904 2578 1829 1822 2585 1621 1532 1533 1620
1905 1355 2579 2586 1356 1311 1536 1535 1312
1906 2579 2580 2587 2586 1536 1550 1549 1535
1907 2580 2581 2588 2587 1550 1564 1563 1549
1908 2581 2582 2589 2588 1564 1578 1577 1563
1909 2582 2583 2590 2589 1578 1592 1591 1577
1910 2583 2584 2591 2590 1592 1606 1605 1591
1911 2584 2585 2592 2591 1606 1620 1619 1605
1912 2585 1822 1815 2592 1620 1533 1534 1619
1913 1356 2586 1470 1314 1312 1535 1448 1298
1914 2586 2587 1477 1470 1535 1549 1447 1448
1915 2587 2588 1484 1477 1549 1563 1446 1447
1916 2588 2589 1491 1484 1563 1577 1445 1446
1917 2589 2590 1498 1491 1577 1591 1444 1445
1918 2590 2591 1505 1498 1591 1605 1443 1444
1919 2591 2592 1512 1505 1605 1619 1442 1443
1920 2592 1815 1456 1512 1619 1534 1441 1442
