       576
36 148 147 145 146
72 222 148 146 221
108 296 222 221 295
144 370 296 295 369
180 444 370 369 443
216 518 444 443 517
252 592 518 517 591
288 666 592 591 665
324 740 666 665 739
360 814 740 739 813
396 888 814 813 887
432 962 888 887 961
468 1036 962 961 1035
504 1110 1036 1035 1109
540 1184 1110 1109 1183
576 1258 1184 1183 1257
612 1332 1258 1257 1331
648 1406 1332 1331 1405
684 1480 1406 1405 1479
720 1554 1480 1479 1553
756 1628 1554 1553 1627
792 1702 1628 1627 1701
828 1776 1702 1701 1775
864 1850 1776 1775 1849
900 1924 1850 1849 1923
936 1998 1924 1923 1997
972 2072 1998 1997 2071
1008 2146 2072 2071 2145
1044 2220 2146 2145 2219
1080 2294 2220 2219 2293
1116 2368 2294 2293 2367
1152 2442 2368 2367 2441
1188 2516 2442 2441 2515
1224 2590 2516 2515 2589
1260 2664 2590 2589 2663
1296 2738 2664 2663 2737
1332 2812 2811 147 148
1368 2849 2812 148 222
1404 2886 2849 222 296
1440 2923 2886 296 370
1476 2960 2923 370 444
1512 2997 2960 444 518
1548 3034 2997 518 592
1584 3071 3034 592 666
1620 3108 3071 666 740
1656 3145 3108 740 814
1692 3182 3145 814 888
1728 3219 3182 888 962
1764 3256 3219 962 1036
1800 3293 3256 1036 1110
1836 3330 3293 1110 1184
1872 3367 3330 1184 1258
1908 3404 3367 1258 1332
1944 3441 3404 1332 1406
1980 3478 3441 1406 1480
2016 3515 3478 1480 1554
2052 3552 3515 1554 1628
2088 3589 3552 1628 1702
2124 3626 3589 1702 1776
2160 3663 3626 1776 1850
2196 3700 3663 1850 1924
2232 3737 3700 1924 1998
2268 3774 3737 1998 2072
2304 3811 3774 2072 2146
2340 3848 3811 2146 2220
2376 3885 3848 2220 2294
2412 3922 3885 2294 2368
2448 3959 3922 2368 2442
2484 3996 3959 2442 2516
2520 4033 3996 2516 2590
2556 4070 4033 2590 2664
2592 4107 4070 2664 2738
2628 4181 4180 2811 2812
2664 4218 4181 2812 2849
2700 4255 4218 2849 2886
2736 4292 4255 2886 2923
2772 4329 4292 2923 2960
2808 4366 4329 2960 2997
2844 4403 4366 2997 3034
2880 4440 4403 3034 3071
2916 4477 4440 3071 3108
2952 4514 4477 3108 3145
2988 4551 4514 3145 3182
3024 4588 4551 3182 3219
3060 4625 4588 3219 3256
3096 4662 4625 3256 3293
3132 4699 4662 3293 3330
3168 4736 4699 3330 3367
3204 4773 4736 3367 3404
3240 4810 4773 3404 3441
3276 4847 4810 3441 3478
3312 4884 4847 3478 3515
3348 4921 4884 3515 3552
3384 4958 4921 3552 3589
3420 4995 4958 3589 3626
3456 5032 4995 3626 3663
3492 5069 5032 3663 3700
3528 5106 5069 3700 3737
3564 5143 5106 3737 3774
3600 5180 5143 3774 3811
3636 5217 5180 3811 3848
3672 5254 5217 3848 3885
3708 5291 5254 3885 3922
3744 5328 5291 3922 3959
3780 5365 5328 3959 3996
3816 5402 5365 3996 4033
3852 5439 5402 4033 4070
3888 5476 5439 4070 4107
3924 5550 5549 4180 4181
3960 5587 5550 4181 4218
3996 5624 5587 4218 4255
4032 5661 5624 4255 4292
4068 5698 5661 4292 4329
4104 5735 5698 4329 4366
4140 5772 5735 4366 4403
4176 5809 5772 4403 4440
4212 5846 5809 4440 4477
4248 5883 5846 4477 4514
4284 5920 5883 4514 4551
4320 5957 5920 4551 4588
4356 5994 5957 4588 4625
4392 6031 5994 4625 4662
4428 6068 6031 4662 4699
4464 6105 6068 4699 4736
4500 6142 6105 4736 4773
4536 6179 6142 4773 4810
4572 6216 6179 4810 4847
4608 6253 6216 4847 4884
4644 6290 6253 4884 4921
4680 6327 6290 4921 4958
4716 6364 6327 4958 4995
4752 6401 6364 4995 5032
4788 6438 6401 5032 5069
4824 6475 6438 5069 5106
4860 6512 6475 5106 5143
4896 6549 6512 5143 5180
4932 6586 6549 5180 5217
4968 6623 6586 5217 5254
5004 6660 6623 5254 5291
5040 6697 6660 5291 5328
5076 6734 6697 5328 5365
5112 6771 6734 5365 5402
5148 6808 6771 5402 5439
5184 6845 6808 5439 5476
5220 6919 6918 5549 5550
5256 6956 6919 5550 5587
5292 6993 6956 5587 5624
5328 7030 6993 5624 5661
5364 7067 7030 5661 5698
5400 7104 7067 5698 5735
5436 7141 7104 5735 5772
5472 7178 7141 5772 5809
5508 7215 7178 5809 5846
5544 7252 7215 5846 5883
5580 7289 7252 5883 5920
5616 7326 7289 5920 5957
5652 7363 7326 5957 5994
5688 7400 7363 5994 6031
5724 7437 7400 6031 6068
5760 7474 7437 6068 6105
5796 7511 7474 6105 6142
5832 7548 7511 6142 6179
5868 7585 7548 6179 6216
5904 7622 7585 6216 6253
5940 7659 7622 6253 6290
5976 7696 7659 6290 6327
6012 7733 7696 6327 6364
6048 7770 7733 6364 6401
6084 7807 7770 6401 6438
6120 7844 7807 6438 6475
6156 7881 7844 6475 6512
6192 7918 7881 6512 6549
6228 7955 7918 6549 6586
6264 7992 7955 6586 6623
6300 8029 7992 6623 6660
6336 8066 8029 6660 6697
6372 8103 8066 6697 6734
6408 8140 8103 6734 6771
6444 8177 8140 6771 6808
6480 8214 8177 6808 6845
6516 8288 8287 6918 6919
6552 8325 8288 6919 6956
6588 8362 8325 6956 6993
6624 8399 8362 6993 7030
6660 8436 8399 7030 7067
6696 8473 8436 7067 7104
6732 8510 8473 7104 7141
6768 8547 8510 7141 7178
6804 8584 8547 7178 7215
6840 8621 8584 7215 7252
6876 8658 8621 7252 7289
6912 8695 8658 7289 7326
6948 8732 8695 7326 7363
6984 8769 8732 7363 7400
7020 8806 8769 7400 7437
7056 8843 8806 7437 7474
7092 8880 8843 7474 7511
7128 8917 8880 7511 7548
7164 8954 8917 7548 7585
7200 8991 8954 7585 7622
7236 9028 8991 7622 7659
7272 9065 9028 7659 7696
7308 9102 9065 7696 7733
7344 9139 9102 7733 7770
7380 9176 9139 7770 7807
7416 9213 9176 7807 7844
7452 9250 9213 7844 7881
7488 9287 9250 7881 7918
7524 9324 9287 7918 7955
7560 9361 9324 7955 7992
7596 9398 9361 7992 8029
7632 9435 9398 8029 8066
7668 9472 9435 8066 8103
7704 9509 9472 8103 8140
7740 9546 9509 8140 8177
7776 9583 9546 8177 8214
7812 9657 9656 8287 8288
7848 9694 9657 8288 8325
7884 9731 9694 8325 8362
7920 9768 9731 8362 8399
7956 9805 9768 8399 8436
7992 9842 9805 8436 8473
8028 9879 9842 8473 8510
8064 9916 9879 8510 8547
8100 9953 9916 8547 8584
8136 9990 9953 8584 8621
8172 10027 9990 8621 8658
8208 10064 10027 8658 8695
8244 10101 10064 8695 8732
8280 10138 10101 8732 8769
8316 10175 10138 8769 8806
8352 10212 10175 8806 8843
8388 10249 10212 8843 8880
8424 10286 10249 8880 8917
8460 10323 10286 8917 8954
8496 10360 10323 8954 8991
8532 10397 10360 8991 9028
8568 10434 10397 9028 9065
8604 10471 10434 9065 9102
8640 10508 10471 9102 9139
8676 10545 10508 9139 9176
8712 10582 10545 9176 9213
8748 10619 10582 9213 9250
8784 10656 10619 9250 9287
8820 10693 10656 9287 9324
8856 10730 10693 9324 9361
8892 10767 10730 9361 9398
8928 10804 10767 9398 9435
8964 10841 10804 9435 9472
9000 10878 10841 9472 9509
9036 10915 10878 9509 9546
9072 10952 10915 9546 9583
9108 11026 11025 9656 9657
9144 11063 11026 9657 9694
9180 11100 11063 9694 9731
9216 11137 11100 9731 9768
9232 11205 11204 11202 11203
9268 11319 11205 11203 11318
9304 11393 11319 11318 11392
9340 11467 11393 11392 11466
9376 11541 11467 11466 11540
9412 11615 11541 11540 11614
9448 11689 11615 11614 11688
9484 11763 11689 11688 11762
9520 11837 11763 11762 11836
9556 11911 11837 11836 11910
9592 11985 11911 11910 11984
9628 12059 11985 11984 12058
9664 12133 12059 12058 12132
9700 12207 12133 12132 12206
9736 12281 12207 12206 12280
9772 12355 12281 12280 12354
9808 12429 12355 12354 12428
9844 12503 12429 12428 12502
9880 12577 12503 12502 12576
9916 12651 12577 12576 12650
9952 12725 12651 12650 12724
9988 12873 12872 12870 12871
10024 12947 12873 12871 12946
10060 13021 12947 12946 13020
10096 13095 13021 13020 13094
10132 13169 13095 13094 13168
10168 13243 13169 13168 13242
10204 13317 13243 13242 13316
10240 13391 13317 13316 13390
10276 13428 11137 9768 9805
10312 13465 13428 9805 9842
10348 13502 13465 9842 9879
10384 13539 13502 9879 9916
10420 13576 13539 9916 9953
10456 13613 13576 9953 9990
10492 13650 13613 9990 10027
10528 13687 13650 10027 10064
10564 13724 13687 10064 10101
10600 13761 13724 10101 10138
10636 13798 13761 10138 10175
10672 13835 13798 10175 10212
10708 13872 13835 10212 10249
10744 13909 13872 10249 10286
10780 13946 13909 10286 10323
10816 13983 13946 10323 10360
10852 14020 13983 10360 10397
10888 14057 14020 10397 10434
10924 14094 14057 10434 10471
10960 14131 14094 10471 10508
10996 14168 14131 10508 10545
11032 14205 14168 10545 10582
11068 14242 14205 10582 10619
11104 14279 14242 10619 10656
11140 14316 14279 10656 10693
11176 14353 14316 10693 10730
11212 14390 14353 10730 10767
11248 14427 14390 10767 10804
11284 14464 14427 10804 10841
11320 14501 14464 10841 10878
11356 14538 14501 10878 10915
11392 14575 14538 10915 10952
11428 14649 14648 11025 11026
11464 14686 14649 11026 11063
11500 14723 14686 11063 11100
11536 14760 14723 11100 11137
11572 14797 14760 11137 13428
11608 14834 14797 13428 13465
11644 14871 14834 13465 13502
11680 14908 14871 13502 13539
11716 14945 14908 13539 13576
11752 14982 14945 13576 13613
11788 15019 14982 13613 13650
11824 15056 15019 13650 13687
11860 15093 15056 13687 13724
11896 15130 15093 13724 13761
11932 15167 15130 13761 13798
11968 15204 15167 13798 13835
12004 15241 15204 13835 13872
12040 15278 15241 13872 13909
12076 15315 15278 13909 13946
12112 15352 15315 13946 13983
12148 15389 15352 13983 14020
12184 15426 15389 14020 14057
12220 15463 15426 14057 14094
12256 15500 15463 14094 14131
12292 15537 15500 14131 14168
12328 15574 15537 14168 14205
12364 15611 15574 14205 14242
12400 15648 15611 14242 14279
12436 15685 15648 14279 14316
12472 15722 15685 14316 14353
12508 15759 15722 14353 14390
12544 15796 15759 14390 14427
12580 15833 15796 14427 14464
12616 15870 15833 14464 14501
12652 15907 15870 14501 14538
12688 15944 15907 14538 14575
12724 16018 16017 14648 14649
12760 16055 16018 14649 14686
12796 16092 16055 14686 14723
12832 16129 16092 14723 14760
12868 16166 16129 14760 14797
12904 16203 16166 14797 14834
12940 16240 16203 14834 14871
12976 16277 16240 14871 14908
13012 16314 16277 14908 14945
13048 16351 16314 14945 14982
13084 16388 16351 14982 15019
13120 16425 16388 15019 15056
13156 16462 16425 15056 15093
13192 16499 16462 15093 15130
13228 16536 16499 15130 15167
13264 16573 16536 15167 15204
13300 16610 16573 15204 15241
13336 16647 16610 15241 15278
13372 16684 16647 15278 15315
13408 16721 16684 15315 15352
13444 16758 16721 15352 15389
13480 16795 16758 15389 15426
13516 16832 16795 15426 15463
13552 16869 16832 15463 15500
13588 16906 16869 15500 15537
13624 16943 16906 15537 15574
13660 16980 16943 15574 15611
13696 17017 16980 15611 15648
13732 17054 17017 15648 15685
13768 17091 17054 15685 15722
13804 17128 17091 15722 15759
13840 17165 17128 15759 15796
13876 17202 17165 15796 15833
13912 17239 17202 15833 15870
13948 17276 17239 15870 15907
13984 17313 17276 15907 15944
14020 17387 17386 16017 16018
14056 17424 17387 16018 16055
14092 17461 17424 16055 16092
14128 17498 17461 16092 16129
14164 17535 17498 16129 16166
14200 17572 17535 16166 16203
14236 17609 17572 16203 16240
14272 17646 17609 16240 16277
14308 17683 17646 16277 16314
14344 17720 17683 16314 16351
14380 17757 17720 16351 16388
14416 17794 17757 16388 16425
14452 17831 17794 16425 16462
14488 17868 17831 16462 16499
14524 17905 17868 16499 16536
14560 17942 17905 16536 16573
14596 17979 17942 16573 16610
14632 18016 17979 16610 16647
14668 18053 18016 16647 16684
14704 18090 18053 16684 16721
14740 18127 18090 16721 16758
14776 18164 18127 16758 16795
14812 18201 18164 16795 16832
14848 18238 18201 16832 16869
14884 18275 18238 16869 16906
14920 18312 18275 16906 16943
14956 18349 18312 16943 16980
14992 18386 18349 16980 17017
15028 18423 18386 17017 17054
15064 18460 18423 17054 17091
15100 18497 18460 17091 17128
15136 18534 18497 17128 17165
15172 18571 18534 17165 17202
15208 18608 18571 17202 17239
15244 18645 18608 17239 17276
15280 18682 18645 17276 17313
15316 18756 18755 17386 17387
15352 18793 18756 17387 17424
15388 18830 18793 17424 17461
15424 18867 18830 17461 17498
15460 18904 18867 17498 17535
15496 18941 18904 17535 17572
15532 18978 18941 17572 17609
15568 19015 18978 17609 17646
15604 19052 19015 17646 17683
15640 19089 19052 17683 17720
15676 19126 19089 17720 17757
15712 19163 19126 17757 17794
15748 19200 19163 17794 17831
15784 19237 19200 17831 17868
15820 19274 19237 17868 17905
15856 19311 19274 17905 17942
15892 19348 19311 17942 17979
15928 19385 19348 17979 18016
15964 19422 19385 18016 18053
16000 19459 19422 18053 18090
16036 19496 19459 18090 18127
16072 19533 19496 18127 18164
16108 19570 19533 18164 18201
16144 19607 19570 18201 18238
16180 19644 19607 18238 18275
16216 19681 19644 18275 18312
16252 19718 19681 18312 18349
16288 19755 19718 18349 18386
16324 19792 19755 18386 18423
16360 19829 19792 18423 18460
16396 19866 19829 18460 18497
16432 19903 19866 18497 18534
16468 19940 19903 18534 18571
16504 19977 19940 18571 18608
16540 20014 19977 18608 18645
16576 20051 20014 18645 18682
16612 20125 20124 18755 18756
16648 20162 20125 18756 18793
16684 20199 20162 18793 18830
16720 20236 20199 18830 18867
16756 20273 20236 18867 18904
16792 20310 20273 18904 18941
16828 20347 20310 18941 18978
16864 20384 20347 18978 19015
16900 20421 20384 19015 19052
16936 20458 20421 19052 19089
16972 20495 20458 19089 19126
17008 20532 20495 19126 19163
17044 20569 20532 19163 19200
17080 20606 20569 19200 19237
17116 11202 20606 19237 19274
17152 11203 11202 19274 19311
17188 11318 11203 19311 19348
17224 11392 11318 19348 19385
17260 11466 11392 19385 19422
17296 11540 11466 19422 19459
17332 11614 11540 19459 19496
17368 11688 11614 19496 19533
17404 11762 11688 19533 19570
17440 11836 11762 19570 19607
17476 11910 11836 19607 19644
17512 11984 11910 19644 19681
17548 12058 11984 19681 19718
17584 12132 12058 19718 19755
17620 12206 12132 19755 19792
17656 12280 12206 19792 19829
17692 12354 12280 19829 19866
17728 12428 12354 19866 19903
17764 12502 12428 19903 19940
17800 12576 12502 19940 19977
17836 12650 12576 19977 20014
17872 12724 12650 20014 20051
17908 12871 12870 20124 20125
17944 12946 12871 20125 20162
17980 13020 12946 20162 20199
18016 13094 13020 20199 20236
18052 13168 13094 20236 20273
18088 13242 13168 20273 20310
18124 13316 13242 20310 20347
18160 13390 13316 20347 20384
18196 20663 13390 20384 20421
18232 20700 20663 20421 20458
18268 20737 20700 20458 20495
18304 20774 20737 20495 20532
18340 20811 20774 20532 20569
18376 20848 20811 20569 20606
18412 11204 20848 20606 11202
18468 20905 13391 13390 20663
18504 20942 20905 20663 20700
18540 20979 20942 20700 20737
18576 21016 20979 20737 20774
18612 21053 21016 20774 20811
18648 21090 21053 20811 20848
18684 21127 21090 20848 11204
18720 21164 21127 11204 11205
18756 21201 21164 11205 11319
18792 21238 21201 11319 11393
18828 21275 21238 11393 11467
18864 21312 21275 11467 11541
18900 21349 21312 11541 11615
18936 21386 21349 11615 11689
18972 21423 21386 11689 11763
19008 21460 21423 11763 11837
19044 21497 21460 11837 11911
19080 21534 21497 11911 11985
19116 21571 21534 11985 12059
19152 21608 21571 12059 12133
19188 21645 21608 12133 12207
19224 21682 21645 12207 12281
19260 21719 21682 12281 12355
19296 21756 21719 12355 12429
19332 21793 21756 12429 12503
19368 21830 21793 12503 12577
19404 21867 21830 12577 12651
19440 21904 21867 12651 12725
19476 21978 21977 12872 12873
19512 22015 21978 12873 12947
19548 22052 22015 12947 13021
19584 22089 22052 13021 13095
19620 22126 22089 13095 13169
19656 22163 22126 13169 13243
19692 22200 22163 13243 13317
19728 22237 22200 13317 13391
19764 22274 22237 13391 20905
19800 22311 22274 20905 20942
19836 22348 22311 20942 20979
19872 22385 22348 20979 21016
19908 22422 22385 21016 21053
19944 22459 22422 21053 21090
19980 22496 22459 21090 21127
20016 22533 22496 21127 21164
20052 22570 22533 21164 21201
20088 22607 22570 21201 21238
20124 22644 22607 21238 21275
20160 22681 22644 21275 21312
20196 22718 22681 21312 21349
20232 22755 22718 21349 21386
20268 22792 22755 21386 21423
20304 22829 22792 21423 21460
20340 22866 22829 21460 21497
20376 22903 22866 21497 21534
20412 22940 22903 21534 21571
20448 22977 22940 21571 21608
20484 23014 22977 21608 21645
20520 23051 23014 21645 21682
20556 23088 23051 21682 21719
20592 23125 23088 21719 21756
20628 23162 23125 21756 21793
20664 23199 23162 21793 21830
20700 23236 23199 21830 21867
20736 23273 23236 21867 21904
