       600
1 1328 1163 1149 1174
2 1327 1328 1174 1173
3 1326 1327 1173 1172
4 1325 1326 1172 1171
5 1324 1325 1171 1170
6 1323 1324 1170 1169
7 1322 1323 1169 1168
8 1321 1322 1168 1167
9 1320 1321 1167 1166
10 1319 1320 1166 1165
11 1318 1319 1165 1164
12 548 1318 1164 534
481 1317 1162 1163 1328
482 1316 1317 1328 1327
483 1315 1316 1327 1326
484 1314 1315 1326 1325
485 1313 1314 1325 1324
486 1312 1313 1324 1323
487 1311 1312 1323 1322
488 1310 1311 1322 1321
489 1309 1310 1321 1320
490 1308 1309 1320 1319
491 1307 1308 1319 1318
492 547 1307 1318 548
961 1306 1161 1162 1317
962 1305 1306 1317 1316
963 1304 1305 1316 1315
964 1303 1304 1315 1314
965 1302 1303 1314 1313
966 1301 1302 1313 1312
967 1300 1301 1312 1311
968 1299 1300 1311 1310
969 1298 1299 1310 1309
970 1297 1298 1309 1308
971 1296 1297 1308 1307
972 546 1296 1307 547
1441 1295 1160 1161 1306
1442 1294 1295 1306 1305
1443 1293 1294 1305 1304
1444 1292 1293 1304 1303
1445 1291 1292 1303 1302
1446 1290 1291 1302 1301
1447 1289 1290 1301 1300
1448 1288 1289 1300 1299
1449 1287 1288 1299 1298
1450 1286 1287 1298 1297
1451 1285 1286 1297 1296
1452 545 1285 1296 546
1921 1284 1159 1160 1295
1922 1283 1284 1295 1294
1923 1282 1283 1294 1293
1924 1281 1282 1293 1292
1925 1280 1281 1292 1291
1926 1279 1280 1291 1290
1927 1278 1279 1290 1289
1928 1277 1278 1289 1288
1929 1276 1277 1288 1287
1930 1275 1276 1287 1286
1931 1274 1275 1286 1285
1932 544 1274 1285 545
2401 1273 1158 1159 1284
2402 1272 1273 1284 1283
2403 1271 1272 1283 1282
2404 1270 1271 1282 1281
2405 1269 1270 1281 1280
2406 1268 1269 1280 1279
2407 1267 1268 1279 1278
2408 1266 1267 1278 1277
2409 1265 1266 1277 1276
2410 1264 1265 1276 1275
2411 1263 1264 1275 1274
2412 543 1263 1274 544
2881 1262 1157 1158 1273
2882 1261 1262 1273 1272
2883 1260 1261 1272 1271
2884 1259 1260 1271 1270
2885 1258 1259 1270 1269
2886 1257 1258 1269 1268
2887 1256 1257 1268 1267
2888 1255 1256 1267 1266
2889 1254 1255 1266 1265
2890 1253 1254 1265 1264
2891 1252 1253 1264 1263
2892 542 1252 1263 543
3361 1251 1156 1157 1262
3362 1250 1251 1262 1261
3363 1249 1250 1261 1260
3364 1248 1249 1260 1259
3365 1247 1248 1259 1258
3366 1246 1247 1258 1257
3367 1245 1246 1257 1256
3368 1244 1245 1256 1255
3369 1243 1244 1255 1254
3370 1242 1243 1254 1253
3371 1241 1242 1253 1252
3372 541 1241 1252 542
3841 1240 1155 1156 1251
3842 1239 1240 1251 1250
3843 1238 1239 1250 1249
3844 1237 1238 1249 1248
3845 1236 1237 1248 1247
3846 1235 1236 1247 1246
3847 1234 1235 1246 1245
3848 1233 1234 1245 1244
3849 1232 1233 1244 1243
3850 1231 1232 1243 1242
3851 1230 1231 1242 1241
3852 540 1230 1241 541
4321 1229 1154 1155 1240
4322 1228 1229 1240 1239
4323 1227 1228 1239 1238
4324 1226 1227 1238 1237
4325 1225 1226 1237 1236
4326 1224 1225 1236 1235
4327 1223 1224 1235 1234
4328 1222 1223 1234 1233
4329 1221 1222 1233 1232
4330 1220 1221 1232 1231
4331 1219 1220 1231 1230
4332 539 1219 1230 540
4801 1218 1153 1154 1229
4802 1217 1218 1229 1228
4803 1216 1217 1228 1227
4804 1215 1216 1227 1226
4805 1214 1215 1226 1225
4806 1213 1214 1225 1224
4807 1212 1213 1224 1223
4808 1211 1212 1223 1222
4809 1210 1211 1222 1221
4810 1209 1210 1221 1220
4811 1208 1209 1220 1219
4812 538 1208 1219 539
5281 1207 1152 1153 1218
5282 1206 1207 1218 1217
5283 1205 1206 1217 1216
5284 1204 1205 1216 1215
5285 1203 1204 1215 1214
5286 1202 1203 1214 1213
5287 1201 1202 1213 1212
5288 1200 1201 1212 1211
5289 1199 1200 1211 1210
5290 1198 1199 1210 1209
5291 1197 1198 1209 1208
5292 537 1197 1208 538
5761 1196 1151 1152 1207
5762 1195 1196 1207 1206
5763 1194 1195 1206 1205
5764 1193 1194 1205 1204
5765 1192 1193 1204 1203
5766 1191 1192 1203 1202
5767 1190 1191 1202 1201
5768 1189 1190 1201 1200
5769 1188 1189 1200 1199
5770 1187 1188 1199 1198
5771 1186 1187 1198 1197
5772 536 1186 1197 537
6241 1185 1150 1151 1196
6242 1184 1185 1196 1195
6243 1183 1184 1195 1194
6244 1182 1183 1194 1193
6245 1181 1182 1193 1192
6246 1180 1181 1192 1191
6247 1179 1180 1191 1190
6248 1178 1179 1190 1189
6249 1177 1178 1189 1188
6250 1176 1177 1188 1187
6251 1175 1176 1187 1186
6252 535 1175 1186 536
6721 53 1 1150 1185
6722 52 53 1185 1184
6723 51 52 1184 1183
6724 50 51 1183 1182
6725 49 50 1182 1181
6726 48 49 1181 1180
6727 47 48 1180 1179
6728 46 47 1179 1178
6729 45 46 1178 1177
6730 44 45 1177 1176
6731 43 44 1176 1175
6732 42 43 1175 535
7201 43 42 9817 10374
7202 10374 9817 9816 10385
7203 10385 9816 9815 10396
7204 10396 9815 9814 10407
7205 10407 9814 9813 10418
7206 10418 9813 9812 10429
7207 10429 9812 9811 10440
7208 10440 9811 9810 10451
7209 10451 9810 9809 10462
7210 10462 9809 9808 10473
7211 10473 9808 9807 10484
7212 10484 9807 9806 10495
7213 10495 9806 9805 10506
7214 10506 9805 9804 10517
7215 10517 9804 9324 9325
7801 44 43 10374 10373
7802 10373 10374 10385 10384
7803 10384 10385 10396 10395
7804 10395 10396 10407 10406
7805 10406 10407 10418 10417
7806 10417 10418 10429 10428
7807 10428 10429 10440 10439
7808 10439 10440 10451 10450
7809 10450 10451 10462 10461
7810 10461 10462 10473 10472
7811 10472 10473 10484 10483
7812 10483 10484 10495 10494
7813 10494 10495 10506 10505
7814 10505 10506 10517 10516
7815 10516 10517 9325 9326
8401 45 44 10373 10372
8402 10372 10373 10384 10383
8403 10383 10384 10395 10394
8404 10394 10395 10406 10405
8405 10405 10406 10417 10416
8406 10416 10417 10428 10427
8407 10427 10428 10439 10438
8408 10438 10439 10450 10449
8409 10449 10450 10461 10460
8410 10460 10461 10472 10471
8411 10471 10472 10483 10482
8412 10482 10483 10494 10493
8413 10493 10494 10505 10504
8414 10504 10505 10516 10515
8415 10515 10516 9326 9327
9001 46 45 10372 10371
9002 10371 10372 10383 10382
9003 10382 10383 10394 10393
9004 10393 10394 10405 10404
9005 10404 10405 10416 10415
9006 10415 10416 10427 10426
9007 10426 10427 10438 10437
9008 10437 10438 10449 10448
9009 10448 10449 10460 10459
9010 10459 10460 10471 10470
9011 10470 10471 10482 10481
9012 10481 10482 10493 10492
9013 10492 10493 10504 10503
9014 10503 10504 10515 10514
9015 10514 10515 9327 9328
9601 47 46 10371 10370
9602 10370 10371 10382 10381
9603 10381 10382 10393 10392
9604 10392 10393 10404 10403
9605 10403 10404 10415 10414
9606 10414 10415 10426 10425
9607 10425 10426 10437 10436
9608 10436 10437 10448 10447
9609 10447 10448 10459 10458
9610 10458 10459 10470 10469
9611 10469 10470 10481 10480
9612 10480 10481 10492 10491
9613 10491 10492 10503 10502
9614 10502 10503 10514 10513
9615 10513 10514 9328 9329
10201 48 47 10370 10369
10202 10369 10370 10381 10380
10203 10380 10381 10392 10391
10204 10391 10392 10403 10402
10205 10402 10403 10414 10413
10206 10413 10414 10425 10424
10207 10424 10425 10436 10435
10208 10435 10436 10447 10446
10209 10446 10447 10458 10457
10210 10457 10458 10469 10468
10211 10468 10469 10480 10479
10212 10479 10480 10491 10490
10213 10490 10491 10502 10501
10214 10501 10502 10513 10512
10215 10512 10513 9329 9330
10801 49 48 10369 10368
10802 10368 10369 10380 10379
10803 10379 10380 10391 10390
10804 10390 10391 10402 10401
10805 10401 10402 10413 10412
10806 10412 10413 10424 10423
10807 10423 10424 10435 10434
10808 10434 10435 10446 10445
10809 10445 10446 10457 10456
10810 10456 10457 10468 10467
10811 10467 10468 10479 10478
10812 10478 10479 10490 10489
10813 10489 10490 10501 10500
10814 10500 10501 10512 10511
10815 10511 10512 9330 9331
11401 50 49 10368 10367
11402 10367 10368 10379 10378
11403 10378 10379 10390 10389
11404 10389 10390 10401 10400
11405 10400 10401 10412 10411
11406 10411 10412 10423 10422
11407 10422 10423 10434 10433
11408 10433 10434 10445 10444
11409 10444 10445 10456 10455
11410 10455 10456 10467 10466
11411 10466 10467 10478 10477
11412 10477 10478 10489 10488
11413 10488 10489 10500 10499
11414 10499 10500 10511 10510
11415 10510 10511 9331 9332
12001 51 50 10367 10366
12002 10366 10367 10378 10377
12003 10377 10378 10389 10388
12004 10388 10389 10400 10399
12005 10399 10400 10411 10410
12006 10410 10411 10422 10421
12007 10421 10422 10433 10432
12008 10432 10433 10444 10443
12009 10443 10444 10455 10454
12010 10454 10455 10466 10465
12011 10465 10466 10477 10476
12012 10476 10477 10488 10487
12013 10487 10488 10499 10498
12014 10498 10499 10510 10509
12015 10509 10510 9332 9333
12601 52 51 10366 10365
12602 10365 10366 10377 10376
12603 10376 10377 10388 10387
12604 10387 10388 10399 10398
12605 10398 10399 10410 10409
12606 10409 10410 10421 10420
12607 10420 10421 10432 10431
12608 10431 10432 10443 10442
12609 10442 10443 10454 10453
12610 10453 10454 10465 10464
12611 10464 10465 10476 10475
12612 10475 10476 10487 10486
12613 10486 10487 10498 10497
12614 10497 10498 10509 10508
12615 10508 10509 9333 9334
13201 53 52 10365 10364
13202 10364 10365 10376 10375
13203 10375 10376 10387 10386
13204 10386 10387 10398 10397
13205 10397 10398 10409 10408
13206 10408 10409 10420 10419
13207 10419 10420 10431 10430
13208 10430 10431 10442 10441
13209 10441 10442 10453 10452
13210 10452 10453 10464 10463
13211 10463 10464 10475 10474
13212 10474 10475 10486 10485
13213 10485 10486 10497 10496
13214 10496 10497 10508 10507
13215 10507 10508 9334 9335
13801 1 53 10364 8738
13802 8738 10364 10375 8737
13803 8737 10375 10386 8736
13804 8736 10386 10397 8735
13805 8735 10397 10408 8734
13806 8734 10408 10419 8733
13807 8733 10419 10430 8732
13808 8732 10430 10441 8731
13809 8731 10441 10452 8730
13810 8730 10452 10463 8729
13811 8729 10463 10474 8728
13812 8728 10474 10485 8727
13813 8727 10485 10496 8726
13814 8726 10496 10507 8725
13815 8725 10507 9335 8724
14401 9324 9804 18017 17938
14402 17938 18017 18046 17937
14403 17937 18046 16766 16737
14404 9804 9805 18018 18017
14405 18017 18018 18047 18046
14406 18046 18047 16765 16766
14407 9805 9806 18019 18018
14408 18018 18019 18048 18047
14409 18047 18048 16764 16765
14410 9806 9807 18020 18019
14411 18019 18020 18049 18048
14412 18048 18049 16763 16764
14413 9807 9808 18021 18020
14414 18020 18021 18050 18049
14415 18049 18050 16762 16763
14416 9808 9809 18022 18021
14417 18021 18022 18051 18050
14418 18050 18051 16761 16762
14419 9809 9810 18023 18022
14420 18022 18023 18052 18051
14421 18051 18052 16760 16761
14422 9810 9811 18024 18023
14423 18023 18024 18053 18052
14424 18052 18053 16759 16760
14425 9811 9812 18025 18024
14426 18024 18025 18054 18053
14427 18053 18054 16758 16759
14428 9812 9813 18026 18025
14429 18025 18026 18055 18054
14430 18054 18055 16757 16758
14431 9813 9814 18027 18026
14432 18026 18027 18056 18055
14433 18055 18056 16756 16757
14434 9814 9815 18028 18027
14435 18027 18028 18057 18056
14436 18056 18057 16755 16756
14437 9815 9816 18029 18028
14438 18028 18029 18058 18057
14439 18057 18058 16754 16755
14440 9816 9817 18030 18029
14441 18029 18030 18059 18058
14442 18058 18059 16753 16754
14443 9817 42 18031 18030
14444 18030 18031 18060 18059
14445 18059 18060 16752 16753
14446 42 535 18032 18031
14447 18031 18032 18061 18060
14448 18060 18061 16751 16752
14449 535 536 18033 18032
14450 18032 18033 18062 18061
14451 18061 18062 16750 16751
14452 536 537 18034 18033
14453 18033 18034 18063 18062
14454 18062 18063 16749 16750
14455 537 538 18035 18034
14456 18034 18035 18064 18063
14457 18063 18064 16748 16749
14458 538 539 18036 18035
14459 18035 18036 18065 18064
14460 18064 18065 16747 16748
14461 539 540 18037 18036
14462 18036 18037 18066 18065
14463 18065 18066 16746 16747
14464 540 541 18038 18037
14465 18037 18038 18067 18066
14466 18066 18067 16745 16746
14467 541 542 18039 18038
14468 18038 18039 18068 18067
14469 18067 18068 16744 16745
14470 542 543 18040 18039
14471 18039 18040 18069 18068
14472 18068 18069 16743 16744
14473 543 544 18041 18040
14474 18040 18041 18070 18069
14475 18069 18070 16742 16743
14476 544 545 18042 18041
14477 18041 18042 18071 18070
14478 18070 18071 16741 16742
14479 545 546 18043 18042
14480 18042 18043 18072 18071
14481 18071 18072 16740 16741
14482 546 547 18044 18043
14483 18043 18044 18073 18072
14484 18072 18073 16739 16740
14485 547 548 18045 18044
14486 18044 18045 18074 18073
14487 18073 18074 16738 16739
14488 548 534 16568 18045
14489 18045 16568 16567 18074
14490 18074 16567 16527 16738
18001 21891 21772 1149 1163
18002 21862 21773 21772 21891
18003 21833 21774 21773 21862
18004 21804 21775 21774 21833
18005 20367 20338 21775 21804
18006 21890 21891 1163 1162
18007 21861 21862 21891 21890
18008 21832 21833 21862 21861
18009 21803 21804 21833 21832
18010 20366 20367 21804 21803
18011 21889 21890 1162 1161
18012 21860 21861 21890 21889
18013 21831 21832 21861 21860
18014 21802 21803 21832 21831
18015 20365 20366 21803 21802
18016 21888 21889 1161 1160
18017 21859 21860 21889 21888
18018 21830 21831 21860 21859
18019 21801 21802 21831 21830
18020 20364 20365 21802 21801
18021 21887 21888 1160 1159
18022 21858 21859 21888 21887
18023 21829 21830 21859 21858
18024 21800 21801 21830 21829
18025 20363 20364 21801 21800
18026 21886 21887 1159 1158
18027 21857 21858 21887 21886
18028 21828 21829 21858 21857
18029 21799 21800 21829 21828
18030 20362 20363 21800 21799
18031 21885 21886 1158 1157
18032 21856 21857 21886 21885
18033 21827 21828 21857 21856
18034 21798 21799 21828 21827
18035 20361 20362 21799 21798
18036 21884 21885 1157 1156
18037 21855 21856 21885 21884
18038 21826 21827 21856 21855
18039 21797 21798 21827 21826
18040 20360 20361 21798 21797
18041 21883 21884 1156 1155
18042 21854 21855 21884 21883
18043 21825 21826 21855 21854
18044 21796 21797 21826 21825
18045 20359 20360 21797 21796
18046 21882 21883 1155 1154
18047 21853 21854 21883 21882
18048 21824 21825 21854 21853
18049 21795 21796 21825 21824
18050 20358 20359 21796 21795
18051 21881 21882 1154 1153
18052 21852 21853 21882 21881
18053 21823 21824 21853 21852
18054 21794 21795 21824 21823
18055 20357 20358 21795 21794
18056 21880 21881 1153 1152
18057 21851 21852 21881 21880
18058 21822 21823 21852 21851
18059 21793 21794 21823 21822
18060 20356 20357 21794 21793
18061 21879 21880 1152 1151
18062 21850 21851 21880 21879
18063 21821 21822 21851 21850
18064 21792 21793 21822 21821
18065 20355 20356 21793 21792
18066 21878 21879 1151 1150
18067 21849 21850 21879 21878
18068 21820 21821 21850 21849
18069 21791 21792 21821 21820
18070 20354 20355 21792 21791
18071 21877 21878 1150 1
18072 21848 21849 21878 21877
18073 21819 21820 21849 21848
18074 21790 21791 21820 21819
18075 20353 20354 21791 21790
18076 21876 21877 1 8738
18077 21847 21848 21877 21876
18078 21818 21819 21848 21847
18079 21789 21790 21819 21818
18080 20352 20353 21790 21789
18081 21875 21876 8738 8737
18082 21846 21847 21876 21875
18083 21817 21818 21847 21846
18084 21788 21789 21818 21817
18085 20351 20352 21789 21788
18086 21874 21875 8737 8736
18087 21845 21846 21875 21874
18088 21816 21817 21846 21845
18089 21787 21788 21817 21816
18090 20350 20351 21788 21787
18091 21873 21874 8736 8735
18092 21844 21845 21874 21873
18093 21815 21816 21845 21844
18094 21786 21787 21816 21815
18095 20349 20350 21787 21786
18096 21872 21873 8735 8734
18097 21843 21844 21873 21872
18098 21814 21815 21844 21843
18099 21785 21786 21815 21814
18100 20348 20349 21786 21785
18101 21871 21872 8734 8733
18102 21842 21843 21872 21871
18103 21813 21814 21843 21842
18104 21784 21785 21814 21813
18105 20347 20348 21785 21784
18106 21870 21871 8733 8732
18107 21841 21842 21871 21870
18108 21812 21813 21842 21841
18109 21783 21784 21813 21812
18110 20346 20347 21784 21783
18111 21869 21870 8732 8731
18112 21840 21841 21870 21869
18113 21811 21812 21841 21840
18114 21782 21783 21812 21811
18115 20345 20346 21783 21782
18116 21868 21869 8731 8730
18117 21839 21840 21869 21868
18118 21810 21811 21840 21839
18119 21781 21782 21811 21810
18120 20344 20345 21782 21781
18121 21867 21868 8730 8729
18122 21838 21839 21868 21867
18123 21809 21810 21839 21838
18124 21780 21781 21810 21809
18125 20343 20344 21781 21780
18126 21866 21867 8729 8728
18127 21837 21838 21867 21866
18128 21808 21809 21838 21837
18129 21779 21780 21809 21808
18130 20342 20343 21780 21779
18131 21865 21866 8728 8727
18132 21836 21837 21866 21865
18133 21807 21808 21837 21836
18134 21778 21779 21808 21807
18135 20341 20342 21779 21778
18136 21864 21865 8727 8726
18137 21835 21836 21865 21864
18138 21806 21807 21836 21835
18139 21777 21778 21807 21806
18140 20340 20341 21778 21777
18141 21863 21864 8726 8725
18142 21834 21835 21864 21863
18143 21805 21806 21835 21834
18144 21776 21777 21806 21805
18145 20339 20340 21777 21776
18146 21608 21863 8725 8724
18147 21609 21834 21863 21608
18148 21610 21805 21834 21609
18149 21611 21776 21805 21610
18150 20337 20339 21776 21611
