       600
469 1330 2083 1939 1329
470 2083 2084 1938 1939
471 2084 2085 1937 1938
472 2085 2086 1936 1937
473 2086 2087 1935 1936
474 2087 2088 1934 1935
475 2088 2089 1933 1934
476 2089 2090 1932 1933
477 2090 2091 1931 1932
478 2091 2092 1930 1931
479 2092 2093 1929 1930
480 2093 589 549 1929
949 1331 2072 2083 1330
950 2072 2073 2084 2083
951 2073 2074 2085 2084
952 2074 2075 2086 2085
953 2075 2076 2087 2086
954 2076 2077 2088 2087
955 2077 2078 2089 2088
956 2078 2079 2090 2089
957 2079 2080 2091 2090
958 2080 2081 2092 2091
959 2081 2082 2093 2092
960 2082 590 589 2093
1429 1332 2061 2072 1331
1430 2061 2062 2073 2072
1431 2062 2063 2074 2073
1432 2063 2064 2075 2074
1433 2064 2065 2076 2075
1434 2065 2066 2077 2076
1435 2066 2067 2078 2077
1436 2067 2068 2079 2078
1437 2068 2069 2080 2079
1438 2069 2070 2081 2080
1439 2070 2071 2082 2081
1440 2071 591 590 2082
1909 1333 2050 2061 1332
1910 2050 2051 2062 2061
1911 2051 2052 2063 2062
1912 2052 2053 2064 2063
1913 2053 2054 2065 2064
1914 2054 2055 2066 2065
1915 2055 2056 2067 2066
1916 2056 2057 2068 2067
1917 2057 2058 2069 2068
1918 2058 2059 2070 2069
1919 2059 2060 2071 2070
1920 2060 592 591 2071
2389 1334 2039 2050 1333
2390 2039 2040 2051 2050
2391 2040 2041 2052 2051
2392 2041 2042 2053 2052
2393 2042 2043 2054 2053
2394 2043 2044 2055 2054
2395 2044 2045 2056 2055
2396 2045 2046 2057 2056
2397 2046 2047 2058 2057
2398 2047 2048 2059 2058
2399 2048 2049 2060 2059
2400 2049 593 592 2060
2869 1335 2028 2039 1334
2870 2028 2029 2040 2039
2871 2029 2030 2041 2040
2872 2030 2031 2042 2041
2873 2031 2032 2043 2042
2874 2032 2033 2044 2043
2875 2033 2034 2045 2044
2876 2034 2035 2046 2045
2877 2035 2036 2047 2046
2878 2036 2037 2048 2047
2879 2037 2038 2049 2048
2880 2038 594 593 2049
3349 1336 2017 2028 1335
3350 2017 2018 2029 2028
3351 2018 2019 2030 2029
3352 2019 2020 2031 2030
3353 2020 2021 2032 2031
3354 2021 2022 2033 2032
3355 2022 2023 2034 2033
3356 2023 2024 2035 2034
3357 2024 2025 2036 2035
3358 2025 2026 2037 2036
3359 2026 2027 2038 2037
3360 2027 595 594 2038
3829 1337 2006 2017 1336
3830 2006 2007 2018 2017
3831 2007 2008 2019 2018
3832 2008 2009 2020 2019
3833 2009 2010 2021 2020
3834 2010 2011 2022 2021
3835 2011 2012 2023 2022
3836 2012 2013 2024 2023
3837 2013 2014 2025 2024
3838 2014 2015 2026 2025
3839 2015 2016 2027 2026
3840 2016 596 595 2027
4309 1338 1995 2006 1337
4310 1995 1996 2007 2006
4311 1996 1997 2008 2007
4312 1997 1998 2009 2008
4313 1998 1999 2010 2009
4314 1999 2000 2011 2010
4315 2000 2001 2012 2011
4316 2001 2002 2013 2012
4317 2002 2003 2014 2013
4318 2003 2004 2015 2014
4319 2004 2005 2016 2015
4320 2005 597 596 2016
4789 1339 1984 1995 1338
4790 1984 1985 1996 1995
4791 1985 1986 1997 1996
4792 1986 1987 1998 1997
4793 1987 1988 1999 1998
4794 1988 1989 2000 1999
4795 1989 1990 2001 2000
4796 1990 1991 2002 2001
4797 1991 1992 2003 2002
4798 1992 1993 2004 2003
4799 1993 1994 2005 2004
4800 1994 598 597 2005
5269 1340 1973 1984 1339
5270 1973 1974 1985 1984
5271 1974 1975 1986 1985
5272 1975 1976 1987 1986
5273 1976 1977 1988 1987
5274 1977 1978 1989 1988
5275 1978 1979 1990 1989
5276 1979 1980 1991 1990
5277 1980 1981 1992 1991
5278 1981 1982 1993 1992
5279 1982 1983 1994 1993
5280 1983 599 598 1994
5749 1341 1962 1973 1340
5750 1962 1963 1974 1973
5751 1963 1964 1975 1974
5752 1964 1965 1976 1975
5753 1965 1966 1977 1976
5754 1966 1967 1978 1977
5755 1967 1968 1979 1978
5756 1968 1969 1980 1979
5757 1969 1970 1981 1980
5758 1970 1971 1982 1981
5759 1971 1972 1983 1982
5760 1972 600 599 1983
6229 1342 1951 1962 1341
6230 1951 1952 1963 1962
6231 1952 1953 1964 1963
6232 1953 1954 1965 1964
6233 1954 1955 1966 1965
6234 1955 1956 1967 1966
6235 1956 1957 1968 1967
6236 1957 1958 1969 1968
6237 1958 1959 1970 1969
6238 1959 1960 1971 1970
6239 1960 1961 1972 1971
6240 1961 601 600 1972
6709 1343 1940 1951 1342
6710 1940 1941 1952 1951
6711 1941 1942 1953 1952
6712 1942 1943 1954 1953
6713 1943 1944 1955 1954
6714 1944 1945 1956 1955
6715 1945 1946 1957 1956
6716 1946 1947 1958 1957
6717 1947 1948 1959 1958
6718 1948 1949 1960 1959
6719 1949 1950 1961 1960
6720 1950 602 601 1961
7189 2 94 1940 1343
7190 94 95 1941 1940
7191 95 96 1942 1941
7192 96 97 1943 1942
7193 97 98 1944 1943
7194 98 99 1945 1944
7195 99 100 1946 1945
7196 100 101 1947 1946
7197 101 102 1948 1947
7198 102 103 1949 1948
7199 103 104 1950 1949
7200 104 54 602 1950
7786 54 104 8570 8556
7787 8556 8570 8581 8557
7788 8557 8581 8592 8558
7789 8558 8592 8603 8559
7790 8559 8603 8614 8560
7791 8560 8614 8625 8561
7792 8561 8625 8636 8562
7793 8562 8636 8647 8563
7794 8563 8647 8658 8564
7795 8564 8658 8669 8565
7796 8565 8669 8680 8566
7797 8566 8680 8691 8567
7798 8567 8691 8702 8568
7799 8568 8702 8713 8569
7800 8569 8713 8545 8544
8386 104 103 8571 8570
8387 8570 8571 8582 8581
8388 8581 8582 8593 8592
8389 8592 8593 8604 8603
8390 8603 8604 8615 8614
8391 8614 8615 8626 8625
8392 8625 8626 8637 8636
8393 8636 8637 8648 8647
8394 8647 8648 8659 8658
8395 8658 8659 8670 8669
8396 8669 8670 8681 8680
8397 8680 8681 8692 8691
8398 8691 8692 8703 8702
8399 8702 8703 8714 8713
8400 8713 8714 8546 8545
8986 103 102 8572 8571
8987 8571 8572 8583 8582
8988 8582 8583 8594 8593
8989 8593 8594 8605 8604
8990 8604 8605 8616 8615
8991 8615 8616 8627 8626
8992 8626 8627 8638 8637
8993 8637 8638 8649 8648
8994 8648 8649 8660 8659
8995 8659 8660 8671 8670
8996 8670 8671 8682 8681
8997 8681 8682 8693 8692
8998 8692 8693 8704 8703
8999 8703 8704 8715 8714
9000 8714 8715 8547 8546
9586 102 101 8573 8572
9587 8572 8573 8584 8583
9588 8583 8584 8595 8594
9589 8594 8595 8606 8605
9590 8605 8606 8617 8616
9591 8616 8617 8628 8627
9592 8627 8628 8639 8638
9593 8638 8639 8650 8649
9594 8649 8650 8661 8660
9595 8660 8661 8672 8671
9596 8671 8672 8683 8682
9597 8682 8683 8694 8693
9598 8693 8694 8705 8704
9599 8704 8705 8716 8715
9600 8715 8716 8548 8547
10186 101 100 8574 8573
10187 8573 8574 8585 8584
10188 8584 8585 8596 8595
10189 8595 8596 8607 8606
10190 8606 8607 8618 8617
10191 8617 8618 8629 8628
10192 8628 8629 8640 8639
10193 8639 8640 8651 8650
10194 8650 8651 8662 8661
10195 8661 8662 8673 8672
10196 8672 8673 8684 8683
10197 8683 8684 8695 8694
10198 8694 8695 8706 8705
10199 8705 8706 8717 8716
10200 8716 8717 8549 8548
10786 100 99 8575 8574
10787 8574 8575 8586 8585
10788 8585 8586 8597 8596
10789 8596 8597 8608 8607
10790 8607 8608 8619 8618
10791 8618 8619 8630 8629
10792 8629 8630 8641 8640
10793 8640 8641 8652 8651
10794 8651 8652 8663 8662
10795 8662 8663 8674 8673
10796 8673 8674 8685 8684
10797 8684 8685 8696 8695
10798 8695 8696 8707 8706
10799 8706 8707 8718 8717
10800 8717 8718 8550 8549
11386 99 98 8576 8575
11387 8575 8576 8587 8586
11388 8586 8587 8598 8597
11389 8597 8598 8609 8608
11390 8608 8609 8620 8619
11391 8619 8620 8631 8630
11392 8630 8631 8642 8641
11393 8641 8642 8653 8652
11394 8652 8653 8664 8663
11395 8663 8664 8675 8674
11396 8674 8675 8686 8685
11397 8685 8686 8697 8696
11398 8696 8697 8708 8707
11399 8707 8708 8719 8718
11400 8718 8719 8551 8550
11986 98 97 8577 8576
11987 8576 8577 8588 8587
11988 8587 8588 8599 8598
11989 8598 8599 8610 8609
11990 8609 8610 8621 8620
11991 8620 8621 8632 8631
11992 8631 8632 8643 8642
11993 8642 8643 8654 8653
11994 8653 8654 8665 8664
11995 8664 8665 8676 8675
11996 8675 8676 8687 8686
11997 8686 8687 8698 8697
11998 8697 8698 8709 8708
11999 8708 8709 8720 8719
12000 8719 8720 8552 8551
12586 97 96 8578 8577
12587 8577 8578 8589 8588
12588 8588 8589 8600 8599
12589 8599 8600 8611 8610
12590 8610 8611 8622 8621
12591 8621 8622 8633 8632
12592 8632 8633 8644 8643
12593 8643 8644 8655 8654
12594 8654 8655 8666 8665
12595 8665 8666 8677 8676
12596 8676 8677 8688 8687
12597 8687 8688 8699 8698
12598 8698 8699 8710 8709
12599 8709 8710 8721 8720
12600 8720 8721 8553 8552
13186 96 95 8579 8578
13187 8578 8579 8590 8589
13188 8589 8590 8601 8600
13189 8600 8601 8612 8611
13190 8611 8612 8623 8622
13191 8622 8623 8634 8633
13192 8633 8634 8645 8644
13193 8644 8645 8656 8655
13194 8655 8656 8667 8666
13195 8666 8667 8678 8677
13196 8677 8678 8689 8688
13197 8688 8689 8700 8699
13198 8699 8700 8711 8710
13199 8710 8711 8722 8721
13200 8721 8722 8554 8553
13786 95 94 8580 8579
13787 8579 8580 8591 8590
13788 8590 8591 8602 8601
13789 8601 8602 8613 8612
13790 8612 8613 8624 8623
13791 8623 8624 8635 8634
13792 8634 8635 8646 8645
13793 8645 8646 8657 8656
13794 8656 8657 8668 8667
13795 8667 8668 8679 8678
13796 8678 8679 8690 8689
13797 8689 8690 8701 8700
13798 8700 8701 8712 8711
13799 8711 8712 8723 8722
13800 8722 8723 8555 8554
14386 94 2 8530 8580
14387 8580 8530 8531 8591
14388 8591 8531 8532 8602
14389 8602 8532 8533 8613
14390 8613 8533 8534 8624
14391 8624 8534 8535 8635
14392 8635 8535 8536 8646
14393 8646 8536 8537 8657
14394 8657 8537 8538 8668
14395 8668 8538 8539 8679
14396 8679 8539 8540 8690
14397 8690 8540 8541 8701
14398 8701 8541 8542 8712
14399 8712 8542 8543 8723
14400 8723 8543 8529 8555
17911 8569 8544 16649 16707
17912 16707 16649 16648 16736
17913 16736 16648 16647 16650
17914 8568 8569 16707 16706
17915 16706 16707 16736 16735
17916 16735 16736 16650 16651
17917 8567 8568 16706 16705
17918 16705 16706 16735 16734
17919 16734 16735 16651 16652
17920 8566 8567 16705 16704
17921 16704 16705 16734 16733
17922 16733 16734 16652 16653
17923 8565 8566 16704 16703
17924 16703 16704 16733 16732
17925 16732 16733 16653 16654
17926 8564 8565 16703 16702
17927 16702 16703 16732 16731
17928 16731 16732 16654 16655
17929 8563 8564 16702 16701
17930 16701 16702 16731 16730
17931 16730 16731 16655 16656
17932 8562 8563 16701 16700
17933 16700 16701 16730 16729
17934 16729 16730 16656 16657
17935 8561 8562 16700 16699
17936 16699 16700 16729 16728
17937 16728 16729 16657 16658
17938 8560 8561 16699 16698
17939 16698 16699 16728 16727
17940 16727 16728 16658 16659
17941 8559 8560 16698 16697
17942 16697 16698 16727 16726
17943 16726 16727 16659 16660
17944 8558 8559 16697 16696
17945 16696 16697 16726 16725
17946 16725 16726 16660 16661
17947 8557 8558 16696 16695
17948 16695 16696 16725 16724
17949 16724 16725 16661 16662
17950 8556 8557 16695 16694
17951 16694 16695 16724 16723
17952 16723 16724 16662 16663
17953 54 8556 16694 16693
17954 16693 16694 16723 16722
17955 16722 16723 16663 16664
17956 602 54 16693 16692
17957 16692 16693 16722 16721
17958 16721 16722 16664 16665
17959 601 602 16692 16691
17960 16691 16692 16721 16720
17961 16720 16721 16665 16666
17962 600 601 16691 16690
17963 16690 16691 16720 16719
17964 16719 16720 16666 16667
17965 599 600 16690 16689
17966 16689 16690 16719 16718
17967 16718 16719 16667 16668
17968 598 599 16689 16688
17969 16688 16689 16718 16717
17970 16717 16718 16668 16669
17971 597 598 16688 16687
17972 16687 16688 16717 16716
17973 16716 16717 16669 16670
17974 596 597 16687 16686
17975 16686 16687 16716 16715
17976 16715 16716 16670 16671
17977 595 596 16686 16685
17978 16685 16686 16715 16714
17979 16714 16715 16671 16672
17980 594 595 16685 16684
17981 16684 16685 16714 16713
17982 16713 16714 16672 16673
17983 593 594 16684 16683
17984 16683 16684 16713 16712
17985 16712 16713 16673 16674
17986 592 593 16683 16682
17987 16682 16683 16712 16711
17988 16711 16712 16674 16675
17989 591 592 16682 16681
17990 16681 16682 16711 16710
17991 16710 16711 16675 16676
17992 590 591 16681 16680
17993 16680 16681 16710 16709
17994 16709 16710 16676 16677
17995 589 590 16680 16679
17996 16679 16680 16709 16708
17997 16708 16709 16677 16678
17998 549 589 16679 16526
17999 16526 16679 16708 16525
18000 16525 16708 16678 16524
23851 21892 22139 1330 1329
23852 21893 22110 22139 21892
23853 21894 22081 22110 21893
23854 21895 22052 22081 21894
23855 20408 20409 22052 21895
23856 22139 22140 1331 1330
23857 22110 22111 22140 22139
23858 22081 22082 22111 22110
23859 22052 22053 22082 22081
23860 20409 20410 22053 22052
23861 22140 22141 1332 1331
23862 22111 22112 22141 22140
23863 22082 22083 22112 22111
23864 22053 22054 22083 22082
23865 20410 20411 22054 22053
23866 22141 22142 1333 1332
23867 22112 22113 22142 22141
23868 22083 22084 22113 22112
23869 22054 22055 22084 22083
23870 20411 20412 22055 22054
23871 22142 22143 1334 1333
23872 22113 22114 22143 22142
23873 22084 22085 22114 22113
23874 22055 22056 22085 22084
23875 20412 20413 22056 22055
23876 22143 22144 1335 1334
23877 22114 22115 22144 22143
23878 22085 22086 22115 22114
23879 22056 22057 22086 22085
23880 20413 20414 22057 22056
23881 22144 22145 1336 1335
23882 22115 22116 22145 22144
23883 22086 22087 22116 22115
23884 22057 22058 22087 22086
23885 20414 20415 22058 22057
23886 22145 22146 1337 1336
23887 22116 22117 22146 22145
23888 22087 22088 22117 22116
23889 22058 22059 22088 22087
23890 20415 20416 22059 22058
23891 22146 22147 1338 1337
23892 22117 22118 22147 22146
23893 22088 22089 22118 22117
23894 22059 22060 22089 22088
23895 20416 20417 22060 22059
23896 22147 22148 1339 1338
23897 22118 22119 22148 22147
23898 22089 22090 22119 22118
23899 22060 22061 22090 22089
23900 20417 20418 22061 22060
23901 22148 22149 1340 1339
23902 22119 22120 22149 22148
23903 22090 22091 22120 22119
23904 22061 22062 22091 22090
23905 20418 20419 22062 22061
23906 22149 22150 1341 1340
23907 22120 22121 22150 22149
23908 22091 22092 22121 22120
23909 22062 22063 22092 22091
23910 20419 20420 22063 22062
23911 22150 22151 1342 1341
23912 22121 22122 22151 22150
23913 22092 22093 22122 22121
23914 22063 22064 22093 22092
23915 20420 20421 22064 22063
23916 22151 22152 1343 1342
23917 22122 22123 22152 22151
23918 22093 22094 22123 22122
23919 22064 22065 22094 22093
23920 20421 20422 22065 22064
23921 22152 22153 2 1343
23922 22123 22124 22153 22152
23923 22094 22095 22124 22123
23924 22065 22066 22095 22094
23925 20422 20423 22066 22065
23926 22153 22154 8530 2
23927 22124 22125 22154 22153
23928 22095 22096 22125 22124
23929 22066 22067 22096 22095
23930 20423 20424 22067 22066
23931 22154 22155 8531 8530
23932 22125 22126 22155 22154
23933 22096 22097 22126 22125
23934 22067 22068 22097 22096
23935 20424 20425 22068 22067
23936 22155 22156 8532 8531
23937 22126 22127 22156 22155
23938 22097 22098 22127 22126
23939 22068 22069 22098 22097
23940 20425 20426 22069 22068
23941 22156 22157 8533 8532
23942 22127 22128 22157 22156
23943 22098 22099 22128 22127
23944 22069 22070 22099 22098
23945 20426 20427 22070 22069
23946 22157 22158 8534 8533
23947 22128 22129 22158 22157
23948 22099 22100 22129 22128
23949 22070 22071 22100 22099
23950 20427 20428 22071 22070
23951 22158 22159 8535 8534
23952 22129 22130 22159 22158
23953 22100 22101 22130 22129
23954 22071 22072 22101 22100
23955 20428 20429 22072 22071
23956 22159 22160 8536 8535
23957 22130 22131 22160 22159
23958 22101 22102 22131 22130
23959 22072 22073 22102 22101
23960 20429 20430 22073 22072
23961 22160 22161 8537 8536
23962 22131 22132 22161 22160
23963 22102 22103 22132 22131
23964 22073 22074 22103 22102
23965 20430 20431 22074 22073
23966 22161 22162 8538 8537
23967 22132 22133 22162 22161
23968 22103 22104 22133 22132
23969 22074 22075 22104 22103
23970 20431 20432 22075 22074
23971 22162 22163 8539 8538
23972 22133 22134 22163 22162
23973 22104 22105 22134 22133
23974 22075 22076 22105 22104
23975 20432 20433 22076 22075
23976 22163 22164 8540 8539
23977 22134 22135 22164 22163
23978 22105 22106 22135 22134
23979 22076 22077 22106 22105
23980 20433 20434 22077 22076
23981 22164 22165 8541 8540
23982 22135 22136 22165 22164
23983 22106 22107 22136 22135
23984 22077 22078 22107 22106
23985 20434 20435 22078 22077
23986 22165 22166 8542 8541
23987 22136 22137 22166 22165
23988 22107 22108 22137 22136
23989 22078 22079 22108 22107
23990 20435 20436 22079 22078
23991 22166 22167 8543 8542
23992 22137 22138 22167 22166
23993 22108 22109 22138 22137
23994 22079 22080 22109 22108
23995 20436 20437 22080 22079
23996 22167 21612 8529 8543
23997 22138 21613 21612 22167
23998 22109 21614 21613 22138
23999 22080 21615 21614 22109
24000 20437 20368 21615 22080
