      1200
14403 16737 16766 16806 16767
14406 16766 16765 16807 16806
14409 16765 16764 16808 16807
14412 16764 16763 16809 16808
14415 16763 16762 16810 16809
14418 16762 16761 16811 16810
14421 16761 16760 16812 16811
14424 16760 16759 16813 16812
14427 16759 16758 16814 16813
14430 16758 16757 16815 16814
14433 16757 16756 16816 16815
14436 16756 16755 16817 16816
14439 16755 16754 16818 16817
14442 16754 16753 16819 16818
14445 16753 16752 16820 16819
14448 16752 16751 16821 16820
14451 16751 16750 16822 16821
14454 16750 16749 16823 16822
14457 16749 16748 16824 16823
14460 16748 16747 16825 16824
14463 16747 16746 16826 16825
14466 16746 16745 16827 16826
14469 16745 16744 16828 16827
14472 16744 16743 16829 16828
14475 16743 16742 16830 16829
14478 16742 16741 16831 16830
14481 16741 16740 16832 16831
14484 16740 16739 16833 16832
14487 16739 16738 16834 16833
14490 16738 16527 16566 16834
14493 16767 16806 16835 16768
14496 16806 16807 16836 16835
14499 16807 16808 16837 16836
14502 16808 16809 16838 16837
14505 16809 16810 16839 16838
14508 16810 16811 16840 16839
14511 16811 16812 16841 16840
14514 16812 16813 16842 16841
14517 16813 16814 16843 16842
14520 16814 16815 16844 16843
14523 16815 16816 16845 16844
14526 16816 16817 16846 16845
14529 16817 16818 16847 16846
14532 16818 16819 16848 16847
14535 16819 16820 16849 16848
14538 16820 16821 16850 16849
14541 16821 16822 16851 16850
14544 16822 16823 16852 16851
14547 16823 16824 16853 16852
14550 16824 16825 16854 16853
14553 16825 16826 16855 16854
14556 16826 16827 16856 16855
14559 16827 16828 16857 16856
14562 16828 16829 16858 16857
14565 16829 16830 16859 16858
14568 16830 16831 16860 16859
14571 16831 16832 16861 16860
14574 16832 16833 16862 16861
14577 16833 16834 16863 16862
14580 16834 16566 16565 16863
14583 16768 16835 16864 16769
14586 16835 16836 16865 16864
14589 16836 16837 16866 16865
14592 16837 16838 16867 16866
14595 16838 16839 16868 16867
14598 16839 16840 16869 16868
14601 16840 16841 16870 16869
14604 16841 16842 16871 16870
14607 16842 16843 16872 16871
14610 16843 16844 16873 16872
14613 16844 16845 16874 16873
14616 16845 16846 16875 16874
14619 16846 16847 16876 16875
14622 16847 16848 16877 16876
14625 16848 16849 16878 16877
14628 16849 16850 16879 16878
14631 16850 16851 16880 16879
14634 16851 16852 16881 16880
14637 16852 16853 16882 16881
14640 16853 16854 16883 16882
14643 16854 16855 16884 16883
14646 16855 16856 16885 16884
14649 16856 16857 16886 16885
14652 16857 16858 16887 16886
14655 16858 16859 16888 16887
14658 16859 16860 16889 16888
14661 16860 16861 16890 16889
14664 16861 16862 16891 16890
14667 16862 16863 16892 16891
14670 16863 16565 16564 16892
14673 16769 16864 16893 16770
14676 16864 16865 16894 16893
14679 16865 16866 16895 16894
14682 16866 16867 16896 16895
14685 16867 16868 16897 16896
14688 16868 16869 16898 16897
14691 16869 16870 16899 16898
14694 16870 16871 16900 16899
14697 16871 16872 16901 16900
14700 16872 16873 16902 16901
14703 16873 16874 16903 16902
14706 16874 16875 16904 16903
14709 16875 16876 16905 16904
14712 16876 16877 16906 16905
14715 16877 16878 16907 16906
14718 16878 16879 16908 16907
14721 16879 16880 16909 16908
14724 16880 16881 16910 16909
14727 16881 16882 16911 16910
14730 16882 16883 16912 16911
14733 16883 16884 16913 16912
14736 16884 16885 16914 16913
14739 16885 16886 16915 16914
14742 16886 16887 16916 16915
14745 16887 16888 16917 16916
14748 16888 16889 16918 16917
14751 16889 16890 16919 16918
14754 16890 16891 16920 16919
14757 16891 16892 16921 16920
14760 16892 16564 16563 16921
14763 16770 16893 16922 16771
14766 16893 16894 16923 16922
14769 16894 16895 16924 16923
14772 16895 16896 16925 16924
14775 16896 16897 16926 16925
14778 16897 16898 16927 16926
14781 16898 16899 16928 16927
14784 16899 16900 16929 16928
14787 16900 16901 16930 16929
14790 16901 16902 16931 16930
14793 16902 16903 16932 16931
14796 16903 16904 16933 16932
14799 16904 16905 16934 16933
14802 16905 16906 16935 16934
14805 16906 16907 16936 16935
14808 16907 16908 16937 16936
14811 16908 16909 16938 16937
14814 16909 16910 16939 16938
14817 16910 16911 16940 16939
14820 16911 16912 16941 16940
14823 16912 16913 16942 16941
14826 16913 16914 16943 16942
14829 16914 16915 16944 16943
14832 16915 16916 16945 16944
14835 16916 16917 16946 16945
14838 16917 16918 16947 16946
14841 16918 16919 16948 16947
14844 16919 16920 16949 16948
14847 16920 16921 16950 16949
14850 16921 16563 16562 16950
14853 16771 16922 16951 16772
14856 16922 16923 16952 16951
14859 16923 16924 16953 16952
14862 16924 16925 16954 16953
14865 16925 16926 16955 16954
14868 16926 16927 16956 16955
14871 16927 16928 16957 16956
14874 16928 16929 16958 16957
14877 16929 16930 16959 16958
14880 16930 16931 16960 16959
14883 16931 16932 16961 16960
14886 16932 16933 16962 16961
14889 16933 16934 16963 16962
14892 16934 16935 16964 16963
14895 16935 16936 16965 16964
14898 16936 16937 16966 16965
14901 16937 16938 16967 16966
14904 16938 16939 16968 16967
14907 16939 16940 16969 16968
14910 16940 16941 16970 16969
14913 16941 16942 16971 16970
14916 16942 16943 16972 16971
14919 16943 16944 16973 16972
14922 16944 16945 16974 16973
14925 16945 16946 16975 16974
14928 16946 16947 16976 16975
14931 16947 16948 16977 16976
14934 16948 16949 16978 16977
14937 16949 16950 16979 16978
14940 16950 16562 16561 16979
14943 16772 16951 16980 16773
14946 16951 16952 16981 16980
14949 16952 16953 16982 16981
14952 16953 16954 16983 16982
14955 16954 16955 16984 16983
14958 16955 16956 16985 16984
14961 16956 16957 16986 16985
14964 16957 16958 16987 16986
14967 16958 16959 16988 16987
14970 16959 16960 16989 16988
14973 16960 16961 16990 16989
14976 16961 16962 16991 16990
14979 16962 16963 16992 16991
14982 16963 16964 16993 16992
14985 16964 16965 16994 16993
14988 16965 16966 16995 16994
14991 16966 16967 16996 16995
14994 16967 16968 16997 16996
14997 16968 16969 16998 16997
15000 16969 16970 16999 16998
15003 16970 16971 17000 16999
15006 16971 16972 17001 17000
15009 16972 16973 17002 17001
15012 16973 16974 17003 17002
15015 16974 16975 17004 17003
15018 16975 16976 17005 17004
15021 16976 16977 17006 17005
15024 16977 16978 17007 17006
15027 16978 16979 17008 17007
15030 16979 16561 16560 17008
15033 16773 16980 17009 16774
15036 16980 16981 17010 17009
15039 16981 16982 17011 17010
15042 16982 16983 17012 17011
15045 16983 16984 17013 17012
15048 16984 16985 17014 17013
15051 16985 16986 17015 17014
15054 16986 16987 17016 17015
15057 16987 16988 17017 17016
15060 16988 16989 17018 17017
15063 16989 16990 17019 17018
15066 16990 16991 17020 17019
15069 16991 16992 17021 17020
15072 16992 16993 17022 17021
15075 16993 16994 17023 17022
15078 16994 16995 17024 17023
15081 16995 16996 17025 17024
15084 16996 16997 17026 17025
15087 16997 16998 17027 17026
15090 16998 16999 17028 17027
15093 16999 17000 17029 17028
15096 17000 17001 17030 17029
15099 17001 17002 17031 17030
15102 17002 17003 17032 17031
15105 17003 17004 17033 17032
15108 17004 17005 17034 17033
15111 17005 17006 17035 17034
15114 17006 17007 17036 17035
15117 17007 17008 17037 17036
15120 17008 16560 16559 17037
15123 16774 17009 17038 16775
15126 17009 17010 17039 17038
15129 17010 17011 17040 17039
15132 17011 17012 17041 17040
15135 17012 17013 17042 17041
15138 17013 17014 17043 17042
15141 17014 17015 17044 17043
15144 17015 17016 17045 17044
15147 17016 17017 17046 17045
15150 17017 17018 17047 17046
15153 17018 17019 17048 17047
15156 17019 17020 17049 17048
15159 17020 17021 17050 17049
15162 17021 17022 17051 17050
15165 17022 17023 17052 17051
15168 17023 17024 17053 17052
15171 17024 17025 17054 17053
15174 17025 17026 17055 17054
15177 17026 17027 17056 17055
15180 17027 17028 17057 17056
15183 17028 17029 17058 17057
15186 17029 17030 17059 17058
15189 17030 17031 17060 17059
15192 17031 17032 17061 17060
15195 17032 17033 17062 17061
15198 17033 17034 17063 17062
15201 17034 17035 17064 17063
15204 17035 17036 17065 17064
15207 17036 17037 17066 17065
15210 17037 16559 16558 17066
15213 16775 17038 17067 16776
15216 17038 17039 17068 17067
15219 17039 17040 17069 17068
15222 17040 17041 17070 17069
15225 17041 17042 17071 17070
15228 17042 17043 17072 17071
15231 17043 17044 17073 17072
15234 17044 17045 17074 17073
15237 17045 17046 17075 17074
15240 17046 17047 17076 17075
15243 17047 17048 17077 17076
15246 17048 17049 17078 17077
15249 17049 17050 17079 17078
15252 17050 17051 17080 17079
15255 17051 17052 17081 17080
15258 17052 17053 17082 17081
15261 17053 17054 17083 17082
15264 17054 17055 17084 17083
15267 17055 17056 17085 17084
15270 17056 17057 17086 17085
15273 17057 17058 17087 17086
15276 17058 17059 17088 17087
15279 17059 17060 17089 17088
15282 17060 17061 17090 17089
15285 17061 17062 17091 17090
15288 17062 17063 17092 17091
15291 17063 17064 17093 17092
15294 17064 17065 17094 17093
15297 17065 17066 17095 17094
15300 17066 16558 16557 17095
15303 16776 17067 17096 16777
15306 17067 17068 17097 17096
15309 17068 17069 17098 17097
15312 17069 17070 17099 17098
15315 17070 17071 17100 17099
15318 17071 17072 17101 17100
15321 17072 17073 17102 17101
15324 17073 17074 17103 17102
15327 17074 17075 17104 17103
15330 17075 17076 17105 17104
15333 17076 17077 17106 17105
15336 17077 17078 17107 17106
15339 17078 17079 17108 17107
15342 17079 17080 17109 17108
15345 17080 17081 17110 17109
15348 17081 17082 17111 17110
15351 17082 17083 17112 17111
15354 17083 17084 17113 17112
15357 17084 17085 17114 17113
15360 17085 17086 17115 17114
15363 17086 17087 17116 17115
15366 17087 17088 17117 17116
15369 17088 17089 17118 17117
15372 17089 17090 17119 17118
15375 17090 17091 17120 17119
15378 17091 17092 17121 17120
15381 17092 17093 17122 17121
15384 17093 17094 17123 17122
15387 17094 17095 17124 17123
15390 17095 16557 16556 17124
15393 16777 17096 17125 16778
15396 17096 17097 17126 17125
15399 17097 17098 17127 17126
15402 17098 17099 17128 17127
15405 17099 17100 17129 17128
15408 17100 17101 17130 17129
15411 17101 17102 17131 17130
15414 17102 17103 17132 17131
15417 17103 17104 17133 17132
15420 17104 17105 17134 17133
15423 17105 17106 17135 17134
15426 17106 17107 17136 17135
15429 17107 17108 17137 17136
15432 17108 17109 17138 17137
15435 17109 17110 17139 17138
15438 17110 17111 17140 17139
15441 17111 17112 17141 17140
15444 17112 17113 17142 17141
15447 17113 17114 17143 17142
15450 17114 17115 17144 17143
15453 17115 17116 17145 17144
15456 17116 17117 17146 17145
15459 17117 17118 17147 17146
15462 17118 17119 17148 17147
15465 17119 17120 17149 17148
15468 17120 17121 17150 17149
15471 17121 17122 17151 17150
15474 17122 17123 17152 17151
15477 17123 17124 17153 17152
15480 17124 16556 16555 17153
15483 16778 17125 17154 16779
15486 17125 17126 17155 17154
15489 17126 17127 17156 17155
15492 17127 17128 17157 17156
15495 17128 17129 17158 17157
15498 17129 17130 17159 17158
15501 17130 17131 17160 17159
15504 17131 17132 17161 17160
15507 17132 17133 17162 17161
15510 17133 17134 17163 17162
15513 17134 17135 17164 17163
15516 17135 17136 17165 17164
15519 17136 17137 17166 17165
15522 17137 17138 17167 17166
15525 17138 17139 17168 17167
15528 17139 17140 17169 17168
15531 17140 17141 17170 17169
15534 17141 17142 17171 17170
15537 17142 17143 17172 17171
15540 17143 17144 17173 17172
15543 17144 17145 17174 17173
15546 17145 17146 17175 17174
15549 17146 17147 17176 17175
15552 17147 17148 17177 17176
15555 17148 17149 17178 17177
15558 17149 17150 17179 17178
15561 17150 17151 17180 17179
15564 17151 17152 17181 17180
15567 17152 17153 17182 17181
15570 17153 16555 16554 17182
15573 16779 17154 17183 16780
15576 17154 17155 17184 17183
15579 17155 17156 17185 17184
15582 17156 17157 17186 17185
15585 17157 17158 17187 17186
15588 17158 17159 17188 17187
15591 17159 17160 17189 17188
15594 17160 17161 17190 17189
15597 17161 17162 17191 17190
15600 17162 17163 17192 17191
15603 17163 17164 17193 17192
15606 17164 17165 17194 17193
15609 17165 17166 17195 17194
15612 17166 17167 17196 17195
15615 17167 17168 17197 17196
15618 17168 17169 17198 17197
15621 17169 17170 17199 17198
15624 17170 17171 17200 17199
15627 17171 17172 17201 17200
15630 17172 17173 17202 17201
15633 17173 17174 17203 17202
15636 17174 17175 17204 17203
15639 17175 17176 17205 17204
15642 17176 17177 17206 17205
15645 17177 17178 17207 17206
15648 17178 17179 17208 17207
15651 17179 17180 17209 17208
15654 17180 17181 17210 17209
15657 17181 17182 17211 17210
15660 17182 16554 16553 17211
15663 16780 17183 17212 16781
15666 17183 17184 17213 17212
15669 17184 17185 17214 17213
15672 17185 17186 17215 17214
15675 17186 17187 17216 17215
15678 17187 17188 17217 17216
15681 17188 17189 17218 17217
15684 17189 17190 17219 17218
15687 17190 17191 17220 17219
15690 17191 17192 17221 17220
15693 17192 17193 17222 17221
15696 17193 17194 17223 17222
15699 17194 17195 17224 17223
15702 17195 17196 17225 17224
15705 17196 17197 17226 17225
15708 17197 17198 17227 17226
15711 17198 17199 17228 17227
15714 17199 17200 17229 17228
15717 17200 17201 17230 17229
15720 17201 17202 17231 17230
15723 17202 17203 17232 17231
15726 17203 17204 17233 17232
15729 17204 17205 17234 17233
15732 17205 17206 17235 17234
15735 17206 17207 17236 17235
15738 17207 17208 17237 17236
15741 17208 17209 17238 17237
15744 17209 17210 17239 17238
15747 17210 17211 17240 17239
15750 17211 16553 16552 17240
15753 16781 17212 17241 16782
15756 17212 17213 17242 17241
15759 17213 17214 17243 17242
15762 17214 17215 17244 17243
15765 17215 17216 17245 17244
15768 17216 17217 17246 17245
15771 17217 17218 17247 17246
15774 17218 17219 17248 17247
15777 17219 17220 17249 17248
15780 17220 17221 17250 17249
15783 17221 17222 17251 17250
15786 17222 17223 17252 17251
15789 17223 17224 17253 17252
15792 17224 17225 17254 17253
15795 17225 17226 17255 17254
15798 17226 17227 17256 17255
15801 17227 17228 17257 17256
15804 17228 17229 17258 17257
15807 17229 17230 17259 17258
15810 17230 17231 17260 17259
15813 17231 17232 17261 17260
15816 17232 17233 17262 17261
15819 17233 17234 17263 17262
15822 17234 17235 17264 17263
15825 17235 17236 17265 17264
15828 17236 17237 17266 17265
15831 17237 17238 17267 17266
15834 17238 17239 17268 17267
15837 17239 17240 17269 17268
15840 17240 16552 16551 17269
15843 16782 17241 17270 16783
15846 17241 17242 17271 17270
15849 17242 17243 17272 17271
15852 17243 17244 17273 17272
15855 17244 17245 17274 17273
15858 17245 17246 17275 17274
15861 17246 17247 17276 17275
15864 17247 17248 17277 17276
15867 17248 17249 17278 17277
15870 17249 17250 17279 17278
15873 17250 17251 17280 17279
15876 17251 17252 17281 17280
15879 17252 17253 17282 17281
15882 17253 17254 17283 17282
15885 17254 17255 17284 17283
15888 17255 17256 17285 17284
15891 17256 17257 17286 17285
15894 17257 17258 17287 17286
15897 17258 17259 17288 17287
15900 17259 17260 17289 17288
15903 17260 17261 17290 17289
15906 17261 17262 17291 17290
15909 17262 17263 17292 17291
15912 17263 17264 17293 17292
15915 17264 17265 17294 17293
15918 17265 17266 17295 17294
15921 17266 17267 17296 17295
15924 17267 17268 17297 17296
15927 17268 17269 17298 17297
15930 17269 16551 16550 17298
15933 16783 17270 17299 16784
15936 17270 17271 17300 17299
15939 17271 17272 17301 17300
15942 17272 17273 17302 17301
15945 17273 17274 17303 17302
15948 17274 17275 17304 17303
15951 17275 17276 17305 17304
15954 17276 17277 17306 17305
15957 17277 17278 17307 17306
15960 17278 17279 17308 17307
15963 17279 17280 17309 17308
15966 17280 17281 17310 17309
15969 17281 17282 17311 17310
15972 17282 17283 17312 17311
15975 17283 17284 17313 17312
15978 17284 17285 17314 17313
15981 17285 17286 17315 17314
15984 17286 17287 17316 17315
15987 17287 17288 17317 17316
15990 17288 17289 17318 17317
15993 17289 17290 17319 17318
15996 17290 17291 17320 17319
15999 17291 17292 17321 17320
16002 17292 17293 17322 17321
16005 17293 17294 17323 17322
16008 17294 17295 17324 17323
16011 17295 17296 17325 17324
16014 17296 17297 17326 17325
16017 17297 17298 17327 17326
16020 17298 16550 16549 17327
16023 16784 17299 17328 16785
16026 17299 17300 17329 17328
16029 17300 17301 17330 17329
16032 17301 17302 17331 17330
16035 17302 17303 17332 17331
16038 17303 17304 17333 17332
16041 17304 17305 17334 17333
16044 17305 17306 17335 17334
16047 17306 17307 17336 17335
16050 17307 17308 17337 17336
16053 17308 17309 17338 17337
16056 17309 17310 17339 17338
16059 17310 17311 17340 17339
16062 17311 17312 17341 17340
16065 17312 17313 17342 17341
16068 17313 17314 17343 17342
16071 17314 17315 17344 17343
16074 17315 17316 17345 17344
16077 17316 17317 17346 17345
16080 17317 17318 17347 17346
16083 17318 17319 17348 17347
16086 17319 17320 17349 17348
16089 17320 17321 17350 17349
16092 17321 17322 17351 17350
16095 17322 17323 17352 17351
16098 17323 17324 17353 17352
16101 17324 17325 17354 17353
16104 17325 17326 17355 17354
16107 17326 17327 17356 17355
16110 17327 16549 16548 17356
16113 16785 17328 17357 16786
16116 17328 17329 17358 17357
16119 17329 17330 17359 17358
16122 17330 17331 17360 17359
16125 17331 17332 17361 17360
16128 17332 17333 17362 17361
16131 17333 17334 17363 17362
16134 17334 17335 17364 17363
16137 17335 17336 17365 17364
16140 17336 17337 17366 17365
16143 17337 17338 17367 17366
16146 17338 17339 17368 17367
16149 17339 17340 17369 17368
16152 17340 17341 17370 17369
16155 17341 17342 17371 17370
16158 17342 17343 17372 17371
16161 17343 17344 17373 17372
16164 17344 17345 17374 17373
16167 17345 17346 17375 17374
16170 17346 17347 17376 17375
16173 17347 17348 17377 17376
16176 17348 17349 17378 17377
16179 17349 17350 17379 17378
16182 17350 17351 17380 17379
16185 17351 17352 17381 17380
16188 17352 17353 17382 17381
16191 17353 17354 17383 17382
16194 17354 17355 17384 17383
16197 17355 17356 17385 17384
16200 17356 16548 16547 17385
16203 16786 17357 17386 16787
16206 17357 17358 17387 17386
16209 17358 17359 17388 17387
16212 17359 17360 17389 17388
16215 17360 17361 17390 17389
16218 17361 17362 17391 17390
16221 17362 17363 17392 17391
16224 17363 17364 17393 17392
16227 17364 17365 17394 17393
16230 17365 17366 17395 17394
16233 17366 17367 17396 17395
16236 17367 17368 17397 17396
16239 17368 17369 17398 17397
16242 17369 17370 17399 17398
16245 17370 17371 17400 17399
16248 17371 17372 17401 17400
16251 17372 17373 17402 17401
16254 17373 17374 17403 17402
16257 17374 17375 17404 17403
16260 17375 17376 17405 17404
16263 17376 17377 17406 17405
16266 17377 17378 17407 17406
16269 17378 17379 17408 17407
16272 17379 17380 17409 17408
16275 17380 17381 17410 17409
16278 17381 17382 17411 17410
16281 17382 17383 17412 17411
16284 17383 17384 17413 17412
16287 17384 17385 17414 17413
16290 17385 16547 16546 17414
16293 16787 17386 17415 16788
16296 17386 17387 17416 17415
16299 17387 17388 17417 17416
16302 17388 17389 17418 17417
16305 17389 17390 17419 17418
16308 17390 17391 17420 17419
16311 17391 17392 17421 17420
16314 17392 17393 17422 17421
16317 17393 17394 17423 17422
16320 17394 17395 17424 17423
16323 17395 17396 17425 17424
16326 17396 17397 17426 17425
16329 17397 17398 17427 17426
16332 17398 17399 17428 17427
16335 17399 17400 17429 17428
16338 17400 17401 17430 17429
16341 17401 17402 17431 17430
16344 17402 17403 17432 17431
16347 17403 17404 17433 17432
16350 17404 17405 17434 17433
16353 17405 17406 17435 17434
16356 17406 17407 17436 17435
16359 17407 17408 17437 17436
16362 17408 17409 17438 17437
16365 17409 17410 17439 17438
16368 17410 17411 17440 17439
16371 17411 17412 17441 17440
16374 17412 17413 17442 17441
16377 17413 17414 17443 17442
16380 17414 16546 16545 17443
16383 16788 17415 17444 16789
16386 17415 17416 17445 17444
16389 17416 17417 17446 17445
16392 17417 17418 17447 17446
16395 17418 17419 17448 17447
16398 17419 17420 17449 17448
16401 17420 17421 17450 17449
16404 17421 17422 17451 17450
16407 17422 17423 17452 17451
16410 17423 17424 17453 17452
16413 17424 17425 17454 17453
16416 17425 17426 17455 17454
16419 17426 17427 17456 17455
16422 17427 17428 17457 17456
16425 17428 17429 17458 17457
16428 17429 17430 17459 17458
16431 17430 17431 17460 17459
16434 17431 17432 17461 17460
16437 17432 17433 17462 17461
16440 17433 17434 17463 17462
16443 17434 17435 17464 17463
16446 17435 17436 17465 17464
16449 17436 17437 17466 17465
16452 17437 17438 17467 17466
16455 17438 17439 17468 17467
16458 17439 17440 17469 17468
16461 17440 17441 17470 17469
16464 17441 17442 17471 17470
16467 17442 17443 17472 17471
16470 17443 16545 16544 17472
16473 16789 17444 17473 16790
16476 17444 17445 17474 17473
16479 17445 17446 17475 17474
16482 17446 17447 17476 17475
16485 17447 17448 17477 17476
16488 17448 17449 17478 17477
16491 17449 17450 17479 17478
16494 17450 17451 17480 17479
16497 17451 17452 17481 17480
16500 17452 17453 17482 17481
16503 17453 17454 17483 17482
16506 17454 17455 17484 17483
16509 17455 17456 17485 17484
16512 17456 17457 17486 17485
16515 17457 17458 17487 17486
16518 17458 17459 17488 17487
16521 17459 17460 17489 17488
16524 17460 17461 17490 17489
16527 17461 17462 17491 17490
16530 17462 17463 17492 17491
16533 17463 17464 17493 17492
16536 17464 17465 17494 17493
16539 17465 17466 17495 17494
16542 17466 17467 17496 17495
16545 17467 17468 17497 17496
16548 17468 17469 17498 17497
16551 17469 17470 17499 17498
16554 17470 17471 17500 17499
16557 17471 17472 17501 17500
16560 17472 16544 16543 17501
16563 16790 17473 17502 16791
16566 17473 17474 17503 17502
16569 17474 17475 17504 17503
16572 17475 17476 17505 17504
16575 17476 17477 17506 17505
16578 17477 17478 17507 17506
16581 17478 17479 17508 17507
16584 17479 17480 17509 17508
16587 17480 17481 17510 17509
16590 17481 17482 17511 17510
16593 17482 17483 17512 17511
16596 17483 17484 17513 17512
16599 17484 17485 17514 17513
16602 17485 17486 17515 17514
16605 17486 17487 17516 17515
16608 17487 17488 17517 17516
16611 17488 17489 17518 17517
16614 17489 17490 17519 17518
16617 17490 17491 17520 17519
16620 17491 17492 17521 17520
16623 17492 17493 17522 17521
16626 17493 17494 17523 17522
16629 17494 17495 17524 17523
16632 17495 17496 17525 17524
16635 17496 17497 17526 17525
16638 17497 17498 17527 17526
16641 17498 17499 17528 17527
16644 17499 17500 17529 17528
16647 17500 17501 17530 17529
16650 17501 16543 16542 17530
16653 16791 17502 17531 16792
16656 17502 17503 17532 17531
16659 17503 17504 17533 17532
16662 17504 17505 17534 17533
16665 17505 17506 17535 17534
16668 17506 17507 17536 17535
16671 17507 17508 17537 17536
16674 17508 17509 17538 17537
16677 17509 17510 17539 17538
16680 17510 17511 17540 17539
16683 17511 17512 17541 17540
16686 17512 17513 17542 17541
16689 17513 17514 17543 17542
16692 17514 17515 17544 17543
16695 17515 17516 17545 17544
16698 17516 17517 17546 17545
16701 17517 17518 17547 17546
16704 17518 17519 17548 17547
16707 17519 17520 17549 17548
16710 17520 17521 17550 17549
16713 17521 17522 17551 17550
16716 17522 17523 17552 17551
16719 17523 17524 17553 17552
16722 17524 17525 17554 17553
16725 17525 17526 17555 17554
16728 17526 17527 17556 17555
16731 17527 17528 17557 17556
16734 17528 17529 17558 17557
16737 17529 17530 17559 17558
16740 17530 16542 16541 17559
16743 16792 17531 17560 16793
16746 17531 17532 17561 17560
16749 17532 17533 17562 17561
16752 17533 17534 17563 17562
16755 17534 17535 17564 17563
16758 17535 17536 17565 17564
16761 17536 17537 17566 17565
16764 17537 17538 17567 17566
16767 17538 17539 17568 17567
16770 17539 17540 17569 17568
16773 17540 17541 17570 17569
16776 17541 17542 17571 17570
16779 17542 17543 17572 17571
16782 17543 17544 17573 17572
16785 17544 17545 17574 17573
16788 17545 17546 17575 17574
16791 17546 17547 17576 17575
16794 17547 17548 17577 17576
16797 17548 17549 17578 17577
16800 17549 17550 17579 17578
16803 17550 17551 17580 17579
16806 17551 17552 17581 17580
16809 17552 17553 17582 17581
16812 17553 17554 17583 17582
16815 17554 17555 17584 17583
16818 17555 17556 17585 17584
16821 17556 17557 17586 17585
16824 17557 17558 17587 17586
16827 17558 17559 17588 17587
16830 17559 16541 16540 17588
16833 16793 17560 17589 16794
16836 17560 17561 17590 17589
16839 17561 17562 17591 17590
16842 17562 17563 17592 17591
16845 17563 17564 17593 17592
16848 17564 17565 17594 17593
16851 17565 17566 17595 17594
16854 17566 17567 17596 17595
16857 17567 17568 17597 17596
16860 17568 17569 17598 17597
16863 17569 17570 17599 17598
16866 17570 17571 17600 17599
16869 17571 17572 17601 17600
16872 17572 17573 17602 17601
16875 17573 17574 17603 17602
16878 17574 17575 17604 17603
16881 17575 17576 17605 17604
16884 17576 17577 17606 17605
16887 17577 17578 17607 17606
16890 17578 17579 17608 17607
16893 17579 17580 17609 17608
16896 17580 17581 17610 17609
16899 17581 17582 17611 17610
16902 17582 17583 17612 17611
16905 17583 17584 17613 17612
16908 17584 17585 17614 17613
16911 17585 17586 17615 17614
16914 17586 17587 17616 17615
16917 17587 17588 17617 17616
16920 17588 16540 16539 17617
16923 16794 17589 17618 16795
16926 17589 17590 17619 17618
16929 17590 17591 17620 17619
16932 17591 17592 17621 17620
16935 17592 17593 17622 17621
16938 17593 17594 17623 17622
16941 17594 17595 17624 17623
16944 17595 17596 17625 17624
16947 17596 17597 17626 17625
16950 17597 17598 17627 17626
16953 17598 17599 17628 17627
16956 17599 17600 17629 17628
16959 17600 17601 17630 17629
16962 17601 17602 17631 17630
16965 17602 17603 17632 17631
16968 17603 17604 17633 17632
16971 17604 17605 17634 17633
16974 17605 17606 17635 17634
16977 17606 17607 17636 17635
16980 17607 17608 17637 17636
16983 17608 17609 17638 17637
16986 17609 17610 17639 17638
16989 17610 17611 17640 17639
16992 17611 17612 17641 17640
16995 17612 17613 17642 17641
16998 17613 17614 17643 17642
17001 17614 17615 17644 17643
17004 17615 17616 17645 17644
17007 17616 17617 17646 17645
17010 17617 16539 16538 17646
17013 16795 17618 17647 16796
17016 17618 17619 17648 17647
17019 17619 17620 17649 17648
17022 17620 17621 17650 17649
17025 17621 17622 17651 17650
17028 17622 17623 17652 17651
17031 17623 17624 17653 17652
17034 17624 17625 17654 17653
17037 17625 17626 17655 17654
17040 17626 17627 17656 17655
17043 17627 17628 17657 17656
17046 17628 17629 17658 17657
17049 17629 17630 17659 17658
17052 17630 17631 17660 17659
17055 17631 17632 17661 17660
17058 17632 17633 17662 17661
17061 17633 17634 17663 17662
17064 17634 17635 17664 17663
17067 17635 17636 17665 17664
17070 17636 17637 17666 17665
17073 17637 17638 17667 17666
17076 17638 17639 17668 17667
17079 17639 17640 17669 17668
17082 17640 17641 17670 17669
17085 17641 17642 17671 17670
17088 17642 17643 17672 17671
17091 17643 17644 17673 17672
17094 17644 17645 17674 17673
17097 17645 17646 17675 17674
17100 17646 16538 16537 17675
17103 16796 17647 17676 16797
17106 17647 17648 17677 17676
17109 17648 17649 17678 17677
17112 17649 17650 17679 17678
17115 17650 17651 17680 17679
17118 17651 17652 17681 17680
17121 17652 17653 17682 17681
17124 17653 17654 17683 17682
17127 17654 17655 17684 17683
17130 17655 17656 17685 17684
17133 17656 17657 17686 17685
17136 17657 17658 17687 17686
17139 17658 17659 17688 17687
17142 17659 17660 17689 17688
17145 17660 17661 17690 17689
17148 17661 17662 17691 17690
17151 17662 17663 17692 17691
17154 17663 17664 17693 17692
17157 17664 17665 17694 17693
17160 17665 17666 17695 17694
17163 17666 17667 17696 17695
17166 17667 17668 17697 17696
17169 17668 17669 17698 17697
17172 17669 17670 17699 17698
17175 17670 17671 17700 17699
17178 17671 17672 17701 17700
17181 17672 17673 17702 17701
17184 17673 17674 17703 17702
17187 17674 17675 17704 17703
17190 17675 16537 16536 17704
17193 16797 17676 17705 16798
17196 17676 17677 17706 17705
17199 17677 17678 17707 17706
17202 17678 17679 17708 17707
17205 17679 17680 17709 17708
17208 17680 17681 17710 17709
17211 17681 17682 17711 17710
17214 17682 17683 17712 17711
17217 17683 17684 17713 17712
17220 17684 17685 17714 17713
17223 17685 17686 17715 17714
17226 17686 17687 17716 17715
17229 17687 17688 17717 17716
17232 17688 17689 17718 17717
17235 17689 17690 17719 17718
17238 17690 17691 17720 17719
17241 17691 17692 17721 17720
17244 17692 17693 17722 17721
17247 17693 17694 17723 17722
17250 17694 17695 17724 17723
17253 17695 17696 17725 17724
17256 17696 17697 17726 17725
17259 17697 17698 17727 17726
17262 17698 17699 17728 17727
17265 17699 17700 17729 17728
17268 17700 17701 17730 17729
17271 17701 17702 17731 17730
17274 17702 17703 17732 17731
17277 17703 17704 17733 17732
17280 17704 16536 16535 17733
17283 16798 17705 17734 16799
17286 17705 17706 17735 17734
17289 17706 17707 17736 17735
17292 17707 17708 17737 17736
17295 17708 17709 17738 17737
17298 17709 17710 17739 17738
17301 17710 17711 17740 17739
17304 17711 17712 17741 17740
17307 17712 17713 17742 17741
17310 17713 17714 17743 17742
17313 17714 17715 17744 17743
17316 17715 17716 17745 17744
17319 17716 17717 17746 17745
17322 17717 17718 17747 17746
17325 17718 17719 17748 17747
17328 17719 17720 17749 17748
17331 17720 17721 17750 17749
17334 17721 17722 17751 17750
17337 17722 17723 17752 17751
17340 17723 17724 17753 17752
17343 17724 17725 17754 17753
17346 17725 17726 17755 17754
17349 17726 17727 17756 17755
17352 17727 17728 17757 17756
17355 17728 17729 17758 17757
17358 17729 17730 17759 17758
17361 17730 17731 17760 17759
17364 17731 17732 17761 17760
17367 17732 17733 17762 17761
17370 17733 16535 16534 17762
17373 16799 17734 17763 16800
17376 17734 17735 17764 17763
17379 17735 17736 17765 17764
17382 17736 17737 17766 17765
17385 17737 17738 17767 17766
17388 17738 17739 17768 17767
17391 17739 17740 17769 17768
17394 17740 17741 17770 17769
17397 17741 17742 17771 17770
17400 17742 17743 17772 17771
17403 17743 17744 17773 17772
17406 17744 17745 17774 17773
17409 17745 17746 17775 17774
17412 17746 17747 17776 17775
17415 17747 17748 17777 17776
17418 17748 17749 17778 17777
17421 17749 17750 17779 17778
17424 17750 17751 17780 17779
17427 17751 17752 17781 17780
17430 17752 17753 17782 17781
17433 17753 17754 17783 17782
17436 17754 17755 17784 17783
17439 17755 17756 17785 17784
17442 17756 17757 17786 17785
17445 17757 17758 17787 17786
17448 17758 17759 17788 17787
17451 17759 17760 17789 17788
17454 17760 17761 17790 17789
17457 17761 17762 17791 17790
17460 17762 16534 16533 17791
17463 16800 17763 17792 16801
17466 17763 17764 17793 17792
17469 17764 17765 17794 17793
17472 17765 17766 17795 17794
17475 17766 17767 17796 17795
17478 17767 17768 17797 17796
17481 17768 17769 17798 17797
17484 17769 17770 17799 17798
17487 17770 17771 17800 17799
17490 17771 17772 17801 17800
17493 17772 17773 17802 17801
17496 17773 17774 17803 17802
17499 17774 17775 17804 17803
17502 17775 17776 17805 17804
17505 17776 17777 17806 17805
17508 17777 17778 17807 17806
17511 17778 17779 17808 17807
17514 17779 17780 17809 17808
17517 17780 17781 17810 17809
17520 17781 17782 17811 17810
17523 17782 17783 17812 17811
17526 17783 17784 17813 17812
17529 17784 17785 17814 17813
17532 17785 17786 17815 17814
17535 17786 17787 17816 17815
17538 17787 17788 17817 17816
17541 17788 17789 17818 17817
17544 17789 17790 17819 17818
17547 17790 17791 17820 17819
17550 17791 16533 16532 17820
17553 16801 17792 17821 16802
17556 17792 17793 17822 17821
17559 17793 17794 17823 17822
17562 17794 17795 17824 17823
17565 17795 17796 17825 17824
17568 17796 17797 17826 17825
17571 17797 17798 17827 17826
17574 17798 17799 17828 17827
17577 17799 17800 17829 17828
17580 17800 17801 17830 17829
17583 17801 17802 17831 17830
17586 17802 17803 17832 17831
17589 17803 17804 17833 17832
17592 17804 17805 17834 17833
17595 17805 17806 17835 17834
17598 17806 17807 17836 17835
17601 17807 17808 17837 17836
17604 17808 17809 17838 17837
17607 17809 17810 17839 17838
17610 17810 17811 17840 17839
17613 17811 17812 17841 17840
17616 17812 17813 17842 17841
17619 17813 17814 17843 17842
17622 17814 17815 17844 17843
17625 17815 17816 17845 17844
17628 17816 17817 17846 17845
17631 17817 17818 17847 17846
17634 17818 17819 17848 17847
17637 17819 17820 17849 17848
17640 17820 16532 16531 17849
17643 16802 17821 17850 16803
17646 17821 17822 17851 17850
17649 17822 17823 17852 17851
17652 17823 17824 17853 17852
17655 17824 17825 17854 17853
17658 17825 17826 17855 17854
17661 17826 17827 17856 17855
17664 17827 17828 17857 17856
17667 17828 17829 17858 17857
17670 17829 17830 17859 17858
17673 17830 17831 17860 17859
17676 17831 17832 17861 17860
17679 17832 17833 17862 17861
17682 17833 17834 17863 17862
17685 17834 17835 17864 17863
17688 17835 17836 17865 17864
17691 17836 17837 17866 17865
17694 17837 17838 17867 17866
17697 17838 17839 17868 17867
17700 17839 17840 17869 17868
17703 17840 17841 17870 17869
17706 17841 17842 17871 17870
17709 17842 17843 17872 17871
17712 17843 17844 17873 17872
17715 17844 17845 17874 17873
17718 17845 17846 17875 17874
17721 17846 17847 17876 17875
17724 17847 17848 17877 17876
17727 17848 17849 17878 17877
17730 17849 16531 16530 17878
17733 16803 17850 17879 16804
17736 17850 17851 17880 17879
17739 17851 17852 17881 17880
17742 17852 17853 17882 17881
17745 17853 17854 17883 17882
17748 17854 17855 17884 17883
17751 17855 17856 17885 17884
17754 17856 17857 17886 17885
17757 17857 17858 17887 17886
17760 17858 17859 17888 17887
17763 17859 17860 17889 17888
17766 17860 17861 17890 17889
17769 17861 17862 17891 17890
17772 17862 17863 17892 17891
17775 17863 17864 17893 17892
17778 17864 17865 17894 17893
17781 17865 17866 17895 17894
17784 17866 17867 17896 17895
17787 17867 17868 17897 17896
17790 17868 17869 17898 17897
17793 17869 17870 17899 17898
17796 17870 17871 17900 17899
17799 17871 17872 17901 17900
17802 17872 17873 17902 17901
17805 17873 17874 17903 17902
17808 17874 17875 17904 17903
17811 17875 17876 17905 17904
17814 17876 17877 17906 17905
17817 17877 17878 17907 17906
17820 17878 16530 16529 17907
17823 16804 17879 17908 16805
17826 17879 17880 17909 17908
17829 17880 17881 17910 17909
17832 17881 17882 17911 17910
17835 17882 17883 17912 17911
17838 17883 17884 17913 17912
17841 17884 17885 17914 17913
17844 17885 17886 17915 17914
17847 17886 17887 17916 17915
17850 17887 17888 17917 17916
17853 17888 17889 17918 17917
17856 17889 17890 17919 17918
17859 17890 17891 17920 17919
17862 17891 17892 17921 17920
17865 17892 17893 17922 17921
17868 17893 17894 17923 17922
17871 17894 17895 17924 17923
17874 17895 17896 17925 17924
17877 17896 17897 17926 17925
17880 17897 17898 17927 17926
17883 17898 17899 17928 17927
17886 17899 17900 17929 17928
17889 17900 17901 17930 17929
17892 17901 17902 17931 17930
17895 17902 17903 17932 17931
17898 17903 17904 17933 17932
17901 17904 17905 17934 17933
17904 17905 17906 17935 17934
17907 17906 17907 17936 17935
17910 17907 16529 16528 17936
17913 16805 17908 16650 16647
17916 17908 17909 16651 16650
17919 17909 17910 16652 16651
17922 17910 17911 16653 16652
17925 17911 17912 16654 16653
17928 17912 17913 16655 16654
17931 17913 17914 16656 16655
17934 17914 17915 16657 16656
17937 17915 17916 16658 16657
17940 17916 17917 16659 16658
17943 17917 17918 16660 16659
17946 17918 17919 16661 16660
17949 17919 17920 16662 16661
17952 17920 17921 16663 16662
17955 17921 17922 16664 16663
17958 17922 17923 16665 16664
17961 17923 17924 16666 16665
17964 17924 17925 16667 16666
17967 17925 17926 16668 16667
17970 17926 17927 16669 16668
17973 17927 17928 16670 16669
17976 17928 17929 16671 16670
17979 17929 17930 16672 16671
17982 17930 17931 16673 16672
17985 17931 17932 16674 16673
17988 17932 17933 16675 16674
17991 17933 17934 16676 16675
17994 17934 17935 16677 16676
17997 17935 17936 16678 16677
18000 17936 16528 16524 16678
