1296
16 2738 1442 1407 1444 23495 23492 23490 23493 23499
32 2737 2738 1444 1445 23660 23493 23657 23659 23664
48 2736 2737 1445 1446 23824 23659 23821 23823 23828
64 2735 2736 1446 1447 23988 23823 23985 23987 23992
80 2734 2735 1447 1448 24152 23987 24149 24151 24156
96 2733 2734 1448 1449 24316 24151 24313 24315 24320
112 2732 2733 1449 1450 24480 24315 24477 24479 24484
128 2731 2732 1450 1451 24644 24479 24641 24643 24648
144 2730 2731 1451 1452 24808 24643 24805 24807 24812
160 2729 2730 1452 1453 24972 24807 24969 24971 24976
176 2728 2729 1453 1454 25136 24971 25133 25135 25140
192 2727 2728 1454 1455 25300 25135 25297 25299 25304
208 2726 2727 1455 1456 25464 25299 25461 25463 25468
224 2725 2726 1456 1457 25628 25463 25625 25627 25632
240 2724 2725 1457 1458 25792 25627 25789 25791 25796
256 2723 2724 1458 1459 25956 25791 25953 25955 25960
272 2722 2723 1459 1460 26120 25955 26117 26119 26124
288 2721 2722 1460 1461 26284 26119 26281 26283 26288
304 2720 2721 1461 1462 26448 26283 26445 26447 26452
320 2719 2720 1462 1463 26612 26447 26609 26611 26616
336 2718 2719 1463 1464 26776 26611 26773 26775 26780
352 2717 2718 1464 1465 26940 26775 26937 26939 26944
368 2716 2717 1465 1466 27104 26939 27101 27103 27108
384 2715 2716 1466 1467 27268 27103 27265 27267 27272
400 2714 2715 1467 1468 27432 27267 27429 27431 27436
416 2713 2714 1468 1469 27596 27431 27593 27595 27600
432 2712 2713 1469 1470 27760 27595 27757 27759 27764
448 2711 2712 1470 1471 27924 27759 27921 27923 27928
464 2710 2711 1471 1472 28088 27923 28085 28087 28092
480 2709 2710 1472 1473 28252 28087 28249 28251 28256
496 2708 2709 1473 1474 28416 28251 28413 28415 28420
512 2707 2708 1474 1475 28580 28415 28577 28579 28584
528 2706 2707 1475 1476 28744 28579 28741 28743 28748
544 2705 2706 1476 1477 28908 28743 28905 28907 28912
560 2704 2705 1477 1478 29072 28907 29069 29071 29076
576 1479 2704 1478 1443 29236 29071 29233 29235 29240
592 2703 1441 1442 2738 29400 29397 23495 29398 29403
608 2702 2703 2738 2737 29516 29398 23660 29515 29519
624 2701 2702 2737 2736 29631 29515 23824 29630 29634
640 2700 2701 2736 2735 29746 29630 23988 29745 29749
656 2699 2700 2735 2734 29861 29745 24152 29860 29864
672 2698 2699 2734 2733 29976 29860 24316 29975 29979
688 2697 2698 2733 2732 30091 29975 24480 30090 30094
704 2696 2697 2732 2731 30206 30090 24644 30205 30209
720 2695 2696 2731 2730 30321 30205 24808 30320 30324
736 2694 2695 2730 2729 30436 30320 24972 30435 30439
752 2693 2694 2729 2728 30551 30435 25136 30550 30554
768 2692 2693 2728 2727 30666 30550 25300 30665 30669
784 2691 2692 2727 2726 30781 30665 25464 30780 30784
800 2690 2691 2726 2725 30896 30780 25628 30895 30899
816 2689 2690 2725 2724 31011 30895 25792 31010 31014
832 2688 2689 2724 2723 31126 31010 25956 31125 31129
848 2687 2688 2723 2722 31241 31125 26120 31240 31244
864 2686 2687 2722 2721 31356 31240 26284 31355 31359
880 2685 2686 2721 2720 31471 31355 26448 31470 31474
896 2684 2685 2720 2719 31586 31470 26612 31585 31589
912 2683 2684 2719 2718 31701 31585 26776 31700 31704
928 2682 2683 2718 2717 31816 31700 26940 31815 31819
944 2681 2682 2717 2716 31931 31815 27104 31930 31934
960 2680 2681 2716 2715 32046 31930 27268 32045 32049
976 2679 2680 2715 2714 32161 32045 27432 32160 32164
992 2678 2679 2714 2713 32276 32160 27596 32275 32279
1008 2677 2678 2713 2712 32391 32275 27760 32390 32394
1024 2676 2677 2712 2711 32506 32390 27924 32505 32509
1040 2675 2676 2711 2710 32621 32505 28088 32620 32624
1056 2674 2675 2710 2709 32736 32620 28252 32735 32739
1072 2673 2674 2709 2708 32851 32735 28416 32850 32854
1088 2672 2673 2708 2707 32966 32850 28580 32965 32969
1104 2671 2672 2707 2706 33081 32965 28744 33080 33084
1120 2670 2671 2706 2705 33196 33080 28908 33195 33199
1136 2669 2670 2705 2704 33311 33195 29072 33310 33314
1152 1480 2669 2704 1479 33426 33310 29236 33425 33429
1168 2668 1440 1441 2703 33589 33586 29400 33587 33592
1184 2667 2668 2703 2702 33705 33587 29516 33704 33708
1200 2666 2667 2702 2701 33820 33704 29631 33819 33823
1216 2665 2666 2701 2700 33935 33819 29746 33934 33938
1232 2664 2665 2700 2699 34050 33934 29861 34049 34053
1248 2663 2664 2699 2698 34165 34049 29976 34164 34168
1264 2662 2663 2698 2697 34280 34164 30091 34279 34283
1280 2661 2662 2697 2696 34395 34279 30206 34394 34398
1296 2660 2661 2696 2695 34510 34394 30321 34509 34513
1312 2659 2660 2695 2694 34625 34509 30436 34624 34628
1328 2658 2659 2694 2693 34740 34624 30551 34739 34743
1344 2657 2658 2693 2692 34855 34739 30666 34854 34858
1360 2656 2657 2692 2691 34970 34854 30781 34969 34973
1376 2655 2656 2691 2690 35085 34969 30896 35084 35088
1392 2654 2655 2690 2689 35200 35084 31011 35199 35203
1408 2653 2654 2689 2688 35315 35199 31126 35314 35318
1424 2652 2653 2688 2687 35430 35314 31241 35429 35433
1440 2651 2652 2687 2686 35545 35429 31356 35544 35548
1456 2650 2651 2686 2685 35660 35544 31471 35659 35663
1472 2649 2650 2685 2684 35775 35659 31586 35774 35778
1488 2648 2649 2684 2683 35890 35774 31701 35889 35893
1504 2647 2648 2683 2682 36005 35889 31816 36004 36008
1520 2646 2647 2682 2681 36120 36004 31931 36119 36123
1536 2645 2646 2681 2680 36235 36119 32046 36234 36238
1552 2644 2645 2680 2679 36350 36234 32161 36349 36353
1568 2643 2644 2679 2678 36465 36349 32276 36464 36468
1584 2642 2643 2678 2677 36580 36464 32391 36579 36583
1600 2641 2642 2677 2676 36695 36579 32506 36694 36698
1616 2640 2641 2676 2675 36810 36694 32621 36809 36813
1632 2639 2640 2675 2674 36925 36809 32736 36924 36928
1648 2638 2639 2674 2673 37040 36924 32851 37039 37043
1664 2637 2638 2673 2672 37155 37039 32966 37154 37158
1680 2636 2637 2672 2671 37270 37154 33081 37269 37273
1696 2635 2636 2671 2670 37385 37269 33196 37384 37388
1712 2634 2635 2670 2669 37500 37384 33311 37499 37503
1728 1481 2634 2669 1480 37615 37499 33426 37614 37618
1744 2633 1439 1440 2668 37778 37775 33589 37776 37781
1760 2632 2633 2668 2667 37894 37776 33705 37893 37897
1776 2631 2632 2667 2666 38009 37893 33820 38008 38012
1792 2630 2631 2666 2665 38124 38008 33935 38123 38127
1808 2629 2630 2665 2664 38239 38123 34050 38238 38242
1824 2628 2629 2664 2663 38354 38238 34165 38353 38357
1840 2627 2628 2663 2662 38469 38353 34280 38468 38472
1856 2626 2627 2662 2661 38584 38468 34395 38583 38587
1872 2625 2626 2661 2660 38699 38583 34510 38698 38702
1888 2624 2625 2660 2659 38814 38698 34625 38813 38817
1904 2623 2624 2659 2658 38929 38813 34740 38928 38932
1920 2622 2623 2658 2657 39044 38928 34855 39043 39047
1936 2621 2622 2657 2656 39159 39043 34970 39158 39162
1952 2620 2621 2656 2655 39274 39158 35085 39273 39277
1968 2619 2620 2655 2654 39389 39273 35200 39388 39392
1984 2618 2619 2654 2653 39504 39388 35315 39503 39507
2000 2617 2618 2653 2652 39619 39503 35430 39618 39622
2016 2616 2617 2652 2651 39734 39618 35545 39733 39737
2032 2615 2616 2651 2650 39849 39733 35660 39848 39852
2048 2614 2615 2650 2649 39964 39848 35775 39963 39967
2064 2613 2614 2649 2648 40079 39963 35890 40078 40082
2080 2612 2613 2648 2647 40194 40078 36005 40193 40197
2096 2611 2612 2647 2646 40309 40193 36120 40308 40312
2112 2610 2611 2646 2645 40424 40308 36235 40423 40427
2128 2609 2610 2645 2644 40539 40423 36350 40538 40542
2144 2608 2609 2644 2643 40654 40538 36465 40653 40657
2160 2607 2608 2643 2642 40769 40653 36580 40768 40772
2176 2606 2607 2642 2641 40884 40768 36695 40883 40887
2192 2605 2606 2641 2640 40999 40883 36810 40998 41002
2208 2604 2605 2640 2639 41114 40998 36925 41113 41117
2224 2603 2604 2639 2638 41229 41113 37040 41228 41232
2240 2602 2603 2638 2637 41344 41228 37155 41343 41347
2256 2601 2602 2637 2636 41459 41343 37270 41458 41462
2272 2600 2601 2636 2635 41574 41458 37385 41573 41577
2288 2599 2600 2635 2634 41689 41573 37500 41688 41692
2304 1482 2599 2634 1481 41804 41688 37615 41803 41807
2320 2598 1438 1439 2633 41967 41964 37778 41965 41970
2336 2597 2598 2633 2632 42083 41965 37894 42082 42086
2352 2596 2597 2632 2631 42198 42082 38009 42197 42201
2368 2595 2596 2631 2630 42313 42197 38124 42312 42316
2384 2594 2595 2630 2629 42428 42312 38239 42427 42431
2400 2593 2594 2629 2628 42543 42427 38354 42542 42546
2416 2592 2593 2628 2627 42658 42542 38469 42657 42661
2432 2591 2592 2627 2626 42773 42657 38584 42772 42776
2448 2590 2591 2626 2625 42888 42772 38699 42887 42891
2464 2589 2590 2625 2624 43003 42887 38814 43002 43006
2480 2588 2589 2624 2623 43118 43002 38929 43117 43121
2496 2587 2588 2623 2622 43233 43117 39044 43232 43236
2512 2586 2587 2622 2621 43348 43232 39159 43347 43351
2528 2585 2586 2621 2620 43463 43347 39274 43462 43466
2544 2584 2585 2620 2619 43578 43462 39389 43577 43581
2560 2583 2584 2619 2618 43693 43577 39504 43692 43696
2576 2582 2583 2618 2617 43808 43692 39619 43807 43811
2592 2581 2582 2617 2616 43923 43807 39734 43922 43926
2608 2580 2581 2616 2615 44038 43922 39849 44037 44041
2624 2579 2580 2615 2614 44153 44037 39964 44152 44156
2640 2578 2579 2614 2613 44268 44152 40079 44267 44271
2656 2577 2578 2613 2612 44383 44267 40194 44382 44386
2672 2576 2577 2612 2611 44498 44382 40309 44497 44501
2688 2575 2576 2611 2610 44613 44497 40424 44612 44616
2704 2574 2575 2610 2609 44728 44612 40539 44727 44731
2720 2573 2574 2609 2608 44843 44727 40654 44842 44846
2736 2572 2573 2608 2607 44958 44842 40769 44957 44961
2752 2571 2572 2607 2606 45073 44957 40884 45072 45076
2768 2570 2571 2606 2605 45188 45072 40999 45187 45191
2784 2569 2570 2605 2604 45303 45187 41114 45302 45306
2800 2568 2569 2604 2603 45418 45302 41229 45417 45421
2816 2567 2568 2603 2602 45533 45417 41344 45532 45536
2832 2566 2567 2602 2601 45648 45532 41459 45647 45651
2848 2565 2566 2601 2600 45763 45647 41574 45762 45766
2864 2564 2565 2600 2599 45878 45762 41689 45877 45881
2880 1483 2564 2599 1482 45993 45877 41804 45992 45996
2896 2563 1437 1438 2598 46156 46153 41967 46154 46159
2912 2562 2563 2598 2597 46272 46154 42083 46271 46275
2928 2561 2562 2597 2596 46387 46271 42198 46386 46390
2944 2560 2561 2596 2595 46502 46386 42313 46501 46505
2960 2559 2560 2595 2594 46617 46501 42428 46616 46620
2976 2558 2559 2594 2593 46732 46616 42543 46731 46735
2992 2557 2558 2593 2592 46847 46731 42658 46846 46850
3008 2556 2557 2592 2591 46962 46846 42773 46961 46965
3024 2555 2556 2591 2590 47077 46961 42888 47076 47080
3040 2554 2555 2590 2589 47192 47076 43003 47191 47195
3056 2553 2554 2589 2588 47307 47191 43118 47306 47310
3072 2552 2553 2588 2587 47422 47306 43233 47421 47425
3088 2551 2552 2587 2586 47537 47421 43348 47536 47540
3104 2550 2551 2586 2585 47652 47536 43463 47651 47655
3120 2549 2550 2585 2584 47767 47651 43578 47766 47770
3136 2548 2549 2584 2583 47882 47766 43693 47881 47885
3152 2547 2548 2583 2582 47997 47881 43808 47996 48000
3168 2546 2547 2582 2581 48112 47996 43923 48111 48115
3184 2545 2546 2581 2580 48227 48111 44038 48226 48230
3200 2544 2545 2580 2579 48342 48226 44153 48341 48345
3216 2543 2544 2579 2578 48457 48341 44268 48456 48460
3232 2542 2543 2578 2577 48572 48456 44383 48571 48575
3248 2541 2542 2577 2576 48687 48571 44498 48686 48690
3264 2540 2541 2576 2575 48802 48686 44613 48801 48805
3280 2539 2540 2575 2574 48917 48801 44728 48916 48920
3296 2538 2539 2574 2573 49032 48916 44843 49031 49035
3312 2537 2538 2573 2572 49147 49031 44958 49146 49150
3328 2536 2537 2572 2571 49262 49146 45073 49261 49265
3344 2535 2536 2571 2570 49377 49261 45188 49376 49380
3360 2534 2535 2570 2569 49492 49376 45303 49491 49495
3376 2533 2534 2569 2568 49607 49491 45418 49606 49610
3392 2532 2533 2568 2567 49722 49606 45533 49721 49725
3408 2531 2532 2567 2566 49837 49721 45648 49836 49840
3424 2530 2531 2566 2565 49952 49836 45763 49951 49955
3440 2529 2530 2565 2564 50067 49951 45878 50066 50070
3456 1484 2529 2564 1483 50182 50066 45993 50181 50185
3472 2528 1436 1437 2563 50345 50342 46156 50343 50348
3488 2527 2528 2563 2562 50461 50343 46272 50460 50464
3504 2526 2527 2562 2561 50576 50460 46387 50575 50579
3520 2525 2526 2561 2560 50691 50575 46502 50690 50694
3536 2524 2525 2560 2559 50806 50690 46617 50805 50809
3552 2523 2524 2559 2558 50921 50805 46732 50920 50924
3568 2522 2523 2558 2557 51036 50920 46847 51035 51039
3584 2521 2522 2557 2556 51151 51035 46962 51150 51154
3600 2520 2521 2556 2555 51266 51150 47077 51265 51269
3616 2519 2520 2555 2554 51381 51265 47192 51380 51384
3632 2518 2519 2554 2553 51496 51380 47307 51495 51499
3648 2517 2518 2553 2552 51611 51495 47422 51610 51614
3664 2516 2517 2552 2551 51726 51610 47537 51725 51729
3680 2515 2516 2551 2550 51841 51725 47652 51840 51844
3696 2514 2515 2550 2549 51956 51840 47767 51955 51959
3712 2513 2514 2549 2548 52071 51955 47882 52070 52074
3728 2512 2513 2548 2547 52186 52070 47997 52185 52189
3744 2511 2512 2547 2546 52301 52185 48112 52300 52304
3760 2510 2511 2546 2545 52416 52300 48227 52415 52419
3776 2509 2510 2545 2544 52531 52415 48342 52530 52534
3792 2508 2509 2544 2543 52646 52530 48457 52645 52649
3808 2507 2508 2543 2542 52761 52645 48572 52760 52764
3824 2506 2507 2542 2541 52876 52760 48687 52875 52879
3840 2505 2506 2541 2540 52991 52875 48802 52990 52994
3856 2504 2505 2540 2539 53106 52990 48917 53105 53109
3872 2503 2504 2539 2538 53221 53105 49032 53220 53224
3888 2502 2503 2538 2537 53336 53220 49147 53335 53339
3904 2501 2502 2537 2536 53451 53335 49262 53450 53454
3920 2500 2501 2536 2535 53566 53450 49377 53565 53569
3936 2499 2500 2535 2534 53681 53565 49492 53680 53684
3952 2498 2499 2534 2533 53796 53680 49607 53795 53799
3968 2497 2498 2533 2532 53911 53795 49722 53910 53914
3984 2496 2497 2532 2531 54026 53910 49837 54025 54029
4000 2495 2496 2531 2530 54141 54025 49952 54140 54144
4016 2494 2495 2530 2529 54256 54140 50067 54255 54259
4032 1485 2494 2529 1484 54371 54255 50182 54370 54374
4048 2493 1435 1436 2528 54534 54531 50345 54532 54537
4064 2492 2493 2528 2527 54650 54532 50461 54649 54653
4080 2491 2492 2527 2526 54765 54649 50576 54764 54768
4096 2490 2491 2526 2525 54880 54764 50691 54879 54883
4112 2489 2490 2525 2524 54995 54879 50806 54994 54998
4128 2488 2489 2524 2523 55110 54994 50921 55109 55113
4144 2487 2488 2523 2522 55225 55109 51036 55224 55228
4160 2486 2487 2522 2521 55340 55224 51151 55339 55343
4176 2485 2486 2521 2520 55455 55339 51266 55454 55458
4192 2484 2485 2520 2519 55570 55454 51381 55569 55573
4208 2483 2484 2519 2518 55685 55569 51496 55684 55688
4224 2482 2483 2518 2517 55800 55684 51611 55799 55803
4240 2481 2482 2517 2516 55915 55799 51726 55914 55918
4256 2480 2481 2516 2515 56030 55914 51841 56029 56033
4272 2479 2480 2515 2514 56145 56029 51956 56144 56148
4288 2478 2479 2514 2513 56260 56144 52071 56259 56263
4304 2477 2478 2513 2512 56375 56259 52186 56374 56378
4320 2476 2477 2512 2511 56490 56374 52301 56489 56493
4336 2475 2476 2511 2510 56605 56489 52416 56604 56608
4352 2474 2475 2510 2509 56720 56604 52531 56719 56723
4368 2473 2474 2509 2508 56835 56719 52646 56834 56838
4384 2472 2473 2508 2507 56950 56834 52761 56949 56953
4400 2471 2472 2507 2506 57065 56949 52876 57064 57068
4416 2470 2471 2506 2505 57180 57064 52991 57179 57183
4432 2469 2470 2505 2504 57295 57179 53106 57294 57298
4448 2468 2469 2504 2503 57410 57294 53221 57409 57413
4464 2467 2468 2503 2502 57525 57409 53336 57524 57528
4480 2466 2467 2502 2501 57640 57524 53451 57639 57643
4496 2465 2466 2501 2500 57755 57639 53566 57754 57758
4512 2464 2465 2500 2499 57870 57754 53681 57869 57873
4528 2463 2464 2499 2498 57985 57869 53796 57984 57988
4544 2462 2463 2498 2497 58100 57984 53911 58099 58103
4560 2461 2462 2497 2496 58215 58099 54026 58214 58218
4576 2460 2461 2496 2495 58330 58214 54141 58329 58333
4592 2459 2460 2495 2494 58445 58329 54256 58444 58448
4608 1486 2459 2494 1485 58560 58444 54371 58559 58563
4624 2458 1434 1435 2493 58723 58720 54534 58721 58726
4640 2457 2458 2493 2492 58839 58721 54650 58838 58842
4656 2456 2457 2492 2491 58954 58838 54765 58953 58957
4672 2455 2456 2491 2490 59069 58953 54880 59068 59072
4688 2454 2455 2490 2489 59184 59068 54995 59183 59187
4704 2453 2454 2489 2488 59299 59183 55110 59298 59302
4720 2452 2453 2488 2487 59414 59298 55225 59413 59417
4736 2451 2452 2487 2486 59529 59413 55340 59528 59532
4752 2450 2451 2486 2485 59644 59528 55455 59643 59647
4768 2449 2450 2485 2484 59759 59643 55570 59758 59762
4784 2448 2449 2484 2483 59874 59758 55685 59873 59877
4800 2447 2448 2483 2482 59989 59873 55800 59988 59992
4816 2446 2447 2482 2481 60104 59988 55915 60103 60107
4832 2445 2446 2481 2480 60219 60103 56030 60218 60222
4848 2444 2445 2480 2479 60334 60218 56145 60333 60337
4864 2443 2444 2479 2478 60449 60333 56260 60448 60452
4880 2442 2443 2478 2477 60564 60448 56375 60563 60567
4896 2441 2442 2477 2476 60679 60563 56490 60678 60682
4912 2440 2441 2476 2475 60794 60678 56605 60793 60797
4928 2439 2440 2475 2474 60909 60793 56720 60908 60912
4944 2438 2439 2474 2473 61024 60908 56835 61023 61027
4960 2437 2438 2473 2472 61139 61023 56950 61138 61142
4976 2436 2437 2472 2471 61254 61138 57065 61253 61257
4992 2435 2436 2471 2470 61369 61253 57180 61368 61372
5008 2434 2435 2470 2469 61484 61368 57295 61483 61487
5024 2433 2434 2469 2468 61599 61483 57410 61598 61602
5040 2432 2433 2468 2467 61714 61598 57525 61713 61717
5056 2431 2432 2467 2466 61829 61713 57640 61828 61832
5072 2430 2431 2466 2465 61944 61828 57755 61943 61947
5088 2429 2430 2465 2464 62059 61943 57870 62058 62062
5104 2428 2429 2464 2463 62174 62058 57985 62173 62177
5120 2427 2428 2463 2462 62289 62173 58100 62288 62292
5136 2426 2427 2462 2461 62404 62288 58215 62403 62407
5152 2425 2426 2461 2460 62519 62403 58330 62518 62522
5168 2424 2425 2460 2459 62634 62518 58445 62633 62637
5184 1487 2424 2459 1486 62749 62633 58560 62748 62752
5200 2423 1433 1434 2458 62912 62909 58723 62910 62915
5216 2422 2423 2458 2457 63028 62910 58839 63027 63031
5232 2421 2422 2457 2456 63143 63027 58954 63142 63146
5248 2420 2421 2456 2455 63258 63142 59069 63257 63261
5264 2419 2420 2455 2454 63373 63257 59184 63372 63376
5280 2418 2419 2454 2453 63488 63372 59299 63487 63491
5296 2417 2418 2453 2452 63603 63487 59414 63602 63606
5312 2416 2417 2452 2451 63718 63602 59529 63717 63721
5328 2415 2416 2451 2450 63833 63717 59644 63832 63836
5344 2414 2415 2450 2449 63948 63832 59759 63947 63951
5360 2413 2414 2449 2448 64063 63947 59874 64062 64066
5376 2412 2413 2448 2447 64178 64062 59989 64177 64181
5392 2411 2412 2447 2446 64293 64177 60104 64292 64296
5408 2410 2411 2446 2445 64408 64292 60219 64407 64411
5424 2409 2410 2445 2444 64523 64407 60334 64522 64526
5440 2408 2409 2444 2443 64638 64522 60449 64637 64641
5456 2407 2408 2443 2442 64753 64637 60564 64752 64756
5472 2406 2407 2442 2441 64868 64752 60679 64867 64871
5488 2405 2406 2441 2440 64983 64867 60794 64982 64986
5504 2404 2405 2440 2439 65098 64982 60909 65097 65101
5520 2403 2404 2439 2438 65213 65097 61024 65212 65216
5536 2402 2403 2438 2437 65328 65212 61139 65327 65331
5552 2401 2402 2437 2436 65443 65327 61254 65442 65446
5568 2400 2401 2436 2435 65558 65442 61369 65557 65561
5584 2399 2400 2435 2434 65673 65557 61484 65672 65676
5600 2398 2399 2434 2433 65788 65672 61599 65787 65791
5616 2397 2398 2433 2432 65903 65787 61714 65902 65906
5632 2396 2397 2432 2431 66018 65902 61829 66017 66021
5648 2395 2396 2431 2430 66133 66017 61944 66132 66136
5664 2394 2395 2430 2429 66248 66132 62059 66247 66251
5680 2393 2394 2429 2428 66363 66247 62174 66362 66366
5696 2392 2393 2428 2427 66478 66362 62289 66477 66481
5712 2391 2392 2427 2426 66593 66477 62404 66592 66596
5728 2390 2391 2426 2425 66708 66592 62519 66707 66711
5744 2389 2390 2425 2424 66823 66707 62634 66822 66826
5760 1488 2389 2424 1487 66938 66822 62749 66937 66941
5776 2388 1432 1433 2423 67101 67098 62912 67099 67104
5792 2387 2388 2423 2422 67217 67099 63028 67216 67220
5808 2386 2387 2422 2421 67332 67216 63143 67331 67335
5824 2385 2386 2421 2420 67447 67331 63258 67446 67450
5840 2384 2385 2420 2419 67562 67446 63373 67561 67565
5856 2383 2384 2419 2418 67677 67561 63488 67676 67680
5872 2382 2383 2418 2417 67792 67676 63603 67791 67795
5888 2381 2382 2417 2416 67907 67791 63718 67906 67910
5904 2380 2381 2416 2415 68022 67906 63833 68021 68025
5920 2379 2380 2415 2414 68137 68021 63948 68136 68140
5936 2378 2379 2414 2413 68252 68136 64063 68251 68255
5952 2377 2378 2413 2412 68367 68251 64178 68366 68370
5968 2376 2377 2412 2411 68482 68366 64293 68481 68485
5984 2375 2376 2411 2410 68597 68481 64408 68596 68600
6000 2374 2375 2410 2409 68712 68596 64523 68711 68715
6016 2373 2374 2409 2408 68827 68711 64638 68826 68830
6032 2372 2373 2408 2407 68942 68826 64753 68941 68945
6048 2371 2372 2407 2406 69057 68941 64868 69056 69060
6064 2370 2371 2406 2405 69172 69056 64983 69171 69175
6080 2369 2370 2405 2404 69287 69171 65098 69286 69290
6096 2368 2369 2404 2403 69402 69286 65213 69401 69405
6112 2367 2368 2403 2402 69517 69401 65328 69516 69520
6128 2366 2367 2402 2401 69632 69516 65443 69631 69635
6144 2365 2366 2401 2400 69747 69631 65558 69746 69750
6160 2364 2365 2400 2399 69862 69746 65673 69861 69865
6176 2363 2364 2399 2398 69977 69861 65788 69976 69980
6192 2362 2363 2398 2397 70092 69976 65903 70091 70095
6208 2361 2362 2397 2396 70207 70091 66018 70206 70210
6224 2360 2361 2396 2395 70322 70206 66133 70321 70325
6240 2359 2360 2395 2394 70437 70321 66248 70436 70440
6256 2358 2359 2394 2393 70552 70436 66363 70551 70555
6272 2357 2358 2393 2392 70667 70551 66478 70666 70670
6288 2356 2357 2392 2391 70782 70666 66593 70781 70785
6304 2355 2356 2391 2390 70897 70781 66708 70896 70900
6320 2354 2355 2390 2389 71012 70896 66823 71011 71015
6336 1489 2354 2389 1488 71127 71011 66938 71126 71130
6352 2353 1431 1432 2388 71290 71287 67101 71288 71293
6368 2352 2353 2388 2387 71406 71288 67217 71405 71409
6384 2351 2352 2387 2386 71521 71405 67332 71520 71524
6400 2350 2351 2386 2385 71636 71520 67447 71635 71639
6416 2349 2350 2385 2384 71751 71635 67562 71750 71754
6432 2348 2349 2384 2383 71866 71750 67677 71865 71869
6448 2347 2348 2383 2382 71981 71865 67792 71980 71984
6464 2346 2347 2382 2381 72096 71980 67907 72095 72099
6480 2345 2346 2381 2380 72211 72095 68022 72210 72214
6496 2344 2345 2380 2379 72326 72210 68137 72325 72329
6512 2343 2344 2379 2378 72441 72325 68252 72440 72444
6528 2342 2343 2378 2377 72556 72440 68367 72555 72559
6544 2341 2342 2377 2376 72671 72555 68482 72670 72674
6560 2340 2341 2376 2375 72786 72670 68597 72785 72789
6576 2339 2340 2375 2374 72901 72785 68712 72900 72904
6592 2338 2339 2374 2373 73016 72900 68827 73015 73019
6608 2337 2338 2373 2372 73131 73015 68942 73130 73134
6624 2336 2337 2372 2371 73246 73130 69057 73245 73249
6640 2335 2336 2371 2370 73361 73245 69172 73360 73364
6656 2334 2335 2370 2369 73476 73360 69287 73475 73479
6672 2333 2334 2369 2368 73591 73475 69402 73590 73594
6688 2332 2333 2368 2367 73706 73590 69517 73705 73709
6704 2331 2332 2367 2366 73821 73705 69632 73820 73824
6720 2330 2331 2366 2365 73936 73820 69747 73935 73939
6736 2329 2330 2365 2364 74051 73935 69862 74050 74054
6752 2328 2329 2364 2363 74166 74050 69977 74165 74169
6768 2327 2328 2363 2362 74281 74165 70092 74280 74284
6784 2326 2327 2362 2361 74396 74280 70207 74395 74399
6800 2325 2326 2361 2360 74511 74395 70322 74510 74514
6816 2324 2325 2360 2359 74626 74510 70437 74625 74629
6832 2323 2324 2359 2358 74741 74625 70552 74740 74744
6848 2322 2323 2358 2357 74856 74740 70667 74855 74859
6864 2321 2322 2357 2356 74971 74855 70782 74970 74974
6880 2320 2321 2356 2355 75086 74970 70897 75085 75089
6896 2319 2320 2355 2354 75201 75085 71012 75200 75204
6912 1490 2319 2354 1489 75316 75200 71127 75315 75319
6928 2318 1430 1431 2353 75479 75476 71290 75477 75482
6944 2317 2318 2353 2352 75595 75477 71406 75594 75598
6960 2316 2317 2352 2351 75710 75594 71521 75709 75713
6976 2315 2316 2351 2350 75825 75709 71636 75824 75828
6992 2314 2315 2350 2349 75940 75824 71751 75939 75943
7008 2313 2314 2349 2348 76055 75939 71866 76054 76058
7024 2312 2313 2348 2347 76170 76054 71981 76169 76173
7040 2311 2312 2347 2346 76285 76169 72096 76284 76288
7056 2310 2311 2346 2345 76400 76284 72211 76399 76403
7072 2309 2310 2345 2344 76515 76399 72326 76514 76518
7088 2308 2309 2344 2343 76630 76514 72441 76629 76633
7104 2307 2308 2343 2342 76745 76629 72556 76744 76748
7120 2306 2307 2342 2341 76860 76744 72671 76859 76863
7136 2305 2306 2341 2340 76975 76859 72786 76974 76978
7152 2304 2305 2340 2339 77090 76974 72901 77089 77093
7168 2303 2304 2339 2338 77205 77089 73016 77204 77208
7184 2302 2303 2338 2337 77320 77204 73131 77319 77323
7200 2301 2302 2337 2336 77435 77319 73246 77434 77438
7216 2300 2301 2336 2335 77550 77434 73361 77549 77553
7232 2299 2300 2335 2334 77665 77549 73476 77664 77668
7248 2298 2299 2334 2333 77780 77664 73591 77779 77783
7264 2297 2298 2333 2332 77895 77779 73706 77894 77898
7280 2296 2297 2332 2331 78010 77894 73821 78009 78013
7296 2295 2296 2331 2330 78125 78009 73936 78124 78128
7312 2294 2295 2330 2329 78240 78124 74051 78239 78243
7328 2293 2294 2329 2328 78355 78239 74166 78354 78358
7344 2292 2293 2328 2327 78470 78354 74281 78469 78473
7360 2291 2292 2327 2326 78585 78469 74396 78584 78588
7376 2290 2291 2326 2325 78700 78584 74511 78699 78703
7392 2289 2290 2325 2324 78815 78699 74626 78814 78818
7408 2288 2289 2324 2323 78930 78814 74741 78929 78933
7424 2287 2288 2323 2322 79045 78929 74856 79044 79048
7440 2286 2287 2322 2321 79160 79044 74971 79159 79163
7456 2285 2286 2321 2320 79275 79159 75086 79274 79278
7472 2284 2285 2320 2319 79390 79274 75201 79389 79393
7488 1491 2284 2319 1490 79505 79389 75316 79504 79508
7504 2283 1429 1430 2318 79668 79665 75479 79666 79671
7520 2282 2283 2318 2317 79784 79666 75595 79783 79787
7536 2281 2282 2317 2316 79899 79783 75710 79898 79902
7552 2280 2281 2316 2315 80014 79898 75825 80013 80017
7568 2279 2280 2315 2314 80129 80013 75940 80128 80132
7584 2278 2279 2314 2313 80244 80128 76055 80243 80247
7600 2277 2278 2313 2312 80359 80243 76170 80358 80362
7616 2276 2277 2312 2311 80474 80358 76285 80473 80477
7632 2275 2276 2311 2310 80589 80473 76400 80588 80592
7648 2274 2275 2310 2309 80704 80588 76515 80703 80707
7664 2273 2274 2309 2308 80819 80703 76630 80818 80822
7680 2272 2273 2308 2307 80934 80818 76745 80933 80937
7696 2271 2272 2307 2306 81049 80933 76860 81048 81052
7712 2270 2271 2306 2305 81164 81048 76975 81163 81167
7728 2269 2270 2305 2304 81279 81163 77090 81278 81282
7744 2268 2269 2304 2303 81394 81278 77205 81393 81397
7760 2267 2268 2303 2302 81509 81393 77320 81508 81512
7776 2266 2267 2302 2301 81624 81508 77435 81623 81627
7792 2265 2266 2301 2300 81739 81623 77550 81738 81742
7808 2264 2265 2300 2299 81854 81738 77665 81853 81857
7824 2263 2264 2299 2298 81969 81853 77780 81968 81972
7840 2262 2263 2298 2297 82084 81968 77895 82083 82087
7856 2261 2262 2297 2296 82199 82083 78010 82198 82202
7872 2260 2261 2296 2295 82314 82198 78125 82313 82317
7888 2259 2260 2295 2294 82429 82313 78240 82428 82432
7904 2258 2259 2294 2293 82544 82428 78355 82543 82547
7920 2257 2258 2293 2292 82659 82543 78470 82658 82662
7936 2256 2257 2292 2291 82774 82658 78585 82773 82777
7952 2255 2256 2291 2290 82889 82773 78700 82888 82892
7968 2254 2255 2290 2289 83004 82888 78815 83003 83007
7984 2253 2254 2289 2288 83119 83003 78930 83118 83122
8000 2252 2253 2288 2287 83234 83118 79045 83233 83237
8016 2251 2252 2287 2286 83349 83233 79160 83348 83352
8032 2250 2251 2286 2285 83464 83348 79275 83463 83467
8048 2249 2250 2285 2284 83579 83463 79390 83578 83582
8064 1492 2249 2284 1491 83694 83578 79505 83693 83697
8080 2248 1428 1429 2283 83857 83854 79668 83855 83860
8096 2247 2248 2283 2282 83973 83855 79784 83972 83976
8112 2246 2247 2282 2281 84088 83972 79899 84087 84091
8128 2245 2246 2281 2280 84203 84087 80014 84202 84206
8144 2244 2245 2280 2279 84318 84202 80129 84317 84321
8160 2243 2244 2279 2278 84433 84317 80244 84432 84436
8176 2242 2243 2278 2277 84548 84432 80359 84547 84551
8192 2241 2242 2277 2276 84663 84547 80474 84662 84666
8208 2240 2241 2276 2275 84778 84662 80589 84777 84781
8224 2239 2240 2275 2274 84893 84777 80704 84892 84896
8240 2238 2239 2274 2273 85008 84892 80819 85007 85011
8256 2237 2238 2273 2272 85123 85007 80934 85122 85126
8272 2236 2237 2272 2271 85238 85122 81049 85237 85241
8288 2235 2236 2271 2270 85353 85237 81164 85352 85356
8304 2234 2235 2270 2269 85468 85352 81279 85467 85471
8320 2233 2234 2269 2268 85583 85467 81394 85582 85586
8336 2232 2233 2268 2267 85698 85582 81509 85697 85701
8352 2231 2232 2267 2266 85813 85697 81624 85812 85816
8368 2230 2231 2266 2265 85928 85812 81739 85927 85931
8384 2229 2230 2265 2264 86043 85927 81854 86042 86046
8400 2228 2229 2264 2263 86158 86042 81969 86157 86161
8416 2227 2228 2263 2262 86273 86157 82084 86272 86276
8432 2226 2227 2262 2261 86388 86272 82199 86387 86391
8448 2225 2226 2261 2260 86503 86387 82314 86502 86506
8464 2224 2225 2260 2259 86618 86502 82429 86617 86621
8480 2223 2224 2259 2258 86733 86617 82544 86732 86736
8496 2222 2223 2258 2257 86848 86732 82659 86847 86851
8512 2221 2222 2257 2256 86963 86847 82774 86962 86966
8528 2220 2221 2256 2255 87078 86962 82889 87077 87081
8544 2219 2220 2255 2254 87193 87077 83004 87192 87196
8560 2218 2219 2254 2253 87308 87192 83119 87307 87311
8576 2217 2218 2253 2252 87423 87307 83234 87422 87426
8592 2216 2217 2252 2251 87538 87422 83349 87537 87541
8608 2215 2216 2251 2250 87653 87537 83464 87652 87656
8624 2214 2215 2250 2249 87768 87652 83579 87767 87771
8640 1493 2214 2249 1492 87883 87767 83694 87882 87886
8656 2213 1427 1428 2248 88046 88043 83857 88044 88049
8672 2212 2213 2248 2247 88162 88044 83973 88161 88165
8688 2211 2212 2247 2246 88277 88161 84088 88276 88280
8704 2210 2211 2246 2245 88392 88276 84203 88391 88395
8720 2209 2210 2245 2244 88507 88391 84318 88506 88510
8736 2208 2209 2244 2243 88622 88506 84433 88621 88625
8752 2207 2208 2243 2242 88737 88621 84548 88736 88740
8768 2206 2207 2242 2241 88852 88736 84663 88851 88855
8784 2205 2206 2241 2240 88967 88851 84778 88966 88970
8800 2204 2205 2240 2239 89082 88966 84893 89081 89085
8816 2203 2204 2239 2238 89197 89081 85008 89196 89200
8832 2202 2203 2238 2237 89312 89196 85123 89311 89315
8848 2201 2202 2237 2236 89427 89311 85238 89426 89430
8864 2200 2201 2236 2235 89542 89426 85353 89541 89545
8880 2199 2200 2235 2234 89657 89541 85468 89656 89660
8896 2198 2199 2234 2233 89772 89656 85583 89771 89775
8912 2197 2198 2233 2232 89887 89771 85698 89886 89890
8928 2196 2197 2232 2231 90002 89886 85813 90001 90005
8944 2195 2196 2231 2230 90117 90001 85928 90116 90120
8960 2194 2195 2230 2229 90232 90116 86043 90231 90235
8976 2193 2194 2229 2228 90347 90231 86158 90346 90350
8992 2192 2193 2228 2227 90462 90346 86273 90461 90465
9008 2191 2192 2227 2226 90577 90461 86388 90576 90580
9024 2190 2191 2226 2225 90692 90576 86503 90691 90695
9040 2189 2190 2225 2224 90807 90691 86618 90806 90810
9056 2188 2189 2224 2223 90922 90806 86733 90921 90925
9072 2187 2188 2223 2222 91037 90921 86848 91036 91040
9088 2186 2187 2222 2221 91152 91036 86963 91151 91155
9104 2185 2186 2221 2220 91267 91151 87078 91266 91270
9120 2184 2185 2220 2219 91382 91266 87193 91381 91385
9136 2183 2184 2219 2218 91497 91381 87308 91496 91500
9152 2182 2183 2218 2217 91612 91496 87423 91611 91615
9168 2181 2182 2217 2216 91727 91611 87538 91726 91730
9184 2180 2181 2216 2215 91842 91726 87653 91841 91845
9200 2179 2180 2215 2214 91957 91841 87768 91956 91960
9216 1494 2179 2214 1493 92072 91956 87883 92071 92075
9232 2178 1426 1427 2213 92235 92232 88046 92233 92238
9248 2177 2178 2213 2212 92351 92233 88162 92350 92354
9264 2176 2177 2212 2211 92466 92350 88277 92465 92469
9280 2175 2176 2211 2210 92581 92465 88392 92580 92584
9296 2174 2175 2210 2209 92696 92580 88507 92695 92699
9312 2173 2174 2209 2208 92811 92695 88622 92810 92814
9328 2172 2173 2208 2207 92926 92810 88737 92925 92929
9344 2171 2172 2207 2206 93041 92925 88852 93040 93044
9360 2170 2171 2206 2205 93156 93040 88967 93155 93159
9376 2169 2170 2205 2204 93271 93155 89082 93270 93274
9392 2168 2169 2204 2203 93386 93270 89197 93385 93389
9408 2167 2168 2203 2202 93501 93385 89312 93500 93504
9424 2166 2167 2202 2201 93616 93500 89427 93615 93619
9440 2165 2166 2201 2200 93731 93615 89542 93730 93734
9456 2164 2165 2200 2199 93846 93730 89657 93845 93849
9472 2163 2164 2199 2198 93961 93845 89772 93960 93964
9488 2162 2163 2198 2197 94076 93960 89887 94075 94079
9504 2161 2162 2197 2196 94191 94075 90002 94190 94194
9520 2160 2161 2196 2195 94306 94190 90117 94305 94309
9536 2159 2160 2195 2194 94421 94305 90232 94420 94424
9552 2158 2159 2194 2193 94536 94420 90347 94535 94539
9568 2157 2158 2193 2192 94651 94535 90462 94650 94654
9584 2156 2157 2192 2191 94766 94650 90577 94765 94769
9600 2155 2156 2191 2190 94881 94765 90692 94880 94884
9616 2154 2155 2190 2189 94996 94880 90807 94995 94999
9632 2153 2154 2189 2188 95111 94995 90922 95110 95114
9648 2152 2153 2188 2187 95226 95110 91037 95225 95229
9664 2151 2152 2187 2186 95341 95225 91152 95340 95344
9680 2150 2151 2186 2185 95456 95340 91267 95455 95459
9696 2149 2150 2185 2184 95571 95455 91382 95570 95574
9712 2148 2149 2184 2183 95686 95570 91497 95685 95689
9728 2147 2148 2183 2182 95801 95685 91612 95800 95804
9744 2146 2147 2182 2181 95916 95800 91727 95915 95919
9760 2145 2146 2181 2180 96031 95915 91842 96030 96034
9776 2144 2145 2180 2179 96146 96030 91957 96145 96149
9792 1495 2144 2179 1494 96261 96145 92072 96260 96264
9808 2143 1425 1426 2178 96424 96421 92235 96422 96427
9824 2142 2143 2178 2177 96540 96422 92351 96539 96543
9840 2141 2142 2177 2176 96655 96539 92466 96654 96658
9856 2140 2141 2176 2175 96770 96654 92581 96769 96773
9872 2139 2140 2175 2174 96885 96769 92696 96884 96888
9888 2138 2139 2174 2173 97000 96884 92811 96999 97003
9904 2137 2138 2173 2172 97115 96999 92926 97114 97118
9920 2136 2137 2172 2171 97230 97114 93041 97229 97233
9936 2135 2136 2171 2170 97345 97229 93156 97344 97348
9952 2134 2135 2170 2169 97460 97344 93271 97459 97463
9968 2133 2134 2169 2168 97575 97459 93386 97574 97578
9984 2132 2133 2168 2167 97690 97574 93501 97689 97693
10000 2131 2132 2167 2166 97805 97689 93616 97804 97808
10016 2130 2131 2166 2165 97920 97804 93731 97919 97923
10032 2129 2130 2165 2164 98035 97919 93846 98034 98038
10048 2128 2129 2164 2163 98150 98034 93961 98149 98153
10064 2127 2128 2163 2162 98265 98149 94076 98264 98268
10080 2126 2127 2162 2161 98380 98264 94191 98379 98383
10096 2125 2126 2161 2160 98495 98379 94306 98494 98498
10112 2124 2125 2160 2159 98610 98494 94421 98609 98613
10128 2123 2124 2159 2158 98725 98609 94536 98724 98728
10144 2122 2123 2158 2157 98840 98724 94651 98839 98843
10160 2121 2122 2157 2156 98955 98839 94766 98954 98958
10176 2120 2121 2156 2155 99070 98954 94881 99069 99073
10192 2119 2120 2155 2154 99185 99069 94996 99184 99188
10208 2118 2119 2154 2153 99300 99184 95111 99299 99303
10224 2117 2118 2153 2152 99415 99299 95226 99414 99418
10240 2116 2117 2152 2151 99530 99414 95341 99529 99533
10256 2115 2116 2151 2150 99645 99529 95456 99644 99648
10272 2114 2115 2150 2149 99760 99644 95571 99759 99763
10288 2113 2114 2149 2148 99875 99759 95686 99874 99878
10304 2112 2113 2148 2147 99990 99874 95801 99989 99993
10320 2111 2112 2147 2146 100105 99989 95916 100104 100108
10336 2110 2111 2146 2145 100220 100104 96031 100219 100223
10352 2109 2110 2145 2144 100335 100219 96146 100334 100338
10368 1496 2109 2144 1495 100450 100334 96261 100449 100453
10384 2108 1424 1425 2143 100613 100610 96424 100611 100616
10400 2107 2108 2143 2142 100729 100611 96540 100728 100732
10416 2106 2107 2142 2141 100844 100728 96655 100843 100847
10432 2105 2106 2141 2140 100959 100843 96770 100958 100962
10448 2104 2105 2140 2139 101074 100958 96885 101073 101077
10464 2103 2104 2139 2138 101189 101073 97000 101188 101192
10480 2102 2103 2138 2137 101304 101188 97115 101303 101307
10496 2101 2102 2137 2136 101419 101303 97230 101418 101422
10512 2100 2101 2136 2135 101534 101418 97345 101533 101537
10528 2099 2100 2135 2134 101649 101533 97460 101648 101652
10544 2098 2099 2134 2133 101764 101648 97575 101763 101767
10560 2097 2098 2133 2132 101879 101763 97690 101878 101882
10576 2096 2097 2132 2131 101994 101878 97805 101993 101997
10592 2095 2096 2131 2130 102109 101993 97920 102108 102112
10608 2094 2095 2130 2129 102224 102108 98035 102223 102227
10624 2093 2094 2129 2128 102339 102223 98150 102338 102342
10640 2092 2093 2128 2127 102454 102338 98265 102453 102457
10656 2091 2092 2127 2126 102569 102453 98380 102568 102572
10672 2090 2091 2126 2125 102684 102568 98495 102683 102687
10688 2089 2090 2125 2124 102799 102683 98610 102798 102802
10704 2088 2089 2124 2123 102914 102798 98725 102913 102917
10720 2087 2088 2123 2122 103029 102913 98840 103028 103032
10736 2086 2087 2122 2121 103144 103028 98955 103143 103147
10752 2085 2086 2121 2120 103259 103143 99070 103258 103262
10768 2084 2085 2120 2119 103374 103258 99185 103373 103377
10784 2083 2084 2119 2118 103489 103373 99300 103488 103492
10800 2082 2083 2118 2117 103604 103488 99415 103603 103607
10816 2081 2082 2117 2116 103719 103603 99530 103718 103722
10832 2080 2081 2116 2115 103834 103718 99645 103833 103837
10848 2079 2080 2115 2114 103949 103833 99760 103948 103952
10864 2078 2079 2114 2113 104064 103948 99875 104063 104067
10880 2077 2078 2113 2112 104179 104063 99990 104178 104182
10896 2076 2077 2112 2111 104294 104178 100105 104293 104297
10912 2075 2076 2111 2110 104409 104293 100220 104408 104412
10928 2074 2075 2110 2109 104524 104408 100335 104523 104527
10944 1497 2074 2109 1496 104639 104523 100450 104638 104642
10960 2073 1423 1424 2108 104802 104799 100613 104800 104805
10976 2072 2073 2108 2107 104918 104800 100729 104917 104921
10992 2071 2072 2107 2106 105033 104917 100844 105032 105036
11008 2070 2071 2106 2105 105148 105032 100959 105147 105151
11024 2069 2070 2105 2104 105263 105147 101074 105262 105266
11040 2068 2069 2104 2103 105378 105262 101189 105377 105381
11056 2067 2068 2103 2102 105493 105377 101304 105492 105496
11072 2066 2067 2102 2101 105608 105492 101419 105607 105611
11088 2065 2066 2101 2100 105723 105607 101534 105722 105726
11104 2064 2065 2100 2099 105838 105722 101649 105837 105841
11120 2063 2064 2099 2098 105953 105837 101764 105952 105956
11136 2062 2063 2098 2097 106068 105952 101879 106067 106071
11152 2061 2062 2097 2096 106183 106067 101994 106182 106186
11168 2060 2061 2096 2095 106298 106182 102109 106297 106301
11184 2059 2060 2095 2094 106413 106297 102224 106412 106416
11200 2058 2059 2094 2093 106528 106412 102339 106527 106531
11216 2057 2058 2093 2092 106643 106527 102454 106642 106646
11232 2056 2057 2092 2091 106758 106642 102569 106757 106761
11248 2055 2056 2091 2090 106873 106757 102684 106872 106876
11264 2054 2055 2090 2089 106988 106872 102799 106987 106991
11280 2053 2054 2089 2088 107103 106987 102914 107102 107106
11296 2052 2053 2088 2087 107218 107102 103029 107217 107221
11312 2051 2052 2087 2086 107333 107217 103144 107332 107336
11328 2050 2051 2086 2085 107448 107332 103259 107447 107451
11344 2049 2050 2085 2084 107563 107447 103374 107562 107566
11360 2048 2049 2084 2083 107678 107562 103489 107677 107681
11376 2047 2048 2083 2082 107793 107677 103604 107792 107796
11392 2046 2047 2082 2081 107908 107792 103719 107907 107911
11408 2045 2046 2081 2080 108023 107907 103834 108022 108026
11424 2044 2045 2080 2079 108138 108022 103949 108137 108141
11440 2043 2044 2079 2078 108253 108137 104064 108252 108256
11456 2042 2043 2078 2077 108368 108252 104179 108367 108371
11472 2041 2042 2077 2076 108483 108367 104294 108482 108486
11488 2040 2041 2076 2075 108598 108482 104409 108597 108601
11504 2039 2040 2075 2074 108713 108597 104524 108712 108716
11520 1498 2039 2074 1497 108828 108712 104639 108827 108831
11536 2038 1422 1423 2073 108991 108988 104802 108989 108994
11552 2037 2038 2073 2072 109107 108989 104918 109106 109110
11568 2036 2037 2072 2071 109222 109106 105033 109221 109225
11584 2035 2036 2071 2070 109337 109221 105148 109336 109340
11600 2034 2035 2070 2069 109452 109336 105263 109451 109455
11616 2033 2034 2069 2068 109567 109451 105378 109566 109570
11632 2032 2033 2068 2067 109682 109566 105493 109681 109685
11648 2031 2032 2067 2066 109797 109681 105608 109796 109800
11664 2030 2031 2066 2065 109912 109796 105723 109911 109915
11680 2029 2030 2065 2064 110027 109911 105838 110026 110030
11696 2028 2029 2064 2063 110142 110026 105953 110141 110145
11712 2027 2028 2063 2062 110257 110141 106068 110256 110260
11728 2026 2027 2062 2061 110372 110256 106183 110371 110375
11744 2025 2026 2061 2060 110487 110371 106298 110486 110490
11760 2024 2025 2060 2059 110602 110486 106413 110601 110605
11776 2023 2024 2059 2058 110717 110601 106528 110716 110720
11792 2022 2023 2058 2057 110832 110716 106643 110831 110835
11808 2021 2022 2057 2056 110947 110831 106758 110946 110950
11824 2020 2021 2056 2055 111062 110946 106873 111061 111065
11840 2019 2020 2055 2054 111177 111061 106988 111176 111180
11856 2018 2019 2054 2053 111292 111176 107103 111291 111295
11872 2017 2018 2053 2052 111407 111291 107218 111406 111410
11888 2016 2017 2052 2051 111522 111406 107333 111521 111525
11904 2015 2016 2051 2050 111637 111521 107448 111636 111640
11920 2014 2015 2050 2049 111752 111636 107563 111751 111755
11936 2013 2014 2049 2048 111867 111751 107678 111866 111870
11952 2012 2013 2048 2047 111982 111866 107793 111981 111985
11968 2011 2012 2047 2046 112097 111981 107908 112096 112100
11984 2010 2011 2046 2045 112212 112096 108023 112211 112215
12000 2009 2010 2045 2044 112327 112211 108138 112326 112330
12016 2008 2009 2044 2043 112442 112326 108253 112441 112445
12032 2007 2008 2043 2042 112557 112441 108368 112556 112560
12048 2006 2007 2042 2041 112672 112556 108483 112671 112675
12064 2005 2006 2041 2040 112787 112671 108598 112786 112790
12080 2004 2005 2040 2039 112902 112786 108713 112901 112905
12096 1499 2004 2039 1498 113017 112901 108828 113016 113020
12112 2003 1421 1422 2038 113180 113177 108991 113178 113183
12128 2002 2003 2038 2037 113296 113178 109107 113295 113299
12144 2001 2002 2037 2036 113411 113295 109222 113410 113414
12160 2000 2001 2036 2035 113526 113410 109337 113525 113529
12176 1999 2000 2035 2034 113641 113525 109452 113640 113644
12192 1998 1999 2034 2033 113756 113640 109567 113755 113759
12208 1997 1998 2033 2032 113871 113755 109682 113870 113874
12224 1996 1997 2032 2031 113986 113870 109797 113985 113989
12240 1995 1996 2031 2030 114101 113985 109912 114100 114104
12256 1994 1995 2030 2029 114216 114100 110027 114215 114219
12272 1993 1994 2029 2028 114331 114215 110142 114330 114334
12288 1992 1993 2028 2027 114446 114330 110257 114445 114449
12304 1991 1992 2027 2026 114561 114445 110372 114560 114564
12320 1990 1991 2026 2025 114676 114560 110487 114675 114679
12336 1989 1990 2025 2024 114791 114675 110602 114790 114794
12352 1988 1989 2024 2023 114906 114790 110717 114905 114909
12368 1987 1988 2023 2022 115021 114905 110832 115020 115024
12384 1986 1987 2022 2021 115136 115020 110947 115135 115139
12400 1985 1986 2021 2020 115251 115135 111062 115250 115254
12416 1984 1985 2020 2019 115366 115250 111177 115365 115369
12432 1983 1984 2019 2018 115481 115365 111292 115480 115484
12448 1982 1983 2018 2017 115596 115480 111407 115595 115599
12464 1981 1982 2017 2016 115711 115595 111522 115710 115714
12480 1980 1981 2016 2015 115826 115710 111637 115825 115829
12496 1979 1980 2015 2014 115941 115825 111752 115940 115944
12512 1978 1979 2014 2013 116056 115940 111867 116055 116059
12528 1977 1978 2013 2012 116171 116055 111982 116170 116174
12544 1976 1977 2012 2011 116286 116170 112097 116285 116289
12560 1975 1976 2011 2010 116401 116285 112212 116400 116404
12576 1974 1975 2010 2009 116516 116400 112327 116515 116519
12592 1973 1974 2009 2008 116631 116515 112442 116630 116634
12608 1972 1973 2008 2007 116746 116630 112557 116745 116749
12624 1971 1972 2007 2006 116861 116745 112672 116860 116864
12640 1970 1971 2006 2005 116976 116860 112787 116975 116979
12656 1969 1970 2005 2004 117091 116975 112902 117090 117094
12672 1500 1969 2004 1499 117206 117090 113017 117205 117209
12688 1968 1420 1421 2003 117369 117366 113180 117367 117372
12704 1967 1968 2003 2002 117485 117367 113296 117484 117488
12720 1966 1967 2002 2001 117600 117484 113411 117599 117603
12736 1965 1966 2001 2000 117715 117599 113526 117714 117718
12752 1964 1965 2000 1999 117830 117714 113641 117829 117833
12768 1963 1964 1999 1998 117945 117829 113756 117944 117948
12784 1962 1963 1998 1997 118060 117944 113871 118059 118063
12800 1961 1962 1997 1996 118175 118059 113986 118174 118178
12816 1960 1961 1996 1995 118290 118174 114101 118289 118293
12832 1959 1960 1995 1994 118405 118289 114216 118404 118408
12848 1958 1959 1994 1993 118520 118404 114331 118519 118523
12864 1957 1958 1993 1992 118635 118519 114446 118634 118638
12880 1956 1957 1992 1991 118750 118634 114561 118749 118753
12896 1955 1956 1991 1990 118865 118749 114676 118864 118868
12912 1954 1955 1990 1989 118980 118864 114791 118979 118983
12928 1953 1954 1989 1988 119095 118979 114906 119094 119098
12944 1952 1953 1988 1987 119210 119094 115021 119209 119213
12960 1951 1952 1987 1986 119325 119209 115136 119324 119328
12976 1950 1951 1986 1985 119440 119324 115251 119439 119443
12992 1949 1950 1985 1984 119555 119439 115366 119554 119558
13008 1948 1949 1984 1983 119670 119554 115481 119669 119673
13024 1947 1948 1983 1982 119785 119669 115596 119784 119788
13040 1946 1947 1982 1981 119900 119784 115711 119899 119903
13056 1945 1946 1981 1980 120015 119899 115826 120014 120018
13072 1944 1945 1980 1979 120130 120014 115941 120129 120133
13088 1943 1944 1979 1978 120245 120129 116056 120244 120248
13104 1942 1943 1978 1977 120360 120244 116171 120359 120363
13120 1941 1942 1977 1976 120475 120359 116286 120474 120478
13136 1940 1941 1976 1975 120590 120474 116401 120589 120593
13152 1939 1940 1975 1974 120705 120589 116516 120704 120708
13168 1938 1939 1974 1973 120820 120704 116631 120819 120823
13184 1937 1938 1973 1972 120935 120819 116746 120934 120938
13200 1936 1937 1972 1971 121050 120934 116861 121049 121053
13216 1935 1936 1971 1970 121165 121049 116976 121164 121168
13232 1934 1935 1970 1969 121280 121164 117091 121279 121283
13248 1501 1934 1969 1500 121395 121279 117206 121394 121398
13264 1933 1419 1420 1968 121558 121555 117369 121556 121561
13280 1932 1933 1968 1967 121674 121556 117485 121673 121677
13296 1931 1932 1967 1966 121789 121673 117600 121788 121792
13312 1930 1931 1966 1965 121904 121788 117715 121903 121907
13328 1929 1930 1965 1964 122019 121903 117830 122018 122022
13344 1928 1929 1964 1963 122134 122018 117945 122133 122137
13360 1927 1928 1963 1962 122249 122133 118060 122248 122252
13376 1926 1927 1962 1961 122364 122248 118175 122363 122367
13392 1925 1926 1961 1960 122479 122363 118290 122478 122482
13408 1924 1925 1960 1959 122594 122478 118405 122593 122597
13424 1923 1924 1959 1958 122709 122593 118520 122708 122712
13440 1922 1923 1958 1957 122824 122708 118635 122823 122827
13456 1921 1922 1957 1956 122939 122823 118750 122938 122942
13472 1920 1921 1956 1955 123054 122938 118865 123053 123057
13488 1919 1920 1955 1954 123169 123053 118980 123168 123172
13504 1918 1919 1954 1953 123284 123168 119095 123283 123287
13520 1917 1918 1953 1952 123399 123283 119210 123398 123402
13536 1916 1917 1952 1951 123514 123398 119325 123513 123517
13552 1915 1916 1951 1950 123629 123513 119440 123628 123632
13568 1914 1915 1950 1949 123744 123628 119555 123743 123747
13584 1913 1914 1949 1948 123859 123743 119670 123858 123862
13600 1912 1913 1948 1947 123974 123858 119785 123973 123977
13616 1911 1912 1947 1946 124089 123973 119900 124088 124092
13632 1910 1911 1946 1945 124204 124088 120015 124203 124207
13648 1909 1910 1945 1944 124319 124203 120130 124318 124322
13664 1908 1909 1944 1943 124434 124318 120245 124433 124437
13680 1907 1908 1943 1942 124549 124433 120360 124548 124552
13696 1906 1907 1942 1941 124664 124548 120475 124663 124667
13712 1905 1906 1941 1940 124779 124663 120590 124778 124782
13728 1904 1905 1940 1939 124894 124778 120705 124893 124897
13744 1903 1904 1939 1938 125009 124893 120820 125008 125012
13760 1902 1903 1938 1937 125124 125008 120935 125123 125127
13776 1901 1902 1937 1936 125239 125123 121050 125238 125242
13792 1900 1901 1936 1935 125354 125238 121165 125353 125357
13808 1899 1900 1935 1934 125469 125353 121280 125468 125472
13824 1502 1899 1934 1501 125584 125468 121395 125583 125587
13840 1898 1418 1419 1933 125747 125744 121558 125745 125750
13856 1897 1898 1933 1932 125863 125745 121674 125862 125866
13872 1896 1897 1932 1931 125978 125862 121789 125977 125981
13888 1895 1896 1931 1930 126093 125977 121904 126092 126096
13904 1894 1895 1930 1929 126208 126092 122019 126207 126211
13920 1893 1894 1929 1928 126323 126207 122134 126322 126326
13936 1892 1893 1928 1927 126438 126322 122249 126437 126441
13952 1891 1892 1927 1926 126553 126437 122364 126552 126556
13968 1890 1891 1926 1925 126668 126552 122479 126667 126671
13984 1889 1890 1925 1924 126783 126667 122594 126782 126786
14000 1888 1889 1924 1923 126898 126782 122709 126897 126901
14016 1887 1888 1923 1922 127013 126897 122824 127012 127016
14032 1886 1887 1922 1921 127128 127012 122939 127127 127131
14048 1885 1886 1921 1920 127243 127127 123054 127242 127246
14064 1884 1885 1920 1919 127358 127242 123169 127357 127361
14080 1883 1884 1919 1918 127473 127357 123284 127472 127476
14096 1882 1883 1918 1917 127588 127472 123399 127587 127591
14112 1881 1882 1917 1916 127703 127587 123514 127702 127706
14128 1880 1881 1916 1915 127818 127702 123629 127817 127821
14144 1879 1880 1915 1914 127933 127817 123744 127932 127936
14160 1878 1879 1914 1913 128048 127932 123859 128047 128051
14176 1877 1878 1913 1912 128163 128047 123974 128162 128166
14192 1876 1877 1912 1911 128278 128162 124089 128277 128281
14208 1875 1876 1911 1910 128393 128277 124204 128392 128396
14224 1874 1875 1910 1909 128508 128392 124319 128507 128511
14240 1873 1874 1909 1908 128623 128507 124434 128622 128626
14256 1872 1873 1908 1907 128738 128622 124549 128737 128741
14272 1871 1872 1907 1906 128853 128737 124664 128852 128856
14288 1870 1871 1906 1905 128968 128852 124779 128967 128971
14304 1869 1870 1905 1904 129083 128967 124894 129082 129086
14320 1868 1869 1904 1903 129198 129082 125009 129197 129201
14336 1867 1868 1903 1902 129313 129197 125124 129312 129316
14352 1866 1867 1902 1901 129428 129312 125239 129427 129431
14368 1865 1866 1901 1900 129543 129427 125354 129542 129546
14384 1864 1865 1900 1899 129658 129542 125469 129657 129661
14400 1503 1864 1899 1502 129773 129657 125584 129772 129776
14416 1863 1417 1418 1898 129936 129933 125747 129934 129939
14432 1862 1863 1898 1897 130052 129934 125863 130051 130055
14448 1861 1862 1897 1896 130167 130051 125978 130166 130170
14464 1860 1861 1896 1895 130282 130166 126093 130281 130285
14480 1859 1860 1895 1894 130397 130281 126208 130396 130400
14496 1858 1859 1894 1893 130512 130396 126323 130511 130515
14512 1857 1858 1893 1892 130627 130511 126438 130626 130630
14528 1856 1857 1892 1891 130742 130626 126553 130741 130745
14544 1855 1856 1891 1890 130857 130741 126668 130856 130860
14560 1854 1855 1890 1889 130972 130856 126783 130971 130975
14576 1853 1854 1889 1888 131087 130971 126898 131086 131090
14592 1852 1853 1888 1887 131202 131086 127013 131201 131205
14608 1851 1852 1887 1886 131317 131201 127128 131316 131320
14624 1850 1851 1886 1885 131432 131316 127243 131431 131435
14640 1849 1850 1885 1884 131547 131431 127358 131546 131550
14656 1848 1849 1884 1883 131662 131546 127473 131661 131665
14672 1847 1848 1883 1882 131777 131661 127588 131776 131780
14688 1846 1847 1882 1881 131892 131776 127703 131891 131895
14704 1845 1846 1881 1880 132007 131891 127818 132006 132010
14720 1844 1845 1880 1879 132122 132006 127933 132121 132125
14736 1843 1844 1879 1878 132237 132121 128048 132236 132240
14752 1842 1843 1878 1877 132352 132236 128163 132351 132355
14768 1841 1842 1877 1876 132467 132351 128278 132466 132470
14784 1840 1841 1876 1875 132582 132466 128393 132581 132585
14800 1839 1840 1875 1874 132697 132581 128508 132696 132700
14816 1838 1839 1874 1873 132812 132696 128623 132811 132815
14832 1837 1838 1873 1872 132927 132811 128738 132926 132930
14848 1836 1837 1872 1871 133042 132926 128853 133041 133045
14864 1835 1836 1871 1870 133157 133041 128968 133156 133160
14880 1834 1835 1870 1869 133272 133156 129083 133271 133275
14896 1833 1834 1869 1868 133387 133271 129198 133386 133390
14912 1832 1833 1868 1867 133502 133386 129313 133501 133505
14928 1831 1832 1867 1866 133617 133501 129428 133616 133620
14944 1830 1831 1866 1865 133732 133616 129543 133731 133735
14960 1829 1830 1865 1864 133847 133731 129658 133846 133850
14976 1504 1829 1864 1503 133962 133846 129773 133961 133965
14992 1828 1416 1417 1863 134125 134122 129936 134123 134128
15008 1827 1828 1863 1862 134241 134123 130052 134240 134244
15024 1826 1827 1862 1861 134356 134240 130167 134355 134359
15040 1825 1826 1861 1860 134471 134355 130282 134470 134474
15056 1824 1825 1860 1859 134586 134470 130397 134585 134589
15072 1823 1824 1859 1858 134701 134585 130512 134700 134704
15088 1822 1823 1858 1857 134816 134700 130627 134815 134819
15104 1821 1822 1857 1856 134931 134815 130742 134930 134934
15120 1820 1821 1856 1855 135046 134930 130857 135045 135049
15136 1819 1820 1855 1854 135161 135045 130972 135160 135164
15152 1818 1819 1854 1853 135276 135160 131087 135275 135279
15168 1817 1818 1853 1852 135391 135275 131202 135390 135394
15184 1816 1817 1852 1851 135506 135390 131317 135505 135509
15200 1815 1816 1851 1850 135621 135505 131432 135620 135624
15216 1814 1815 1850 1849 135736 135620 131547 135735 135739
15232 1813 1814 1849 1848 135851 135735 131662 135850 135854
15248 1812 1813 1848 1847 135966 135850 131777 135965 135969
15264 1811 1812 1847 1846 136081 135965 131892 136080 136084
15280 1810 1811 1846 1845 136196 136080 132007 136195 136199
15296 1809 1810 1845 1844 136311 136195 132122 136310 136314
15312 1808 1809 1844 1843 136426 136310 132237 136425 136429
15328 1807 1808 1843 1842 136541 136425 132352 136540 136544
15344 1806 1807 1842 1841 136656 136540 132467 136655 136659
15360 1805 1806 1841 1840 136771 136655 132582 136770 136774
15376 1804 1805 1840 1839 136886 136770 132697 136885 136889
15392 1803 1804 1839 1838 137001 136885 132812 137000 137004
15408 1802 1803 1838 1837 137116 137000 132927 137115 137119
15424 1801 1802 1837 1836 137231 137115 133042 137230 137234
15440 1800 1801 1836 1835 137346 137230 133157 137345 137349
15456 1799 1800 1835 1834 137461 137345 133272 137460 137464
15472 1798 1799 1834 1833 137576 137460 133387 137575 137579
15488 1797 1798 1833 1832 137691 137575 133502 137690 137694
15504 1796 1797 1832 1831 137806 137690 133617 137805 137809
15520 1795 1796 1831 1830 137921 137805 133732 137920 137924
15536 1794 1795 1830 1829 138036 137920 133847 138035 138039
15552 1505 1794 1829 1504 138151 138035 133962 138150 138154
15568 1793 1415 1416 1828 138314 138311 134125 138312 138317
15584 1792 1793 1828 1827 138430 138312 134241 138429 138433
15600 1791 1792 1827 1826 138545 138429 134356 138544 138548
15616 1790 1791 1826 1825 138660 138544 134471 138659 138663
15632 1789 1790 1825 1824 138775 138659 134586 138774 138778
15648 1788 1789 1824 1823 138890 138774 134701 138889 138893
15664 1787 1788 1823 1822 139005 138889 134816 139004 139008
15680 1786 1787 1822 1821 139120 139004 134931 139119 139123
15696 1785 1786 1821 1820 139235 139119 135046 139234 139238
15712 1784 1785 1820 1819 139350 139234 135161 139349 139353
15728 1783 1784 1819 1818 139465 139349 135276 139464 139468
15744 1782 1783 1818 1817 139580 139464 135391 139579 139583
15760 1781 1782 1817 1816 139695 139579 135506 139694 139698
15776 1780 1781 1816 1815 139810 139694 135621 139809 139813
15792 1779 1780 1815 1814 139925 139809 135736 139924 139928
15808 1778 1779 1814 1813 140040 139924 135851 140039 140043
15824 1777 1778 1813 1812 140155 140039 135966 140154 140158
15840 1776 1777 1812 1811 140270 140154 136081 140269 140273
15856 1775 1776 1811 1810 140385 140269 136196 140384 140388
15872 1774 1775 1810 1809 140500 140384 136311 140499 140503
15888 1773 1774 1809 1808 140615 140499 136426 140614 140618
15904 1772 1773 1808 1807 140730 140614 136541 140729 140733
15920 1771 1772 1807 1806 140845 140729 136656 140844 140848
15936 1770 1771 1806 1805 140960 140844 136771 140959 140963
15952 1769 1770 1805 1804 141075 140959 136886 141074 141078
15968 1768 1769 1804 1803 141190 141074 137001 141189 141193
15984 1767 1768 1803 1802 141305 141189 137116 141304 141308
16000 1766 1767 1802 1801 141420 141304 137231 141419 141423
16016 1765 1766 1801 1800 141535 141419 137346 141534 141538
16032 1764 1765 1800 1799 141650 141534 137461 141649 141653
16048 1763 1764 1799 1798 141765 141649 137576 141764 141768
16064 1762 1763 1798 1797 141880 141764 137691 141879 141883
16080 1761 1762 1797 1796 141995 141879 137806 141994 141998
16096 1760 1761 1796 1795 142110 141994 137921 142109 142113
16112 1759 1760 1795 1794 142225 142109 138036 142224 142228
16128 1506 1759 1794 1505 142340 142224 138151 142339 142343
16144 1758 1414 1415 1793 142503 142500 138314 142501 142506
16160 1757 1758 1793 1792 142619 142501 138430 142618 142622
16176 1756 1757 1792 1791 142734 142618 138545 142733 142737
16192 1755 1756 1791 1790 142849 142733 138660 142848 142852
16208 1754 1755 1790 1789 142964 142848 138775 142963 142967
16224 1753 1754 1789 1788 143079 142963 138890 143078 143082
16240 1752 1753 1788 1787 143194 143078 139005 143193 143197
16256 1751 1752 1787 1786 143309 143193 139120 143308 143312
16272 1750 1751 1786 1785 143424 143308 139235 143423 143427
16288 1749 1750 1785 1784 143539 143423 139350 143538 143542
16304 1748 1749 1784 1783 143654 143538 139465 143653 143657
16320 1747 1748 1783 1782 143769 143653 139580 143768 143772
16336 1746 1747 1782 1781 143884 143768 139695 143883 143887
16352 1745 1746 1781 1780 143999 143883 139810 143998 144002
16368 1744 1745 1780 1779 144114 143998 139925 144113 144117
16384 1743 1744 1779 1778 144229 144113 140040 144228 144232
16400 1742 1743 1778 1777 144344 144228 140155 144343 144347
16416 1741 1742 1777 1776 144459 144343 140270 144458 144462
16432 1740 1741 1776 1775 144574 144458 140385 144573 144577
16448 1739 1740 1775 1774 144689 144573 140500 144688 144692
16464 1738 1739 1774 1773 144804 144688 140615 144803 144807
16480 1737 1738 1773 1772 144919 144803 140730 144918 144922
16496 1736 1737 1772 1771 145034 144918 140845 145033 145037
16512 1735 1736 1771 1770 145149 145033 140960 145148 145152
16528 1734 1735 1770 1769 145264 145148 141075 145263 145267
16544 1733 1734 1769 1768 145379 145263 141190 145378 145382
16560 1732 1733 1768 1767 145494 145378 141305 145493 145497
16576 1731 1732 1767 1766 145609 145493 141420 145608 145612
16592 1730 1731 1766 1765 145724 145608 141535 145723 145727
16608 1729 1730 1765 1764 145839 145723 141650 145838 145842
16624 1728 1729 1764 1763 145954 145838 141765 145953 145957
16640 1727 1728 1763 1762 146069 145953 141880 146068 146072
16656 1726 1727 1762 1761 146184 146068 141995 146183 146187
16672 1725 1726 1761 1760 146299 146183 142110 146298 146302
16688 1724 1725 1760 1759 146414 146298 142225 146413 146417
16704 1507 1724 1759 1506 146529 146413 142340 146528 146532
16720 1723 1413 1414 1758 146692 146689 142503 146690 146695
16736 1722 1723 1758 1757 146808 146690 142619 146807 146811
16752 1721 1722 1757 1756 146923 146807 142734 146922 146926
16768 1720 1721 1756 1755 147038 146922 142849 147037 147041
16784 1719 1720 1755 1754 147153 147037 142964 147152 147156
16800 1718 1719 1754 1753 147268 147152 143079 147267 147271
16816 1717 1718 1753 1752 147383 147267 143194 147382 147386
16832 1716 1717 1752 1751 147498 147382 143309 147497 147501
16848 1715 1716 1751 1750 147613 147497 143424 147612 147616
16864 1714 1715 1750 1749 147728 147612 143539 147727 147731
16880 1713 1714 1749 1748 147843 147727 143654 147842 147846
16896 1712 1713 1748 1747 147958 147842 143769 147957 147961
16912 1711 1712 1747 1746 148073 147957 143884 148072 148076
16928 1710 1711 1746 1745 148188 148072 143999 148187 148191
16944 1709 1710 1745 1744 148303 148187 144114 148302 148306
16960 1708 1709 1744 1743 148418 148302 144229 148417 148421
16976 1707 1708 1743 1742 148533 148417 144344 148532 148536
16992 1706 1707 1742 1741 148648 148532 144459 148647 148651
17008 1705 1706 1741 1740 148763 148647 144574 148762 148766
17024 1704 1705 1740 1739 148878 148762 144689 148877 148881
17040 1703 1704 1739 1738 148993 148877 144804 148992 148996
17056 1702 1703 1738 1737 149108 148992 144919 149107 149111
17072 1701 1702 1737 1736 149223 149107 145034 149222 149226
17088 1700 1701 1736 1735 149338 149222 145149 149337 149341
17104 1699 1700 1735 1734 149453 149337 145264 149452 149456
17120 1698 1699 1734 1733 149568 149452 145379 149567 149571
17136 1697 1698 1733 1732 149683 149567 145494 149682 149686
17152 1696 1697 1732 1731 149798 149682 145609 149797 149801
17168 1695 1696 1731 1730 149913 149797 145724 149912 149916
17184 1694 1695 1730 1729 150028 149912 145839 150027 150031
17200 1693 1694 1729 1728 150143 150027 145954 150142 150146
17216 1692 1693 1728 1727 150258 150142 146069 150257 150261
17232 1691 1692 1727 1726 150373 150257 146184 150372 150376
17248 1690 1691 1726 1725 150488 150372 146299 150487 150491
17264 1689 1690 1725 1724 150603 150487 146414 150602 150606
17280 1508 1689 1724 1507 150718 150602 146529 150717 150721
17296 1688 1412 1413 1723 150881 150878 146692 150879 150884
17312 1687 1688 1723 1722 150997 150879 146808 150996 151000
17328 1686 1687 1722 1721 151112 150996 146923 151111 151115
17344 1685 1686 1721 1720 151227 151111 147038 151226 151230
17360 1684 1685 1720 1719 151342 151226 147153 151341 151345
17376 1683 1684 1719 1718 151457 151341 147268 151456 151460
17392 1682 1683 1718 1717 151572 151456 147383 151571 151575
17408 1681 1682 1717 1716 151687 151571 147498 151686 151690
17424 1680 1681 1716 1715 151802 151686 147613 151801 151805
17440 1679 1680 1715 1714 151917 151801 147728 151916 151920
17456 1678 1679 1714 1713 152032 151916 147843 152031 152035
17472 1677 1678 1713 1712 152147 152031 147958 152146 152150
17488 1676 1677 1712 1711 152262 152146 148073 152261 152265
17504 1675 1676 1711 1710 152377 152261 148188 152376 152380
17520 1674 1675 1710 1709 152492 152376 148303 152491 152495
17536 1673 1674 1709 1708 152607 152491 148418 152606 152610
17552 1672 1673 1708 1707 152722 152606 148533 152721 152725
17568 1671 1672 1707 1706 152837 152721 148648 152836 152840
17584 1670 1671 1706 1705 152952 152836 148763 152951 152955
17600 1669 1670 1705 1704 153067 152951 148878 153066 153070
17616 1668 1669 1704 1703 153182 153066 148993 153181 153185
17632 1667 1668 1703 1702 153297 153181 149108 153296 153300
17648 1666 1667 1702 1701 153412 153296 149223 153411 153415
17664 1665 1666 1701 1700 153527 153411 149338 153526 153530
17680 1664 1665 1700 1699 153642 153526 149453 153641 153645
17696 1663 1664 1699 1698 153757 153641 149568 153756 153760
17712 1662 1663 1698 1697 153872 153756 149683 153871 153875
17728 1661 1662 1697 1696 153987 153871 149798 153986 153990
17744 1660 1661 1696 1695 154102 153986 149913 154101 154105
17760 1659 1660 1695 1694 154217 154101 150028 154216 154220
17776 1658 1659 1694 1693 154332 154216 150143 154331 154335
17792 1657 1658 1693 1692 154447 154331 150258 154446 154450
17808 1656 1657 1692 1691 154562 154446 150373 154561 154565
17824 1655 1656 1691 1690 154677 154561 150488 154676 154680
17840 1654 1655 1690 1689 154792 154676 150603 154791 154795
17856 1509 1654 1689 1508 154907 154791 150718 154906 154910
17872 1653 1411 1412 1688 155070 155067 150881 155068 155073
17888 1652 1653 1688 1687 155186 155068 150997 155185 155189
17904 1651 1652 1687 1686 155301 155185 151112 155300 155304
17920 1650 1651 1686 1685 155416 155300 151227 155415 155419
17936 1649 1650 1685 1684 155531 155415 151342 155530 155534
17952 1648 1649 1684 1683 155646 155530 151457 155645 155649
17968 1647 1648 1683 1682 155761 155645 151572 155760 155764
17984 1646 1647 1682 1681 155876 155760 151687 155875 155879
18000 1645 1646 1681 1680 155991 155875 151802 155990 155994
18016 1644 1645 1680 1679 156106 155990 151917 156105 156109
18032 1643 1644 1679 1678 156221 156105 152032 156220 156224
18048 1642 1643 1678 1677 156336 156220 152147 156335 156339
18064 1641 1642 1677 1676 156451 156335 152262 156450 156454
18080 1640 1641 1676 1675 156566 156450 152377 156565 156569
18096 1639 1640 1675 1674 156681 156565 152492 156680 156684
18112 1638 1639 1674 1673 156796 156680 152607 156795 156799
18128 1637 1638 1673 1672 156911 156795 152722 156910 156914
18144 1636 1637 1672 1671 157026 156910 152837 157025 157029
18160 1635 1636 1671 1670 157141 157025 152952 157140 157144
18176 1634 1635 1670 1669 157256 157140 153067 157255 157259
18192 1633 1634 1669 1668 157371 157255 153182 157370 157374
18208 1632 1633 1668 1667 157486 157370 153297 157485 157489
18224 1631 1632 1667 1666 157601 157485 153412 157600 157604
18240 1630 1631 1666 1665 157716 157600 153527 157715 157719
18256 1629 1630 1665 1664 157831 157715 153642 157830 157834
18272 1628 1629 1664 1663 157946 157830 153757 157945 157949
18288 1627 1628 1663 1662 158061 157945 153872 158060 158064
18304 1626 1627 1662 1661 158176 158060 153987 158175 158179
18320 1625 1626 1661 1660 158291 158175 154102 158290 158294
18336 1624 1625 1660 1659 158406 158290 154217 158405 158409
18352 1623 1624 1659 1658 158521 158405 154332 158520 158524
18368 1622 1623 1658 1657 158636 158520 154447 158635 158639
18384 1621 1622 1657 1656 158751 158635 154562 158750 158754
18400 1620 1621 1656 1655 158866 158750 154677 158865 158869
18416 1619 1620 1655 1654 158981 158865 154792 158980 158984
18432 1510 1619 1654 1509 159096 158980 154907 159095 159099
18448 1618 1410 1411 1653 159259 159256 155070 159257 159262
18464 1617 1618 1653 1652 159375 159257 155186 159374 159378
18480 1616 1617 1652 1651 159490 159374 155301 159489 159493
18496 1615 1616 1651 1650 159605 159489 155416 159604 159608
18512 1614 1615 1650 1649 159720 159604 155531 159719 159723
18528 1613 1614 1649 1648 159835 159719 155646 159834 159838
18544 1612 1613 1648 1647 159950 159834 155761 159949 159953
18560 1611 1612 1647 1646 160065 159949 155876 160064 160068
18576 1610 1611 1646 1645 160180 160064 155991 160179 160183
18592 1609 1610 1645 1644 160295 160179 156106 160294 160298
18608 1608 1609 1644 1643 160410 160294 156221 160409 160413
18624 1607 1608 1643 1642 160525 160409 156336 160524 160528
18640 1606 1607 1642 1641 160640 160524 156451 160639 160643
18656 1605 1606 1641 1640 160755 160639 156566 160754 160758
18672 1604 1605 1640 1639 160870 160754 156681 160869 160873
18688 1603 1604 1639 1638 160985 160869 156796 160984 160988
18704 1602 1603 1638 1637 161100 160984 156911 161099 161103
18720 1601 1602 1637 1636 161215 161099 157026 161214 161218
18736 1600 1601 1636 1635 161330 161214 157141 161329 161333
18752 1599 1600 1635 1634 161445 161329 157256 161444 161448
18768 1598 1599 1634 1633 161560 161444 157371 161559 161563
18784 1597 1598 1633 1632 161675 161559 157486 161674 161678
18800 1596 1597 1632 1631 161790 161674 157601 161789 161793
18816 1595 1596 1631 1630 161905 161789 157716 161904 161908
18832 1594 1595 1630 1629 162020 161904 157831 162019 162023
18848 1593 1594 1629 1628 162135 162019 157946 162134 162138
18864 1592 1593 1628 1627 162250 162134 158061 162249 162253
18880 1591 1592 1627 1626 162365 162249 158176 162364 162368
18896 1590 1591 1626 1625 162480 162364 158291 162479 162483
18912 1589 1590 1625 1624 162595 162479 158406 162594 162598
18928 1588 1589 1624 1623 162710 162594 158521 162709 162713
18944 1587 1588 1623 1622 162825 162709 158636 162824 162828
18960 1586 1587 1622 1621 162940 162824 158751 162939 162943
18976 1585 1586 1621 1620 163055 162939 158866 163054 163058
18992 1584 1585 1620 1619 163170 163054 158981 163169 163173
19008 1511 1584 1619 1510 163285 163169 159096 163284 163288
19024 1583 1409 1410 1618 163448 163445 159259 163446 163451
19040 1582 1583 1618 1617 163564 163446 159375 163563 163567
19056 1581 1582 1617 1616 163679 163563 159490 163678 163682
19072 1580 1581 1616 1615 163794 163678 159605 163793 163797
19088 1579 1580 1615 1614 163909 163793 159720 163908 163912
19104 1578 1579 1614 1613 164024 163908 159835 164023 164027
19120 1577 1578 1613 1612 164139 164023 159950 164138 164142
19136 1576 1577 1612 1611 164254 164138 160065 164253 164257
19152 1575 1576 1611 1610 164369 164253 160180 164368 164372
19168 1574 1575 1610 1609 164484 164368 160295 164483 164487
19184 1573 1574 1609 1608 164599 164483 160410 164598 164602
19200 1572 1573 1608 1607 164714 164598 160525 164713 164717
19216 1571 1572 1607 1606 164829 164713 160640 164828 164832
19232 1570 1571 1606 1605 164944 164828 160755 164943 164947
19248 1569 1570 1605 1604 165059 164943 160870 165058 165062
19264 1568 1569 1604 1603 165174 165058 160985 165173 165177
19280 1567 1568 1603 1602 165289 165173 161100 165288 165292
19296 1566 1567 1602 1601 165404 165288 161215 165403 165407
19312 1565 1566 1601 1600 165519 165403 161330 165518 165522
19328 1564 1565 1600 1599 165634 165518 161445 165633 165637
19344 1563 1564 1599 1598 165749 165633 161560 165748 165752
19360 1562 1563 1598 1597 165864 165748 161675 165863 165867
19376 1561 1562 1597 1596 165979 165863 161790 165978 165982
19392 1560 1561 1596 1595 166094 165978 161905 166093 166097
19408 1559 1560 1595 1594 166209 166093 162020 166208 166212
19424 1558 1559 1594 1593 166324 166208 162135 166323 166327
19440 1557 1558 1593 1592 166439 166323 162250 166438 166442
19456 1556 1557 1592 1591 166554 166438 162365 166553 166557
19472 1555 1556 1591 1590 166669 166553 162480 166668 166672
19488 1554 1555 1590 1589 166784 166668 162595 166783 166787
19504 1553 1554 1589 1588 166899 166783 162710 166898 166902
19520 1552 1553 1588 1587 167014 166898 162825 167013 167017
19536 1551 1552 1587 1586 167129 167013 162940 167128 167132
19552 1550 1551 1586 1585 167244 167128 163055 167243 167247
19568 1549 1550 1585 1584 167359 167243 163170 167358 167362
19584 1512 1549 1584 1511 167474 167358 163285 167473 167477
19600 1548 1408 1409 1583 167637 167634 163448 167635 167640
19616 1547 1548 1583 1582 167753 167635 163564 167752 167756
19632 1546 1547 1582 1581 167868 167752 163679 167867 167871
19648 1545 1546 1581 1580 167983 167867 163794 167982 167986
19664 1544 1545 1580 1579 168098 167982 163909 168097 168101
19680 1543 1544 1579 1578 168213 168097 164024 168212 168216
19696 1542 1543 1578 1577 168328 168212 164139 168327 168331
19712 1541 1542 1577 1576 168443 168327 164254 168442 168446
19728 1540 1541 1576 1575 168558 168442 164369 168557 168561
19744 1539 1540 1575 1574 168673 168557 164484 168672 168676
19760 1538 1539 1574 1573 168788 168672 164599 168787 168791
19776 1537 1538 1573 1572 168903 168787 164714 168902 168906
19792 1536 1537 1572 1571 169018 168902 164829 169017 169021
19808 1535 1536 1571 1570 169133 169017 164944 169132 169136
19824 1534 1535 1570 1569 169248 169132 165059 169247 169251
19840 1533 1534 1569 1568 169363 169247 165174 169362 169366
19856 1532 1533 1568 1567 169478 169362 165289 169477 169481
19872 1531 1532 1567 1566 169593 169477 165404 169592 169596
19888 1530 1531 1566 1565 169708 169592 165519 169707 169711
19904 1529 1530 1565 1564 169823 169707 165634 169822 169826
19920 1528 1529 1564 1563 169938 169822 165749 169937 169941
19936 1527 1528 1563 1562 170053 169937 165864 170052 170056
19952 1526 1527 1562 1561 170168 170052 165979 170167 170171
19968 1525 1526 1561 1560 170283 170167 166094 170282 170286
19984 1524 1525 1560 1559 170398 170282 166209 170397 170401
20000 1523 1524 1559 1558 170513 170397 166324 170512 170516
20016 1522 1523 1558 1557 170628 170512 166439 170627 170631
20032 1521 1522 1557 1556 170743 170627 166554 170742 170746
20048 1520 1521 1556 1555 170858 170742 166669 170857 170861
20064 1519 1520 1555 1554 170973 170857 166784 170972 170976
20080 1518 1519 1554 1553 171088 170972 166899 171087 171091
20096 1517 1518 1553 1552 171203 171087 167014 171202 171206
20112 1516 1517 1552 1551 171318 171202 167129 171317 171321
20128 1515 1516 1551 1550 171433 171317 167244 171432 171436
20144 1514 1515 1550 1549 171548 171432 167359 171547 171551
20160 1513 1514 1549 1512 171663 171547 167474 171662 171666
20176 1406 1371 1408 1548 171826 171823 167637 171824 171829
20192 1405 1406 1548 1547 171942 171824 167753 171941 171945
20208 1404 1405 1547 1546 172057 171941 167868 172056 172060
20224 1403 1404 1546 1545 172172 172056 167983 172171 172175
20240 1402 1403 1545 1544 172287 172171 168098 172286 172290
20256 1401 1402 1544 1543 172402 172286 168213 172401 172405
20272 1400 1401 1543 1542 172517 172401 168328 172516 172520
20288 1399 1400 1542 1541 172632 172516 168443 172631 172635
20304 1398 1399 1541 1540 172747 172631 168558 172746 172750
20320 1397 1398 1540 1539 172862 172746 168673 172861 172865
20336 1396 1397 1539 1538 172977 172861 168788 172976 172980
20352 1395 1396 1538 1537 173092 172976 168903 173091 173095
20368 1394 1395 1537 1536 173207 173091 169018 173206 173210
20384 1393 1394 1536 1535 173322 173206 169133 173321 173325
20400 1392 1393 1535 1534 173437 173321 169248 173436 173440
20416 1391 1392 1534 1533 173552 173436 169363 173551 173555
20432 1390 1391 1533 1532 173667 173551 169478 173666 173670
20448 1389 1390 1532 1531 173782 173666 169593 173781 173785
20464 1388 1389 1531 1530 173897 173781 169708 173896 173900
20480 1387 1388 1530 1529 174012 173896 169823 174011 174015
20496 1386 1387 1529 1528 174127 174011 169938 174126 174130
20512 1385 1386 1528 1527 174242 174126 170053 174241 174245
20528 1384 1385 1527 1526 174357 174241 170168 174356 174360
20544 1383 1384 1526 1525 174472 174356 170283 174471 174475
20560 1382 1383 1525 1524 174587 174471 170398 174586 174590
20576 1381 1382 1524 1523 174702 174586 170513 174701 174705
20592 1380 1381 1523 1522 174817 174701 170628 174816 174820
20608 1379 1380 1522 1521 174932 174816 170743 174931 174935
20624 1378 1379 1521 1520 175047 174931 170858 175046 175050
20640 1377 1378 1520 1519 175162 175046 170973 175161 175165
20656 1376 1377 1519 1518 175277 175161 171088 175276 175280
20672 1375 1376 1518 1517 175392 175276 171203 175391 175395
20688 1374 1375 1517 1516 175507 175391 171318 175506 175510
20704 1373 1374 1516 1515 175622 175506 171433 175621 175625
20720 1372 1373 1515 1514 175737 175621 171548 175736 175740
20736 1370 1372 1514 1513 175852 175736 171663 175851 175855
