1296
1 110 1335 109 74 23285 23281 23277 23278 23288
17 1335 1336 108 109 23510 23507 23505 23281 23513
33 1336 1337 107 108 23674 23671 23669 23507 23677
49 1337 1338 106 107 23838 23835 23833 23671 23841
65 1338 1339 105 106 24002 23999 23997 23835 24005
81 1339 1340 104 105 24166 24163 24161 23999 24169
97 1340 1341 103 104 24330 24327 24325 24163 24333
113 1341 1342 102 103 24494 24491 24489 24327 24497
129 1342 1343 101 102 24658 24655 24653 24491 24661
145 1343 1344 100 101 24822 24819 24817 24655 24825
161 1344 1345 99 100 24986 24983 24981 24819 24989
177 1345 1346 98 99 25150 25147 25145 24983 25153
193 1346 1347 97 98 25314 25311 25309 25147 25317
209 1347 1348 96 97 25478 25475 25473 25311 25481
225 1348 1349 95 96 25642 25639 25637 25475 25645
241 1349 1350 94 95 25806 25803 25801 25639 25809
257 1350 1351 93 94 25970 25967 25965 25803 25973
273 1351 1352 92 93 26134 26131 26129 25967 26137
289 1352 1353 91 92 26298 26295 26293 26131 26301
305 1353 1354 90 91 26462 26459 26457 26295 26465
321 1354 1355 89 90 26626 26623 26621 26459 26629
337 1355 1356 88 89 26790 26787 26785 26623 26793
353 1356 1357 87 88 26954 26951 26949 26787 26957
369 1357 1358 86 87 27118 27115 27113 26951 27121
385 1358 1359 85 86 27282 27279 27277 27115 27285
401 1359 1360 84 85 27446 27443 27441 27279 27449
417 1360 1361 83 84 27610 27607 27605 27443 27613
433 1361 1362 82 83 27774 27771 27769 27607 27777
449 1362 1363 81 82 27938 27935 27933 27771 27941
465 1363 1364 80 81 28102 28099 28097 27935 28105
481 1364 1365 79 80 28266 28263 28261 28099 28269
497 1365 1366 78 79 28430 28427 28425 28263 28433
513 1366 1367 77 78 28594 28591 28589 28427 28597
529 1367 1368 76 77 28758 28755 28753 28591 28761
545 1368 1369 75 76 28922 28919 28917 28755 28925
561 1369 73 38 75 29086 29083 29081 28919 29089
577 111 1300 1335 110 29250 29246 23285 29243 29252
593 1300 1301 1336 1335 29411 29408 23510 29246 29413
609 1301 1302 1337 1336 29526 29523 23674 29408 29528
625 1302 1303 1338 1337 29641 29638 23838 29523 29643
641 1303 1304 1339 1338 29756 29753 24002 29638 29758
657 1304 1305 1340 1339 29871 29868 24166 29753 29873
673 1305 1306 1341 1340 29986 29983 24330 29868 29988
689 1306 1307 1342 1341 30101 30098 24494 29983 30103
705 1307 1308 1343 1342 30216 30213 24658 30098 30218
721 1308 1309 1344 1343 30331 30328 24822 30213 30333
737 1309 1310 1345 1344 30446 30443 24986 30328 30448
753 1310 1311 1346 1345 30561 30558 25150 30443 30563
769 1311 1312 1347 1346 30676 30673 25314 30558 30678
785 1312 1313 1348 1347 30791 30788 25478 30673 30793
801 1313 1314 1349 1348 30906 30903 25642 30788 30908
817 1314 1315 1350 1349 31021 31018 25806 30903 31023
833 1315 1316 1351 1350 31136 31133 25970 31018 31138
849 1316 1317 1352 1351 31251 31248 26134 31133 31253
865 1317 1318 1353 1352 31366 31363 26298 31248 31368
881 1318 1319 1354 1353 31481 31478 26462 31363 31483
897 1319 1320 1355 1354 31596 31593 26626 31478 31598
913 1320 1321 1356 1355 31711 31708 26790 31593 31713
929 1321 1322 1357 1356 31826 31823 26954 31708 31828
945 1322 1323 1358 1357 31941 31938 27118 31823 31943
961 1323 1324 1359 1358 32056 32053 27282 31938 32058
977 1324 1325 1360 1359 32171 32168 27446 32053 32173
993 1325 1326 1361 1360 32286 32283 27610 32168 32288
1009 1326 1327 1362 1361 32401 32398 27774 32283 32403
1025 1327 1328 1363 1362 32516 32513 27938 32398 32518
1041 1328 1329 1364 1363 32631 32628 28102 32513 32633
1057 1329 1330 1365 1364 32746 32743 28266 32628 32748
1073 1330 1331 1366 1365 32861 32858 28430 32743 32863
1089 1331 1332 1367 1366 32976 32973 28594 32858 32978
1105 1332 1333 1368 1367 33091 33088 28758 32973 33093
1121 1333 1334 1369 1368 33206 33203 28922 33088 33208
1137 1334 72 73 1369 33321 33318 29086 33203 33323
1153 112 1265 1300 111 33439 33435 29250 33432 33441
1169 1265 1266 1301 1300 33600 33597 29411 33435 33602
1185 1266 1267 1302 1301 33715 33712 29526 33597 33717
1201 1267 1268 1303 1302 33830 33827 29641 33712 33832
1217 1268 1269 1304 1303 33945 33942 29756 33827 33947
1233 1269 1270 1305 1304 34060 34057 29871 33942 34062
1249 1270 1271 1306 1305 34175 34172 29986 34057 34177
1265 1271 1272 1307 1306 34290 34287 30101 34172 34292
1281 1272 1273 1308 1307 34405 34402 30216 34287 34407
1297 1273 1274 1309 1308 34520 34517 30331 34402 34522
1313 1274 1275 1310 1309 34635 34632 30446 34517 34637
1329 1275 1276 1311 1310 34750 34747 30561 34632 34752
1345 1276 1277 1312 1311 34865 34862 30676 34747 34867
1361 1277 1278 1313 1312 34980 34977 30791 34862 34982
1377 1278 1279 1314 1313 35095 35092 30906 34977 35097
1393 1279 1280 1315 1314 35210 35207 31021 35092 35212
1409 1280 1281 1316 1315 35325 35322 31136 35207 35327
1425 1281 1282 1317 1316 35440 35437 31251 35322 35442
1441 1282 1283 1318 1317 35555 35552 31366 35437 35557
1457 1283 1284 1319 1318 35670 35667 31481 35552 35672
1473 1284 1285 1320 1319 35785 35782 31596 35667 35787
1489 1285 1286 1321 1320 35900 35897 31711 35782 35902
1505 1286 1287 1322 1321 36015 36012 31826 35897 36017
1521 1287 1288 1323 1322 36130 36127 31941 36012 36132
1537 1288 1289 1324 1323 36245 36242 32056 36127 36247
1553 1289 1290 1325 1324 36360 36357 32171 36242 36362
1569 1290 1291 1326 1325 36475 36472 32286 36357 36477
1585 1291 1292 1327 1326 36590 36587 32401 36472 36592
1601 1292 1293 1328 1327 36705 36702 32516 36587 36707
1617 1293 1294 1329 1328 36820 36817 32631 36702 36822
1633 1294 1295 1330 1329 36935 36932 32746 36817 36937
1649 1295 1296 1331 1330 37050 37047 32861 36932 37052
1665 1296 1297 1332 1331 37165 37162 32976 37047 37167
1681 1297 1298 1333 1332 37280 37277 33091 37162 37282
1697 1298 1299 1334 1333 37395 37392 33206 37277 37397
1713 1299 71 72 1334 37510 37507 33321 37392 37512
1729 113 1230 1265 112 37628 37624 33439 37621 37630
1745 1230 1231 1266 1265 37789 37786 33600 37624 37791
1761 1231 1232 1267 1266 37904 37901 33715 37786 37906
1777 1232 1233 1268 1267 38019 38016 33830 37901 38021
1793 1233 1234 1269 1268 38134 38131 33945 38016 38136
1809 1234 1235 1270 1269 38249 38246 34060 38131 38251
1825 1235 1236 1271 1270 38364 38361 34175 38246 38366
1841 1236 1237 1272 1271 38479 38476 34290 38361 38481
1857 1237 1238 1273 1272 38594 38591 34405 38476 38596
1873 1238 1239 1274 1273 38709 38706 34520 38591 38711
1889 1239 1240 1275 1274 38824 38821 34635 38706 38826
1905 1240 1241 1276 1275 38939 38936 34750 38821 38941
1921 1241 1242 1277 1276 39054 39051 34865 38936 39056
1937 1242 1243 1278 1277 39169 39166 34980 39051 39171
1953 1243 1244 1279 1278 39284 39281 35095 39166 39286
1969 1244 1245 1280 1279 39399 39396 35210 39281 39401
1985 1245 1246 1281 1280 39514 39511 35325 39396 39516
2001 1246 1247 1282 1281 39629 39626 35440 39511 39631
2017 1247 1248 1283 1282 39744 39741 35555 39626 39746
2033 1248 1249 1284 1283 39859 39856 35670 39741 39861
2049 1249 1250 1285 1284 39974 39971 35785 39856 39976
2065 1250 1251 1286 1285 40089 40086 35900 39971 40091
2081 1251 1252 1287 1286 40204 40201 36015 40086 40206
2097 1252 1253 1288 1287 40319 40316 36130 40201 40321
2113 1253 1254 1289 1288 40434 40431 36245 40316 40436
2129 1254 1255 1290 1289 40549 40546 36360 40431 40551
2145 1255 1256 1291 1290 40664 40661 36475 40546 40666
2161 1256 1257 1292 1291 40779 40776 36590 40661 40781
2177 1257 1258 1293 1292 40894 40891 36705 40776 40896
2193 1258 1259 1294 1293 41009 41006 36820 40891 41011
2209 1259 1260 1295 1294 41124 41121 36935 41006 41126
2225 1260 1261 1296 1295 41239 41236 37050 41121 41241
2241 1261 1262 1297 1296 41354 41351 37165 41236 41356
2257 1262 1263 1298 1297 41469 41466 37280 41351 41471
2273 1263 1264 1299 1298 41584 41581 37395 41466 41586
2289 1264 70 71 1299 41699 41696 37510 41581 41701
2305 114 1195 1230 113 41817 41813 37628 41810 41819
2321 1195 1196 1231 1230 41978 41975 37789 41813 41980
2337 1196 1197 1232 1231 42093 42090 37904 41975 42095
2353 1197 1198 1233 1232 42208 42205 38019 42090 42210
2369 1198 1199 1234 1233 42323 42320 38134 42205 42325
2385 1199 1200 1235 1234 42438 42435 38249 42320 42440
2401 1200 1201 1236 1235 42553 42550 38364 42435 42555
2417 1201 1202 1237 1236 42668 42665 38479 42550 42670
2433 1202 1203 1238 1237 42783 42780 38594 42665 42785
2449 1203 1204 1239 1238 42898 42895 38709 42780 42900
2465 1204 1205 1240 1239 43013 43010 38824 42895 43015
2481 1205 1206 1241 1240 43128 43125 38939 43010 43130
2497 1206 1207 1242 1241 43243 43240 39054 43125 43245
2513 1207 1208 1243 1242 43358 43355 39169 43240 43360
2529 1208 1209 1244 1243 43473 43470 39284 43355 43475
2545 1209 1210 1245 1244 43588 43585 39399 43470 43590
2561 1210 1211 1246 1245 43703 43700 39514 43585 43705
2577 1211 1212 1247 1246 43818 43815 39629 43700 43820
2593 1212 1213 1248 1247 43933 43930 39744 43815 43935
2609 1213 1214 1249 1248 44048 44045 39859 43930 44050
2625 1214 1215 1250 1249 44163 44160 39974 44045 44165
2641 1215 1216 1251 1250 44278 44275 40089 44160 44280
2657 1216 1217 1252 1251 44393 44390 40204 44275 44395
2673 1217 1218 1253 1252 44508 44505 40319 44390 44510
2689 1218 1219 1254 1253 44623 44620 40434 44505 44625
2705 1219 1220 1255 1254 44738 44735 40549 44620 44740
2721 1220 1221 1256 1255 44853 44850 40664 44735 44855
2737 1221 1222 1257 1256 44968 44965 40779 44850 44970
2753 1222 1223 1258 1257 45083 45080 40894 44965 45085
2769 1223 1224 1259 1258 45198 45195 41009 45080 45200
2785 1224 1225 1260 1259 45313 45310 41124 45195 45315
2801 1225 1226 1261 1260 45428 45425 41239 45310 45430
2817 1226 1227 1262 1261 45543 45540 41354 45425 45545
2833 1227 1228 1263 1262 45658 45655 41469 45540 45660
2849 1228 1229 1264 1263 45773 45770 41584 45655 45775
2865 1229 69 70 1264 45888 45885 41699 45770 45890
2881 115 1160 1195 114 46006 46002 41817 45999 46008
2897 1160 1161 1196 1195 46167 46164 41978 46002 46169
2913 1161 1162 1197 1196 46282 46279 42093 46164 46284
2929 1162 1163 1198 1197 46397 46394 42208 46279 46399
2945 1163 1164 1199 1198 46512 46509 42323 46394 46514
2961 1164 1165 1200 1199 46627 46624 42438 46509 46629
2977 1165 1166 1201 1200 46742 46739 42553 46624 46744
2993 1166 1167 1202 1201 46857 46854 42668 46739 46859
3009 1167 1168 1203 1202 46972 46969 42783 46854 46974
3025 1168 1169 1204 1203 47087 47084 42898 46969 47089
3041 1169 1170 1205 1204 47202 47199 43013 47084 47204
3057 1170 1171 1206 1205 47317 47314 43128 47199 47319
3073 1171 1172 1207 1206 47432 47429 43243 47314 47434
3089 1172 1173 1208 1207 47547 47544 43358 47429 47549
3105 1173 1174 1209 1208 47662 47659 43473 47544 47664
3121 1174 1175 1210 1209 47777 47774 43588 47659 47779
3137 1175 1176 1211 1210 47892 47889 43703 47774 47894
3153 1176 1177 1212 1211 48007 48004 43818 47889 48009
3169 1177 1178 1213 1212 48122 48119 43933 48004 48124
3185 1178 1179 1214 1213 48237 48234 44048 48119 48239
3201 1179 1180 1215 1214 48352 48349 44163 48234 48354
3217 1180 1181 1216 1215 48467 48464 44278 48349 48469
3233 1181 1182 1217 1216 48582 48579 44393 48464 48584
3249 1182 1183 1218 1217 48697 48694 44508 48579 48699
3265 1183 1184 1219 1218 48812 48809 44623 48694 48814
3281 1184 1185 1220 1219 48927 48924 44738 48809 48929
3297 1185 1186 1221 1220 49042 49039 44853 48924 49044
3313 1186 1187 1222 1221 49157 49154 44968 49039 49159
3329 1187 1188 1223 1222 49272 49269 45083 49154 49274
3345 1188 1189 1224 1223 49387 49384 45198 49269 49389
3361 1189 1190 1225 1224 49502 49499 45313 49384 49504
3377 1190 1191 1226 1225 49617 49614 45428 49499 49619
3393 1191 1192 1227 1226 49732 49729 45543 49614 49734
3409 1192 1193 1228 1227 49847 49844 45658 49729 49849
3425 1193 1194 1229 1228 49962 49959 45773 49844 49964
3441 1194 68 69 1229 50077 50074 45888 49959 50079
3457 116 1125 1160 115 50195 50191 46006 50188 50197
3473 1125 1126 1161 1160 50356 50353 46167 50191 50358
3489 1126 1127 1162 1161 50471 50468 46282 50353 50473
3505 1127 1128 1163 1162 50586 50583 46397 50468 50588
3521 1128 1129 1164 1163 50701 50698 46512 50583 50703
3537 1129 1130 1165 1164 50816 50813 46627 50698 50818
3553 1130 1131 1166 1165 50931 50928 46742 50813 50933
3569 1131 1132 1167 1166 51046 51043 46857 50928 51048
3585 1132 1133 1168 1167 51161 51158 46972 51043 51163
3601 1133 1134 1169 1168 51276 51273 47087 51158 51278
3617 1134 1135 1170 1169 51391 51388 47202 51273 51393
3633 1135 1136 1171 1170 51506 51503 47317 51388 51508
3649 1136 1137 1172 1171 51621 51618 47432 51503 51623
3665 1137 1138 1173 1172 51736 51733 47547 51618 51738
3681 1138 1139 1174 1173 51851 51848 47662 51733 51853
3697 1139 1140 1175 1174 51966 51963 47777 51848 51968
3713 1140 1141 1176 1175 52081 52078 47892 51963 52083
3729 1141 1142 1177 1176 52196 52193 48007 52078 52198
3745 1142 1143 1178 1177 52311 52308 48122 52193 52313
3761 1143 1144 1179 1178 52426 52423 48237 52308 52428
3777 1144 1145 1180 1179 52541 52538 48352 52423 52543
3793 1145 1146 1181 1180 52656 52653 48467 52538 52658
3809 1146 1147 1182 1181 52771 52768 48582 52653 52773
3825 1147 1148 1183 1182 52886 52883 48697 52768 52888
3841 1148 1149 1184 1183 53001 52998 48812 52883 53003
3857 1149 1150 1185 1184 53116 53113 48927 52998 53118
3873 1150 1151 1186 1185 53231 53228 49042 53113 53233
3889 1151 1152 1187 1186 53346 53343 49157 53228 53348
3905 1152 1153 1188 1187 53461 53458 49272 53343 53463
3921 1153 1154 1189 1188 53576 53573 49387 53458 53578
3937 1154 1155 1190 1189 53691 53688 49502 53573 53693
3953 1155 1156 1191 1190 53806 53803 49617 53688 53808
3969 1156 1157 1192 1191 53921 53918 49732 53803 53923
3985 1157 1158 1193 1192 54036 54033 49847 53918 54038
4001 1158 1159 1194 1193 54151 54148 49962 54033 54153
4017 1159 67 68 1194 54266 54263 50077 54148 54268
4033 117 1090 1125 116 54384 54380 50195 54377 54386
4049 1090 1091 1126 1125 54545 54542 50356 54380 54547
4065 1091 1092 1127 1126 54660 54657 50471 54542 54662
4081 1092 1093 1128 1127 54775 54772 50586 54657 54777
4097 1093 1094 1129 1128 54890 54887 50701 54772 54892
4113 1094 1095 1130 1129 55005 55002 50816 54887 55007
4129 1095 1096 1131 1130 55120 55117 50931 55002 55122
4145 1096 1097 1132 1131 55235 55232 51046 55117 55237
4161 1097 1098 1133 1132 55350 55347 51161 55232 55352
4177 1098 1099 1134 1133 55465 55462 51276 55347 55467
4193 1099 1100 1135 1134 55580 55577 51391 55462 55582
4209 1100 1101 1136 1135 55695 55692 51506 55577 55697
4225 1101 1102 1137 1136 55810 55807 51621 55692 55812
4241 1102 1103 1138 1137 55925 55922 51736 55807 55927
4257 1103 1104 1139 1138 56040 56037 51851 55922 56042
4273 1104 1105 1140 1139 56155 56152 51966 56037 56157
4289 1105 1106 1141 1140 56270 56267 52081 56152 56272
4305 1106 1107 1142 1141 56385 56382 52196 56267 56387
4321 1107 1108 1143 1142 56500 56497 52311 56382 56502
4337 1108 1109 1144 1143 56615 56612 52426 56497 56617
4353 1109 1110 1145 1144 56730 56727 52541 56612 56732
4369 1110 1111 1146 1145 56845 56842 52656 56727 56847
4385 1111 1112 1147 1146 56960 56957 52771 56842 56962
4401 1112 1113 1148 1147 57075 57072 52886 56957 57077
4417 1113 1114 1149 1148 57190 57187 53001 57072 57192
4433 1114 1115 1150 1149 57305 57302 53116 57187 57307
4449 1115 1116 1151 1150 57420 57417 53231 57302 57422
4465 1116 1117 1152 1151 57535 57532 53346 57417 57537
4481 1117 1118 1153 1152 57650 57647 53461 57532 57652
4497 1118 1119 1154 1153 57765 57762 53576 57647 57767
4513 1119 1120 1155 1154 57880 57877 53691 57762 57882
4529 1120 1121 1156 1155 57995 57992 53806 57877 57997
4545 1121 1122 1157 1156 58110 58107 53921 57992 58112
4561 1122 1123 1158 1157 58225 58222 54036 58107 58227
4577 1123 1124 1159 1158 58340 58337 54151 58222 58342
4593 1124 66 67 1159 58455 58452 54266 58337 58457
4609 118 1055 1090 117 58573 58569 54384 58566 58575
4625 1055 1056 1091 1090 58734 58731 54545 58569 58736
4641 1056 1057 1092 1091 58849 58846 54660 58731 58851
4657 1057 1058 1093 1092 58964 58961 54775 58846 58966
4673 1058 1059 1094 1093 59079 59076 54890 58961 59081
4689 1059 1060 1095 1094 59194 59191 55005 59076 59196
4705 1060 1061 1096 1095 59309 59306 55120 59191 59311
4721 1061 1062 1097 1096 59424 59421 55235 59306 59426
4737 1062 1063 1098 1097 59539 59536 55350 59421 59541
4753 1063 1064 1099 1098 59654 59651 55465 59536 59656
4769 1064 1065 1100 1099 59769 59766 55580 59651 59771
4785 1065 1066 1101 1100 59884 59881 55695 59766 59886
4801 1066 1067 1102 1101 59999 59996 55810 59881 60001
4817 1067 1068 1103 1102 60114 60111 55925 59996 60116
4833 1068 1069 1104 1103 60229 60226 56040 60111 60231
4849 1069 1070 1105 1104 60344 60341 56155 60226 60346
4865 1070 1071 1106 1105 60459 60456 56270 60341 60461
4881 1071 1072 1107 1106 60574 60571 56385 60456 60576
4897 1072 1073 1108 1107 60689 60686 56500 60571 60691
4913 1073 1074 1109 1108 60804 60801 56615 60686 60806
4929 1074 1075 1110 1109 60919 60916 56730 60801 60921
4945 1075 1076 1111 1110 61034 61031 56845 60916 61036
4961 1076 1077 1112 1111 61149 61146 56960 61031 61151
4977 1077 1078 1113 1112 61264 61261 57075 61146 61266
4993 1078 1079 1114 1113 61379 61376 57190 61261 61381
5009 1079 1080 1115 1114 61494 61491 57305 61376 61496
5025 1080 1081 1116 1115 61609 61606 57420 61491 61611
5041 1081 1082 1117 1116 61724 61721 57535 61606 61726
5057 1082 1083 1118 1117 61839 61836 57650 61721 61841
5073 1083 1084 1119 1118 61954 61951 57765 61836 61956
5089 1084 1085 1120 1119 62069 62066 57880 61951 62071
5105 1085 1086 1121 1120 62184 62181 57995 62066 62186
5121 1086 1087 1122 1121 62299 62296 58110 62181 62301
5137 1087 1088 1123 1122 62414 62411 58225 62296 62416
5153 1088 1089 1124 1123 62529 62526 58340 62411 62531
5169 1089 65 66 1124 62644 62641 58455 62526 62646
5185 119 1020 1055 118 62762 62758 58573 62755 62764
5201 1020 1021 1056 1055 62923 62920 58734 62758 62925
5217 1021 1022 1057 1056 63038 63035 58849 62920 63040
5233 1022 1023 1058 1057 63153 63150 58964 63035 63155
5249 1023 1024 1059 1058 63268 63265 59079 63150 63270
5265 1024 1025 1060 1059 63383 63380 59194 63265 63385
5281 1025 1026 1061 1060 63498 63495 59309 63380 63500
5297 1026 1027 1062 1061 63613 63610 59424 63495 63615
5313 1027 1028 1063 1062 63728 63725 59539 63610 63730
5329 1028 1029 1064 1063 63843 63840 59654 63725 63845
5345 1029 1030 1065 1064 63958 63955 59769 63840 63960
5361 1030 1031 1066 1065 64073 64070 59884 63955 64075
5377 1031 1032 1067 1066 64188 64185 59999 64070 64190
5393 1032 1033 1068 1067 64303 64300 60114 64185 64305
5409 1033 1034 1069 1068 64418 64415 60229 64300 64420
5425 1034 1035 1070 1069 64533 64530 60344 64415 64535
5441 1035 1036 1071 1070 64648 64645 60459 64530 64650
5457 1036 1037 1072 1071 64763 64760 60574 64645 64765
5473 1037 1038 1073 1072 64878 64875 60689 64760 64880
5489 1038 1039 1074 1073 64993 64990 60804 64875 64995
5505 1039 1040 1075 1074 65108 65105 60919 64990 65110
5521 1040 1041 1076 1075 65223 65220 61034 65105 65225
5537 1041 1042 1077 1076 65338 65335 61149 65220 65340
5553 1042 1043 1078 1077 65453 65450 61264 65335 65455
5569 1043 1044 1079 1078 65568 65565 61379 65450 65570
5585 1044 1045 1080 1079 65683 65680 61494 65565 65685
5601 1045 1046 1081 1080 65798 65795 61609 65680 65800
5617 1046 1047 1082 1081 65913 65910 61724 65795 65915
5633 1047 1048 1083 1082 66028 66025 61839 65910 66030
5649 1048 1049 1084 1083 66143 66140 61954 66025 66145
5665 1049 1050 1085 1084 66258 66255 62069 66140 66260
5681 1050 1051 1086 1085 66373 66370 62184 66255 66375
5697 1051 1052 1087 1086 66488 66485 62299 66370 66490
5713 1052 1053 1088 1087 66603 66600 62414 66485 66605
5729 1053 1054 1089 1088 66718 66715 62529 66600 66720
5745 1054 64 65 1089 66833 66830 62644 66715 66835
5761 120 985 1020 119 66951 66947 62762 66944 66953
5777 985 986 1021 1020 67112 67109 62923 66947 67114
5793 986 987 1022 1021 67227 67224 63038 67109 67229
5809 987 988 1023 1022 67342 67339 63153 67224 67344
5825 988 989 1024 1023 67457 67454 63268 67339 67459
5841 989 990 1025 1024 67572 67569 63383 67454 67574
5857 990 991 1026 1025 67687 67684 63498 67569 67689
5873 991 992 1027 1026 67802 67799 63613 67684 67804
5889 992 993 1028 1027 67917 67914 63728 67799 67919
5905 993 994 1029 1028 68032 68029 63843 67914 68034
5921 994 995 1030 1029 68147 68144 63958 68029 68149
5937 995 996 1031 1030 68262 68259 64073 68144 68264
5953 996 997 1032 1031 68377 68374 64188 68259 68379
5969 997 998 1033 1032 68492 68489 64303 68374 68494
5985 998 999 1034 1033 68607 68604 64418 68489 68609
6001 999 1000 1035 1034 68722 68719 64533 68604 68724
6017 1000 1001 1036 1035 68837 68834 64648 68719 68839
6033 1001 1002 1037 1036 68952 68949 64763 68834 68954
6049 1002 1003 1038 1037 69067 69064 64878 68949 69069
6065 1003 1004 1039 1038 69182 69179 64993 69064 69184
6081 1004 1005 1040 1039 69297 69294 65108 69179 69299
6097 1005 1006 1041 1040 69412 69409 65223 69294 69414
6113 1006 1007 1042 1041 69527 69524 65338 69409 69529
6129 1007 1008 1043 1042 69642 69639 65453 69524 69644
6145 1008 1009 1044 1043 69757 69754 65568 69639 69759
6161 1009 1010 1045 1044 69872 69869 65683 69754 69874
6177 1010 1011 1046 1045 69987 69984 65798 69869 69989
6193 1011 1012 1047 1046 70102 70099 65913 69984 70104
6209 1012 1013 1048 1047 70217 70214 66028 70099 70219
6225 1013 1014 1049 1048 70332 70329 66143 70214 70334
6241 1014 1015 1050 1049 70447 70444 66258 70329 70449
6257 1015 1016 1051 1050 70562 70559 66373 70444 70564
6273 1016 1017 1052 1051 70677 70674 66488 70559 70679
6289 1017 1018 1053 1052 70792 70789 66603 70674 70794
6305 1018 1019 1054 1053 70907 70904 66718 70789 70909
6321 1019 63 64 1054 71022 71019 66833 70904 71024
6337 121 950 985 120 71140 71136 66951 71133 71142
6353 950 951 986 985 71301 71298 67112 71136 71303
6369 951 952 987 986 71416 71413 67227 71298 71418
6385 952 953 988 987 71531 71528 67342 71413 71533
6401 953 954 989 988 71646 71643 67457 71528 71648
6417 954 955 990 989 71761 71758 67572 71643 71763
6433 955 956 991 990 71876 71873 67687 71758 71878
6449 956 957 992 991 71991 71988 67802 71873 71993
6465 957 958 993 992 72106 72103 67917 71988 72108
6481 958 959 994 993 72221 72218 68032 72103 72223
6497 959 960 995 994 72336 72333 68147 72218 72338
6513 960 961 996 995 72451 72448 68262 72333 72453
6529 961 962 997 996 72566 72563 68377 72448 72568
6545 962 963 998 997 72681 72678 68492 72563 72683
6561 963 964 999 998 72796 72793 68607 72678 72798
6577 964 965 1000 999 72911 72908 68722 72793 72913
6593 965 966 1001 1000 73026 73023 68837 72908 73028
6609 966 967 1002 1001 73141 73138 68952 73023 73143
6625 967 968 1003 1002 73256 73253 69067 73138 73258
6641 968 969 1004 1003 73371 73368 69182 73253 73373
6657 969 970 1005 1004 73486 73483 69297 73368 73488
6673 970 971 1006 1005 73601 73598 69412 73483 73603
6689 971 972 1007 1006 73716 73713 69527 73598 73718
6705 972 973 1008 1007 73831 73828 69642 73713 73833
6721 973 974 1009 1008 73946 73943 69757 73828 73948
6737 974 975 1010 1009 74061 74058 69872 73943 74063
6753 975 976 1011 1010 74176 74173 69987 74058 74178
6769 976 977 1012 1011 74291 74288 70102 74173 74293
6785 977 978 1013 1012 74406 74403 70217 74288 74408
6801 978 979 1014 1013 74521 74518 70332 74403 74523
6817 979 980 1015 1014 74636 74633 70447 74518 74638
6833 980 981 1016 1015 74751 74748 70562 74633 74753
6849 981 982 1017 1016 74866 74863 70677 74748 74868
6865 982 983 1018 1017 74981 74978 70792 74863 74983
6881 983 984 1019 1018 75096 75093 70907 74978 75098
6897 984 62 63 1019 75211 75208 71022 75093 75213
6913 122 915 950 121 75329 75325 71140 75322 75331
6929 915 916 951 950 75490 75487 71301 75325 75492
6945 916 917 952 951 75605 75602 71416 75487 75607
6961 917 918 953 952 75720 75717 71531 75602 75722
6977 918 919 954 953 75835 75832 71646 75717 75837
6993 919 920 955 954 75950 75947 71761 75832 75952
7009 920 921 956 955 76065 76062 71876 75947 76067
7025 921 922 957 956 76180 76177 71991 76062 76182
7041 922 923 958 957 76295 76292 72106 76177 76297
7057 923 924 959 958 76410 76407 72221 76292 76412
7073 924 925 960 959 76525 76522 72336 76407 76527
7089 925 926 961 960 76640 76637 72451 76522 76642
7105 926 927 962 961 76755 76752 72566 76637 76757
7121 927 928 963 962 76870 76867 72681 76752 76872
7137 928 929 964 963 76985 76982 72796 76867 76987
7153 929 930 965 964 77100 77097 72911 76982 77102
7169 930 931 966 965 77215 77212 73026 77097 77217
7185 931 932 967 966 77330 77327 73141 77212 77332
7201 932 933 968 967 77445 77442 73256 77327 77447
7217 933 934 969 968 77560 77557 73371 77442 77562
7233 934 935 970 969 77675 77672 73486 77557 77677
7249 935 936 971 970 77790 77787 73601 77672 77792
7265 936 937 972 971 77905 77902 73716 77787 77907
7281 937 938 973 972 78020 78017 73831 77902 78022
7297 938 939 974 973 78135 78132 73946 78017 78137
7313 939 940 975 974 78250 78247 74061 78132 78252
7329 940 941 976 975 78365 78362 74176 78247 78367
7345 941 942 977 976 78480 78477 74291 78362 78482
7361 942 943 978 977 78595 78592 74406 78477 78597
7377 943 944 979 978 78710 78707 74521 78592 78712
7393 944 945 980 979 78825 78822 74636 78707 78827
7409 945 946 981 980 78940 78937 74751 78822 78942
7425 946 947 982 981 79055 79052 74866 78937 79057
7441 947 948 983 982 79170 79167 74981 79052 79172
7457 948 949 984 983 79285 79282 75096 79167 79287
7473 949 61 62 984 79400 79397 75211 79282 79402
7489 123 880 915 122 79518 79514 75329 79511 79520
7505 880 881 916 915 79679 79676 75490 79514 79681
7521 881 882 917 916 79794 79791 75605 79676 79796
7537 882 883 918 917 79909 79906 75720 79791 79911
7553 883 884 919 918 80024 80021 75835 79906 80026
7569 884 885 920 919 80139 80136 75950 80021 80141
7585 885 886 921 920 80254 80251 76065 80136 80256
7601 886 887 922 921 80369 80366 76180 80251 80371
7617 887 888 923 922 80484 80481 76295 80366 80486
7633 888 889 924 923 80599 80596 76410 80481 80601
7649 889 890 925 924 80714 80711 76525 80596 80716
7665 890 891 926 925 80829 80826 76640 80711 80831
7681 891 892 927 926 80944 80941 76755 80826 80946
7697 892 893 928 927 81059 81056 76870 80941 81061
7713 893 894 929 928 81174 81171 76985 81056 81176
7729 894 895 930 929 81289 81286 77100 81171 81291
7745 895 896 931 930 81404 81401 77215 81286 81406
7761 896 897 932 931 81519 81516 77330 81401 81521
7777 897 898 933 932 81634 81631 77445 81516 81636
7793 898 899 934 933 81749 81746 77560 81631 81751
7809 899 900 935 934 81864 81861 77675 81746 81866
7825 900 901 936 935 81979 81976 77790 81861 81981
7841 901 902 937 936 82094 82091 77905 81976 82096
7857 902 903 938 937 82209 82206 78020 82091 82211
7873 903 904 939 938 82324 82321 78135 82206 82326
7889 904 905 940 939 82439 82436 78250 82321 82441
7905 905 906 941 940 82554 82551 78365 82436 82556
7921 906 907 942 941 82669 82666 78480 82551 82671
7937 907 908 943 942 82784 82781 78595 82666 82786
7953 908 909 944 943 82899 82896 78710 82781 82901
7969 909 910 945 944 83014 83011 78825 82896 83016
7985 910 911 946 945 83129 83126 78940 83011 83131
8001 911 912 947 946 83244 83241 79055 83126 83246
8017 912 913 948 947 83359 83356 79170 83241 83361
8033 913 914 949 948 83474 83471 79285 83356 83476
8049 914 60 61 949 83589 83586 79400 83471 83591
8065 124 845 880 123 83707 83703 79518 83700 83709
8081 845 846 881 880 83868 83865 79679 83703 83870
8097 846 847 882 881 83983 83980 79794 83865 83985
8113 847 848 883 882 84098 84095 79909 83980 84100
8129 848 849 884 883 84213 84210 80024 84095 84215
8145 849 850 885 884 84328 84325 80139 84210 84330
8161 850 851 886 885 84443 84440 80254 84325 84445
8177 851 852 887 886 84558 84555 80369 84440 84560
8193 852 853 888 887 84673 84670 80484 84555 84675
8209 853 854 889 888 84788 84785 80599 84670 84790
8225 854 855 890 889 84903 84900 80714 84785 84905
8241 855 856 891 890 85018 85015 80829 84900 85020
8257 856 857 892 891 85133 85130 80944 85015 85135
8273 857 858 893 892 85248 85245 81059 85130 85250
8289 858 859 894 893 85363 85360 81174 85245 85365
8305 859 860 895 894 85478 85475 81289 85360 85480
8321 860 861 896 895 85593 85590 81404 85475 85595
8337 861 862 897 896 85708 85705 81519 85590 85710
8353 862 863 898 897 85823 85820 81634 85705 85825
8369 863 864 899 898 85938 85935 81749 85820 85940
8385 864 865 900 899 86053 86050 81864 85935 86055
8401 865 866 901 900 86168 86165 81979 86050 86170
8417 866 867 902 901 86283 86280 82094 86165 86285
8433 867 868 903 902 86398 86395 82209 86280 86400
8449 868 869 904 903 86513 86510 82324 86395 86515
8465 869 870 905 904 86628 86625 82439 86510 86630
8481 870 871 906 905 86743 86740 82554 86625 86745
8497 871 872 907 906 86858 86855 82669 86740 86860
8513 872 873 908 907 86973 86970 82784 86855 86975
8529 873 874 909 908 87088 87085 82899 86970 87090
8545 874 875 910 909 87203 87200 83014 87085 87205
8561 875 876 911 910 87318 87315 83129 87200 87320
8577 876 877 912 911 87433 87430 83244 87315 87435
8593 877 878 913 912 87548 87545 83359 87430 87550
8609 878 879 914 913 87663 87660 83474 87545 87665
8625 879 59 60 914 87778 87775 83589 87660 87780
8641 125 810 845 124 87896 87892 83707 87889 87898
8657 810 811 846 845 88057 88054 83868 87892 88059
8673 811 812 847 846 88172 88169 83983 88054 88174
8689 812 813 848 847 88287 88284 84098 88169 88289
8705 813 814 849 848 88402 88399 84213 88284 88404
8721 814 815 850 849 88517 88514 84328 88399 88519
8737 815 816 851 850 88632 88629 84443 88514 88634
8753 816 817 852 851 88747 88744 84558 88629 88749
8769 817 818 853 852 88862 88859 84673 88744 88864
8785 818 819 854 853 88977 88974 84788 88859 88979
8801 819 820 855 854 89092 89089 84903 88974 89094
8817 820 821 856 855 89207 89204 85018 89089 89209
8833 821 822 857 856 89322 89319 85133 89204 89324
8849 822 823 858 857 89437 89434 85248 89319 89439
8865 823 824 859 858 89552 89549 85363 89434 89554
8881 824 825 860 859 89667 89664 85478 89549 89669
8897 825 826 861 860 89782 89779 85593 89664 89784
8913 826 827 862 861 89897 89894 85708 89779 89899
8929 827 828 863 862 90012 90009 85823 89894 90014
8945 828 829 864 863 90127 90124 85938 90009 90129
8961 829 830 865 864 90242 90239 86053 90124 90244
8977 830 831 866 865 90357 90354 86168 90239 90359
8993 831 832 867 866 90472 90469 86283 90354 90474
9009 832 833 868 867 90587 90584 86398 90469 90589
9025 833 834 869 868 90702 90699 86513 90584 90704
9041 834 835 870 869 90817 90814 86628 90699 90819
9057 835 836 871 870 90932 90929 86743 90814 90934
9073 836 837 872 871 91047 91044 86858 90929 91049
9089 837 838 873 872 91162 91159 86973 91044 91164
9105 838 839 874 873 91277 91274 87088 91159 91279
9121 839 840 875 874 91392 91389 87203 91274 91394
9137 840 841 876 875 91507 91504 87318 91389 91509
9153 841 842 877 876 91622 91619 87433 91504 91624
9169 842 843 878 877 91737 91734 87548 91619 91739
9185 843 844 879 878 91852 91849 87663 91734 91854
9201 844 58 59 879 91967 91964 87778 91849 91969
9217 126 775 810 125 92085 92081 87896 92078 92087
9233 775 776 811 810 92246 92243 88057 92081 92248
9249 776 777 812 811 92361 92358 88172 92243 92363
9265 777 778 813 812 92476 92473 88287 92358 92478
9281 778 779 814 813 92591 92588 88402 92473 92593
9297 779 780 815 814 92706 92703 88517 92588 92708
9313 780 781 816 815 92821 92818 88632 92703 92823
9329 781 782 817 816 92936 92933 88747 92818 92938
9345 782 783 818 817 93051 93048 88862 92933 93053
9361 783 784 819 818 93166 93163 88977 93048 93168
9377 784 785 820 819 93281 93278 89092 93163 93283
9393 785 786 821 820 93396 93393 89207 93278 93398
9409 786 787 822 821 93511 93508 89322 93393 93513
9425 787 788 823 822 93626 93623 89437 93508 93628
9441 788 789 824 823 93741 93738 89552 93623 93743
9457 789 790 825 824 93856 93853 89667 93738 93858
9473 790 791 826 825 93971 93968 89782 93853 93973
9489 791 792 827 826 94086 94083 89897 93968 94088
9505 792 793 828 827 94201 94198 90012 94083 94203
9521 793 794 829 828 94316 94313 90127 94198 94318
9537 794 795 830 829 94431 94428 90242 94313 94433
9553 795 796 831 830 94546 94543 90357 94428 94548
9569 796 797 832 831 94661 94658 90472 94543 94663
9585 797 798 833 832 94776 94773 90587 94658 94778
9601 798 799 834 833 94891 94888 90702 94773 94893
9617 799 800 835 834 95006 95003 90817 94888 95008
9633 800 801 836 835 95121 95118 90932 95003 95123
9649 801 802 837 836 95236 95233 91047 95118 95238
9665 802 803 838 837 95351 95348 91162 95233 95353
9681 803 804 839 838 95466 95463 91277 95348 95468
9697 804 805 840 839 95581 95578 91392 95463 95583
9713 805 806 841 840 95696 95693 91507 95578 95698
9729 806 807 842 841 95811 95808 91622 95693 95813
9745 807 808 843 842 95926 95923 91737 95808 95928
9761 808 809 844 843 96041 96038 91852 95923 96043
9777 809 57 58 844 96156 96153 91967 96038 96158
9793 127 740 775 126 96274 96270 92085 96267 96276
9809 740 741 776 775 96435 96432 92246 96270 96437
9825 741 742 777 776 96550 96547 92361 96432 96552
9841 742 743 778 777 96665 96662 92476 96547 96667
9857 743 744 779 778 96780 96777 92591 96662 96782
9873 744 745 780 779 96895 96892 92706 96777 96897
9889 745 746 781 780 97010 97007 92821 96892 97012
9905 746 747 782 781 97125 97122 92936 97007 97127
9921 747 748 783 782 97240 97237 93051 97122 97242
9937 748 749 784 783 97355 97352 93166 97237 97357
9953 749 750 785 784 97470 97467 93281 97352 97472
9969 750 751 786 785 97585 97582 93396 97467 97587
9985 751 752 787 786 97700 97697 93511 97582 97702
10001 752 753 788 787 97815 97812 93626 97697 97817
10017 753 754 789 788 97930 97927 93741 97812 97932
10033 754 755 790 789 98045 98042 93856 97927 98047
10049 755 756 791 790 98160 98157 93971 98042 98162
10065 756 757 792 791 98275 98272 94086 98157 98277
10081 757 758 793 792 98390 98387 94201 98272 98392
10097 758 759 794 793 98505 98502 94316 98387 98507
10113 759 760 795 794 98620 98617 94431 98502 98622
10129 760 761 796 795 98735 98732 94546 98617 98737
10145 761 762 797 796 98850 98847 94661 98732 98852
10161 762 763 798 797 98965 98962 94776 98847 98967
10177 763 764 799 798 99080 99077 94891 98962 99082
10193 764 765 800 799 99195 99192 95006 99077 99197
10209 765 766 801 800 99310 99307 95121 99192 99312
10225 766 767 802 801 99425 99422 95236 99307 99427
10241 767 768 803 802 99540 99537 95351 99422 99542
10257 768 769 804 803 99655 99652 95466 99537 99657
10273 769 770 805 804 99770 99767 95581 99652 99772
10289 770 771 806 805 99885 99882 95696 99767 99887
10305 771 772 807 806 100000 99997 95811 99882 100002
10321 772 773 808 807 100115 100112 95926 99997 100117
10337 773 774 809 808 100230 100227 96041 100112 100232
10353 774 56 57 809 100345 100342 96156 100227 100347
10369 128 705 740 127 100463 100459 96274 100456 100465
10385 705 706 741 740 100624 100621 96435 100459 100626
10401 706 707 742 741 100739 100736 96550 100621 100741
10417 707 708 743 742 100854 100851 96665 100736 100856
10433 708 709 744 743 100969 100966 96780 100851 100971
10449 709 710 745 744 101084 101081 96895 100966 101086
10465 710 711 746 745 101199 101196 97010 101081 101201
10481 711 712 747 746 101314 101311 97125 101196 101316
10497 712 713 748 747 101429 101426 97240 101311 101431
10513 713 714 749 748 101544 101541 97355 101426 101546
10529 714 715 750 749 101659 101656 97470 101541 101661
10545 715 716 751 750 101774 101771 97585 101656 101776
10561 716 717 752 751 101889 101886 97700 101771 101891
10577 717 718 753 752 102004 102001 97815 101886 102006
10593 718 719 754 753 102119 102116 97930 102001 102121
10609 719 720 755 754 102234 102231 98045 102116 102236
10625 720 721 756 755 102349 102346 98160 102231 102351
10641 721 722 757 756 102464 102461 98275 102346 102466
10657 722 723 758 757 102579 102576 98390 102461 102581
10673 723 724 759 758 102694 102691 98505 102576 102696
10689 724 725 760 759 102809 102806 98620 102691 102811
10705 725 726 761 760 102924 102921 98735 102806 102926
10721 726 727 762 761 103039 103036 98850 102921 103041
10737 727 728 763 762 103154 103151 98965 103036 103156
10753 728 729 764 763 103269 103266 99080 103151 103271
10769 729 730 765 764 103384 103381 99195 103266 103386
10785 730 731 766 765 103499 103496 99310 103381 103501
10801 731 732 767 766 103614 103611 99425 103496 103616
10817 732 733 768 767 103729 103726 99540 103611 103731
10833 733 734 769 768 103844 103841 99655 103726 103846
10849 734 735 770 769 103959 103956 99770 103841 103961
10865 735 736 771 770 104074 104071 99885 103956 104076
10881 736 737 772 771 104189 104186 100000 104071 104191
10897 737 738 773 772 104304 104301 100115 104186 104306
10913 738 739 774 773 104419 104416 100230 104301 104421
10929 739 55 56 774 104534 104531 100345 104416 104536
10945 129 670 705 128 104652 104648 100463 104645 104654
10961 670 671 706 705 104813 104810 100624 104648 104815
10977 671 672 707 706 104928 104925 100739 104810 104930
10993 672 673 708 707 105043 105040 100854 104925 105045
11009 673 674 709 708 105158 105155 100969 105040 105160
11025 674 675 710 709 105273 105270 101084 105155 105275
11041 675 676 711 710 105388 105385 101199 105270 105390
11057 676 677 712 711 105503 105500 101314 105385 105505
11073 677 678 713 712 105618 105615 101429 105500 105620
11089 678 679 714 713 105733 105730 101544 105615 105735
11105 679 680 715 714 105848 105845 101659 105730 105850
11121 680 681 716 715 105963 105960 101774 105845 105965
11137 681 682 717 716 106078 106075 101889 105960 106080
11153 682 683 718 717 106193 106190 102004 106075 106195
11169 683 684 719 718 106308 106305 102119 106190 106310
11185 684 685 720 719 106423 106420 102234 106305 106425
11201 685 686 721 720 106538 106535 102349 106420 106540
11217 686 687 722 721 106653 106650 102464 106535 106655
11233 687 688 723 722 106768 106765 102579 106650 106770
11249 688 689 724 723 106883 106880 102694 106765 106885
11265 689 690 725 724 106998 106995 102809 106880 107000
11281 690 691 726 725 107113 107110 102924 106995 107115
11297 691 692 727 726 107228 107225 103039 107110 107230
11313 692 693 728 727 107343 107340 103154 107225 107345
11329 693 694 729 728 107458 107455 103269 107340 107460
11345 694 695 730 729 107573 107570 103384 107455 107575
11361 695 696 731 730 107688 107685 103499 107570 107690
11377 696 697 732 731 107803 107800 103614 107685 107805
11393 697 698 733 732 107918 107915 103729 107800 107920
11409 698 699 734 733 108033 108030 103844 107915 108035
11425 699 700 735 734 108148 108145 103959 108030 108150
11441 700 701 736 735 108263 108260 104074 108145 108265
11457 701 702 737 736 108378 108375 104189 108260 108380
11473 702 703 738 737 108493 108490 104304 108375 108495
11489 703 704 739 738 108608 108605 104419 108490 108610
11505 704 54 55 739 108723 108720 104534 108605 108725
11521 130 635 670 129 108841 108837 104652 108834 108843
11537 635 636 671 670 109002 108999 104813 108837 109004
11553 636 637 672 671 109117 109114 104928 108999 109119
11569 637 638 673 672 109232 109229 105043 109114 109234
11585 638 639 674 673 109347 109344 105158 109229 109349
11601 639 640 675 674 109462 109459 105273 109344 109464
11617 640 641 676 675 109577 109574 105388 109459 109579
11633 641 642 677 676 109692 109689 105503 109574 109694
11649 642 643 678 677 109807 109804 105618 109689 109809
11665 643 644 679 678 109922 109919 105733 109804 109924
11681 644 645 680 679 110037 110034 105848 109919 110039
11697 645 646 681 680 110152 110149 105963 110034 110154
11713 646 647 682 681 110267 110264 106078 110149 110269
11729 647 648 683 682 110382 110379 106193 110264 110384
11745 648 649 684 683 110497 110494 106308 110379 110499
11761 649 650 685 684 110612 110609 106423 110494 110614
11777 650 651 686 685 110727 110724 106538 110609 110729
11793 651 652 687 686 110842 110839 106653 110724 110844
11809 652 653 688 687 110957 110954 106768 110839 110959
11825 653 654 689 688 111072 111069 106883 110954 111074
11841 654 655 690 689 111187 111184 106998 111069 111189
11857 655 656 691 690 111302 111299 107113 111184 111304
11873 656 657 692 691 111417 111414 107228 111299 111419
11889 657 658 693 692 111532 111529 107343 111414 111534
11905 658 659 694 693 111647 111644 107458 111529 111649
11921 659 660 695 694 111762 111759 107573 111644 111764
11937 660 661 696 695 111877 111874 107688 111759 111879
11953 661 662 697 696 111992 111989 107803 111874 111994
11969 662 663 698 697 112107 112104 107918 111989 112109
11985 663 664 699 698 112222 112219 108033 112104 112224
12001 664 665 700 699 112337 112334 108148 112219 112339
12017 665 666 701 700 112452 112449 108263 112334 112454
12033 666 667 702 701 112567 112564 108378 112449 112569
12049 667 668 703 702 112682 112679 108493 112564 112684
12065 668 669 704 703 112797 112794 108608 112679 112799
12081 669 53 54 704 112912 112909 108723 112794 112914
12097 131 600 635 130 113030 113026 108841 113023 113032
12113 600 601 636 635 113191 113188 109002 113026 113193
12129 601 602 637 636 113306 113303 109117 113188 113308
12145 602 603 638 637 113421 113418 109232 113303 113423
12161 603 604 639 638 113536 113533 109347 113418 113538
12177 604 605 640 639 113651 113648 109462 113533 113653
12193 605 606 641 640 113766 113763 109577 113648 113768
12209 606 607 642 641 113881 113878 109692 113763 113883
12225 607 608 643 642 113996 113993 109807 113878 113998
12241 608 609 644 643 114111 114108 109922 113993 114113
12257 609 610 645 644 114226 114223 110037 114108 114228
12273 610 611 646 645 114341 114338 110152 114223 114343
12289 611 612 647 646 114456 114453 110267 114338 114458
12305 612 613 648 647 114571 114568 110382 114453 114573
12321 613 614 649 648 114686 114683 110497 114568 114688
12337 614 615 650 649 114801 114798 110612 114683 114803
12353 615 616 651 650 114916 114913 110727 114798 114918
12369 616 617 652 651 115031 115028 110842 114913 115033
12385 617 618 653 652 115146 115143 110957 115028 115148
12401 618 619 654 653 115261 115258 111072 115143 115263
12417 619 620 655 654 115376 115373 111187 115258 115378
12433 620 621 656 655 115491 115488 111302 115373 115493
12449 621 622 657 656 115606 115603 111417 115488 115608
12465 622 623 658 657 115721 115718 111532 115603 115723
12481 623 624 659 658 115836 115833 111647 115718 115838
12497 624 625 660 659 115951 115948 111762 115833 115953
12513 625 626 661 660 116066 116063 111877 115948 116068
12529 626 627 662 661 116181 116178 111992 116063 116183
12545 627 628 663 662 116296 116293 112107 116178 116298
12561 628 629 664 663 116411 116408 112222 116293 116413
12577 629 630 665 664 116526 116523 112337 116408 116528
12593 630 631 666 665 116641 116638 112452 116523 116643
12609 631 632 667 666 116756 116753 112567 116638 116758
12625 632 633 668 667 116871 116868 112682 116753 116873
12641 633 634 669 668 116986 116983 112797 116868 116988
12657 634 52 53 669 117101 117098 112912 116983 117103
12673 132 565 600 131 117219 117215 113030 117212 117221
12689 565 566 601 600 117380 117377 113191 117215 117382
12705 566 567 602 601 117495 117492 113306 117377 117497
12721 567 568 603 602 117610 117607 113421 117492 117612
12737 568 569 604 603 117725 117722 113536 117607 117727
12753 569 570 605 604 117840 117837 113651 117722 117842
12769 570 571 606 605 117955 117952 113766 117837 117957
12785 571 572 607 606 118070 118067 113881 117952 118072
12801 572 573 608 607 118185 118182 113996 118067 118187
12817 573 574 609 608 118300 118297 114111 118182 118302
12833 574 575 610 609 118415 118412 114226 118297 118417
12849 575 576 611 610 118530 118527 114341 118412 118532
12865 576 577 612 611 118645 118642 114456 118527 118647
12881 577 578 613 612 118760 118757 114571 118642 118762
12897 578 579 614 613 118875 118872 114686 118757 118877
12913 579 580 615 614 118990 118987 114801 118872 118992
12929 580 581 616 615 119105 119102 114916 118987 119107
12945 581 582 617 616 119220 119217 115031 119102 119222
12961 582 583 618 617 119335 119332 115146 119217 119337
12977 583 584 619 618 119450 119447 115261 119332 119452
12993 584 585 620 619 119565 119562 115376 119447 119567
13009 585 586 621 620 119680 119677 115491 119562 119682
13025 586 587 622 621 119795 119792 115606 119677 119797
13041 587 588 623 622 119910 119907 115721 119792 119912
13057 588 589 624 623 120025 120022 115836 119907 120027
13073 589 590 625 624 120140 120137 115951 120022 120142
13089 590 591 626 625 120255 120252 116066 120137 120257
13105 591 592 627 626 120370 120367 116181 120252 120372
13121 592 593 628 627 120485 120482 116296 120367 120487
13137 593 594 629 628 120600 120597 116411 120482 120602
13153 594 595 630 629 120715 120712 116526 120597 120717
13169 595 596 631 630 120830 120827 116641 120712 120832
13185 596 597 632 631 120945 120942 116756 120827 120947
13201 597 598 633 632 121060 121057 116871 120942 121062
13217 598 599 634 633 121175 121172 116986 121057 121177
13233 599 51 52 634 121290 121287 117101 121172 121292
13249 133 530 565 132 121408 121404 117219 121401 121410
13265 530 531 566 565 121569 121566 117380 121404 121571
13281 531 532 567 566 121684 121681 117495 121566 121686
13297 532 533 568 567 121799 121796 117610 121681 121801
13313 533 534 569 568 121914 121911 117725 121796 121916
13329 534 535 570 569 122029 122026 117840 121911 122031
13345 535 536 571 570 122144 122141 117955 122026 122146
13361 536 537 572 571 122259 122256 118070 122141 122261
13377 537 538 573 572 122374 122371 118185 122256 122376
13393 538 539 574 573 122489 122486 118300 122371 122491
13409 539 540 575 574 122604 122601 118415 122486 122606
13425 540 541 576 575 122719 122716 118530 122601 122721
13441 541 542 577 576 122834 122831 118645 122716 122836
13457 542 543 578 577 122949 122946 118760 122831 122951
13473 543 544 579 578 123064 123061 118875 122946 123066
13489 544 545 580 579 123179 123176 118990 123061 123181
13505 545 546 581 580 123294 123291 119105 123176 123296
13521 546 547 582 581 123409 123406 119220 123291 123411
13537 547 548 583 582 123524 123521 119335 123406 123526
13553 548 549 584 583 123639 123636 119450 123521 123641
13569 549 550 585 584 123754 123751 119565 123636 123756
13585 550 551 586 585 123869 123866 119680 123751 123871
13601 551 552 587 586 123984 123981 119795 123866 123986
13617 552 553 588 587 124099 124096 119910 123981 124101
13633 553 554 589 588 124214 124211 120025 124096 124216
13649 554 555 590 589 124329 124326 120140 124211 124331
13665 555 556 591 590 124444 124441 120255 124326 124446
13681 556 557 592 591 124559 124556 120370 124441 124561
13697 557 558 593 592 124674 124671 120485 124556 124676
13713 558 559 594 593 124789 124786 120600 124671 124791
13729 559 560 595 594 124904 124901 120715 124786 124906
13745 560 561 596 595 125019 125016 120830 124901 125021
13761 561 562 597 596 125134 125131 120945 125016 125136
13777 562 563 598 597 125249 125246 121060 125131 125251
13793 563 564 599 598 125364 125361 121175 125246 125366
13809 564 50 51 599 125479 125476 121290 125361 125481
13825 134 495 530 133 125597 125593 121408 125590 125599
13841 495 496 531 530 125758 125755 121569 125593 125760
13857 496 497 532 531 125873 125870 121684 125755 125875
13873 497 498 533 532 125988 125985 121799 125870 125990
13889 498 499 534 533 126103 126100 121914 125985 126105
13905 499 500 535 534 126218 126215 122029 126100 126220
13921 500 501 536 535 126333 126330 122144 126215 126335
13937 501 502 537 536 126448 126445 122259 126330 126450
13953 502 503 538 537 126563 126560 122374 126445 126565
13969 503 504 539 538 126678 126675 122489 126560 126680
13985 504 505 540 539 126793 126790 122604 126675 126795
14001 505 506 541 540 126908 126905 122719 126790 126910
14017 506 507 542 541 127023 127020 122834 126905 127025
14033 507 508 543 542 127138 127135 122949 127020 127140
14049 508 509 544 543 127253 127250 123064 127135 127255
14065 509 510 545 544 127368 127365 123179 127250 127370
14081 510 511 546 545 127483 127480 123294 127365 127485
14097 511 512 547 546 127598 127595 123409 127480 127600
14113 512 513 548 547 127713 127710 123524 127595 127715
14129 513 514 549 548 127828 127825 123639 127710 127830
14145 514 515 550 549 127943 127940 123754 127825 127945
14161 515 516 551 550 128058 128055 123869 127940 128060
14177 516 517 552 551 128173 128170 123984 128055 128175
14193 517 518 553 552 128288 128285 124099 128170 128290
14209 518 519 554 553 128403 128400 124214 128285 128405
14225 519 520 555 554 128518 128515 124329 128400 128520
14241 520 521 556 555 128633 128630 124444 128515 128635
14257 521 522 557 556 128748 128745 124559 128630 128750
14273 522 523 558 557 128863 128860 124674 128745 128865
14289 523 524 559 558 128978 128975 124789 128860 128980
14305 524 525 560 559 129093 129090 124904 128975 129095
14321 525 526 561 560 129208 129205 125019 129090 129210
14337 526 527 562 561 129323 129320 125134 129205 129325
14353 527 528 563 562 129438 129435 125249 129320 129440
14369 528 529 564 563 129553 129550 125364 129435 129555
14385 529 49 50 564 129668 129665 125479 129550 129670
14401 135 460 495 134 129786 129782 125597 129779 129788
14417 460 461 496 495 129947 129944 125758 129782 129949
14433 461 462 497 496 130062 130059 125873 129944 130064
14449 462 463 498 497 130177 130174 125988 130059 130179
14465 463 464 499 498 130292 130289 126103 130174 130294
14481 464 465 500 499 130407 130404 126218 130289 130409
14497 465 466 501 500 130522 130519 126333 130404 130524
14513 466 467 502 501 130637 130634 126448 130519 130639
14529 467 468 503 502 130752 130749 126563 130634 130754
14545 468 469 504 503 130867 130864 126678 130749 130869
14561 469 470 505 504 130982 130979 126793 130864 130984
14577 470 471 506 505 131097 131094 126908 130979 131099
14593 471 472 507 506 131212 131209 127023 131094 131214
14609 472 473 508 507 131327 131324 127138 131209 131329
14625 473 474 509 508 131442 131439 127253 131324 131444
14641 474 475 510 509 131557 131554 127368 131439 131559
14657 475 476 511 510 131672 131669 127483 131554 131674
14673 476 477 512 511 131787 131784 127598 131669 131789
14689 477 478 513 512 131902 131899 127713 131784 131904
14705 478 479 514 513 132017 132014 127828 131899 132019
14721 479 480 515 514 132132 132129 127943 132014 132134
14737 480 481 516 515 132247 132244 128058 132129 132249
14753 481 482 517 516 132362 132359 128173 132244 132364
14769 482 483 518 517 132477 132474 128288 132359 132479
14785 483 484 519 518 132592 132589 128403 132474 132594
14801 484 485 520 519 132707 132704 128518 132589 132709
14817 485 486 521 520 132822 132819 128633 132704 132824
14833 486 487 522 521 132937 132934 128748 132819 132939
14849 487 488 523 522 133052 133049 128863 132934 133054
14865 488 489 524 523 133167 133164 128978 133049 133169
14881 489 490 525 524 133282 133279 129093 133164 133284
14897 490 491 526 525 133397 133394 129208 133279 133399
14913 491 492 527 526 133512 133509 129323 133394 133514
14929 492 493 528 527 133627 133624 129438 133509 133629
14945 493 494 529 528 133742 133739 129553 133624 133744
14961 494 48 49 529 133857 133854 129668 133739 133859
14977 136 425 460 135 133975 133971 129786 133968 133977
14993 425 426 461 460 134136 134133 129947 133971 134138
15009 426 427 462 461 134251 134248 130062 134133 134253
15025 427 428 463 462 134366 134363 130177 134248 134368
15041 428 429 464 463 134481 134478 130292 134363 134483
15057 429 430 465 464 134596 134593 130407 134478 134598
15073 430 431 466 465 134711 134708 130522 134593 134713
15089 431 432 467 466 134826 134823 130637 134708 134828
15105 432 433 468 467 134941 134938 130752 134823 134943
15121 433 434 469 468 135056 135053 130867 134938 135058
15137 434 435 470 469 135171 135168 130982 135053 135173
15153 435 436 471 470 135286 135283 131097 135168 135288
15169 436 437 472 471 135401 135398 131212 135283 135403
15185 437 438 473 472 135516 135513 131327 135398 135518
15201 438 439 474 473 135631 135628 131442 135513 135633
15217 439 440 475 474 135746 135743 131557 135628 135748
15233 440 441 476 475 135861 135858 131672 135743 135863
15249 441 442 477 476 135976 135973 131787 135858 135978
15265 442 443 478 477 136091 136088 131902 135973 136093
15281 443 444 479 478 136206 136203 132017 136088 136208
15297 444 445 480 479 136321 136318 132132 136203 136323
15313 445 446 481 480 136436 136433 132247 136318 136438
15329 446 447 482 481 136551 136548 132362 136433 136553
15345 447 448 483 482 136666 136663 132477 136548 136668
15361 448 449 484 483 136781 136778 132592 136663 136783
15377 449 450 485 484 136896 136893 132707 136778 136898
15393 450 451 486 485 137011 137008 132822 136893 137013
15409 451 452 487 486 137126 137123 132937 137008 137128
15425 452 453 488 487 137241 137238 133052 137123 137243
15441 453 454 489 488 137356 137353 133167 137238 137358
15457 454 455 490 489 137471 137468 133282 137353 137473
15473 455 456 491 490 137586 137583 133397 137468 137588
15489 456 457 492 491 137701 137698 133512 137583 137703
15505 457 458 493 492 137816 137813 133627 137698 137818
15521 458 459 494 493 137931 137928 133742 137813 137933
15537 459 47 48 494 138046 138043 133857 137928 138048
15553 137 390 425 136 138164 138160 133975 138157 138166
15569 390 391 426 425 138325 138322 134136 138160 138327
15585 391 392 427 426 138440 138437 134251 138322 138442
15601 392 393 428 427 138555 138552 134366 138437 138557
15617 393 394 429 428 138670 138667 134481 138552 138672
15633 394 395 430 429 138785 138782 134596 138667 138787
15649 395 396 431 430 138900 138897 134711 138782 138902
15665 396 397 432 431 139015 139012 134826 138897 139017
15681 397 398 433 432 139130 139127 134941 139012 139132
15697 398 399 434 433 139245 139242 135056 139127 139247
15713 399 400 435 434 139360 139357 135171 139242 139362
15729 400 401 436 435 139475 139472 135286 139357 139477
15745 401 402 437 436 139590 139587 135401 139472 139592
15761 402 403 438 437 139705 139702 135516 139587 139707
15777 403 404 439 438 139820 139817 135631 139702 139822
15793 404 405 440 439 139935 139932 135746 139817 139937
15809 405 406 441 440 140050 140047 135861 139932 140052
15825 406 407 442 441 140165 140162 135976 140047 140167
15841 407 408 443 442 140280 140277 136091 140162 140282
15857 408 409 444 443 140395 140392 136206 140277 140397
15873 409 410 445 444 140510 140507 136321 140392 140512
15889 410 411 446 445 140625 140622 136436 140507 140627
15905 411 412 447 446 140740 140737 136551 140622 140742
15921 412 413 448 447 140855 140852 136666 140737 140857
15937 413 414 449 448 140970 140967 136781 140852 140972
15953 414 415 450 449 141085 141082 136896 140967 141087
15969 415 416 451 450 141200 141197 137011 141082 141202
15985 416 417 452 451 141315 141312 137126 141197 141317
16001 417 418 453 452 141430 141427 137241 141312 141432
16017 418 419 454 453 141545 141542 137356 141427 141547
16033 419 420 455 454 141660 141657 137471 141542 141662
16049 420 421 456 455 141775 141772 137586 141657 141777
16065 421 422 457 456 141890 141887 137701 141772 141892
16081 422 423 458 457 142005 142002 137816 141887 142007
16097 423 424 459 458 142120 142117 137931 142002 142122
16113 424 46 47 459 142235 142232 138046 142117 142237
16129 138 355 390 137 142353 142349 138164 142346 142355
16145 355 356 391 390 142514 142511 138325 142349 142516
16161 356 357 392 391 142629 142626 138440 142511 142631
16177 357 358 393 392 142744 142741 138555 142626 142746
16193 358 359 394 393 142859 142856 138670 142741 142861
16209 359 360 395 394 142974 142971 138785 142856 142976
16225 360 361 396 395 143089 143086 138900 142971 143091
16241 361 362 397 396 143204 143201 139015 143086 143206
16257 362 363 398 397 143319 143316 139130 143201 143321
16273 363 364 399 398 143434 143431 139245 143316 143436
16289 364 365 400 399 143549 143546 139360 143431 143551
16305 365 366 401 400 143664 143661 139475 143546 143666
16321 366 367 402 401 143779 143776 139590 143661 143781
16337 367 368 403 402 143894 143891 139705 143776 143896
16353 368 369 404 403 144009 144006 139820 143891 144011
16369 369 370 405 404 144124 144121 139935 144006 144126
16385 370 371 406 405 144239 144236 140050 144121 144241
16401 371 372 407 406 144354 144351 140165 144236 144356
16417 372 373 408 407 144469 144466 140280 144351 144471
16433 373 374 409 408 144584 144581 140395 144466 144586
16449 374 375 410 409 144699 144696 140510 144581 144701
16465 375 376 411 410 144814 144811 140625 144696 144816
16481 376 377 412 411 144929 144926 140740 144811 144931
16497 377 378 413 412 145044 145041 140855 144926 145046
16513 378 379 414 413 145159 145156 140970 145041 145161
16529 379 380 415 414 145274 145271 141085 145156 145276
16545 380 381 416 415 145389 145386 141200 145271 145391
16561 381 382 417 416 145504 145501 141315 145386 145506
16577 382 383 418 417 145619 145616 141430 145501 145621
16593 383 384 419 418 145734 145731 141545 145616 145736
16609 384 385 420 419 145849 145846 141660 145731 145851
16625 385 386 421 420 145964 145961 141775 145846 145966
16641 386 387 422 421 146079 146076 141890 145961 146081
16657 387 388 423 422 146194 146191 142005 146076 146196
16673 388 389 424 423 146309 146306 142120 146191 146311
16689 389 45 46 424 146424 146421 142235 146306 146426
16705 139 320 355 138 146542 146538 142353 146535 146544
16721 320 321 356 355 146703 146700 142514 146538 146705
16737 321 322 357 356 146818 146815 142629 146700 146820
16753 322 323 358 357 146933 146930 142744 146815 146935
16769 323 324 359 358 147048 147045 142859 146930 147050
16785 324 325 360 359 147163 147160 142974 147045 147165
16801 325 326 361 360 147278 147275 143089 147160 147280
16817 326 327 362 361 147393 147390 143204 147275 147395
16833 327 328 363 362 147508 147505 143319 147390 147510
16849 328 329 364 363 147623 147620 143434 147505 147625
16865 329 330 365 364 147738 147735 143549 147620 147740
16881 330 331 366 365 147853 147850 143664 147735 147855
16897 331 332 367 366 147968 147965 143779 147850 147970
16913 332 333 368 367 148083 148080 143894 147965 148085
16929 333 334 369 368 148198 148195 144009 148080 148200
16945 334 335 370 369 148313 148310 144124 148195 148315
16961 335 336 371 370 148428 148425 144239 148310 148430
16977 336 337 372 371 148543 148540 144354 148425 148545
16993 337 338 373 372 148658 148655 144469 148540 148660
17009 338 339 374 373 148773 148770 144584 148655 148775
17025 339 340 375 374 148888 148885 144699 148770 148890
17041 340 341 376 375 149003 149000 144814 148885 149005
17057 341 342 377 376 149118 149115 144929 149000 149120
17073 342 343 378 377 149233 149230 145044 149115 149235
17089 343 344 379 378 149348 149345 145159 149230 149350
17105 344 345 380 379 149463 149460 145274 149345 149465
17121 345 346 381 380 149578 149575 145389 149460 149580
17137 346 347 382 381 149693 149690 145504 149575 149695
17153 347 348 383 382 149808 149805 145619 149690 149810
17169 348 349 384 383 149923 149920 145734 149805 149925
17185 349 350 385 384 150038 150035 145849 149920 150040
17201 350 351 386 385 150153 150150 145964 150035 150155
17217 351 352 387 386 150268 150265 146079 150150 150270
17233 352 353 388 387 150383 150380 146194 150265 150385
17249 353 354 389 388 150498 150495 146309 150380 150500
17265 354 44 45 389 150613 150610 146424 150495 150615
17281 140 285 320 139 150731 150727 146542 150724 150733
17297 285 286 321 320 150892 150889 146703 150727 150894
17313 286 287 322 321 151007 151004 146818 150889 151009
17329 287 288 323 322 151122 151119 146933 151004 151124
17345 288 289 324 323 151237 151234 147048 151119 151239
17361 289 290 325 324 151352 151349 147163 151234 151354
17377 290 291 326 325 151467 151464 147278 151349 151469
17393 291 292 327 326 151582 151579 147393 151464 151584
17409 292 293 328 327 151697 151694 147508 151579 151699
17425 293 294 329 328 151812 151809 147623 151694 151814
17441 294 295 330 329 151927 151924 147738 151809 151929
17457 295 296 331 330 152042 152039 147853 151924 152044
17473 296 297 332 331 152157 152154 147968 152039 152159
17489 297 298 333 332 152272 152269 148083 152154 152274
17505 298 299 334 333 152387 152384 148198 152269 152389
17521 299 300 335 334 152502 152499 148313 152384 152504
17537 300 301 336 335 152617 152614 148428 152499 152619
17553 301 302 337 336 152732 152729 148543 152614 152734
17569 302 303 338 337 152847 152844 148658 152729 152849
17585 303 304 339 338 152962 152959 148773 152844 152964
17601 304 305 340 339 153077 153074 148888 152959 153079
17617 305 306 341 340 153192 153189 149003 153074 153194
17633 306 307 342 341 153307 153304 149118 153189 153309
17649 307 308 343 342 153422 153419 149233 153304 153424
17665 308 309 344 343 153537 153534 149348 153419 153539
17681 309 310 345 344 153652 153649 149463 153534 153654
17697 310 311 346 345 153767 153764 149578 153649 153769
17713 311 312 347 346 153882 153879 149693 153764 153884
17729 312 313 348 347 153997 153994 149808 153879 153999
17745 313 314 349 348 154112 154109 149923 153994 154114
17761 314 315 350 349 154227 154224 150038 154109 154229
17777 315 316 351 350 154342 154339 150153 154224 154344
17793 316 317 352 351 154457 154454 150268 154339 154459
17809 317 318 353 352 154572 154569 150383 154454 154574
17825 318 319 354 353 154687 154684 150498 154569 154689
17841 319 43 44 354 154802 154799 150613 154684 154804
17857 141 250 285 140 154920 154916 150731 154913 154922
17873 250 251 286 285 155081 155078 150892 154916 155083
17889 251 252 287 286 155196 155193 151007 155078 155198
17905 252 253 288 287 155311 155308 151122 155193 155313
17921 253 254 289 288 155426 155423 151237 155308 155428
17937 254 255 290 289 155541 155538 151352 155423 155543
17953 255 256 291 290 155656 155653 151467 155538 155658
17969 256 257 292 291 155771 155768 151582 155653 155773
17985 257 258 293 292 155886 155883 151697 155768 155888
18001 258 259 294 293 156001 155998 151812 155883 156003
18017 259 260 295 294 156116 156113 151927 155998 156118
18033 260 261 296 295 156231 156228 152042 156113 156233
18049 261 262 297 296 156346 156343 152157 156228 156348
18065 262 263 298 297 156461 156458 152272 156343 156463
18081 263 264 299 298 156576 156573 152387 156458 156578
18097 264 265 300 299 156691 156688 152502 156573 156693
18113 265 266 301 300 156806 156803 152617 156688 156808
18129 266 267 302 301 156921 156918 152732 156803 156923
18145 267 268 303 302 157036 157033 152847 156918 157038
18161 268 269 304 303 157151 157148 152962 157033 157153
18177 269 270 305 304 157266 157263 153077 157148 157268
18193 270 271 306 305 157381 157378 153192 157263 157383
18209 271 272 307 306 157496 157493 153307 157378 157498
18225 272 273 308 307 157611 157608 153422 157493 157613
18241 273 274 309 308 157726 157723 153537 157608 157728
18257 274 275 310 309 157841 157838 153652 157723 157843
18273 275 276 311 310 157956 157953 153767 157838 157958
18289 276 277 312 311 158071 158068 153882 157953 158073
18305 277 278 313 312 158186 158183 153997 158068 158188
18321 278 279 314 313 158301 158298 154112 158183 158303
18337 279 280 315 314 158416 158413 154227 158298 158418
18353 280 281 316 315 158531 158528 154342 158413 158533
18369 281 282 317 316 158646 158643 154457 158528 158648
18385 282 283 318 317 158761 158758 154572 158643 158763
18401 283 284 319 318 158876 158873 154687 158758 158878
18417 284 42 43 319 158991 158988 154802 158873 158993
18433 142 215 250 141 159109 159105 154920 159102 159111
18449 215 216 251 250 159270 159267 155081 159105 159272
18465 216 217 252 251 159385 159382 155196 159267 159387
18481 217 218 253 252 159500 159497 155311 159382 159502
18497 218 219 254 253 159615 159612 155426 159497 159617
18513 219 220 255 254 159730 159727 155541 159612 159732
18529 220 221 256 255 159845 159842 155656 159727 159847
18545 221 222 257 256 159960 159957 155771 159842 159962
18561 222 223 258 257 160075 160072 155886 159957 160077
18577 223 224 259 258 160190 160187 156001 160072 160192
18593 224 225 260 259 160305 160302 156116 160187 160307
18609 225 226 261 260 160420 160417 156231 160302 160422
18625 226 227 262 261 160535 160532 156346 160417 160537
18641 227 228 263 262 160650 160647 156461 160532 160652
18657 228 229 264 263 160765 160762 156576 160647 160767
18673 229 230 265 264 160880 160877 156691 160762 160882
18689 230 231 266 265 160995 160992 156806 160877 160997
18705 231 232 267 266 161110 161107 156921 160992 161112
18721 232 233 268 267 161225 161222 157036 161107 161227
18737 233 234 269 268 161340 161337 157151 161222 161342
18753 234 235 270 269 161455 161452 157266 161337 161457
18769 235 236 271 270 161570 161567 157381 161452 161572
18785 236 237 272 271 161685 161682 157496 161567 161687
18801 237 238 273 272 161800 161797 157611 161682 161802
18817 238 239 274 273 161915 161912 157726 161797 161917
18833 239 240 275 274 162030 162027 157841 161912 162032
18849 240 241 276 275 162145 162142 157956 162027 162147
18865 241 242 277 276 162260 162257 158071 162142 162262
18881 242 243 278 277 162375 162372 158186 162257 162377
18897 243 244 279 278 162490 162487 158301 162372 162492
18913 244 245 280 279 162605 162602 158416 162487 162607
18929 245 246 281 280 162720 162717 158531 162602 162722
18945 246 247 282 281 162835 162832 158646 162717 162837
18961 247 248 283 282 162950 162947 158761 162832 162952
18977 248 249 284 283 163065 163062 158876 162947 163067
18993 249 41 42 284 163180 163177 158991 163062 163182
19009 143 180 215 142 163298 163294 159109 163291 163300
19025 180 181 216 215 163459 163456 159270 163294 163461
19041 181 182 217 216 163574 163571 159385 163456 163576
19057 182 183 218 217 163689 163686 159500 163571 163691
19073 183 184 219 218 163804 163801 159615 163686 163806
19089 184 185 220 219 163919 163916 159730 163801 163921
19105 185 186 221 220 164034 164031 159845 163916 164036
19121 186 187 222 221 164149 164146 159960 164031 164151
19137 187 188 223 222 164264 164261 160075 164146 164266
19153 188 189 224 223 164379 164376 160190 164261 164381
19169 189 190 225 224 164494 164491 160305 164376 164496
19185 190 191 226 225 164609 164606 160420 164491 164611
19201 191 192 227 226 164724 164721 160535 164606 164726
19217 192 193 228 227 164839 164836 160650 164721 164841
19233 193 194 229 228 164954 164951 160765 164836 164956
19249 194 195 230 229 165069 165066 160880 164951 165071
19265 195 196 231 230 165184 165181 160995 165066 165186
19281 196 197 232 231 165299 165296 161110 165181 165301
19297 197 198 233 232 165414 165411 161225 165296 165416
19313 198 199 234 233 165529 165526 161340 165411 165531
19329 199 200 235 234 165644 165641 161455 165526 165646
19345 200 201 236 235 165759 165756 161570 165641 165761
19361 201 202 237 236 165874 165871 161685 165756 165876
19377 202 203 238 237 165989 165986 161800 165871 165991
19393 203 204 239 238 166104 166101 161915 165986 166106
19409 204 205 240 239 166219 166216 162030 166101 166221
19425 205 206 241 240 166334 166331 162145 166216 166336
19441 206 207 242 241 166449 166446 162260 166331 166451
19457 207 208 243 242 166564 166561 162375 166446 166566
19473 208 209 244 243 166679 166676 162490 166561 166681
19489 209 210 245 244 166794 166791 162605 166676 166796
19505 210 211 246 245 166909 166906 162720 166791 166911
19521 211 212 247 246 167024 167021 162835 166906 167026
19537 212 213 248 247 167139 167136 162950 167021 167141
19553 213 214 249 248 167254 167251 163065 167136 167256
19569 214 40 41 249 167369 167366 163180 167251 167371
19585 144 145 180 143 167487 167483 163298 167480 167489
19601 145 146 181 180 167648 167645 163459 167483 167650
19617 146 147 182 181 167763 167760 163574 167645 167765
19633 147 148 183 182 167878 167875 163689 167760 167880
19649 148 149 184 183 167993 167990 163804 167875 167995
19665 149 150 185 184 168108 168105 163919 167990 168110
19681 150 151 186 185 168223 168220 164034 168105 168225
19697 151 152 187 186 168338 168335 164149 168220 168340
19713 152 153 188 187 168453 168450 164264 168335 168455
19729 153 154 189 188 168568 168565 164379 168450 168570
19745 154 155 190 189 168683 168680 164494 168565 168685
19761 155 156 191 190 168798 168795 164609 168680 168800
19777 156 157 192 191 168913 168910 164724 168795 168915
19793 157 158 193 192 169028 169025 164839 168910 169030
19809 158 159 194 193 169143 169140 164954 169025 169145
19825 159 160 195 194 169258 169255 165069 169140 169260
19841 160 161 196 195 169373 169370 165184 169255 169375
19857 161 162 197 196 169488 169485 165299 169370 169490
19873 162 163 198 197 169603 169600 165414 169485 169605
19889 163 164 199 198 169718 169715 165529 169600 169720
19905 164 165 200 199 169833 169830 165644 169715 169835
19921 165 166 201 200 169948 169945 165759 169830 169950
19937 166 167 202 201 170063 170060 165874 169945 170065
19953 167 168 203 202 170178 170175 165989 170060 170180
19969 168 169 204 203 170293 170290 166104 170175 170295
19985 169 170 205 204 170408 170405 166219 170290 170410
20001 170 171 206 205 170523 170520 166334 170405 170525
20017 171 172 207 206 170638 170635 166449 170520 170640
20033 172 173 208 207 170753 170750 166564 170635 170755
20049 173 174 209 208 170868 170865 166679 170750 170870
20065 174 175 210 209 170983 170980 166794 170865 170985
20081 175 176 211 210 171098 171095 166909 170980 171100
20097 176 177 212 211 171213 171210 167024 171095 171215
20113 177 178 213 212 171328 171325 167139 171210 171330
20129 178 179 214 213 171443 171440 167254 171325 171445
20145 179 39 40 214 171558 171555 167369 171440 171560
20161 1 3 145 144 171676 171672 167487 171669 171678
20177 3 4 146 145 171837 171834 167648 171672 171839
20193 4 5 147 146 171952 171949 167763 171834 171954
20209 5 6 148 147 172067 172064 167878 171949 172069
20225 6 7 149 148 172182 172179 167993 172064 172184
20241 7 8 150 149 172297 172294 168108 172179 172299
20257 8 9 151 150 172412 172409 168223 172294 172414
20273 9 10 152 151 172527 172524 168338 172409 172529
20289 10 11 153 152 172642 172639 168453 172524 172644
20305 11 12 154 153 172757 172754 168568 172639 172759
20321 12 13 155 154 172872 172869 168683 172754 172874
20337 13 14 156 155 172987 172984 168798 172869 172989
20353 14 15 157 156 173102 173099 168913 172984 173104
20369 15 16 158 157 173217 173214 169028 173099 173219
20385 16 17 159 158 173332 173329 169143 173214 173334
20401 17 18 160 159 173447 173444 169258 173329 173449
20417 18 19 161 160 173562 173559 169373 173444 173564
20433 19 20 162 161 173677 173674 169488 173559 173679
20449 20 21 163 162 173792 173789 169603 173674 173794
20465 21 22 164 163 173907 173904 169718 173789 173909
20481 22 23 165 164 174022 174019 169833 173904 174024
20497 23 24 166 165 174137 174134 169948 174019 174139
20513 24 25 167 166 174252 174249 170063 174134 174254
20529 25 26 168 167 174367 174364 170178 174249 174369
20545 26 27 169 168 174482 174479 170293 174364 174484
20561 27 28 170 169 174597 174594 170408 174479 174599
20577 28 29 171 170 174712 174709 170523 174594 174714
20593 29 30 172 171 174827 174824 170638 174709 174829
20609 30 31 173 172 174942 174939 170753 174824 174944
20625 31 32 174 173 175057 175054 170868 174939 175059
20641 32 33 175 174 175172 175169 170983 175054 175174
20657 33 34 176 175 175287 175284 171098 175169 175289
20673 34 35 177 176 175402 175399 171213 175284 175404
20689 35 36 178 177 175517 175514 171328 175399 175519
20705 36 37 179 178 175632 175629 171443 175514 175634
20721 37 2 39 179 175747 175744 171558 175629 175749
