-121 37 28.08
-120.9 37 28.08
-120.8 37 28.08
-120.7 37 28.08
-120.6 37 28.08
-120.5 37 28.08
-120.4 37 28.08
-120.3 37 28.08
-120.2 37 28.08
-120.1 37 28.08
-120 37 28.08
-119.9 37 28.08
-119.8 37 28.08
-119.7 37 28.08
-119.6 37 28.08
-119.5 37 28.08
-119.4 37 28.08
-119.3 37 28.08
-119.2 37 28.08
-119.1 37 28.08
-119 37 28.072
-118.9 37 28.043
-118.8 37 27.996
-118.7 37 27.936
-118.6 37 27.869
-118.5 37 27.803
-118.4 37 27.742
-118.3 37 27.693
-118.2 37 27.661
-118.1 37 27.65
-118 37 27.662
-117.9 37 27.704
-117.8 37 27.77
-117.7 37 27.847
-117.6 37 27.926
-117.5 37 27.997
-117.4 37 28.053
-117.3 37 28.088
-117.2 37 28.1
-117.1 37 28.091
-117 37 28.08
-116.9 37 28.08
-116.8 37 28.08
-116.7 37 28.08
-116.6 37 28.08
-116.5 37 28.08
-116.4 37 28.08
-116.3 37 28.08
-116.2 37 28.08
-116.1 37 28.08
-116 37 28.08
-115.9 37 28.08
-115.8 37 28.08
-115.7 37 28.08
-115.6 37 28.08
-115.5 37 28.08
-115.4 37 28.08
-115.3 37 28.08
-115.2 37 28.08
-115.1 37 28.08
-115 37 28.08
-114.9 37 28.08
-114.8 37 28.08
-114.7 37 28.08
-114.6 37 28.08
-114.5 37 28.08
-114.4 37 28.08
-114.3 37 28.08
-114.2 37 28.08
-114.1 37 28.08
-114 37 28.08
-121 36.9 28.08
-120.9 36.9 28.08
-120.8 36.9 28.08
-120.7 36.9 28.08
-120.6 36.9 28.08
-120.5 36.9 28.08
-120.4 36.9 28.08
-120.3 36.9 28.08
-120.2 36.9 28.08
-120.1 36.9 28.08
-120 36.9 28.08
-119.9 36.9 28.08
-119.8 36.9 28.08
-119.7 36.9 28.08
-119.6 36.9 28.08
-119.5 36.9 28.08
-119.4 36.9 28.08
-119.3 36.9 28.08
-119.2 36.9 28.08
-119.1 36.9 28.075
-119 36.9 28.045
-118.9 36.9 27.99
-118.8 36.9 27.917
-118.7 36.9 27.831
-118.6 36.9 27.738
-118.5 36.9 27.646
-118.4 36.9 27.562
-118.3 36.9 27.495
-118.2 36.9 27.462
-118.1 36.9 27.485
-118 36.9 27.557
-117.9 36.9 27.662
-117.8 36.9 27.783
-117.7 36.9 27.903
-117.6 36.9 28.01
-117.5 36.9 28.096
-117.4 36.9 28.156
-117.3 36.9 28.191
-117.2 36.9 28.204
-117.1 36.9 28.186
-117 36.9 28.142
-116.9 36.9 28.103
-116.8 36.9 28.081
-116.7 36.9 28.08
-116.6 36.9 28.08
-116.5 36.9 28.08
-116.4 36.9 28.08
-116.3 36.9 28.08
-116.2 36.9 28.08
-116.1 36.9 28.08
-116 36.9 28.08
-115.9 36.9 28.08
-115.8 36.9 28.08
-115.7 36.9 28.08
-115.6 36.9 28.08
-115.5 36.9 28.08
-115.4 36.9 28.08
-115.3 36.9 28.08
-115.2 36.9 28.08
-115.1 36.9 28.08
-115 36.9 28.08
-114.9 36.9 28.08
-114.8 36.9 28.08
-114.7 36.9 28.08
-114.6 36.9 28.08
-114.5 36.9 28.08
-114.4 36.9 28.08
-114.3 36.9 28.08
-114.2 36.9 28.08
-114.1 36.9 28.08
-114 36.9 28.08
-121 36.8 28.08
-120.9 36.8 28.08
-120.8 36.8 28.08
-120.7 36.8 28.08
-120.6 36.8 28.08
-120.5 36.8 28.08
-120.4 36.8 28.08
-120.3 36.8 28.08
-120.2 36.8 28.08
-120.1 36.8 28.08
-120 36.8 28.08
-119.9 36.8 28.08
-119.8 36.8 28.08
-119.7 36.8 28.08
-119.6 36.8 28.08
-119.5 36.8 28.08
-119.4 36.8 28.08
-119.3 36.8 28.08
-119.2 36.8 28.079
-119.1 36.8 28.057
-119 36.8 28.004
-118.9 36.8 27.926
-118.8 36.8 27.828
-118.7 36.8 27.716
-118.6 36.8 27.595
-118.5 36.8 27.476
-118.4 36.8 27.385
-118.3 36.8 27.343
-118.2 36.8 27.375
-118.1 36.8 27.473
-118 36.8 27.621
-117.9 36.8 27.799
-117.8 36.8 27.984
-117.7 36.8 28.148
-117.6 36.8 28.276
-117.5 36.8 28.361
-117.4 36.8 28.402
-117.3 36.8 28.405
-117.2 36.8 28.378
-117.1 36.8 28.332
-117 36.8 28.274
-116.9 36.8 28.199
-116.8 36.8 28.135
-116.7 36.8 28.093
-116.6 36.8 28.086
-116.5 36.8 28.09
-116.4 36.8 28.093
-116.3 36.8 28.094
-116.2 36.8 28.093
-116.1 36.8 28.09
-116 36.8 28.086
-115.9 36.8 28.082
-115.8 36.8 28.08
-115.7 36.8 28.08
-115.6 36.8 28.08
-115.5 36.8 28.08
-115.4 36.8 28.08
-115.3 36.8 28.08
-115.2 36.8 28.08
-115.1 36.8 28.08
-115 36.8 28.08
-114.9 36.8 28.08
-114.8 36.8 28.08
-114.7 36.8 28.08
-114.6 36.8 28.08
-114.5 36.8 28.08
-114.4 36.8 28.08
-114.3 36.8 28.08
-114.2 36.8 28.08
-114.1 36.8 28.08
-114 36.8 28.08
-121 36.7 28.08
-120.9 36.7 28.08
-120.8 36.7 28.08
-120.7 36.7 28.08
-120.6 36.7 28.08
-120.5 36.7 28.08
-120.4 36.7 28.08
-120.3 36.7 28.08
-120.2 36.7 28.08
-120.1 36.7 28.08
-120 36.7 28.08
-119.9 36.7 28.08
-119.8 36.7 28.08
-119.7 36.7 28.08
-119.6 36.7 28.08
-119.5 36.7 28.08
-119.4 36.7 28.08
-119.3 36.7 28.08
-119.2 36.7 28.072
-119.1 36.7 28.032
-119 36.7 27.96
-118.9 36.7 27.862
-118.8 36.7 27.74
-118.7 36.7 27.602
-118.6 36.7 27.463
-118.5 36.7 27.356
-118.4 36.7 27.297
-118.3 36.7 27.319
-118.2 36.7 27.421
-118.1 36.7 27.595
-118 36.7 27.807
-117.9 36.7 28.024
-117.8 36.7 28.227
-117.7 36.7 28.401
-117.6 36.7 28.534
-117.5 36.7 28.622
-117.4 36.7 28.663
-117.3 36.7 28.659
-117.2 36.7 28.614
-117.1 36.7 28.529
-117 36.7 28.415
-116.9 36.7 28.311
-116.8 36.7 28.228
-116.7 36.7 28.167
-116.6 36.7 28.131
-116.5 36.7 28.127
-116.4 36.7 28.133
-116.3 36.7 28.136
-116.2 36.7 28.133
-116.1 36.7 28.127
-116 36.7 28.117
-115.9 36.7 28.106
-115.8 36.7 28.094
-115.7 36.7 28.085
-115.6 36.7 28.08
-115.5 36.7 28.08
-115.4 36.7 28.08
-115.3 36.7 28.08
-115.2 36.7 28.08
-115.1 36.7 28.08
-115 36.7 28.08
-114.9 36.7 28.08
-114.8 36.7 28.08
-114.7 36.7 28.08
-114.6 36.7 28.08
-114.5 36.7 28.08
-114.4 36.7 28.08
-114.3 36.7 28.08
-114.2 36.7 28.08
-114.1 36.7 28.08
-114 36.7 28.08
-121 36.6 28.08
-120.9 36.6 28.08
-120.8 36.6 28.08
-120.7 36.6 28.08
-120.6 36.6 28.08
-120.5 36.6 28.08
-120.4 36.6 28.08
-120.3 36.6 28.08
-120.2 36.6 28.08
-120.1 36.6 28.08
-120 36.6 28.08
-119.9 36.6 28.08
-119.8 36.6 28.08
-119.7 36.6 28.08
-119.6 36.6 28.08
-119.5 36.6 28.08
-119.4 36.6 28.08
-119.3 36.6 28.08
-119.2 36.6 28.062
-119.1 36.6 28.008
-119 36.6 27.923
-118.9 36.6 27.826
-118.8 36.6 27.716
-118.7 36.6 27.6
-118.6 36.6 27.507
-118.5 36.6 27.438
-118.4 36.6 27.433
-118.3 36.6 27.489
-118.2 36.6 27.574
-118.1 36.6 27.706
-118 36.6 27.895
-117.9 36.6 28.124
-117.8 36.6 28.345
-117.7 36.6 28.53
-117.6 36.6 28.667
-117.5 36.6 28.752
-117.4 36.6 28.787
-117.3 36.6 28.777
-117.2 36.6 28.731
-117.1 36.6 28.656
-117 36.6 28.561
-116.9 36.6 28.443
-116.8 36.6 28.331
-116.7 36.6 28.256
-116.6 36.6 28.209
-116.5 36.6 28.19
-116.4 36.6 28.197
-116.3 36.6 28.201
-116.2 36.6 28.197
-116.1 36.6 28.187
-116 36.6 28.171
-115.9 36.6 28.151
-115.8 36.6 28.13
-115.7 36.6 28.109
-115.6 36.6 28.093
-115.5 36.6 28.082
-115.4 36.6 28.08
-115.3 36.6 28.08
-115.2 36.6 28.08
-115.1 36.6 28.08
-115 36.6 28.08
-114.9 36.6 28.08
-114.8 36.6 28.08
-114.7 36.6 28.08
-114.6 36.6 28.08
-114.5 36.6 28.08
-114.4 36.6 28.08
-114.3 36.6 28.08
-114.2 36.6 28.08
-114.1 36.6 28.08
-114 36.6 28.08
-121 36.5 28.08
-120.9 36.5 28.08
-120.8 36.5 28.08
-120.7 36.5 28.08
-120.6 36.5 28.08
-120.5 36.5 28.08
-120.4 36.5 28.08
-120.3 36.5 28.08
-120.2 36.5 28.08
-120.1 36.5 28.08
-120 36.5 28.08
-119.9 36.5 28.08
-119.8 36.5 28.08
-119.7 36.5 28.08
-119.6 36.5 28.08
-119.5 36.5 28.08
-119.4 36.5 28.08
-119.3 36.5 28.079
-119.2 36.5 28.057
-119.1 36.5 28.033
-119 36.5 28.008
-118.9 36.5 27.968
-118.8 36.5 27.912
-118.7 36.5 27.871
-118.6 36.5 27.837
-118.5 36.5 27.84
-118.4 36.5 27.868
-118.3 36.5 27.857
-118.2 36.5 27.824
-118.1 36.5 27.837
-118 36.5 27.984
-117.9 36.5 28.196
-117.8 36.5 28.412
-117.7 36.5 28.608
-117.6 36.5 28.738
-117.5 36.5 28.801
-117.4 36.5 28.805
-117.3 36.5 28.764
-117.2 36.5 28.703
-117.1 36.5 28.64
-117 36.5 28.574
-116.9 36.5 28.498
-116.8 36.5 28.417
-116.7 36.5 28.345
-116.6 36.5 28.291
-116.5 36.5 28.267
-116.4 36.5 28.274
-116.3 36.5 28.287
-116.2 36.5 28.282
-116.1 36.5 28.266
-116 36.5 28.243
-115.9 36.5 28.213
-115.8 36.5 28.181
-115.7 36.5 28.149
-115.6 36.5 28.12
-115.5 36.5 28.097
-115.4 36.5 28.083
-115.3 36.5 28.08
-115.2 36.5 28.08
-115.1 36.5 28.08
-115 36.5 28.08
-114.9 36.5 28.08
-114.8 36.5 28.08
-114.7 36.5 28.08
-114.6 36.5 28.08
-114.5 36.5 28.08
-114.4 36.5 28.08
-114.3 36.5 28.08
-114.2 36.5 28.08
-114.1 36.5 28.08
-114 36.5 28.08
-121 36.4 28.08
-120.9 36.4 28.08
-120.8 36.4 28.08
-120.7 36.4 28.08
-120.6 36.4 28.08
-120.5 36.4 28.08
-120.4 36.4 28.08
-120.3 36.4 28.08
-120.2 36.4 28.08
-120.1 36.4 28.08
-120 36.4 28.08
-119.9 36.4 28.08
-119.8 36.4 28.08
-119.7 36.4 28.08
-119.6 36.4 28.08
-119.5 36.4 28.08
-119.4 36.4 28.08
-119.3 36.4 28.098
-119.2 36.4 28.15
-119.1 36.4 28.212
-119 36.4 28.266
-118.9 36.4 28.299
-118.8 36.4 28.338
-118.7 36.4 28.386
-118.6 36.4 28.438
-118.5 36.4 28.498
-118.4 36.4 28.487
-118.3 36.4 28.414
-118.2 36.4 28.264
-118.1 36.4 28.047
-118 36.4 28.284
-117.9 36.4 28.473
-117.8 36.4 28.62
-117.7 36.4 28.734
-117.6 36.4 28.823
-117.5 36.4 28.841
-117.4 36.4 28.781
-117.3 36.4 28.676
-117.2 36.4 28.572
-117.1 36.4 28.493
-117 36.4 28.444
-116.9 36.4 28.415
-116.8 36.4 28.393
-116.7 36.4 28.39
-116.6 36.4 28.368
-116.5 36.4 28.347
-116.4 36.4 28.354
-116.3 36.4 28.385
-116.2 36.4 28.384
-116.1 36.4 28.362
-116 36.4 28.33
-115.9 36.4 28.291
-115.8 36.4 28.248
-115.7 36.4 28.204
-115.6 36.4 28.163
-115.5 36.4 28.127
-115.4 36.4 28.1
-115.3 36.4 28.084
-115.2 36.4 28.081
-115.1 36.4 28.08
-115 36.4 28.08
-114.9 36.4 28.08
-114.8 36.4 28.08
-114.7 36.4 28.08
-114.6 36.4 28.08
-114.5 36.4 28.08
-114.4 36.4 28.08
-114.3 36.4 28.08
-114.2 36.4 28.08
-114.1 36.4 28.08
-114 36.4 28.08
-121 36.3 28.079
-120.9 36.3 28.069
-120.8 36.3 28.052
-120.7 36.3 28.036
-120.6 36.3 28.024
-120.5 36.3 28.02
-120.4 36.3 28.024
-120.3 36.3 28.036
-120.2 36.3 28.052
-120.1 36.3 28.069
-120 36.3 28.079
-119.9 36.3 28.08
-119.8 36.3 28.08
-119.7 36.3 28.08
-119.6 36.3 28.08
-119.5 36.3 28.08
-119.4 36.3 28.106
-119.3 36.3 28.215
-119.2 36.3 28.364
-119.1 36.3 28.521
-119 36.3 28.669
-118.9 36.3 28.803
-118.8 36.3 28.956
-118.7 36.3 29.107
-118.6 36.3 29.245
-118.5 36.3 29.309
-118.4 36.3 29.303
-118.3 36.3 29.218
-118.2 36.3 29.073
-118.1 36.3 28.954
-118 36.3 28.952
-117.9 36.3 28.995
-117.8 36.3 29.015
-117.7 36.3 29
-117.6 36.3 28.959
-117.5 36.3 28.886
-117.4 36.3 28.727
-117.3 36.3 28.526
-117.2 36.3 28.354
-117.1 36.3 28.245
-117 36.3 28.2
-116.9 36.3 28.206
-116.8 36.3 28.254
-116.7 36.3 28.332
-116.6 36.3 28.41
-116.5 36.3 28.422
-116.4 36.3 28.44
-116.3 36.3 28.481
-116.2 36.3 28.501
-116.1 36.3 28.475
-116 36.3 28.434
-115.9 36.3 28.384
-115.8 36.3 28.329
-115.7 36.3 28.273
-115.6 36.3 28.219
-115.5 36.3 28.171
-115.4 36.3 28.131
-115.3 36.3 28.103
-115.2 36.3 28.088
-115.1 36.3 28.084
-115 36.3 28.081
-114.9 36.3 28.08
-114.8 36.3 28.08
-114.7 36.3 28.08
-114.6 36.3 28.08
-114.5 36.3 28.08
-114.4 36.3 28.08
-114.3 36.3 28.08
-114.2 36.3 28.08
-114.1 36.3 28.08
-114 36.3 28.08
-121 36.2 28.018
-120.9 36.2 27.971
-120.8 36.2 27.924
-120.7 36.2 27.884
-120.6 36.2 27.857
-120.5 36.2 27.848
-120.4 36.2 27.857
-120.3 36.2 27.884
-120.2 36.2 27.924
-120.1 36.2 27.971
-120 36.2 28.018
-119.9 36.2 28.057
-119.8 36.2 28.078
-119.7 36.2 28.08
-119.6 36.2 28.08
-119.5 36.2 28.097
-119.4 36.2 28.209
-119.3 36.2 28.409
-119.2 36.2 28.66
-119.1 36.2 28.923
-119 36.2 29.177
-118.9 36.2 29.437
-118.8 36.2 29.716
-118.7 36.2 29.981
-118.6 36.2 30.168
-118.5 36.2 30.27
-118.4 36.2 30.284
-118.3 36.2 30.195
-118.2 36.2 30.042
-118.1 36.2 29.882
-118 36.2 29.754
-117.9 36.2 29.642
-117.8 36.2 29.5
-117.7 36.2 29.316
-117.6 36.2 29.137
-117.5 36.2 28.926
-117.4 36.2 28.59
-117.3 36.2 28.242
-117.2 36.2 28.007
-117.1 36.2 27.894
-117 36.2 27.88
-116.9 36.2 27.931
-116.8 36.2 28.045
-116.7 36.2 28.212
-116.6 36.2 28.387
-116.5 36.2 28.491
-116.4 36.2 28.521
-116.3 36.2 28.569
-116.2 36.2 28.604
-116.1 36.2 28.577
-116 36.2 28.526
-115.9 36.2 28.468
-115.8 36.2 28.406
-115.7 36.2 28.344
-115.6 36.2 28.282
-115.5 36.2 28.223
-115.4 36.2 28.172
-115.3 36.2 28.132
-115.2 36.2 28.106
-115.1 36.2 28.096
-115 36.2 28.089
-114.9 36.2 28.084
-114.8 36.2 28.081
-114.7 36.2 28.08
-114.6 36.2 28.08
-114.5 36.2 28.08
-114.4 36.2 28.08
-114.3 36.2 28.08
-114.2 36.2 28.08
-114.1 36.2 28.08
-114 36.2 28.08
-121 36.1 27.872
-120.9 36.1 27.784
-120.8 36.1 27.702
-120.7 36.1 27.635
-120.6 36.1 27.592
-120.5 36.1 27.577
-120.4 36.1 27.592
-120.3 36.1 27.635
-120.2 36.1 27.702
-120.1 36.1 27.784
-120 36.1 27.872
-119.9 36.1 27.956
-119.8 36.1 28.026
-119.7 36.1 28.07
-119.6 36.1 28.082
-119.5 36.1 28.165
-119.4 36.1 28.358
-119.3 36.1 28.644
-119.2 36.1 28.998
-119.1 36.1 29.372
-119 36.1 29.745
-118.9 36.1 30.142
-118.8 36.1 30.56
-118.7 36.1 30.933
-118.6 36.1 31.194
-118.5 36.1 31.346
-118.4 36.1 31.36
-118.3 36.1 31.231
-118.2 36.1 31.009
-118.1 36.1 30.75
-118 36.1 30.499
-117.9 36.1 30.263
-117.8 36.1 29.949
-117.7 36.1 29.469
-117.6 36.1 29.067
-117.5 36.1 28.947
-117.4 36.1 28.149
-117.3 36.1 27.697
-117.2 36.1 27.485
-117.1 36.1 27.448
-117 36.1 27.516
-116.9 36.1 27.645
-116.8 36.1 27.834
-116.7 36.1 28.069
-116.6 36.1 28.323
-116.5 36.1 28.521
-116.4 36.1 28.596
-116.3 36.1 28.648
-116.2 36.1 28.678
-116.1 36.1 28.639
-116 36.1 28.573
-115.9 36.1 28.505
-115.8 36.1 28.44
-115.7 36.1 28.379
-115.6 36.1 28.322
-115.5 36.1 28.268
-115.4 36.1 28.216
-115.3 36.1 28.167
-115.2 36.1 28.131
-115.1 36.1 28.112
-115 36.1 28.102
-114.9 36.1 28.093
-114.8 36.1 28.085
-114.7 36.1 28.081
-114.6 36.1 28.08
-114.5 36.1 28.08
-114.4 36.1 28.08
-114.3 36.1 28.08
-114.2 36.1 28.08
-114.1 36.1 28.08
-114 36.1 28.08
-121 36 27.658
-120.9 36 27.524
-120.8 36 27.402
-120.7 36 27.304
-120.6 36 27.241
-120.5 36 27.219
-120.4 36 27.241
-120.3 36 27.304
-120.2 36 27.402
-120.1 36 27.524
-120 36 27.658
-119.9 36 27.791
-119.8 36 27.911
-119.7 36 28.006
-119.6 36 28.092
-119.5 36 28.255
-119.4 36 28.519
-119.3 36 28.882
-119.2 36 29.328
-119.1 36 29.814
-119 36 30.312
-118.9 36 30.851
-118.8 36 31.42
-118.7 36 31.923
-118.6 36 32.289
-118.5 36 32.491
-118.4 36 32.473
-118.3 36 32.251
-118.2 36 31.892
-118.1 36 31.467
-118 36 31.032
-117.9 36 30.632
-117.8 36 30.318
-117.7 36 29.14
-117.6 36 28.255
-117.5 36 27.639
-117.4 36 27.114
-117.3 36 26.815
-117.2 36 26.803
-117.1 36 26.949
-117 36 27.152
-116.9 36 27.382
-116.8 36 27.64
-116.7 36 27.923
-116.6 36 28.234
-116.5 36 28.515
-116.4 36 28.664
-116.3 36 28.733
-116.2 36 28.737
-116.1 36 28.664
-116 36 28.566
-115.9 36 28.488
-115.8 36 28.424
-115.7 36 28.37
-115.6 36 28.322
-115.5 36 28.279
-115.4 36 28.238
-115.3 36 28.199
-115.2 36 28.16
-115.1 36 28.133
-115 36 28.118
-114.9 36 28.105
-114.8 36 28.094
-114.7 36 28.085
-114.6 36 28.08
-114.5 36 28.08
-114.4 36 28.08
-114.3 36 28.08
-114.2 36 28.08
-114.1 36 28.08
-114 36 28.08
-121 35.9 27.396
-120.9 35.9 27.211
-120.8 35.9 27.042
-120.7 35.9 26.906
-120.6 35.9 26.817
-120.5 35.9 26.786
-120.4 35.9 26.817
-120.3 35.9 26.906
-120.2 35.9 27.042
-120.1 35.9 27.211
-120 35.9 27.396
-119.9 35.9 27.581
-119.8 35.9 27.754
-119.7 35.9 27.9
-119.6 35.9 28.073
-119.5 35.9 28.333
-119.4 35.9 28.662
-119.3 35.9 29.087
-119.2 35.9 29.603
-119.1 35.9 30.189
-119 35.9 30.805
-118.9 35.9 31.477
-118.8 35.9 32.212
-118.7 35.9 32.89
-118.6 35.9 33.403
-118.5 35.9 33.669
-118.4 35.9 33.58
-118.3 35.9 33.193
-118.2 35.9 32.634
-118.1 35.9 31.986
-118 35.9 31.28
-117.9 35.9 30.489
-117.8 35.9 29.482
-117.7 35.9 28.164
-117.6 35.9 26.978
-117.5 35.9 26.371
-117.4 35.9 26.054
-117.3 35.9 25.81
-117.2 35.9 26.206
-117.1 35.9 26.558
-117 35.9 26.877
-116.9 35.9 27.184
-116.8 35.9 27.492
-116.7 35.9 27.809
-116.6 35.9 28.146
-116.5 35.9 28.471
-116.4 35.9 28.68
-116.3 35.9 28.827
-116.2 35.9 28.736
-116.1 35.9 28.622
-116 35.9 28.502
-115.9 35.9 28.412
-115.8 35.9 28.355
-115.7 35.9 28.315
-115.6 35.9 28.284
-115.5 35.9 28.257
-115.4 35.9 28.232
-115.3 35.9 28.208
-115.2 35.9 28.182
-115.1 35.9 28.156
-115 35.9 28.136
-114.9 35.9 28.119
-114.8 35.9 28.104
-114.7 35.9 28.091
-114.6 35.9 28.083
-114.5 35.9 28.08
-114.4 35.9 28.08
-114.3 35.9 28.08
-114.2 35.9 28.08
-114.1 35.9 28.08
-114 35.9 28.08
-121 35.8 27.108
-120.9 35.8 26.866
-120.8 35.8 26.642
-120.7 35.8 26.457
-120.6 35.8 26.335
-120.5 35.8 26.291
-120.4 35.8 26.335
-120.3 35.8 26.457
-120.2 35.8 26.642
-120.1 35.8 26.866
-120 35.8 27.108
-119.9 35.8 27.35
-119.8 35.8 27.576
-119.7 35.8 27.774
-119.6 35.8 28.023
-119.5 35.8 28.358
-119.4 35.8 28.758
-119.3 35.8 29.225
-119.2 35.8 29.789
-119.1 35.8 30.436
-119 35.8 31.146
-118.9 35.8 31.921
-118.8 35.8 32.808
-118.7 35.8 33.693
-118.6 35.8 34.449
-118.5 35.8 34.861
-118.4 35.8 34.612
-118.3 35.8 33.972
-118.2 35.8 33.197
-118.1 35.8 32.353
-118 35.8 31.431
-117.9 35.8 30.374
-117.8 35.8 29.083
-117.7 35.8 27.478
-117.6 35.8 25.565
-117.5 35.8 25.657
-117.4 35.8 25.668
-117.3 35.8 25.772
-117.2 35.8 26.079
-117.1 35.8 26.437
-117 35.8 26.782
-116.9 35.8 27.111
-116.8 35.8 27.431
-116.7 35.8 27.751
-116.6 35.8 28.083
-116.5 35.8 28.386
-116.4 35.8 28.57
-116.3 35.8 28.628
-116.2 35.8 28.589
-116.1 35.8 28.484
-116 35.8 28.368
-115.9 35.8 28.285
-115.8 35.8 28.237
-115.7 35.8 28.22
-115.6 35.8 28.214
-115.5 35.8 28.208
-115.4 35.8 28.203
-115.3 35.8 28.195
-115.2 35.8 28.185
-115.1 35.8 28.174
-115 35.8 28.154
-114.9 35.8 28.133
-114.8 35.8 28.114
-114.7 35.8 28.098
-114.6 35.8 28.087
-114.5 35.8 28.081
-114.4 35.8 28.08
-114.3 35.8 28.08
-114.2 35.8 28.08
-114.1 35.8 28.08
-114 35.8 28.08
-121 35.7 26.823
-120.9 35.7 26.518
-120.8 35.7 26.228
-120.7 35.7 25.98
-120.6 35.7 25.809
-120.5 35.7 25.747
-120.4 35.7 25.809
-120.3 35.7 25.98
-120.2 35.7 26.228
-120.1 35.7 26.518
-120 35.7 26.823
-119.9 35.7 27.122
-119.8 35.7 27.399
-119.7 35.7 27.645
-119.6 35.7 27.946
-119.5 35.7 28.331
-119.4 35.7 28.779
-119.3 35.7 29.274
-119.2 35.7 29.854
-119.1 35.7 30.523
-119 35.7 31.266
-118.9 35.7 32.084
-118.8 35.7 33.044
-118.7 35.7 34.058
-118.6 35.7 35.059
-118.5 35.7 36.083
-118.4 35.7 35.247
-118.3 35.7 34.39
-118.2 35.7 33.509
-118.1 35.7 32.593
-118 35.7 31.623
-117.9 35.7 30.568
-117.8 35.7 29.4
-117.7 35.7 28.094
-117.6 35.7 26.867
-117.5 35.7 26.223
-117.4 35.7 26.011
-117.3 35.7 26.057
-117.2 35.7 26.291
-117.1 35.7 26.58
-117 35.7 26.885
-116.9 35.7 27.189
-116.8 35.7 27.485
-116.7 35.7 27.776
-116.6 35.7 28.067
-116.5 35.7 28.302
-116.4 35.7 28.427
-116.3 35.7 28.429
-116.2 35.7 28.371
-116.1 35.7 28.27
-116 35.7 28.171
-115.9 35.7 28.11
-115.8 35.7 28.086
-115.7 35.7 28.095
-115.6 35.7 28.12
-115.5 35.7 28.141
-115.4 35.7 28.155
-115.3 35.7 28.166
-115.2 35.7 28.173
-115.1 35.7 28.179
-115 35.7 28.177
-114.9 35.7 28.165
-114.8 35.7 28.156
-114.7 35.7 28.147
-114.6 35.7 28.137
-114.5 35.7 28.125
-114.4 35.7 28.113
-114.3 35.7 28.1
-114.2 35.7 28.088
-114.1 35.7 28.08
-114 35.7 28.08
-121 35.6 26.576
-120.9 35.6 26.208
-120.8 35.6 25.843
-120.7 35.6 25.51
-120.6 35.6 25.261
-120.5 35.6 25.165
-120.4 35.6 25.261
-120.3 35.6 25.51
-120.2 35.6 25.843
-120.1 35.6 26.208
-120 35.6 26.576
-119.9 35.6 26.928
-119.8 35.6 27.25
-119.7 35.6 27.532
-119.6 35.6 27.857
-119.5 35.6 28.261
-119.4 35.6 28.724
-119.3 35.6 29.225
-119.2 35.6 29.789
-119.1 35.6 30.434
-119 35.6 31.125
-118.9 35.6 31.855
-118.8 35.6 32.715
-118.7 35.6 33.648
-118.6 35.6 34.469
-118.5 35.6 34.922
-118.4 35.6 34.741
-118.3 35.6 34.171
-118.2 35.6 33.455
-118.1 35.6 32.654
-118 35.6 31.785
-117.9 35.6 30.894
-117.8 35.6 30.035
-117.7 35.6 29.265
-117.6 35.6 28.03
-117.5 35.6 27.171
-117.4 35.6 26.708
-117.3 35.6 26.585
-117.2 35.6 26.7
-117.1 35.6 26.905
-117 35.6 27.152
-116.9 35.6 27.409
-116.8 35.6 27.659
-116.7 35.6 27.899
-116.6 35.6 28.111
-116.5 35.6 28.255
-116.4 35.6 28.294
-116.3 35.6 28.225
-116.2 35.6 28.122
-116.1 35.6 28.006
-116 35.6 27.925
-115.9 35.6 27.894
-115.8 35.6 27.907
-115.7 35.6 27.954
-115.6 35.6 28.018
-115.5 35.6 28.065
-115.4 35.6 28.097
-115.3 35.6 28.127
-115.2 35.6 28.168
-115.1 35.6 28.218
-115 35.6 28.256
-114.9 35.6 28.271
-114.8 35.6 28.278
-114.7 35.6 28.278
-114.6 35.6 28.27
-114.5 35.6 28.253
-114.4 35.6 28.229
-114.3 35.6 28.199
-114.2 35.6 28.163
-114.1 35.6 28.126
-114 35.6 28.097
-121 35.5 26.405
-120.9 35.5 25.986
-120.8 35.5 25.55
-120.7 35.5 25.118
-120.6 35.5 24.739
-120.5 35.5 24.559
-120.4 35.5 24.739
-120.3 35.5 25.118
-120.2 35.5 25.55
-120.1 35.5 25.986
-120 35.5 26.405
-119.9 35.5 26.796
-119.8 35.5 27.149
-119.7 35.5 27.456
-119.6 35.5 27.774
-119.5 35.5 28.166
-119.4 35.5 28.61
-119.3 35.5 29.082
-119.2 35.5 29.547
-119.1 35.5 30.056
-119 35.5 30.61
-118.9 35.5 31.202
-118.8 35.5 31.885
-118.7 35.5 32.64
-118.6 35.5 33.26
-118.5 35.5 33.601
-118.4 35.5 33.603
-118.3 35.5 33.336
-118.2 35.5 32.895
-118.1 35.5 32.356
-118 35.5 31.734
-117.9 35.5 31.057
-117.8 35.5 30.367
-117.7 35.5 29.685
-117.6 35.5 28.683
-117.5 35.5 27.86
-117.4 35.5 27.337
-117.3 35.5 27.14
-117.2 35.5 27.159
-117.1 35.5 27.288
-117 35.5 27.496
-116.9 35.5 27.731
-116.8 35.5 27.946
-116.7 35.5 28.119
-116.6 35.5 28.22
-116.5 35.5 28.251
-116.4 35.5 28.164
-116.3 35.5 28.012
-116.2 35.5 27.845
-116.1 35.5 27.705
-116 35.5 27.643
-115.9 35.5 27.651
-115.8 35.5 27.707
-115.7 35.5 27.798
-115.6 35.5 27.918
-115.5 35.5 27.971
-115.4 35.5 28.03
-115.3 35.5 28.112
-115.2 35.5 28.211
-115.1 35.5 28.312
-115 35.5 28.393
-114.9 35.5 28.443
-114.8 35.5 28.469
-114.7 35.5 28.482
-114.6 35.5 28.478
-114.5 35.5 28.456
-114.4 35.5 28.419
-114.3 35.5 28.368
-114.2 35.5 28.305
-114.1 35.5 28.238
-114 35.5 28.174
-121 35.4 26.343
-120.9 35.4 25.904
-120.8 35.4 25.437
-120.7 35.4 24.949
-120.6 35.4 24.448
-120.5 35.4 23.94
-120.4 35.4 24.448
-120.3 35.4 24.949
-120.2 35.4 25.437
-120.1 35.4 25.904
-120 35.4 26.343
-119.9 35.4 26.749
-119.8 35.4 27.113
-119.7 35.4 27.429
-119.6 35.4 27.718
-119.5 35.4 28.066
-119.4 35.4 28.438
-119.3 35.4 28.783
-119.2 35.4 29.124
-119.1 35.4 29.503
-119 35.4 29.917
-118.9 35.4 30.371
-118.8 35.4 30.879
-118.7 35.4 31.444
-118.6 35.4 31.941
-118.5 35.4 32.261
-118.4 35.4 32.365
-118.3 35.4 32.277
-118.2 35.4 32.041
-118.1 35.4 31.703
-118 35.4 31.299
-117.9 35.4 30.834
-117.8 35.4 30.277
-117.7 35.4 29.591
-117.6 35.4 28.837
-117.5 35.4 28.173
-117.4 35.4 27.722
-117.3 35.4 27.533
-117.2 35.4 27.508
-117.1 35.4 27.596
-117 35.4 27.78
-116.9 35.4 28.033
-116.8 35.4 28.268
-116.7 35.4 28.374
-116.6 35.4 28.367
-116.5 35.4 28.249
-116.4 35.4 28.041
-116.3 35.4 27.8
-116.2 35.4 27.548
-116.1 35.4 27.372
-116 35.4 27.343
-115.9 35.4 27.402
-115.8 35.4 27.498
-115.7 35.4 27.613
-115.6 35.4 27.734
-115.5 35.4 27.851
-115.4 35.4 27.982
-115.3 35.4 28.129
-115.2 35.4 28.289
-115.1 35.4 28.44
-115 35.4 28.568
-114.9 35.4 28.66
-114.8 35.4 28.716
-114.7 35.4 28.748
-114.6 35.4 28.75
-114.5 35.4 28.723
-114.4 35.4 28.671
-114.3 35.4 28.596
-114.2 35.4 28.503
-114.1 35.4 28.401
-114 35.4 28.3
-121 35.3 26.405
-120.9 35.3 25.986
-120.8 35.3 25.55
-120.7 35.3 25.118
-120.6 35.3 24.739
-120.5 35.3 24.559
-120.4 35.3 24.739
-120.3 35.3 25.118
-120.2 35.3 25.551
-120.1 35.3 25.999
-120 35.3 26.437
-119.9 35.3 26.848
-119.8 35.3 27.215
-119.7 35.3 27.527
-119.6 35.3 27.778
-119.5 35.3 28.021
-119.4 35.3 28.248
-119.3 35.3 28.448
-119.2 35.3 28.644
-119.1 35.3 28.878
-119 35.3 29.153
-118.9 35.3 29.463
-118.8 35.3 29.815
-118.7 35.3 30.229
-118.6 35.3 30.656
-118.5 35.3 30.978
-118.4 35.3 31.165
-118.3 35.3 31.22
-118.2 35.3 31.148
-118.1 35.3 30.957
-118 35.3 30.648
-117.9 35.3 30.271
-117.8 35.3 29.877
-117.7 35.3 29.409
-117.6 35.3 28.854
-117.5 35.3 28.352
-117.4 35.3 28.015
-117.3 35.3 27.855
-117.2 35.3 27.793
-117.1 35.3 27.831
-117 35.3 27.978
-116.9 35.3 28.233
-116.8 35.3 28.546
-116.7 35.3 28.5
-116.6 35.3 28.382
-116.5 35.3 28.174
-116.4 35.3 27.909
-116.3 35.3 27.608
-116.2 35.3 27.3
-116.1 35.3 26.995
-116 35.3 27.1
-115.9 35.3 27.211
-115.8 35.3 27.328
-115.7 35.3 27.453
-115.6 35.3 27.593
-115.5 35.3 27.769
-115.4 35.3 27.965
-115.3 35.3 28.177
-115.2 35.3 28.39
-115.1 35.3 28.592
-115 35.3 28.769
-114.9 35.3 28.906
-114.8 35.3 29
-114.7 35.3 29.06
-114.6 35.3 29.076
-114.5 35.3 29.045
-114.4 35.3 28.974
-114.3 35.3 28.871
-114.2 35.3 28.742
-114.1 35.3 28.601
-114 35.3 28.46
-121 35.2 26.576
-120.9 35.2 26.208
-120.8 35.2 25.843
-120.7 35.2 25.51
-120.6 35.2 25.261
-120.5 35.2 25.165
-120.4 35.2 25.263
-120.3 35.2 25.537
-120.2 35.2 25.916
-120.1 35.2 26.337
-120 35.2 26.762
-119.9 35.2 27.161
-119.8 35.2 27.514
-119.7 35.2 27.806
-119.6 35.2 28.029
-119.5 35.2 28.141
-119.4 35.2 28.207
-119.3 35.2 28.229
-119.2 35.2 28.241
-119.1 35.2 28.288
-119 35.2 28.412
-118.9 35.2 28.603
-118.8 35.2 28.832
-118.7 35.2 29.124
-118.6 35.2 29.467
-118.5 35.2 29.806
-118.4 35.2 30.07
-118.3 35.2 30.242
-118.2 35.2 30.301
-118.1 35.2 30.211
-118 35.2 30.016
-117.9 35.2 29.77
-117.8 35.2 29.507
-117.7 35.2 29.251
-117.6 35.2 28.953
-117.5 35.2 28.599
-117.4 35.2 28.354
-117.3 35.2 28.203
-117.2 35.2 28.131
-117.1 35.2 28.134
-117 35.2 28.202
-116.9 35.2 28.293
-116.8 35.2 28.349
-116.7 35.2 28.29
-116.6 35.2 28.147
-116.5 35.2 27.967
-116.4 35.2 27.738
-116.3 35.2 27.467
-116.2 35.2 27.211
-116.1 35.2 27.044
-116 35.2 27.032
-115.9 35.2 27.112
-115.8 35.2 27.225
-115.7 35.2 27.352
-115.6 35.2 27.521
-115.5 35.2 27.739
-115.4 35.2 27.986
-115.3 35.2 28.245
-115.2 35.2 28.506
-115.1 35.2 28.756
-115 35.2 28.984
-114.9 35.2 29.171
-114.8 35.2 29.311
-114.7 35.2 29.406
-114.6 35.2 29.44
-114.5 35.2 29.409
-114.4 35.2 29.316
-114.3 35.2 29.176
-114.2 35.2 29.005
-114.1 35.2 28.821
-114 35.2 28.636
-121 35.1 26.823
-120.9 35.1 26.518
-120.8 35.1 26.228
-120.7 35.1 25.98
-120.6 35.1 25.809
-120.5 35.1 25.759
-120.4 35.1 25.873
-120.3 35.1 26.127
-120.2 35.1 26.475
-120.1 35.1 26.87
-120 35.1 27.272
-119.9 35.1 27.65
-119.8 35.1 27.979
-119.7 35.1 28.255
-119.6 35.1 28.43
-119.5 35.1 28.451
-119.4 35.1 28.346
-119.3 35.1 28.182
-119.2 35.1 28.019
-119.1 35.1 27.907
-119 35.1 27.866
-118.9 35.1 27.896
-118.8 35.1 27.997
-118.7 35.1 28.154
-118.6 35.1 28.398
-118.5 35.1 28.719
-118.4 35.1 29.06
-118.3 35.1 29.328
-118.2 35.1 29.491
-118.1 35.1 29.592
-118 35.1 29.599
-117.9 35.1 29.504
-117.8 35.1 29.356
-117.7 35.1 29.215
-117.6 35.1 29.117
-117.5 35.1 28.915
-117.4 35.1 28.688
-117.3 35.1 28.532
-117.2 35.1 28.442
-117.1 35.1 28.378
-117 35.1 28.322
-116.9 35.1 28.254
-116.8 35.1 28.142
-116.7 35.1 27.959
-116.6 35.1 27.784
-116.5 35.1 27.651
-116.4 35.1 27.51
-116.3 35.1 27.34
-116.2 35.1 27.157
-116.1 35.1 27.039
-116 35.1 27.014
-115.9 35.1 27.065
-115.8 35.1 27.163
-115.7 35.1 27.301
-115.6 35.1 27.506
-115.5 35.1 27.753
-115.4 35.1 28.026
-115.3 35.1 28.318
-115.2 35.1 28.619
-115.1 35.1 28.916
-115 35.1 29.195
-114.9 35.1 29.438
-114.8 35.1 29.636
-114.7 35.1 29.778
-114.6 35.1 29.837
-114.5 35.1 29.801
-114.4 35.1 29.679
-114.3 35.1 29.491
-114.2 35.1 29.27
-114.1 35.1 29.037
-114 35.1 28.81
-121 35 27.108
-120.9 35 26.866
-120.8 35 26.642
-120.7 35 26.457
-120.6 35 26.352
-120.5 35 26.379
-120.4 35 26.535
-120.3 35 26.8
-120.2 35 27.142
-120.1 35 27.526
-120 35 27.913
-119.9 35 28.271
-119.8 35 28.574
-119.7 35 28.842
-119.6 35 28.956
-119.5 35 28.902
-119.4 35 28.682
-119.3 35 28.356
-119.2 35 28.052
-119.1 35 27.796
-119 35 27.609
-118.9 35 27.484
-118.8 35 27.412
-118.7 35 27.434
-118.6 35 27.569
-118.5 35 27.816
-118.4 35 28.151
-118.3 35 28.51
-118.2 35 28.857
-118.1 35 29.153
-118 35 29.335
-117.9 35 29.331
-117.8 35 29.253
-117.7 35 29.189
-117.6 35 29.162
-117.5 35 29.103
-117.4 35 28.946
-117.3 35 28.798
-117.2 35 28.667
-117.1 35 28.527
-117 35 28.364
-116.9 35 28.158
-116.8 35 27.913
-116.7 35 27.678
-116.6 35 27.472
-116.5 35 27.328
-116.4 35 27.245
-116.3 35 27.171
-116.2 35 27.077
-116.1 35 26.997
-116 35 26.984
-115.9 35 27.033
-115.8 35 27.128
-115.7 35 27.282
-115.6 35 27.509
-115.5 35 27.776
-115.4 35 28.065
-115.3 35 28.378
-115.2 35 28.71
-115.1 35 29.047
-115 35 29.375
-114.9 35 29.679
-114.8 35 29.954
-114.7 35 30.165
-114.6 35 30.26
-114.5 35 30.207
-114.4 35 30.032
-114.3 35 29.785
-114.2 35 29.506
-114.1 35 29.226
-114 35 28.958
-121 34.9 27.396
-120.9 34.9 27.211
-120.8 34.9 27.042
-120.7 34.9 26.917
-120.6 34.9 26.901
-120.5 34.9 26.999
-120.4 34.9 27.204
-120.3 34.9 27.498
-120.2 34.9 27.855
-120.1 34.9 28.243
-120 34.9 28.628
-119.9 34.9 28.976
-119.8 34.9 29.281
-119.7 34.9 29.522
-119.6 34.9 29.579
-119.5 34.9 29.45
-119.4 34.9 29.154
-119.3 34.9 28.785
-119.2 34.9 28.393
-119.1 34.9 28.053
-119 34.9 27.771
-118.9 34.9 27.531
-118.8 34.9 27.306
-118.7 34.9 27.11
-118.6 34.9 27.051
-118.5 34.9 27.201
-118.4 34.9 27.514
-118.3 34.9 27.916
-118.2 34.9 28.345
-118.1 34.9 28.781
-118 34.9 29.238
-117.9 34.9 29.161
-117.8 34.9 29.115
-117.7 34.9 29.137
-117.6 34.9 29.189
-117.5 34.9 29.235
-117.4 34.9 29.136
-117.3 34.9 28.962
-117.2 34.9 28.805
-117.1 34.9 28.642
-117 34.9 28.451
-116.9 34.9 28.221
-116.8 34.9 27.957
-116.7 34.9 27.676
-116.6 34.9 27.374
-116.5 34.9 27.126
-116.4 34.9 26.988
-116.3 34.9 26.975
-116.2 34.9 26.965
-116.1 34.9 26.938
-116 34.9 26.949
-115.9 34.9 27.008
-115.8 34.9 27.106
-115.7 34.9 27.27
-115.6 34.9 27.503
-115.5 34.9 27.778
-115.4 34.9 28.082
-115.3 34.9 28.406
-115.2 34.9 28.756
-115.1 34.9 29.121
-115 34.9 29.487
-114.9 34.9 29.851
-114.8 34.9 30.214
-114.7 34.9 30.536
-114.6 34.9 30.704
-114.5 34.9 30.594
-114.4 34.9 30.324
-114.3 34.9 30.006
-114.2 34.9 29.676
-114.1 34.9 29.356
-114 34.9 29.058
-121 34.8 27.658
-120.9 34.8 27.524
-120.8 34.8 27.404
-120.7 34.8 27.359
-120.6 34.8 27.421
-120.5 34.8 27.584
-120.4 34.8 27.84
-120.3 34.8 28.172
-120.2 34.8 28.557
-120.1 34.8 28.967
-120 34.8 29.367
-119.9 34.8 29.719
-119.8 34.8 30.047
-119.7 34.8 30.261
-119.6 34.8 30.264
-119.5 34.8 30.061
-119.4 34.8 29.749
-119.3 34.8 29.411
-119.2 34.8 29.056
-119.1 34.8 28.726
-119 34.8 28.442
-118.9 34.8 28.158
-118.8 34.8 27.765
-118.7 34.8 27.215
-118.6 34.8 26.784
-118.5 34.8 26.907
-118.4 34.8 27.313
-118.3 34.8 27.738
-118.2 34.8 28.187
-118.1 34.8 28.625
-118 34.8 28.908
-117.9 34.8 28.992
-117.8 34.8 29.048
-117.7 34.8 29.163
-117.6 34.8 29.292
-117.5 34.8 29.383
-117.4 34.8 29.329
-117.3 34.8 29.143
-117.2 34.8 28.976
-117.1 34.8 28.821
-117 34.8 28.667
-116.9 34.8 28.508
-116.8 34.8 28.332
-116.7 34.8 28.054
-116.6 34.8 27.667
-116.5 34.8 27.285
-116.4 34.8 26.992
-116.3 34.8 26.841
-116.2 34.8 26.859
-116.1 34.8 26.871
-116 34.8 26.907
-115.9 34.8 26.983
-115.8 34.8 27.089
-115.7 34.8 27.257
-115.6 34.8 27.481
-115.5 34.8 27.749
-115.4 34.8 28.053
-115.3 34.8 28.386
-115.2 34.8 28.74
-115.1 34.8 29.113
-115 34.8 29.495
-114.9 34.8 29.895
-114.8 34.8 30.311
-114.7 34.8 30.736
-114.6 34.8 31.161
-114.5 34.8 30.805
-114.4 34.8 30.446
-114.3 34.8 30.09
-114.2 34.8 29.738
-114.1 34.8 29.403
-114 34.8 29.094
-121 34.7 27.872
-120.9 34.7 27.784
-120.8 34.7 27.72
-120.7 34.7 27.749
-120.6 34.7 27.876
-120.5 34.7 28.096
-120.4 34.7 28.4
-120.3 34.7 28.773
-120.2 34.7 29.195
-120.1 34.7 29.639
-120 34.7 30.072
-119.9 34.7 30.452
-119.8 34.7 30.814
-119.7 34.7 31.017
-119.6 34.7 30.969
-119.5 34.7 30.743
-119.4 34.7 30.466
-119.3 34.7 30.17
-119.2 34.7 29.887
-119.1 34.7 29.674
-119 34.7 29.519
-118.9 34.7 29.33
-118.8 34.7 29.002
-118.7 34.7 28.228
-118.6 34.7 26.7
-118.5 34.7 27.355
-118.4 34.7 27.86
-118.3 34.7 28.328
-118.2 34.7 28.73
-118.1 34.7 28.959
-118 34.7 29.038
-117.9 34.7 29.076
-117.8 34.7 29.147
-117.7 34.7 29.329
-117.6 34.7 29.575
-117.5 34.7 29.746
-117.4 34.7 29.693
-117.3 34.7 29.497
-117.2 34.7 29.493
-117.1 34.7 29.502
-117 34.7 29.419
-116.9 34.7 29.255
-116.8 34.7 29.026
-116.7 34.7 28.759
-116.6 34.7 28.377
-116.5 34.7 27.877
-116.4 34.7 27.423
-116.3 34.7 27.109
-116.2 34.7 26.98
-116.1 34.7 26.934
-116 34.7 26.92
-115.9 34.7 26.972
-115.8 34.7 27.089
-115.7 34.7 27.247
-115.6 34.7 27.451
-115.5 34.7 27.692
-115.4 34.7 27.975
-115.3 34.7 28.308
-115.2 34.7 28.659
-115.1 34.7 29.019
-115 34.7 29.395
-114.9 34.7 29.782
-114.8 34.7 30.164
-114.7 34.7 30.501
-114.6 34.7 30.679
-114.5 34.7 30.576
-114.4 34.7 30.313
-114.3 34.7 30.001
-114.2 34.7 29.676
-114.1 34.7 29.356
-114 34.7 29.058
-121 34.6 28.018
-120.9 34.6 27.971
-120.8 34.6 27.965
-120.7 34.6 28.054
-120.6 34.6 28.234
-120.5 34.6 28.5
-120.4 34.6 28.843
-120.3 34.6 29.252
-120.2 34.6 29.71
-120.1 34.6 30.195
-120 34.6 30.676
-119.9 34.6 31.113
-119.8 34.6 31.531
-119.7 34.6 31.756
-119.6 34.6 31.696
-119.5 34.6 31.478
-119.4 34.6 31.214
-119.3 34.6 30.963
-119.2 34.6 30.791
-119.1 34.6 30.705
-119 34.6 30.679
-118.9 34.6 30.693
-118.8 34.6 30.716
-118.7 34.6 30.794
-118.6 34.6 29.425
-118.5 34.6 29.006
-118.4 34.6 29.196
-118.3 34.6 29.466
-118.2 34.6 29.571
-118.1 34.6 29.524
-118 34.6 29.452
-117.9 34.6 29.395
-117.8 34.6 29.386
-117.7 34.6 29.744
-117.6 34.6 30.17
-117.5 34.6 30.532
-117.4 34.6 30.539
-117.3 34.6 30.088
-117.2 34.6 30.52
-117.1 34.6 30.679
-117 34.6 30.599
-116.9 34.6 30.368
-116.8 34.6 30.021
-116.7 34.6 29.6
-116.6 34.6 29.173
-116.5 34.6 28.669
-116.4 34.6 28.115
-116.3 34.6 27.671
-116.2 34.6 27.404
-116.1 34.6 27.226
-116 34.6 27.126
-115.9 34.6 27.093
-115.8 34.6 27.11
-115.7 34.6 27.216
-115.6 34.6 27.384
-115.5 34.6 27.584
-115.4 34.6 27.802
-115.3 34.6 28.162
-115.2 34.6 28.511
-115.1 34.6 28.86
-115 34.6 29.212
-114.9 34.6 29.55
-114.8 34.6 29.858
-114.7 34.6 30.097
-114.6 34.6 30.213
-114.5 34.6 30.175
-114.4 34.6 30.013
-114.3 34.6 29.777
-114.2 34.6 29.506
-114.1 34.6 29.226
-114 34.6 28.958
-121 34.5 28.079
-120.9 34.5 28.07
-120.8 34.5 28.114
-120.7 34.5 28.246
-120.6 34.5 28.464
-120.5 34.5 28.761
-120.4 34.5 29.13
-120.3 34.5 29.562
-120.2 34.5 30.042
-120.1 34.5 30.557
-120 34.5 31.084
-119.9 34.5 31.6
-119.8 34.5 32.144
-119.7 34.5 32.498
-119.6 34.5 32.412
-119.5 34.5 32.137
-119.4 34.5 31.863
-119.3 34.5 31.678
-119.2 34.5 31.616
-119.1 34.5 31.623
-119 34.5 31.658
-118.9 34.5 31.712
-118.8 34.5 31.703
-118.7 34.5 31.454
-118.6 34.5 30.878
-118.5 34.5 30.606
-118.4 34.5 30.642
-118.3 34.5 30.516
-118.2 34.5 30.236
-118.1 34.5 30.009
-118 34.5 29.811
-117.9 34.5 29.763
-117.8 34.5 29.905
-117.7 34.5 30.319
-117.6 34.5 31.01
-117.5 34.5 31.81
-117.4 34.5 32.331
-117.3 34.5 32.239
-117.2 34.5 32.137
-117.1 34.5 32.097
-117 34.5 31.944
-116.9 34.5 31.649
-116.8 34.5 31.223
-116.7 34.5 30.645
-116.6 34.5 30.009
-116.5 34.5 29.403
-116.4 34.5 28.787
-116.3 34.5 28.259
-116.2 34.5 27.915
-116.1 34.5 27.672
-116 34.5 27.453
-115.9 34.5 27.302
-115.8 34.5 27.187
-115.7 34.5 27.152
-115.6 34.5 27.255
-115.5 34.5 27.433
-115.4 34.5 27.663
-115.3 34.5 27.953
-115.2 34.5 28.274
-115.1 34.5 28.602
-115 34.5 28.934
-114.9 34.5 29.245
-114.8 34.5 29.505
-114.7 34.5 29.685
-114.6 34.5 29.774
-114.5 34.5 29.761
-114.4 34.5 29.656
-114.3 34.5 29.484
-114.2 34.5 29.27
-114.1 34.5 29.037
-114 34.5 28.81
-121 34.4 28.08
-120.9 34.4 28.082
-120.8 34.4 28.148
-120.7 34.4 28.304
-120.6 34.4 28.542
-120.5 34.4 28.853
-120.4 34.4 29.228
-120.3 34.4 29.661
-120.2 34.4 30.143
-120.1 34.4 30.665
-120 34.4 31.22
-119.9 34.4 31.799
-119.8 34.4 32.459
-119.7 34.4 33.239
-119.6 34.4 32.84
-119.5 34.4 32.505
-119.4 34.4 32.27
-119.3 34.4 32.18
-119.2 34.4 32.2
-119.1 34.4 32.215
-119 34.4 32.233
-118.9 34.4 32.254
-118.8 34.4 32.172
-118.7 34.4 31.922
-118.6 34.4 31.656
-118.5 34.4 31.636
-118.4 34.4 31.761
-118.3 34.4 31.118
-118.2 34.4 30.499
-118.1 34.4 30.072
-118 34.4 29.857
-117.9 34.4 29.874
-117.8 34.4 30.116
-117.7 34.4 30.55
-117.6 34.4 31.711
-117.5 34.4 33.063
-117.4 34.4 34.56
-117.3 34.4 33.945
-117.2 34.4 33.668
-117.1 34.4 33.59
-117 34.4 33.43
-116.9 34.4 33.069
-116.8 34.4 32.528
-116.7 34.4 31.835
-116.6 34.4 31.019
-116.5 34.4 30.204
-116.4 34.4 29.407
-116.3 34.4 28.943
-116.2 34.4 28.464
-116.1 34.4 28.058
-116 34.4 27.703
-115.9 34.4 27.476
-115.8 34.4 27.277
-115.7 34.4 27.118
-115.6 34.4 27.081
-115.5 34.4 27.209
-115.4 34.4 27.415
-115.3 34.4 27.673
-115.2 34.4 27.961
-115.1 34.4 28.262
-115 34.4 28.573
-114.9 34.4 28.866
-114.8 34.4 29.114
-114.7 34.4 29.289
-114.6 34.4 29.369
-114.5 34.4 29.367
-114.4 34.4 29.297
-114.3 34.4 29.171
-114.2 34.4 29.005
-114.1 34.4 28.821
-114 34.4 28.636
-121 34.3 28.08
-120.9 34.3 28.081
-120.8 34.3 28.141
-120.7 34.3 28.29
-120.6 34.3 28.52
-120.5 34.3 28.821
-120.4 34.3 29.186
-120.3 34.3 29.605
-120.2 34.3 30.07
-120.1 34.3 30.568
-120 34.3 31.085
-119.9 34.3 31.599
-119.8 34.3 32.077
-119.7 34.3 32.475
-119.6 34.3 32.533
-119.5 34.3 32.411
-119.4 34.3 32.332
-119.3 34.3 32.351
-119.2 34.3 32.382
-119.1 34.3 32.395
-119 34.3 32.406
-118.9 34.3 32.398
-118.8 34.3 32.306
-118.7 34.3 32.131
-118.6 34.3 31.995
-118.5 34.3 31.886
-118.4 34.3 31.622
-118.3 34.3 30.984
-118.2 34.3 30.229
-118.1 34.3 29.688
-118 34.3 29.486
-117.9 34.3 29.631
-117.8 34.3 30.093
-117.7 34.3 30.879
-117.6 34.3 32.003
-117.5 34.3 33.185
-117.4 34.3 34.038
-117.3 34.3 34.389
-117.2 34.3 34.597
-117.1 34.3 34.83
-117 34.3 34.798
-116.9 34.3 34.391
-116.8 34.3 33.731
-116.7 34.3 32.923
-116.6 34.3 32.006
-116.5 34.3 31.072
-116.4 34.3 30.299
-116.3 34.3 29.622
-116.2 34.3 28.966
-116.1 34.3 28.394
-116 34.3 27.888
-115.9 34.3 27.525
-115.8 34.3 27.269
-115.7 34.3 27.039
-115.6 34.3 26.901
-115.5 34.3 26.926
-115.4 34.3 27.1
-115.3 34.3 27.329
-115.2 34.3 27.589
-115.1 34.3 27.87
-115 34.3 28.166
-114.9 34.3 28.451
-114.8 34.3 28.699
-114.7 34.3 28.887
-114.6 34.3 28.994
-114.5 34.3 29.01
-114.4 34.3 28.961
-114.3 34.3 28.869
-114.2 34.3 28.742
-114.1 34.3 28.601
-114 34.3 28.46
-121 34.2 28.08
-120.9 34.2 28.08
-120.8 34.2 28.121
-120.7 34.2 28.25
-120.6 34.2 28.456
-120.5 34.2 28.732
-120.4 34.2 29.066
-120.3 34.2 29.448
-120.2 34.2 29.866
-120.1 34.2 30.303
-120 34.2 30.738
-119.9 34.2 31.133
-119.8 34.2 31.431
-119.7 34.2 31.686
-119.6 34.2 31.884
-119.5 34.2 31.965
-119.4 34.2 32.048
-119.3 34.2 32.124
-119.2 34.2 32.165
-119.1 34.2 32.175
-119 34.2 32.178
-118.9 34.2 32.161
-118.8 34.2 32.09
-118.7 34.2 32.052
-118.6 34.2 31.987
-118.5 34.2 31.671
-118.4 34.2 31.174
-118.3 34.2 30.413
-118.2 34.2 29.467
-118.1 34.2 28.771
-118 34.2 28.655
-117.9 34.2 29
-117.8 34.2 29.721
-117.7 34.2 30.777
-117.6 34.2 31.88
-117.5 34.2 32.761
-117.4 34.2 33.505
-117.3 34.2 34.241
-117.2 34.2 34.925
-117.1 34.2 35.894
-117 34.2 35.945
-116.9 34.2 35.403
-116.8 34.2 34.633
-116.7 34.2 33.764
-116.6 34.2 32.805
-116.5 34.2 31.798
-116.4 34.2 30.864
-116.3 34.2 30.029
-116.2 34.2 29.22
-116.1 34.2 28.497
-116 34.2 27.918
-115.9 34.2 27.486
-115.8 34.2 27.168
-115.7 34.2 26.889
-115.6 34.2 26.679
-115.5 34.2 26.622
-115.4 34.2 26.742
-115.3 34.2 26.942
-115.2 34.2 27.182
-115.1 34.2 27.454
-115 34.2 27.747
-114.9 34.2 28.033
-114.8 34.2 28.29
-114.7 34.2 28.496
-114.6 34.2 28.633
-114.5 34.2 28.69
-114.4 34.2 28.665
-114.3 34.2 28.596
-114.2 34.2 28.503
-114.1 34.2 28.401
-114 34.2 28.3
-121 34.1 28.08
-120.9 34.1 28.08
-120.8 34.1 28.097
-120.7 34.1 28.193
-120.6 34.1 28.364
-120.5 34.1 28.599
-120.4 34.1 28.888
-120.3 34.1 29.217
-120.2 34.1 29.573
-120.1 34.1 29.935
-120 34.1 30.278
-119.9 34.1 30.556
-119.8 34.1 30.733
-119.7 34.1 30.861
-119.6 34.1 31.029
-119.5 34.1 31.22
-119.4 34.1 31.369
-119.3 34.1 31.493
-119.2 34.1 31.563
-119.1 34.1 31.58
-119 34.1 31.566
-118.9 34.1 31.509
-118.8 34.1 31.43
-118.7 34.1 31.48
-118.6 34.1 31.724
-118.5 34.1 30.915
-118.4 34.1 30.235
-118.3 34.1 29.654
-118.2 34.1 28.32
-118.1 34.1 27.233
-118 34.1 27.556
-117.9 34.1 28.145
-117.8 34.1 28.965
-117.7 34.1 30.541
-117.6 34.1 31.78
-117.5 34.1 32.18
-117.4 34.1 32.554
-117.3 34.1 33.652
-117.2 34.1 35.235
-117.1 34.1 37.126
-117 34.1 36.466
-116.9 34.1 35.755
-116.8 34.1 34.991
-116.7 34.1 34.195
-116.6 34.1 33.287
-116.5 34.1 32.206
-116.4 34.1 31.107
-116.3 34.1 30.123
-116.2 34.1 29.182
-116.1 34.1 28.324
-116 34.1 27.679
-115.9 34.1 27.247
-115.8 34.1 26.955
-115.7 34.1 26.651
-115.6 34.1 26.394
-115.5 34.1 26.277
-115.4 34.1 26.354
-115.3 34.1 26.539
-115.2 34.1 26.77
-115.1 34.1 27.046
-115 34.1 27.346
-114.9 34.1 27.643
-114.8 34.1 27.915
-114.7 34.1 28.141
-114.6 34.1 28.308
-114.5 34.1 28.402
-114.4 34.1 28.416
-114.3 34.1 28.368
-114.2 34.1 28.305
-114.1 34.1 28.238
-114 34.1 28.174
-121 34 28.08
-120.9 34 28.08
-120.8 34 28.081
-120.7 34 28.135
-120.6 34 28.26
-120.5 34 28.445
-120.4 34 28.679
-120.3 34 28.947
-120.2 34 29.232
-120.1 34 29.484
-120 34 29.684
-119.9 34 29.823
-119.8 34 29.889
-119.7 34 29.931
-119.6 34 30.005
-119.5 34 30.145
-119.4 34 30.299
-119.3 34 30.442
-119.2 34 30.534
-119.1 34 30.559
-119 34 30.535
-118.9 34 30.436
-118.8 34 30.253
-118.7 34 30.082
-118.6 34 29.842
-118.5 34 29.244
-118.4 34 28.496
-118.3 34 27.715
-118.2 34 26.929
-118.1 34 26.459
-118 34 26.621
-117.9 34 27.294
-117.8 34 28.422
-117.7 34 30.088
-117.6 34 32.271
-117.5 34 31.277
-117.4 34 30.468
-117.3 34 32.399
-117.2 34 34.1
-117.1 34 35.271
-117 34 35.513
-116.9 34 35.176
-116.8 34 34.682
-116.7 34 34.202
-116.6 34 33.523
-116.5 34 32.327
-116.4 34 31.017
-116.3 34 29.873
-116.2 34 28.831
-116.1 34 27.89
-116 34 27.201
-115.9 34 26.786
-115.8 34 26.546
-115.7 34 26.297
-115.6 34 26.034
-115.5 34 25.865
-115.4 34 25.939
-115.3 34 26.148
-115.2 34 26.386
-115.1 34 26.675
-115 34 26.987
-114.9 34 27.296
-114.8 34 27.583
-114.7 34 27.831
-114.6 34 28.026
-114.5 34 28.156
-114.4 34 28.213
-114.3 34 28.198
-114.2 34 28.163
-114.1 34 28.126
-114 34 28.097
-121 33.9 28.08
-120.9 33.9 28.08
-120.8 33.9 28.08
-120.7 33.9 28.091
-120.6 33.9 28.164
-120.5 33.9 28.293
-120.4 33.9 28.467
-120.3 33.9 28.655
-120.2 33.9 28.801
-120.1 33.9 28.903
-120 33.9 28.961
-119.9 33.9 28.973
-119.8 33.9 28.939
-119.7 33.9 28.903
-119.6 33.9 28.917
-119.5 33.9 28.933
-119.4 33.9 28.967
-119.3 33.9 29.085
-119.2 33.9 29.189
-119.1 33.9 29.216
-119 33.9 29.165
-118.9 33.9 28.999
-118.8 33.9 28.679
-118.7 33.9 28.28
-118.6 33.9 27.795
-118.5 33.9 27.109
-118.4 33.9 26.339
-118.3 33.9 25.718
-118.2 33.9 25.317
-118.1 33.9 25.251
-118 33.9 25.553
-117.9 33.9 26.209
-117.8 33.9 27.168
-117.7 33.9 28.279
-117.6 33.9 29.27
-117.5 33.9 29.76
-117.4 33.9 30.317
-117.3 33.9 31.501
-117.2 33.9 32.796
-117.1 33.9 33.737
-117 33.9 34.126
-116.9 33.9 34.01
-116.8 33.9 33.701
-116.7 33.9 33.533
-116.6 33.9 33.668
-116.5 33.9 31.929
-116.4 33.9 30.506
-116.3 33.9 29.357
-116.2 33.9 28.279
-116.1 33.9 27.312
-116 33.9 26.597
-115.9 33.9 26.192
-115.8 33.9 25.996
-115.7 33.9 25.797
-115.6 33.9 25.585
-115.5 33.9 25.4
-115.4 33.9 25.48
-115.3 33.9 25.758
-115.2 33.9 26.05
-115.1 33.9 26.362
-115 33.9 26.688
-114.9 33.9 27.009
-114.8 33.9 27.308
-114.7 33.9 27.573
-114.6 33.9 27.791
-114.5 33.9 27.952
-114.4 33.9 28.05
-114.3 33.9 28.082
-114.2 33.9 28.081
-114.1 33.9 28.08
-114 33.9 28.08
-121 33.8 28.08
-120.9 33.8 28.08
-120.8 33.8 28.08
-120.7 33.8 28.08
-120.6 33.8 28.097
-120.5 33.8 28.167
-120.4 33.8 28.255
-120.3 33.8 28.298
-120.2 33.8 28.295
-120.1 33.8 28.25
-120 33.8 28.169
-119.9 33.8 28.059
-119.8 33.8 27.927
-119.7 33.8 27.804
-119.6 33.8 27.762
-119.5 33.8 27.712
-119.4 33.8 27.628
-119.3 33.8 27.612
-119.2 33.8 27.665
-119.1 33.8 27.67
-119 33.8 27.569
-118.9 33.8 27.334
-118.8 33.8 26.918
-118.7 33.8 26.345
-118.6 33.8 25.663
-118.5 33.8 24.792
-118.4 33.8 23.97
-118.3 33.8 23.629
-118.2 33.8 23.606
-118.1 33.8 23.833
-118 33.8 24.306
-117.9 33.8 25.043
-117.8 33.8 25.81
-117.7 33.8 26.446
-117.6 33.8 26.819
-117.5 33.8 28.265
-117.4 33.8 29.513
-117.3 33.8 30.754
-117.2 33.8 31.861
-117.1 33.8 32.637
-117 33.8 32.937
-116.9 33.8 32.702
-116.8 33.8 32.122
-116.7 33.8 31.577
-116.6 33.8 31.22
-116.5 33.8 30.463
-116.4 33.8 29.516
-116.3 33.8 28.55
-116.2 33.8 27.559
-116.1 33.8 26.666
-116 33.8 25.994
-115.9 33.8 25.591
-115.8 33.8 25.342
-115.7 33.8 25.174
-115.6 33.8 24.986
-115.5 33.8 24.825
-115.4 33.8 24.978
-115.3 33.8 25.391
-115.2 33.8 25.775
-115.1 33.8 26.133
-115 33.8 26.482
-114.9 33.8 26.814
-114.8 33.8 27.12
-114.7 33.8 27.393
-114.6 33.8 27.626
-114.5 33.8 27.813
-114.4 33.8 27.947
-114.3 33.8 28.017
-114.2 33.8 28.043
-114.1 33.8 28.064
-114 33.8 28.077
-121 33.7 28.08
-120.9 33.7 28.08
-120.8 33.7 28.08
-120.7 33.7 28.08
-120.6 33.7 28.08
-120.5 33.7 28.075
-120.4 33.7 28.024
-120.3 33.7 27.922
-120.2 33.7 27.773
-120.1 33.7 27.586
-120 33.7 27.368
-119.9 33.7 27.134
-119.8 33.7 26.899
-119.7 33.7 26.687
-119.6 33.7 26.567
-119.5 33.7 26.473
-119.4 33.7 26.367
-119.3 33.7 26.282
-119.2 33.7 26.202
-119.1 33.7 26.098
-119 33.7 25.926
-118.9 33.7 25.658
-118.8 33.7 25.236
-118.7 33.7 24.567
-118.6 33.7 23.762
-118.5 33.7 22.767
-118.4 33.7 21.436
-118.3 33.7 21.917
-118.2 33.7 22.26
-118.1 33.7 22.691
-118 33.7 23.286
-117.9 33.7 24.093
-117.8 33.7 24.883
-117.7 33.7 25.606
-117.6 33.7 26.439
-117.5 33.7 27.607
-117.4 33.7 28.938
-117.3 33.7 30.201
-117.2 33.7 31.271
-117.1 33.7 32.005
-117 33.7 32.241
-116.9 33.7 31.803
-116.8 33.7 30.775
-116.7 33.7 29.193
-116.6 33.7 29.519
-116.5 33.7 29.111
-116.4 33.7 28.329
-116.3 33.7 27.479
-116.2 33.7 26.619
-116.1 33.7 25.87
-116 33.7 25.326
-115.9 33.7 24.978
-115.8 33.7 24.727
-115.7 33.7 24.549
-115.6 33.7 24.345
-115.5 33.7 24.02
-115.4 33.7 24.528
-115.3 33.7 25.101
-115.2 33.7 25.586
-115.1 33.7 25.987
-115 33.7 26.343
-114.9 33.7 26.676
-114.8 33.7 26.985
-114.7 33.7 27.265
-114.6 33.7 27.511
-114.5 33.7 27.713
-114.4 33.7 27.864
-114.3 33.7 27.952
-114.2 33.7 27.993
-114.1 33.7 28.029
-114 33.7 28.058
-121 33.6 28.08
-120.9 33.6 28.08
-120.8 33.6 28.08
-120.7 33.6 28.08
-120.6 33.6 28.078
-120.5 33.6 28.001
-120.4 33.6 27.824
-120.3 33.6 27.585
-120.2 33.6 27.297
-120.1 33.6 26.97
-120 33.6 26.616
-119.9 33.6 26.253
-119.8 33.6 25.905
-119.7 33.6 25.603
-119.6 33.6 25.393
-119.5 33.6 25.259
-119.4 33.6 25.145
-119.3 33.6 25.02
-119.2 33.6 24.912
-119.1 33.6 24.794
-119 33.6 24.611
-118.9 33.6 24.34
-118.8 33.6 23.934
-118.7 33.6 23.313
-118.6 33.6 22.59
-118.5 33.6 21.916
-118.4 33.6 21.444
-118.3 33.6 21.466
-118.2 33.6 21.768
-118.1 33.6 22.154
-118 33.6 22.742
-117.9 33.6 23.582
-117.8 33.6 24.447
-117.7 33.6 25.292
-117.6 33.6 26.283
-117.5 33.6 27.454
-117.4 33.6 28.701
-117.3 33.6 29.904
-117.2 33.6 30.94
-117.1 33.6 31.711
-117 33.6 32.191
-116.9 33.6 31.574
-116.8 33.6 30.735
-116.7 33.6 29.522
-116.6 33.6 29.442
-116.5 33.6 28.245
-116.4 33.6 27.005
-116.3 33.6 26.41
-116.2 33.6 25.701
-116.1 33.6 25.1
-116 33.6 24.681
-115.9 33.6 24.364
-115.8 33.6 24.153
-115.7 33.6 24.046
-115.6 33.6 24.014
-115.5 33.6 24.115
-115.4 33.6 24.442
-115.3 33.6 24.957
-115.2 33.6 25.448
-115.1 33.6 25.877
-115 33.6 26.264
-114.9 33.6 26.59
-114.8 33.6 26.886
-114.7 33.6 27.162
-114.6 33.6 27.408
-114.5 33.6 27.616
-114.4 33.6 27.775
-114.3 33.6 27.874
-114.2 33.6 27.931
-114.1 33.6 27.982
-114 33.6 28.026
-121 33.5 28.08
-120.9 33.5 28.08
-120.8 33.5 28.08
-120.7 33.5 28.08
-120.6 33.5 28.054
-120.5 33.5 27.917
-120.4 33.5 27.674
-120.3 33.5 27.338
-120.2 33.5 26.927
-120.1 33.5 26.468
-120 33.5 25.981
-119.9 33.5 25.483
-119.8 33.5 25.005
-119.7 33.5 24.59
-119.6 33.5 24.294
-119.5 33.5 24.111
-119.4 33.5 23.976
-119.3 33.5 23.878
-119.2 33.5 23.797
-119.1 33.5 23.725
-119 33.5 23.601
-118.9 33.5 23.368
-118.8 33.5 23.04
-118.7 33.5 22.608
-118.6 33.5 22.064
-118.5 33.5 21.657
-118.4 33.5 21.496
-118.3 33.5 21.526
-118.2 33.5 21.766
-118.1 33.5 22.159
-118 33.5 22.728
-117.9 33.5 23.556
-117.8 33.5 24.484
-117.7 33.5 25.383
-117.6 33.5 26.434
-117.5 33.5 27.599
-117.4 33.5 28.761
-117.3 33.5 29.892
-117.2 33.5 30.861
-117.1 33.5 31.596
-117 33.5 31.965
-116.9 33.5 31.608
-116.8 33.5 30.426
-116.7 33.5 28.699
-116.6 33.5 28.303
-116.5 33.5 27.668
-116.4 33.5 26.782
-116.3 33.5 25.906
-116.2 33.5 25.168
-116.1 33.5 24.591
-116 33.5 24.145
-115.9 33.5 23.844
-115.8 33.5 23.688
-115.7 33.5 23.687
-115.6 33.5 23.815
-115.5 33.5 24.048
-115.4 33.5 24.438
-115.3 33.5 24.903
-115.2 33.5 25.357
-115.1 33.5 25.783
-115 33.5 26.185
-114.9 33.5 26.539
-114.8 33.5 26.826
-114.7 33.5 27.082
-114.6 33.5 27.32
-114.5 33.5 27.526
-114.4 33.5 27.686
-114.3 33.5 27.789
-114.2 33.5 27.861
-114.1 33.5 27.929
-114 33.5 27.988
-121 33.4 28.08
-120.9 33.4 28.08
-120.8 33.4 28.08
-120.7 33.4 28.08
-120.6 33.4 28.02
-120.5 33.4 27.837
-120.4 33.4 27.542
-120.3 33.4 27.149
-120.2 33.4 26.672
-120.1 33.4 26.126
-120 33.4 25.529
-119.9 33.4 24.905
-119.8 33.4 24.285
-119.7 33.4 23.721
-119.6 33.4 23.297
-119.5 33.4 23.049
-119.4 33.4 22.932
-119.3 33.4 22.926
-119.2 33.4 22.932
-119.1 33.4 22.896
-119 33.4 22.813
-118.9 33.4 22.665
-118.8 33.4 22.438
-118.7 33.4 22.171
-118.6 33.4 21.86
-118.5 33.4 21.597
-118.4 33.4 21.575
-118.3 33.4 21.708
-118.2 33.4 21.985
-118.1 33.4 22.425
-118 33.4 23.048
-117.9 33.4 23.883
-117.8 33.4 24.884
-117.7 33.4 25.856
-117.6 33.4 26.897
-117.5 33.4 28.028
-117.4 33.4 29.166
-117.3 33.4 30.218
-117.2 33.4 31.126
-117.1 33.4 31.874
-117 33.4 32.297
-116.9 33.4 32.34
-116.8 33.4 31.043
-116.7 33.4 29.582
-116.6 33.4 28.165
-116.5 33.4 27.712
-116.4 33.4 26.842
-116.3 33.4 25.898
-116.2 33.4 25.061
-116.1 33.4 24.341
-116 33.4 23.773
-115.9 33.4 23.412
-115.8 33.4 23.297
-115.7 33.4 23.385
-115.6 33.4 23.634
-115.5 33.4 23.959
-115.4 33.4 24.384
-115.3 33.4 24.846
-115.2 33.4 25.281
-115.1 33.4 25.698
-115 33.4 26.102
-114.9 33.4 26.468
-114.8 33.4 26.779
-114.7 33.4 27.022
-114.6 33.4 27.244
-114.5 33.4 27.443
-114.4 33.4 27.6
-114.3 33.4 27.704
-114.2 33.4 27.793
-114.1 33.4 27.876
-114 33.4 27.949
-121 33.3 28.08
-120.9 33.3 28.08
-120.8 33.3 28.08
-120.7 33.3 28.078
-120.6 33.3 27.992
-120.5 33.3 27.78
-120.4 33.3 27.452
-120.3 33.3 27.021
-120.2 33.3 26.5
-120.1 33.3 25.901
-120 33.3 25.239
-119.9 33.3 24.528
-119.8 33.3 23.789
-119.7 33.3 23.056
-119.6 33.3 22.392
-119.5 33.3 21.983
-119.4 33.3 22.018
-119.3 33.3 22.206
-119.2 33.3 22.35
-119.1 33.3 22.397
-119 33.3 22.343
-118.9 33.3 22.221
-118.8 33.3 22.061
-118.7 33.3 21.886
-118.6 33.3 21.744
-118.5 33.3 21.65
-118.4 33.3 21.671
-118.3 33.3 21.891
-118.2 33.3 22.282
-118.1 33.3 22.806
-118 33.3 23.5
-117.9 33.3 24.389
-117.8 33.3 25.423
-117.7 33.3 26.452
-117.6 33.3 27.531
-117.5 33.3 28.651
-117.4 33.3 29.746
-117.3 33.3 30.725
-117.2 33.3 31.595
-117.1 33.3 32.258
-117 33.3 32.635
-116.9 33.3 32.623
-116.8 33.3 32.025
-116.7 33.3 31.054
-116.6 33.3 29.909
-116.5 33.3 28.713
-116.4 33.3 27.496
-116.3 33.3 26.312
-116.2 33.3 25.209
-116.1 33.3 24.267
-116 33.3 23.549
-115.9 33.3 23.103
-115.8 33.3 22.962
-115.7 33.3 23.107
-115.6 33.3 23.442
-115.5 33.3 23.814
-115.4 33.3 24.304
-115.3 33.3 24.786
-115.2 33.3 25.215
-115.1 33.3 25.622
-115 33.3 26.02
-114.9 33.3 26.383
-114.8 33.3 26.704
-114.7 33.3 26.969
-114.6 33.3 27.18
-114.5 33.3 27.37
-114.4 33.3 27.519
-114.3 33.3 27.63
-114.2 33.3 27.735
-114.1 33.3 27.831
-114 33.3 27.916
-121 33.2 28.08
-120.9 33.2 28.08
-120.8 33.2 28.08
-120.7 33.2 28.077
-120.6 33.2 27.982
-120.5 33.2 27.759
-120.4 33.2 27.42
-120.3 33.2 26.976
-120.2 33.2 26.44
-120.1 33.2 25.822
-120 33.2 25.134
-119.9 33.2 24.388
-119.8 33.2 23.596
-119.7 33.2 22.769
-119.6 33.2 21.873
-119.5 33.2 20.873
-119.4 33.2 21.496
-119.3 33.2 21.933
-119.2 33.2 22.189
-119.1 33.2 22.287
-119 33.2 22.26
-118.9 33.2 22.136
-118.8 33.2 21.949
-118.7 33.2 21.76
-118.6 33.2 21.645
-118.5 33.2 21.673
-118.4 33.2 21.857
-118.3 33.2 22.165
-118.2 33.2 22.622
-118.1 33.2 23.253
-118 33.2 24.022
-117.9 33.2 24.945
-117.8 33.2 25.99
-117.7 33.2 27.089
-117.6 33.2 28.185
-117.5 33.2 29.287
-117.4 33.2 30.335
-117.3 33.2 31.291
-117.2 33.2 32.1
-117.1 33.2 32.741
-117 33.2 33.212
-116.9 33.2 33.422
-116.8 33.2 33.258
-116.7 33.2 32.7
-116.6 33.2 31.691
-116.5 33.2 30.175
-116.4 33.2 28.469
-116.3 33.2 26.851
-116.2 33.2 25.43
-116.1 33.2 24.263
-116 33.2 23.396
-115.9 33.2 22.862
-115.8 33.2 22.684
-115.7 33.2 22.852
-115.6 33.2 23.198
-115.5 33.2 23.645
-115.4 33.2 24.196
-115.3 33.2 24.739
-115.2 33.2 25.189
-115.1 33.2 25.59
-115 33.2 25.962
-114.9 33.2 26.299
-114.8 33.2 26.604
-114.7 33.2 26.903
-114.6 33.2 27.133
-114.5 33.2 27.315
-114.4 33.2 27.453
-114.3 33.2 27.579
-114.2 33.2 27.696
-114.1 33.2 27.801
-114 33.2 27.893
-121 33.1 28.08
-120.9 33.1 28.08
-120.8 33.1 28.08
-120.7 33.1 28.078
-120.6 33.1 27.992
-120.5 33.1 27.78
-120.4 33.1 27.452
-120.3 33.1 27.021
-120.2 33.1 26.5
-120.1 33.1 25.901
-120 33.1 25.239
-119.9 33.1 24.528
-119.8 33.1 23.789
-119.7 33.1 23.055
-119.6 33.1 22.345
-119.5 33.1 21.878
-119.4 33.1 21.936
-119.3 33.1 22.229
-119.2 33.1 22.456
-119.1 33.1 22.56
-119 33.1 22.539
-118.9 33.1 22.408
-118.8 33.1 22.19
-118.7 33.1 21.922
-118.6 33.1 21.677
-118.5 33.1 21.654
-118.4 33.1 22.044
-118.3 33.1 22.6
-118.2 33.1 23.18
-118.1 33.1 23.809
-118 33.1 24.533
-117.9 33.1 25.422
-117.8 33.1 26.414
-117.7 33.1 27.547
-117.6 33.1 28.721
-117.5 33.1 29.882
-117.4 33.1 30.983
-117.3 33.1 31.947
-117.2 33.1 32.736
-117.1 33.1 33.451
-117 33.1 34.058
-116.9 33.1 34.383
-116.8 33.1 34.339
-116.7 33.1 34.032
-116.6 33.1 33.641
-116.5 33.1 31.316
-116.4 33.1 29.152
-116.3 33.1 27.209
-116.2 33.1 25.557
-116.1 33.1 24.237
-116 33.1 23.264
-115.9 33.1 22.652
-115.8 33.1 22.419
-115.7 33.1 22.547
-115.6 33.1 22.942
-115.5 33.1 23.503
-115.4 33.1 24.114
-115.3 33.1 24.724
-115.2 33.1 25.237
-115.1 33.1 25.646
-115 33.1 25.978
-114.9 33.1 26.28
-114.8 33.1 26.486
-114.7 33.1 26.878
-114.6 33.1 27.131
-114.5 33.1 27.289
-114.4 33.1 27.429
-114.3 33.1 27.56
-114.2 33.1 27.681
-114.1 33.1 27.79
-114 33.1 27.885
-121 33 28.08
-120.9 33 28.08
-120.8 33 28.08
-120.7 33 28.08
-120.6 33 28.02
-120.5 33 27.837
-120.4 33 27.542
-120.3 33 27.149
-120.2 33 26.672
-120.1 33 26.126
-120 33 25.529
-119.9 33 24.905
-119.8 33 24.285
-119.7 33 23.719
-119.6 33 23.224
-119.5 33 22.89
-119.4 33 22.796
-119.3 33 22.884
-119.2 33 23.026
-119.1 33 23.096
-119 33 23.068
-118.9 33 22.939
-118.8 33 22.715
-118.7 33 22.407
-118.6 33 22.026
-118.5 33 21.581
-118.4 33 22.396
-118.3 33 23.132
-118.2 33 23.815
-118.1 33 24.488
-118 33 25.175
-117.9 33 25.929
-117.8 33 26.79
-117.7 33 27.855
-117.6 33 29.031
-117.5 33 30.23
-117.4 33 31.434
-117.3 33 32.494
-117.2 33 33.329
-117.1 33 34.074
-117 33 34.708
-116.9 33 35.043
-116.8 33 34.915
-116.7 33 34.372
-116.6 33 33.259
-116.5 33 31.403
-116.4 33 29.251
-116.3 33 27.219
-116.2 33 25.506
-116.1 33 24.192
-116 33 23.208
-115.9 33 22.441
-115.8 33 22.032
-115.7 33 22.232
-115.6 33 22.778
-115.5 33 23.442
-115.4 33 24.124
-115.3 33 24.807
-115.2 33 25.374
-115.1 33 25.803
-115 33 26.127
-114.9 33 26.433
-114.8 33 26.721
-114.7 33 26.996
-114.6 33 27.193
-114.5 33 27.323
-114.4 33 27.453
-114.3 33 27.579
-114.2 33 27.696
-114.1 33 27.801
-114 33 27.893
-121 32.9 28.08
-120.9 32.9 28.08
-120.8 32.9 28.08
-120.7 32.9 28.08
-120.6 32.9 28.054
-120.5 32.9 27.917
-120.4 32.9 27.674
-120.3 32.9 27.338
-120.2 32.9 26.926
-120.1 32.9 26.455
-120 32.9 25.948
-119.9 32.9 25.431
-119.8 32.9 24.939
-119.7 32.9 24.517
-119.6 32.9 24.161
-119.5 32.9 23.893
-119.4 32.9 23.747
-119.3 32.9 23.712
-119.2 32.9 23.74
-119.1 32.9 23.779
-119 32.9 23.756
-118.9 32.9 23.651
-118.8 32.9 23.471
-118.7 32.9 23.237
-118.6 32.9 23.007
-118.5 32.9 22.97
-118.4 32.9 23.323
-118.3 32.9 23.858
-118.2 32.9 24.467
-118.1 32.9 25.105
-118 32.9 25.754
-117.9 32.9 26.412
-117.8 32.9 27.143
-117.7 32.9 28.041
-117.6 32.9 29.124
-117.5 32.9 30.297
-117.4 32.9 31.492
-117.3 32.9 32.533
-117.2 32.9 33.412
-117.1 32.9 34.222
-117 32.9 34.939
-116.9 32.9 35.47
-116.8 32.9 35.109
-116.7 32.9 34.379
-116.6 32.9 33.008
-116.5 32.9 31.164
-116.4 32.9 29.036
-116.3 32.9 26.946
-116.2 32.9 25.267
-116.1 32.9 24.198
-116 32.9 23.331
-115.9 32.9 22.44
-115.8 32.9 21.566
-115.7 32.9 22.205
-115.6 32.9 22.875
-115.5 32.9 23.563
-115.4 32.9 24.314
-115.3 32.9 25.027
-115.2 32.9 25.614
-115.1 32.9 26.05
-115 32.9 26.365
-114.9 32.9 26.649
-114.8 32.9 26.93
-114.7 32.9 27.152
-114.6 32.9 27.309
-114.5 32.9 27.41
-114.4 32.9 27.52
-114.3 32.9 27.63
-114.2 32.9 27.735
-114.1 32.9 27.831
-114 32.9 27.916
-121 32.8 28.08
-120.9 32.8 28.08
-120.8 32.8 28.08
-120.7 32.8 28.08
-120.6 32.8 28.078
-120.5 32.8 28.001
-120.4 32.8 27.823
-120.3 32.8 27.558
-120.2 32.8 27.224
-120.1 32.8 26.841
-120 32.8 26.431
-119.9 32.8 26.02
-119.8 32.8 25.64
-119.7 32.8 25.327
-119.6 32.8 25.074
-119.5 32.8 24.86
-119.4 32.8 24.708
-119.3 32.8 24.616
-119.2 32.8 24.566
-119.1 32.8 24.534
-119 32.8 24.495
-118.9 32.8 24.433
-118.8 32.8 24.329
-118.7 32.8 24.204
-118.6 32.8 24.118
-118.5 32.8 24.152
-118.4 32.8 24.345
-118.3 32.8 24.678
-118.2 32.8 25.13
-118.1 32.8 25.633
-118 32.8 26.167
-117.9 32.8 26.714
-117.8 32.8 27.308
-117.7 32.8 28.037
-117.6 32.8 28.993
-117.5 32.8 30.105
-117.4 32.8 31.203
-117.3 32.8 32.128
-117.2 32.8 32.975
-117.1 32.8 33.787
-117 32.8 34.487
-116.9 32.8 34.88
-116.8 32.8 34.768
-116.7 32.8 34.081
-116.6 32.8 32.733
-116.5 32.8 30.929
-116.4 32.8 28.748
-116.3 32.8 26.615
-116.2 32.8 24.706
-116.1 32.8 24.57
-116 32.8 24.004
-115.9 32.8 23.292
-115.8 32.8 22.829
-115.7 32.8 22.914
-115.6 32.8 23.348
-115.5 32.8 23.969
-115.4 32.8 24.708
-115.3 32.8 25.382
-115.2 32.8 25.938
-115.1 32.8 26.347
-115 32.8 26.623
-114.9 32.8 26.861
-114.8 32.8 27.123
-114.7 32.8 27.325
-114.6 32.8 27.451
-114.5 32.8 27.526
-114.4 32.8 27.613
-114.3 32.8 27.704
-114.2 32.8 27.793
-114.1 32.8 27.876
-114 32.8 27.949
-121 32.7 28.08
-120.9 32.7 28.08
-120.8 32.7 28.08
-120.7 32.7 28.08
-120.6 32.7 28.08
-120.5 32.7 28.063
-120.4 32.7 27.96
-120.3 32.7 27.775
-120.2 32.7 27.527
-120.1 32.7 27.234
-120 32.7 26.919
-119.9 32.7 26.605
-119.8 32.7 26.319
-119.7 32.7 26.088
-119.6 32.7 25.918
-119.5 32.7 25.761
-119.4 32.7 25.627
-119.3 32.7 25.521
-119.2 32.7 25.437
-119.1 32.7 25.365
-119 32.7 25.295
-118.9 32.7 25.219
-118.8 32.7 25.139
-118.7 32.7 25.07
-118.6 32.7 25.036
-118.5 32.7 25.061
-118.4 32.7 25.159
-118.3 32.7 25.381
-118.2 32.7 25.7
-118.1 32.7 26.073
-118 32.7 26.486
-117.9 32.7 26.936
-117.8 32.7 27.45
-117.7 32.7 28.042
-117.6 32.7 28.806
-117.5 32.7 29.741
-117.4 32.7 30.732
-117.3 32.7 31.557
-117.2 32.7 32.296
-117.1 32.7 32.983
-117 32.7 33.58
-116.9 32.7 33.964
-116.8 32.7 34.007
-116.7 32.7 33.704
-116.6 32.7 32.228
-116.5 32.7 30.486
-116.4 32.7 28.558
-116.3 32.7 26.629
-116.2 32.7 26.05
-116.1 32.7 26.196
-116 32.7 25.123
-115.9 32.7 24.334
-115.8 32.7 23.874
-115.7 32.7 23.797
-115.6 32.7 24.067
-115.5 32.7 24.592
-115.4 32.7 25.239
-115.3 32.7 25.823
-115.2 32.7 26.307
-115.1 32.7 26.659
-115 32.7 26.888
-114.9 32.7 27.097
-114.8 32.7 27.335
-114.7 32.7 27.506
-114.6 32.7 27.594
-114.5 32.7 27.649
-114.4 32.7 27.716
-114.3 32.7 27.789
-114.2 32.7 27.861
-114.1 32.7 27.929
-114 32.7 27.988
-121 32.6 28.08
-120.9 32.6 28.08
-120.8 32.6 28.08
-120.7 32.6 28.08
-120.6 32.6 28.08
-120.5 32.6 28.08
-120.4 32.6 28.055
-120.3 32.6 27.955
-120.2 32.6 27.794
-120.1 32.6 27.59
-120 32.6 27.365
-119.9 32.6 27.137
-119.8 32.6 26.93
-119.7 32.6 26.764
-119.6 32.6 26.655
-119.5 32.6 26.559
-119.4 32.6 26.46
-119.3 32.6 26.365
-119.2 32.6 26.276
-119.1 32.6 26.19
-119 32.6 26.104
-118.9 32.6 26.017
-118.8 32.6 25.932
-118.7 32.6 25.857
-118.6 32.6 25.8
-118.5 32.6 25.77
-118.4 32.6 25.827
-118.3 32.6 25.985
-118.2 32.6 26.223
-118.1 32.6 26.512
-118 32.6 26.833
-117.9 32.6 27.194
-117.8 32.6 27.617
-117.7 32.6 28.11
-117.6 32.6 28.672
-117.5 32.6 29.381
-117.4 32.6 30.152
-117.3 32.6 30.868
-117.2 32.6 31.527
-117.1 32.6 32.12
-117 32.6 32.602
-116.9 32.6 32.906
-116.8 32.6 32.896
-116.7 32.6 32.448
-116.6 32.6 31.465
-116.5 32.6 30.141
-116.4 32.6 28.724
-116.3 32.6 27.517
-116.2 32.6 26.805
-116.1 32.6 26.337
-116 32.6 25.708
-115.9 32.6 25.095
-115.8 32.6 24.717
-115.7 32.6 24.654
-115.6 32.6 24.877
-115.5 32.6 25.333
-115.4 32.6 25.855
-115.3 32.6 26.335
-115.2 32.6 26.73
-115.1 32.6 27.008
-115 32.6 27.176
-114.9 32.6 27.353
-114.8 32.6 27.553
-114.7 32.6 27.68
-114.6 32.6 27.729
-114.5 32.6 27.769
-114.4 32.6 27.82
-114.3 32.6 27.875
-114.2 32.6 27.931
-114.1 32.6 27.982
-114 32.6 28.026
-121 32.5 28.08
-120.9 32.5 28.08
-120.8 32.5 28.08
-120.7 32.5 28.08
-120.6 32.5 28.08
-120.5 32.5 28.08
-120.4 32.5 28.08
-120.3 32.5 28.063
-120.2 32.5 27.988
-120.1 32.5 27.871
-120 32.5 27.728
-119.9 32.5 27.578
-119.8 32.5 27.439
-119.7 32.5 27.326
-119.6 32.5 27.252
-119.5 32.5 27.214
-119.4 32.5 27.16
-119.3 32.5 27.093
-119.2 32.5 27.016
-119.1 32.5 26.931
-119 32.5 26.84
-118.9 32.5 26.742
-118.8 32.5 26.642
-118.7 32.5 26.54
-118.6 32.5 26.443
-118.5 32.5 26.403
-118.4 32.5 26.444
-118.3 32.5 26.559
-118.2 32.5 26.735
-118.1 32.5 26.953
-118 32.5 27.193
-117.9 32.5 27.461
-117.8 32.5 27.778
-117.7 32.5 28.161
-117.6 32.5 28.588
-117.5 32.5 29.066
-117.4 32.5 29.601
-117.3 32.5 30.154
-117.2 32.5 30.66
-117.1 32.5 31.139
-117 32.5 31.526
-116.9 32.5 31.767
-116.8 32.5 31.744
-116.7 32.5 31.379
-116.6 32.5 30.68
-116.5 32.5 29.749
-116.4 32.5 28.751
-116.3 32.5 27.858
-116.2 32.5 27.155
-116.1 32.5 26.59
-116 32.5 26.082
-115.9 32.5 25.674
-115.8 32.5 25.46
-115.7 32.5 25.483
-115.6 32.5 25.725
-115.5 32.5 26.102
-115.4 32.5 26.508
-115.3 32.5 26.879
-115.2 32.5 27.171
-115.1 32.5 27.354
-115 32.5 27.457
-114.9 32.5 27.607
-114.8 32.5 27.754
-114.7 32.5 27.827
-114.6 32.5 27.848
-114.5 32.5 27.877
-114.4 32.5 27.914
-114.3 32.5 27.954
-114.2 32.5 27.993
-114.1 32.5 28.029
-114 32.5 28.058
-121 32.4 28.08
-120.9 32.4 28.08
-120.8 32.4 28.08
-120.7 32.4 28.08
-120.6 32.4 28.08
-120.5 32.4 28.08
-120.4 32.4 28.08
-120.3 32.4 28.08
-120.2 32.4 28.077
-120.1 32.4 28.042
-120 32.4 27.976
-119.9 32.4 27.895
-119.8 32.4 27.815
-119.7 32.4 27.747
-119.6 32.4 27.702
-119.5 32.4 27.686
-119.4 32.4 27.683
-119.3 32.4 27.652
-119.2 32.4 27.596
-119.1 32.4 27.521
-119 32.4 27.428
-118.9 32.4 27.32
-118.8 32.4 27.198
-118.7 32.4 27.073
-118.6 32.4 26.99
-118.5 32.4 26.962
-118.4 32.4 26.99
-118.3 32.4 27.073
-118.2 32.4 27.2
-118.1 32.4 27.359
-118 32.4 27.532
-117.9 32.4 27.711
-117.8 32.4 27.916
-117.7 32.4 28.175
-117.6 32.4 28.471
-117.5 32.4 28.787
-117.4 32.4 29.151
-117.3 32.4 29.557
-117.2 32.4 29.913
-117.1 32.4 30.237
-117 32.4 30.497
-116.9 32.4 30.653
-116.8 32.4 30.652
-116.7 32.4 30.41
-116.6 32.4 29.939
-116.5 32.4 29.304
-116.4 32.4 28.6
-116.3 32.4 27.925
-116.2 32.4 27.34
-116.1 32.4 26.861
-116 32.4 26.489
-115.9 32.4 26.248
-115.8 32.4 26.178
-115.7 32.4 26.285
-115.6 32.4 26.515
-115.5 32.4 26.817
-115.4 32.4 27.122
-115.3 32.4 27.383
-115.2 32.4 27.566
-115.1 32.4 27.65
-115 32.4 27.71
-114.9 32.4 27.831
-114.8 32.4 27.915
-114.7 32.4 27.934
-114.6 32.4 27.947
-114.5 32.4 27.967
-114.4 32.4 27.991
-114.3 32.4 28.018
-114.2 32.4 28.043
-114.1 32.4 28.064
-114 32.4 28.077
-121 32.3 28.08
-120.9 32.3 28.08
-120.8 32.3 28.08
-120.7 32.3 28.08
-120.6 32.3 28.08
-120.5 32.3 28.08
-120.4 32.3 28.08
-120.3 32.3 28.08
-120.2 32.3 28.08
-120.1 32.3 28.08
-120 32.3 28.078
-119.9 32.3 28.061
-119.8 32.3 28.033
-119.7 32.3 28.005
-119.6 32.3 27.985
-119.5 32.3 27.978
-119.4 32.3 27.985
-119.3 32.3 27.992
-119.2 32.3 27.963
-119.1 32.3 27.901
-119 32.3 27.809
-118.9 32.3 27.696
-118.8 32.3 27.589
-118.7 32.3 27.503
-118.6 32.3 27.446
-118.5 32.3 27.427
-118.4 32.3 27.446
-118.3 32.3 27.503
-118.2 32.3 27.589
-118.1 32.3 27.696
-118 32.3 27.811
-117.9 32.3 27.92
-117.8 32.3 28.019
-117.7 32.3 28.15
-117.6 32.3 28.312
-117.5 32.3 28.527
-117.4 32.3 28.798
-117.3 32.3 29.066
-117.2 32.3 29.314
-117.1 32.3 29.518
-117 32.3 29.676
-116.9 32.3 29.76
-116.8 32.3 29.748
-116.7 32.3 29.607
-116.6 32.3 29.306
-116.5 32.3 28.886
-116.4 32.3 28.41
-116.3 32.3 27.938
-116.2 32.3 27.519
-116.1 32.3 27.185
-116 32.3 26.958
-115.9 32.3 26.862
-115.8 32.3 26.891
-115.7 32.3 27.004
-115.6 32.3 27.192
-115.5 32.3 27.424
-115.4 32.3 27.634
-115.3 32.3 27.789
-115.2 32.3 27.862
-115.1 32.3 27.865
-115 32.3 27.915
-114.9 32.3 27.992
-114.8 32.3 28.01
-114.7 32.3 28.013
-114.6 32.3 28.021
-114.5 32.3 28.033
-114.4 32.3 28.047
-114.3 32.3 28.061
-114.2 32.3 28.073
-114.1 32.3 28.079
-114 32.3 28.08
-121 32.2 28.08
-120.9 32.2 28.08
-120.8 32.2 28.08
-120.7 32.2 28.08
-120.6 32.2 28.08
-120.5 32.2 28.08
-120.4 32.2 28.08
-120.3 32.2 28.08
-120.2 32.2 28.08
-120.1 32.2 28.08
-120 32.2 28.08
-119.9 32.2 28.08
-119.8 32.2 28.08
-119.7 32.2 28.08
-119.6 32.2 28.08
-119.5 32.2 28.08
-119.4 32.2 28.08
-119.3 32.2 28.08
-119.2 32.2 28.078
-119.1 32.2 28.05
-119 32.2 28
-118.9 32.2 27.939
-118.8 32.2 27.877
-118.7 32.2 27.825
-118.6 32.2 27.791
-118.5 32.2 27.779
-118.4 32.2 27.791
-118.3 32.2 27.825
-118.2 32.2 27.877
-118.1 32.2 27.939
-118 32.2 28
-117.9 32.2 28.05
-117.8 32.2 28.078
-117.7 32.2 28.094
-117.6 32.2 28.172
-117.5 32.2 28.307
-117.4 32.2 28.491
-117.3 32.2 28.702
-117.2 32.2 28.879
-117.1 32.2 28.995
-117 32.2 29.072
-116.9 32.2 29.104
-116.8 32.2 29.076
-116.7 32.2 28.985
-116.6 32.2 28.825
-116.5 32.2 28.58
-116.4 32.2 28.29
-116.3 32.2 28
-116.2 32.2 27.749
-116.1 32.2 27.57
-116 32.2 27.483
-115.9 32.2 27.46
-115.8 32.2 27.498
-115.7 32.2 27.594
-115.6 32.2 27.739
-115.5 32.2 27.883
-115.4 32.2 27.993
-115.3 32.2 28.043
-115.2 32.2 28.015
-115.1 32.2 28.009
-115 32.2 28.052
-114.9 32.2 28.063
-114.8 32.2 28.062
-114.7 32.2 28.063
-114.6 32.2 28.067
-114.5 32.2 28.072
-114.4 32.2 28.076
-114.3 32.2 28.079
-114.2 32.2 28.08
-114.1 32.2 28.08
-114 32.2 28.08
-121 32.1 28.08
-120.9 32.1 28.08
-120.8 32.1 28.08
-120.7 32.1 28.08
-120.6 32.1 28.08
-120.5 32.1 28.08
-120.4 32.1 28.08
-120.3 32.1 28.08
-120.2 32.1 28.08
-120.1 32.1 28.08
-120 32.1 28.08
-119.9 32.1 28.08
-119.8 32.1 28.08
-119.7 32.1 28.08
-119.6 32.1 28.08
-119.5 32.1 28.08
-119.4 32.1 28.08
-119.3 32.1 28.08
-119.2 32.1 28.08
-119.1 32.1 28.08
-119 32.1 28.079
-118.9 32.1 28.066
-118.8 32.1 28.044
-118.7 32.1 28.023
-118.6 32.1 28.007
-118.5 32.1 28.002
-118.4 32.1 28.007
-118.3 32.1 28.023
-118.2 32.1 28.044
-118.1 32.1 28.066
-118 32.1 28.079
-117.9 32.1 28.08
-117.8 32.1 28.08
-117.7 32.1 28.08
-117.6 32.1 28.093
-117.5 32.1 28.155
-117.4 32.1 28.259
-117.3 32.1 28.394
-117.2 32.1 28.534
-117.1 32.1 28.634
-117 32.1 28.689
-116.9 32.1 28.702
-116.8 32.1 28.672
-116.7 32.1 28.605
-116.6 32.1 28.512
-116.5 32.1 28.405
-116.4 32.1 28.276
-116.3 32.1 28.142
-116.2 32.1 28.029
-116.1 32.1 27.952
-116 32.1 27.912
-115.9 32.1 27.912
-115.8 32.1 27.952
-115.7 32.1 28.032
-115.6 32.1 28.114
-115.5 32.1 28.167
-115.4 32.1 28.172
-115.3 32.1 28.114
-115.2 32.1 28.071
-115.1 32.1 28.078
-115 32.1 28.08
-114.9 32.1 28.08
-114.8 32.1 28.08
-114.7 32.1 28.08
-114.6 32.1 28.08
-114.5 32.1 28.08
-114.4 32.1 28.08
-114.3 32.1 28.08
-114.2 32.1 28.08
-114.1 32.1 28.08
-114 32.1 28.08
-121 32 28.08
-120.9 32 28.08
-120.8 32 28.08
-120.7 32 28.08
-120.6 32 28.08
-120.5 32 28.08
-120.4 32 28.08
-120.3 32 28.08
-120.2 32 28.08
-120.1 32 28.08
-120 32 28.08
-119.9 32 28.08
-119.8 32 28.08
-119.7 32 28.08
-119.6 32 28.08
-119.5 32 28.08
-119.4 32 28.08
-119.3 32 28.08
-119.2 32 28.08
-119.1 32 28.08
-119 32 28.08
-118.9 32 28.08
-118.8 32 28.08
-118.7 32 28.08
-118.6 32 28.08
-118.5 32 28.08
-118.4 32 28.08
-118.3 32 28.08
-118.2 32 28.08
-118.1 32 28.08
-118 32 28.08
-117.9 32 28.08
-117.8 32 28.08
-117.7 32 28.08
-117.6 32 28.08
-117.5 32 28.088
-117.4 32 28.126
-117.3 32 28.19
-117.2 32 28.271
-117.1 32 28.351
-117 32 28.394
-116.9 32 28.412
-116.8 32 28.41
-116.7 32 28.382
-116.6 32 28.339
-116.5 32 28.289
-116.4 32 28.246
-116.3 32 28.217
-116.2 32 28.19
-116.1 32 28.171
-116 32 28.168
-115.9 32 28.187
-115.8 32 28.229
-115.7 32 28.265
-115.6 32 28.272
-115.5 32 28.235
-115.4 32 28.155
-115.3 32 28.096
-115.2 32 28.08
-115.1 32 28.08
-115 32 28.08
-114.9 32 28.08
-114.8 32 28.08
-114.7 32 28.08
-114.6 32 28.08
-114.5 32 28.08
-114.4 32 28.08
-114.3 32 28.08
-114.2 32 28.08
-114.1 32 28.08
-114 32 28.08
