        36
         1         20        129        135         29
         2        129        130        136        135
         3        130        131        137        136
         4        131         75         83        137
        37         29        135        138         30
        38        135        136        139        138
        39        136        137        140        139
        40        137         83         82        140
        45         30        138        141         31
        46        138        139        142        141
        47        139        140        143        142
        48        140         82         81        143
        53         31        141        144         32
        54        141        142        145        144
        55        142        143        146        145
        56        143         81         80        146
        61         32        144        147         33
        62        144        145        148        147
        63        145        146        149        148
        64        146         80         79        149
        69         33        147        150         34
        70        147        148        151        150
        71        148        149        152        151
        72        149         79         78        152
        77         34        150        153         35
        78        150        151        154        153
        79        151        152        155        154
        80        152         78         77        155
        85         35        153        156         36
        86        153        154        157        156
        87        154        155        158        157
        88        155         77         76        158
        93         36        156        132          1
        94        156        157        133        132
        95        157        158        134        133
        96        158         76         66        134
