        36
        93          1        132        213          3
        94        132        133        214        213
        95        133        134        215        214
        96        134         66         74        215
        97          3        213        216          4
        98        213        214        217        216
        99        214        215        218        217
       100        215         74         73        218
       101          4        216        219          5
       102        216        217        220        219
       103        217        218        221        220
       104        218         73         72        221
       105          5        219        222          6
       106        219        220        223        222
       107        220        221        224        223
       108        221         72         71        224
       109          6        222        225          7
       110        222        223        226        225
       111        223        224        227        226
       112        224         71         70        227
       113          7        225        228          8
       114        225        226        229        228
       115        226        227        230        229
       116        227         70         69        230
       117          8        228        231          9
       118        228        229        232        231
       119        229        230        233        232
       120        230         69         68        233
       121          9        231        234         10
       122        231        232        235        234
       123        232        233        236        235
       124        233         68         67        236
       125         10        234        186          2
       126        234        235        187        186
       127        235        236        188        187
       128        236         67         65        188
