        36
        33         19        210        159         11
        34        210        211        160        159
        35        211        212        161        160
        36        212         93         84        161
        41         18        207        210         19
        42        207        208        211        210
        43        208        209        212        211
        44        209         94         93        212
        49         17        204        207         18
        50        204        205        208        207
        51        205        206        209        208
        52        206         95         94        209
        57         16        201        204         17
        58        201        202        205        204
        59        202        203        206        205
        60        203         96         95        206
        65         15        198        201         16
        66        198        199        202        201
        67        199        200        203        202
        68        200         97         96        203
        73         14        195        198         15
        74        195        196        199        198
        75        196        197        200        199
        76        197         98         97        200
        81         13        192        195         14
        82        192        193        196        195
        83        193        194        197        196
        84        194         99         98        197
        89         12        189        192         13
        90        189        190        193        192
        91        190        191        194        193
        92        191        100         99        194
       125          2        186        189         12
       126        186        187        190        189
       127        187        188        191        190
       128        188         65        100        191
