       297
         1         29         57         28         20
         5         57         58         27         28
         9         58         59         26         27
        13         59         60         25         26
        17         60         61         24         25
        21         61         62         23         24
        25         62         63         22         23
        29         63         64         21         22
        33         64         19         11         21
        37         30         55         57         29
        41         56         18         19         64
        45         31         53         55         30
        49         54         17         18         56
        53         32         51         53         31
        57         52         16         17         54
        61         33         49         51         32
        65         50         15         16         52
        69         34         47         49         33
        73         48         14         15         50
        77         35         45         47         34
        81         46         13         14         48
        85         36         37         45         35
        89         44         12         13         46
        93          1          3         37         36
        97          3          4         38         37
       101          4          5         39         38
       105          5          6         40         39
       109          6          7         41         40
       113          7          8         42         41
       117          8          9         43         42
       121          9         10         44         43
       125         10          2         12         44
       132         46        454         43         44
       136        454        450         42         43
       140        450        446         41         42
       144        446        442         40         41
       148        442        436         39         40
       152        436        433         38         39
       156        433         45         37         38
       160         48        430        454         46
       169        421         47         45        433
       173         50        418        430         48
       182        409         49         47        421
       186         52        406        418         50
       195        397         51         49        409
       199         54        392        406         52
       208        365         53         51        397
       212         56        390        392         54
       221        361         55         53        365
       225         64         63        390         56
       229         63         62        385        390
       233         62         61        380        385
       237         61         60        375        380
       241         60         59        364        375
       245         59         58        361        364
       249         58         57         55        361
       254        497        321        495        512
       257        512        495        496        511
       260        511        496        323        500
       263        500        323        521        541
       266        541        521        522        540
       269        540        522        325        525
       272        539        540        525        526
       275        529        539        526        328
       278        566        529        328        557
       281        565        566        557        558
       284        559        565        558        330
       287        332        579        593        583
       290        583        593        594        584
       293        584        594        582        334
       296        334        582        617        609
       299        609        617        618        610
       302        619        559        330        607
       305        618        619        607        608
       308        610        618        608        336
       311        641        337        639        661
       314        642        641        661        659
       317        340        642        659        647
       320        661        639        640        660
       323        660        640        321        497
       326        673        340        647        686
       329        674        673        686        685
       332        342        674        685        677
       335        695        342        677        711
       338        696        695        711        709
       341        344        696        709        699
       344        699        709        710        700
       347        700        710        579        332
       544        364        361        365        337
       554        364        337        641       1021
       555       1021        641        642       1022
       556       1022        642        340        375
       565        364       1021       1022        375
       585        375        340        673       1043
       586       1043        673        674       1044
       587       1044        674        342        380
       596        375       1043       1044        380
       616        380        342        695       1065
       617       1065        695        696       1066
       618       1066        696        344        385
       627        380       1065       1066        385
       647        390        385        344        392
       657       1095        639        337        365
       660       1096        640        639       1095
       663        397        321        640       1096
       667        397       1096       1095        365
       729        392        344        699       1145
       732       1145        699        700       1146
       735       1146        700        332        406
       737        392       1145       1146        406
       758       1161        495        321        397
       761       1162        496        495       1161
       764        409        323        496       1162
       768        409       1162       1161        397
       830        406        332        583       1211
       833       1211        583        584       1212
       836       1212        584        334        418
       838        406       1211       1212        418
       859       1227        521        323        409
       862       1228        522        521       1227
       865        421        325        522       1228
       869        421       1228       1227        409
       931        418        334        609       1277
       934       1277        609        610       1278
       937       1278        610        336        430
       939        418       1277       1278        430
       960        325        421        433        436
       970       1301        525        325        436
       973       1302        526        525       1301
       976        442        328        526       1302
       980        442       1302       1301        436
      1001       1321        557        328        442
      1004       1322        558        557       1321
      1007        446        330        558       1322
      1011        446       1322       1321        442
      1032       1341        607        330        446
      1035       1342        608        607       1341
      1038        450        336        608       1342
      1042        450       1342       1341        446
      1063        430        336        450        454
      1124        710       1506       1466        579
      1127        709        711       1506        710
      1130        711        677       1502       1506
      1133        677        685       1498       1502
      1136        685        686       1494       1498
      1139        686        647       1488       1494
      1142       1485        660        497       1413
      1145        647        659       1485       1488
      1148        659        661        660       1485
      1151        617       1482        619        618
      1154       1482       1462        559        619
      1157        582       1478       1482        617
      1160        594       1474       1478        582
      1163        593       1468       1474        594
      1166        579       1466       1468        593
      1169       1462       1458        565        559
      1172       1458       1454        566        565
      1175       1454       1448        529        566
      1178       1448       1445        539        529
      1181       1445        541        540        539
      1184       1428        500        541       1445
      1187       1423        511        500       1428
      1190       1415        512        511       1423
      1193       1413        497        512       1415
      1198       1513       1365       1511       1544
      1201       1514       1513       1544       1541
      1204       1368       1514       1541       1523
      1207       1544       1511       1512       1543
      1210       1541       1544       1543       1542
      1213       1523       1541       1542       1524
      1216       1543       1512       1369       1519
      1219       1542       1543       1519       1520
      1222       1524       1542       1520       1372
      1225       1565       1368       1523       1588
      1228       1566       1565       1588       1585
      1231       1374       1566       1585       1571
      1234       1588       1523       1524       1587
      1237       1585       1588       1587       1586
      1240       1571       1585       1586       1572
      1243       1587       1524       1372       1569
      1246       1586       1587       1569       1570
      1249       1572       1586       1570       1376
      1252       1519       1369       1609       1632
      1255       1520       1519       1632       1629
      1258       1372       1520       1629       1617
      1261       1632       1609       1610       1631
      1264       1629       1632       1631       1630
      1267       1617       1629       1630       1618
      1270       1631       1610       1377       1613
      1273       1630       1631       1613       1614
      1276       1618       1630       1614       1380
      1279       1569       1372       1617       1666
      1282       1570       1569       1666       1663
      1285       1376       1570       1663       1655
      1288       1666       1617       1618       1665
      1291       1663       1666       1665       1664
      1294       1655       1663       1664       1656
      1297       1665       1618       1380       1653
      1300       1664       1665       1653       1654
      1303       1656       1664       1654       1382
      1306       1613       1377       1687       1710
      1309       1614       1613       1710       1707
      1312       1380       1614       1707       1695
      1315       1710       1687       1688       1709
      1318       1707       1710       1709       1708
      1321       1695       1707       1708       1696
      1324       1709       1688       1383       1691
      1327       1708       1709       1691       1692
      1330       1696       1708       1692       1386
      1333       1653       1380       1695       1744
      1336       1654       1653       1744       1741
      1339       1382       1654       1741       1733
      1342       1744       1695       1696       1743
      1345       1741       1744       1743       1742
      1348       1733       1741       1742       1734
      1351       1743       1696       1386       1731
      1354       1742       1743       1731       1732
      1357       1734       1742       1732       1388
      1360       1769       1389       1767       1792
      1363       1770       1769       1792       1789
      1366       1369       1770       1789       1609
      1369       1792       1767       1768       1791
      1372       1789       1792       1791       1790
      1375       1609       1789       1790       1610
      1378       1791       1768       1391       1773
      1381       1790       1791       1773       1774
      1384       1610       1790       1774       1377
      1387       1773       1391       1809       1826
      1390       1774       1773       1826       1823
      1393       1377       1774       1823       1687
      1396       1826       1809       1810       1825
      1399       1823       1826       1825       1824
      1402       1687       1823       1824       1688
      1405       1825       1810       1393       1813
      1408       1824       1825       1813       1814
      1411       1688       1824       1814       1383
      1414       1847       1395       1845       1864
      1417       1848       1847       1864       1861
      1420       1365       1848       1861       1511
      1423       1864       1845       1846       1863
      1426       1861       1864       1863       1862
      1429       1511       1861       1862       1512
      1432       1863       1846       1389       1769
      1435       1862       1863       1769       1770
      1438       1512       1862       1770       1369
      1684       2163       1845       1395       1413
      1687       2164       1846       1845       2163
      1690       1415       1389       1846       2164
      1694       1415       2164       2163       1413
      1715       2187       1767       1389       1415
      1718       2188       1768       1767       2187
      1721       1423       1391       1768       2188
      1725       1423       2188       2187       1415
      1746       2209       1809       1391       1423
      1749       2210       1810       1809       2209
      1752       1428       1393       1810       2210
      1756       1428       2210       2209       1423
      1894       1393       1428       1445       1448
      1904       2317       1813       1393       1448
      1907       2318       1814       1813       2317
      1910       1454       1383       1814       2318
      1914       1454       2318       2317       1448
      1935       2337       1691       1383       1454
      1938       2338       1692       1691       2337
      1941       1458       1386       1692       2338
      1945       1458       2338       2337       1454
      1966       2357       1731       1386       1458
      1969       2358       1732       1731       2357
      1972       1462       1388       1732       2358
      1976       1462       2358       2357       1458
      1999       1466       1374       1571       2383
      2002       2383       1571       1572       2384
      2005       2384       1572       1376       1468
      2007       1466       2383       2384       1468
      2030       1468       1376       1655       2405
      2033       2405       1655       1656       2406
      2036       2406       1656       1382       1474
      2038       1468       2405       2406       1474
      2061       1474       1382       1733       2425
      2064       2425       1733       1734       2426
      2067       2426       1734       1388       1478
      2069       1474       2425       2426       1478
      2090       1478       1388       1462       1482
      2100       1488       1485       1413       1395
      2110       1488       1395       1847       2453
      2111       2453       1847       1848       2454
      2112       2454       1848       1365       1494
      2121       1488       2453       2454       1494
      2141       1494       1365       1513       2473
      2142       2473       1513       1514       2474
      2143       2474       1514       1368       1498
      2152       1494       2473       2474       1498
      2172       1498       1368       1565       2493
      2173       2493       1565       1566       2494
      2174       2494       1566       1374       1502
      2183       1498       2493       2494       1502
      2203       1506       1502       1374       1466
