      1296
1 4 3 2 1
2 3 10 9 2
3 10 14 13 9
4 14 18 17 13
5 18 22 21 17
6 22 26 25 21
7 26 30 29 25
8 30 34 33 29
9 34 38 37 33
10 38 42 41 37
11 42 46 45 41
12 46 50 49 45
13 50 54 53 49
14 54 58 57 53
15 58 62 61 57
16 62 66 65 61
17 66 70 69 65
18 70 74 73 69
19 74 78 77 73
20 78 82 81 77
21 82 86 85 81
22 86 90 89 85
23 90 94 93 89
24 94 98 97 93
25 98 102 101 97
26 102 106 105 101
27 106 110 109 105
28 110 114 113 109
29 114 118 117 113
30 118 122 121 117
31 122 126 125 121
32 126 130 129 125
33 130 134 133 129
34 134 138 137 133
35 138 142 141 137
36 142 146 145 141
37 150 149 3 4
38 149 153 10 3
39 153 155 14 10
40 155 157 18 14
41 157 159 22 18
42 159 161 26 22
43 161 163 30 26
44 163 165 34 30
45 165 167 38 34
46 167 169 42 38
47 169 171 46 42
48 171 173 50 46
49 173 175 54 50
50 175 177 58 54
51 177 179 62 58
52 179 181 66 62
53 181 183 70 66
54 183 185 74 70
55 185 187 78 74
56 187 189 82 78
57 189 191 86 82
58 191 193 90 86
59 193 195 94 90
60 195 197 98 94
61 197 199 102 98
62 199 201 106 102
63 201 203 110 106
64 203 205 114 110
65 205 207 118 114
66 207 209 122 118
67 209 211 126 122
68 211 213 130 126
69 213 215 134 130
70 215 217 138 134
71 217 219 142 138
72 219 221 146 142
73 224 223 149 150
74 223 227 153 149
75 227 229 155 153
76 229 231 157 155
77 231 233 159 157
78 233 235 161 159
79 235 237 163 161
80 237 239 165 163
81 239 241 167 165
82 241 243 169 167
83 243 245 171 169
84 245 247 173 171
85 247 249 175 173
86 249 251 177 175
87 251 253 179 177
88 253 255 181 179
89 255 257 183 181
90 257 259 185 183
91 259 261 187 185
92 261 263 189 187
93 263 265 191 189
94 265 267 193 191
95 267 269 195 193
96 269 271 197 195
97 271 273 199 197
98 273 275 201 199
99 275 277 203 201
100 277 279 205 203
101 279 281 207 205
102 281 283 209 207
103 283 285 211 209
104 285 287 213 211
105 287 289 215 213
106 289 291 217 215
107 291 293 219 217
108 293 295 221 219
109 298 297 223 224
110 297 301 227 223
111 301 303 229 227
112 303 305 231 229
113 305 307 233 231
114 307 309 235 233
115 309 311 237 235
116 311 313 239 237
117 313 315 241 239
118 315 317 243 241
119 317 319 245 243
120 319 321 247 245
121 321 323 249 247
122 323 325 251 249
123 325 327 253 251
124 327 329 255 253
125 329 331 257 255
126 331 333 259 257
127 333 335 261 259
128 335 337 263 261
129 337 339 265 263
130 339 341 267 265
131 341 343 269 267
132 343 345 271 269
133 345 347 273 271
134 347 349 275 273
135 349 351 277 275
136 351 353 279 277
137 353 355 281 279
138 355 357 283 281
139 357 359 285 283
140 359 361 287 285
141 361 363 289 287
142 363 365 291 289
143 365 367 293 291
144 367 369 295 293
145 372 371 297 298
146 371 375 301 297
147 375 377 303 301
148 377 379 305 303
149 379 381 307 305
150 381 383 309 307
151 383 385 311 309
152 385 387 313 311
153 387 389 315 313
154 389 391 317 315
155 391 393 319 317
156 393 395 321 319
157 395 397 323 321
158 397 399 325 323
159 399 401 327 325
160 401 403 329 327
161 403 405 331 329
162 405 407 333 331
163 407 409 335 333
164 409 411 337 335
165 411 413 339 337
166 413 415 341 339
167 415 417 343 341
168 417 419 345 343
169 419 421 347 345
170 421 423 349 347
171 423 425 351 349
172 425 427 353 351
173 427 429 355 353
174 429 431 357 355
175 431 433 359 357
176 433 435 361 359
177 435 437 363 361
178 437 439 365 363
179 439 441 367 365
180 441 443 369 367
181 446 445 371 372
182 445 449 375 371
183 449 451 377 375
184 451 453 379 377
185 453 455 381 379
186 455 457 383 381
187 457 459 385 383
188 459 461 387 385
189 461 463 389 387
190 463 465 391 389
191 465 467 393 391
192 467 469 395 393
193 469 471 397 395
194 471 473 399 397
195 473 475 401 399
196 475 477 403 401
197 477 479 405 403
198 479 481 407 405
199 481 483 409 407
200 483 485 411 409
201 485 487 413 411
202 487 489 415 413
203 489 491 417 415
204 491 493 419 417
205 493 495 421 419
206 495 497 423 421
207 497 499 425 423
208 499 501 427 425
209 501 503 429 427
210 503 505 431 429
211 505 507 433 431
212 507 509 435 433
213 509 511 437 435
214 511 513 439 437
215 513 515 441 439
216 515 517 443 441
217 520 519 445 446
218 519 523 449 445
219 523 525 451 449
220 525 527 453 451
221 527 529 455 453
222 529 531 457 455
223 531 533 459 457
224 533 535 461 459
225 535 537 463 461
226 537 539 465 463
227 539 541 467 465
228 541 543 469 467
229 543 545 471 469
230 545 547 473 471
231 547 549 475 473
232 549 551 477 475
233 551 553 479 477
234 553 555 481 479
235 555 557 483 481
236 557 559 485 483
237 559 561 487 485
238 561 563 489 487
239 563 565 491 489
240 565 567 493 491
241 567 569 495 493
242 569 571 497 495
243 571 573 499 497
244 573 575 501 499
245 575 577 503 501
246 577 579 505 503
247 579 581 507 505
248 581 583 509 507
249 583 585 511 509
250 585 587 513 511
251 587 589 515 513
252 589 591 517 515
253 594 593 519 520
254 593 597 523 519
255 597 599 525 523
256 599 601 527 525
257 601 603 529 527
258 603 605 531 529
259 605 607 533 531
260 607 609 535 533
261 609 611 537 535
262 611 613 539 537
263 613 615 541 539
264 615 617 543 541
265 617 619 545 543
266 619 621 547 545
267 621 623 549 547
268 623 625 551 549
269 625 627 553 551
270 627 629 555 553
271 629 631 557 555
272 631 633 559 557
273 633 635 561 559
274 635 637 563 561
275 637 639 565 563
276 639 641 567 565
277 641 643 569 567
278 643 645 571 569
279 645 647 573 571
280 647 649 575 573
281 649 651 577 575
282 651 653 579 577
283 653 655 581 579
284 655 657 583 581
285 657 659 585 583
286 659 661 587 585
287 661 663 589 587
288 663 665 591 589
289 668 667 593 594
290 667 671 597 593
291 671 673 599 597
292 673 675 601 599
293 675 677 603 601
294 677 679 605 603
295 679 681 607 605
296 681 683 609 607
297 683 685 611 609
298 685 687 613 611
299 687 689 615 613
300 689 691 617 615
301 691 693 619 617
302 693 695 621 619
303 695 697 623 621
304 697 699 625 623
305 699 701 627 625
306 701 703 629 627
307 703 705 631 629
308 705 707 633 631
309 707 709 635 633
310 709 711 637 635
311 711 713 639 637
312 713 715 641 639
313 715 717 643 641
314 717 719 645 643
315 719 721 647 645
316 721 723 649 647
317 723 725 651 649
318 725 727 653 651
319 727 729 655 653
320 729 731 657 655
321 731 733 659 657
322 733 735 661 659
323 735 737 663 661
324 737 739 665 663
325 742 741 667 668
326 741 745 671 667
327 745 747 673 671
328 747 749 675 673
329 749 751 677 675
330 751 753 679 677
331 753 755 681 679
332 755 757 683 681
333 757 759 685 683
334 759 761 687 685
335 761 763 689 687
336 763 765 691 689
337 765 767 693 691
338 767 769 695 693
339 769 771 697 695
340 771 773 699 697
341 773 775 701 699
342 775 777 703 701
343 777 779 705 703
344 779 781 707 705
345 781 783 709 707
346 783 785 711 709
347 785 787 713 711
348 787 789 715 713
349 789 791 717 715
350 791 793 719 717
351 793 795 721 719
352 795 797 723 721
353 797 799 725 723
354 799 801 727 725
355 801 803 729 727
356 803 805 731 729
357 805 807 733 731
358 807 809 735 733
359 809 811 737 735
360 811 813 739 737
361 816 815 741 742
362 815 819 745 741
363 819 821 747 745
364 821 823 749 747
365 823 825 751 749
366 825 827 753 751
367 827 829 755 753
368 829 831 757 755
369 831 833 759 757
370 833 835 761 759
371 835 837 763 761
372 837 839 765 763
373 839 841 767 765
374 841 843 769 767
375 843 845 771 769
376 845 847 773 771
377 847 849 775 773
378 849 851 777 775
379 851 853 779 777
380 853 855 781 779
381 855 857 783 781
382 857 859 785 783
383 859 861 787 785
384 861 863 789 787
385 863 865 791 789
386 865 867 793 791
387 867 869 795 793
388 869 871 797 795
389 871 873 799 797
390 873 875 801 799
391 875 877 803 801
392 877 879 805 803
393 879 881 807 805
394 881 883 809 807
395 883 885 811 809
396 885 887 813 811
397 890 889 815 816
398 889 893 819 815
399 893 895 821 819
400 895 897 823 821
401 897 899 825 823
402 899 901 827 825
403 901 903 829 827
404 903 905 831 829
405 905 907 833 831
406 907 909 835 833
407 909 911 837 835
408 911 913 839 837
409 913 915 841 839
410 915 917 843 841
411 917 919 845 843
412 919 921 847 845
413 921 923 849 847
414 923 925 851 849
415 925 927 853 851
416 927 929 855 853
417 929 931 857 855
418 931 933 859 857
419 933 935 861 859
420 935 937 863 861
421 937 939 865 863
422 939 941 867 865
423 941 943 869 867
424 943 945 871 869
425 945 947 873 871
426 947 949 875 873
427 949 951 877 875
428 951 953 879 877
429 953 955 881 879
430 955 957 883 881
431 957 959 885 883
432 959 961 887 885
433 964 963 889 890
434 963 967 893 889
435 967 969 895 893
436 969 971 897 895
437 971 973 899 897
438 973 975 901 899
439 975 977 903 901
440 977 979 905 903
441 979 981 907 905
442 981 983 909 907
443 983 985 911 909
444 985 987 913 911
445 987 989 915 913
446 989 991 917 915
447 991 993 919 917
448 993 995 921 919
449 995 997 923 921
450 997 999 925 923
451 999 1001 927 925
452 1001 1003 929 927
453 1003 1005 931 929
454 1005 1007 933 931
455 1007 1009 935 933
456 1009 1011 937 935
457 1011 1013 939 937
458 1013 1015 941 939
459 1015 1017 943 941
460 1017 1019 945 943
461 1019 1021 947 945
462 1021 1023 949 947
463 1023 1025 951 949
464 1025 1027 953 951
465 1027 1029 955 953
466 1029 1031 957 955
467 1031 1033 959 957
468 1033 1035 961 959
469 1038 1037 963 964
470 1037 1041 967 963
471 1041 1043 969 967
472 1043 1045 971 969
473 1045 1047 973 971
474 1047 1049 975 973
475 1049 1051 977 975
476 1051 1053 979 977
477 1053 1055 981 979
478 1055 1057 983 981
479 1057 1059 985 983
480 1059 1061 987 985
481 1061 1063 989 987
482 1063 1065 991 989
483 1065 1067 993 991
484 1067 1069 995 993
485 1069 1071 997 995
486 1071 1073 999 997
487 1073 1075 1001 999
488 1075 1077 1003 1001
489 1077 1079 1005 1003
490 1079 1081 1007 1005
491 1081 1083 1009 1007
492 1083 1085 1011 1009
493 1085 1087 1013 1011
494 1087 1089 1015 1013
495 1089 1091 1017 1015
496 1091 1093 1019 1017
497 1093 1095 1021 1019
498 1095 1097 1023 1021
499 1097 1099 1025 1023
500 1099 1101 1027 1025
501 1101 1103 1029 1027
502 1103 1105 1031 1029
503 1105 1107 1033 1031
504 1107 1109 1035 1033
505 1112 1111 1037 1038
506 1111 1115 1041 1037
507 1115 1117 1043 1041
508 1117 1119 1045 1043
509 1119 1121 1047 1045
510 1121 1123 1049 1047
511 1123 1125 1051 1049
512 1125 1127 1053 1051
513 1127 1129 1055 1053
514 1129 1131 1057 1055
515 1131 1133 1059 1057
516 1133 1135 1061 1059
517 1135 1137 1063 1061
518 1137 1139 1065 1063
519 1139 1141 1067 1065
520 1141 1143 1069 1067
521 1143 1145 1071 1069
522 1145 1147 1073 1071
523 1147 1149 1075 1073
524 1149 1151 1077 1075
525 1151 1153 1079 1077
526 1153 1155 1081 1079
527 1155 1157 1083 1081
528 1157 1159 1085 1083
529 1159 1161 1087 1085
530 1161 1163 1089 1087
531 1163 1165 1091 1089
532 1165 1167 1093 1091
533 1167 1169 1095 1093
534 1169 1171 1097 1095
535 1171 1173 1099 1097
536 1173 1175 1101 1099
537 1175 1177 1103 1101
538 1177 1179 1105 1103
539 1179 1181 1107 1105
540 1181 1183 1109 1107
541 1186 1185 1111 1112
542 1185 1189 1115 1111
543 1189 1191 1117 1115
544 1191 1193 1119 1117
545 1193 1195 1121 1119
546 1195 1197 1123 1121
547 1197 1199 1125 1123
548 1199 1201 1127 1125
549 1201 1203 1129 1127
550 1203 1205 1131 1129
551 1205 1207 1133 1131
552 1207 1209 1135 1133
553 1209 1211 1137 1135
554 1211 1213 1139 1137
555 1213 1215 1141 1139
556 1215 1217 1143 1141
557 1217 1219 1145 1143
558 1219 1221 1147 1145
559 1221 1223 1149 1147
560 1223 1225 1151 1149
561 1225 1227 1153 1151
562 1227 1229 1155 1153
563 1229 1231 1157 1155
564 1231 1233 1159 1157
565 1233 1235 1161 1159
566 1235 1237 1163 1161
567 1237 1239 1165 1163
568 1239 1241 1167 1165
569 1241 1243 1169 1167
570 1243 1245 1171 1169
571 1245 1247 1173 1171
572 1247 1249 1175 1173
573 1249 1251 1177 1175
574 1251 1253 1179 1177
575 1253 1255 1181 1179
576 1255 1257 1183 1181
577 1260 1259 1185 1186
578 1259 1263 1189 1185
579 1263 1265 1191 1189
580 1265 1267 1193 1191
581 1267 1269 1195 1193
582 1269 1271 1197 1195
583 1271 1273 1199 1197
584 1273 1275 1201 1199
585 1275 1277 1203 1201
586 1277 1279 1205 1203
587 1279 1281 1207 1205
588 1281 1283 1209 1207
589 1283 1285 1211 1209
590 1285 1287 1213 1211
591 1287 1289 1215 1213
592 1289 1291 1217 1215
593 1291 1293 1219 1217
594 1293 1295 1221 1219
595 1295 1297 1223 1221
596 1297 1299 1225 1223
597 1299 1301 1227 1225
598 1301 1303 1229 1227
599 1303 1305 1231 1229
600 1305 1307 1233 1231
601 1307 1309 1235 1233
602 1309 1311 1237 1235
603 1311 1313 1239 1237
604 1313 1315 1241 1239
605 1315 1317 1243 1241
606 1317 1319 1245 1243
607 1319 1321 1247 1245
608 1321 1323 1249 1247
609 1323 1325 1251 1249
610 1325 1327 1253 1251
611 1327 1329 1255 1253
612 1329 1331 1257 1255
613 1334 1333 1259 1260
614 1333 1337 1263 1259
615 1337 1339 1265 1263
616 1339 1341 1267 1265
617 1341 1343 1269 1267
618 1343 1345 1271 1269
619 1345 1347 1273 1271
620 1347 1349 1275 1273
621 1349 1351 1277 1275
622 1351 1353 1279 1277
623 1353 1355 1281 1279
624 1355 1357 1283 1281
625 1357 1359 1285 1283
626 1359 1361 1287 1285
627 1361 1363 1289 1287
628 1363 1365 1291 1289
629 1365 1367 1293 1291
630 1367 1369 1295 1293
631 1369 1371 1297 1295
632 1371 1373 1299 1297
633 1373 1375 1301 1299
634 1375 1377 1303 1301
635 1377 1379 1305 1303
636 1379 1381 1307 1305
637 1381 1383 1309 1307
638 1383 1385 1311 1309
639 1385 1387 1313 1311
640 1387 1389 1315 1313
641 1389 1391 1317 1315
642 1391 1393 1319 1317
643 1393 1395 1321 1319
644 1395 1397 1323 1321
645 1397 1399 1325 1323
646 1399 1401 1327 1325
647 1401 1403 1329 1327
648 1403 1405 1331 1329
649 1408 1407 1333 1334
650 1407 1411 1337 1333
651 1411 1413 1339 1337
652 1413 1415 1341 1339
653 1415 1417 1343 1341
654 1417 1419 1345 1343
655 1419 1421 1347 1345
656 1421 1423 1349 1347
657 1423 1425 1351 1349
658 1425 1427 1353 1351
659 1427 1429 1355 1353
660 1429 1431 1357 1355
661 1431 1433 1359 1357
662 1433 1435 1361 1359
663 1435 1437 1363 1361
664 1437 1439 1365 1363
665 1439 1441 1367 1365
666 1441 1443 1369 1367
667 1443 1445 1371 1369
668 1445 1447 1373 1371
669 1447 1449 1375 1373
670 1449 1451 1377 1375
671 1451 1453 1379 1377
672 1453 1455 1381 1379
673 1455 1457 1383 1381
674 1457 1459 1385 1383
675 1459 1461 1387 1385
676 1461 1463 1389 1387
677 1463 1465 1391 1389
678 1465 1467 1393 1391
679 1467 1469 1395 1393
680 1469 1471 1397 1395
681 1471 1473 1399 1397
682 1473 1475 1401 1399
683 1475 1477 1403 1401
684 1477 1479 1405 1403
685 1482 1481 1407 1408
686 1481 1485 1411 1407
687 1485 1487 1413 1411
688 1487 1489 1415 1413
689 1489 1491 1417 1415
690 1491 1493 1419 1417
691 1493 1495 1421 1419
692 1495 1497 1423 1421
693 1497 1499 1425 1423
694 1499 1501 1427 1425
695 1501 1503 1429 1427
696 1503 1505 1431 1429
697 1505 1507 1433 1431
698 1507 1509 1435 1433
699 1509 1511 1437 1435
700 1511 1513 1439 1437
701 1513 1515 1441 1439
702 1515 1517 1443 1441
703 1517 1519 1445 1443
704 1519 1521 1447 1445
705 1521 1523 1449 1447
706 1523 1525 1451 1449
707 1525 1527 1453 1451
708 1527 1529 1455 1453
709 1529 1531 1457 1455
710 1531 1533 1459 1457
711 1533 1535 1461 1459
712 1535 1537 1463 1461
713 1537 1539 1465 1463
714 1539 1541 1467 1465
715 1541 1543 1469 1467
716 1543 1545 1471 1469
717 1545 1547 1473 1471
718 1547 1549 1475 1473
719 1549 1551 1477 1475
720 1551 1553 1479 1477
721 1556 1555 1481 1482
722 1555 1559 1485 1481
723 1559 1561 1487 1485
724 1561 1563 1489 1487
725 1563 1565 1491 1489
726 1565 1567 1493 1491
727 1567 1569 1495 1493
728 1569 1571 1497 1495
729 1571 1573 1499 1497
730 1573 1575 1501 1499
731 1575 1577 1503 1501
732 1577 1579 1505 1503
733 1579 1581 1507 1505
734 1581 1583 1509 1507
735 1583 1585 1511 1509
736 1585 1587 1513 1511
737 1587 1589 1515 1513
738 1589 1591 1517 1515
739 1591 1593 1519 1517
740 1593 1595 1521 1519
741 1595 1597 1523 1521
742 1597 1599 1525 1523
743 1599 1601 1527 1525
744 1601 1603 1529 1527
745 1603 1605 1531 1529
746 1605 1607 1533 1531
747 1607 1609 1535 1533
748 1609 1611 1537 1535
749 1611 1613 1539 1537
750 1613 1615 1541 1539
751 1615 1617 1543 1541
752 1617 1619 1545 1543
753 1619 1621 1547 1545
754 1621 1623 1549 1547
755 1623 1625 1551 1549
756 1625 1627 1553 1551
757 1630 1629 1555 1556
758 1629 1633 1559 1555
759 1633 1635 1561 1559
760 1635 1637 1563 1561
761 1637 1639 1565 1563
762 1639 1641 1567 1565
763 1641 1643 1569 1567
764 1643 1645 1571 1569
765 1645 1647 1573 1571
766 1647 1649 1575 1573
767 1649 1651 1577 1575
768 1651 1653 1579 1577
769 1653 1655 1581 1579
770 1655 1657 1583 1581
771 1657 1659 1585 1583
772 1659 1661 1587 1585
773 1661 1663 1589 1587
774 1663 1665 1591 1589
775 1665 1667 1593 1591
776 1667 1669 1595 1593
777 1669 1671 1597 1595
778 1671 1673 1599 1597
779 1673 1675 1601 1599
780 1675 1677 1603 1601
781 1677 1679 1605 1603
782 1679 1681 1607 1605
783 1681 1683 1609 1607
784 1683 1685 1611 1609
785 1685 1687 1613 1611
786 1687 1689 1615 1613
787 1689 1691 1617 1615
788 1691 1693 1619 1617
789 1693 1695 1621 1619
790 1695 1697 1623 1621
791 1697 1699 1625 1623
792 1699 1701 1627 1625
793 1704 1703 1629 1630
794 1703 1707 1633 1629
795 1707 1709 1635 1633
796 1709 1711 1637 1635
797 1711 1713 1639 1637
798 1713 1715 1641 1639
799 1715 1717 1643 1641
800 1717 1719 1645 1643
801 1719 1721 1647 1645
802 1721 1723 1649 1647
803 1723 1725 1651 1649
804 1725 1727 1653 1651
805 1727 1729 1655 1653
806 1729 1731 1657 1655
807 1731 1733 1659 1657
808 1733 1735 1661 1659
809 1735 1737 1663 1661
810 1737 1739 1665 1663
811 1739 1741 1667 1665
812 1741 1743 1669 1667
813 1743 1745 1671 1669
814 1745 1747 1673 1671
815 1747 1749 1675 1673
816 1749 1751 1677 1675
817 1751 1753 1679 1677
818 1753 1755 1681 1679
819 1755 1757 1683 1681
820 1757 1759 1685 1683
821 1759 1761 1687 1685
822 1761 1763 1689 1687
823 1763 1765 1691 1689
824 1765 1767 1693 1691
825 1767 1769 1695 1693
826 1769 1771 1697 1695
827 1771 1773 1699 1697
828 1773 1775 1701 1699
829 1778 1777 1703 1704
830 1777 1781 1707 1703
831 1781 1783 1709 1707
832 1783 1785 1711 1709
833 1785 1787 1713 1711
834 1787 1789 1715 1713
835 1789 1791 1717 1715
836 1791 1793 1719 1717
837 1793 1795 1721 1719
838 1795 1797 1723 1721
839 1797 1799 1725 1723
840 1799 1801 1727 1725
841 1801 1803 1729 1727
842 1803 1805 1731 1729
843 1805 1807 1733 1731
844 1807 1809 1735 1733
845 1809 1811 1737 1735
846 1811 1813 1739 1737
847 1813 1815 1741 1739
848 1815 1817 1743 1741
849 1817 1819 1745 1743
850 1819 1821 1747 1745
851 1821 1823 1749 1747
852 1823 1825 1751 1749
853 1825 1827 1753 1751
854 1827 1829 1755 1753
855 1829 1831 1757 1755
856 1831 1833 1759 1757
857 1833 1835 1761 1759
858 1835 1837 1763 1761
859 1837 1839 1765 1763
860 1839 1841 1767 1765
861 1841 1843 1769 1767
862 1843 1845 1771 1769
863 1845 1847 1773 1771
864 1847 1849 1775 1773
865 1852 1851 1777 1778
866 1851 1855 1781 1777
867 1855 1857 1783 1781
868 1857 1859 1785 1783
869 1859 1861 1787 1785
870 1861 1863 1789 1787
871 1863 1865 1791 1789
872 1865 1867 1793 1791
873 1867 1869 1795 1793
874 1869 1871 1797 1795
875 1871 1873 1799 1797
876 1873 1875 1801 1799
877 1875 1877 1803 1801
878 1877 1879 1805 1803
879 1879 1881 1807 1805
880 1881 1883 1809 1807
881 1883 1885 1811 1809
882 1885 1887 1813 1811
883 1887 1889 1815 1813
884 1889 1891 1817 1815
885 1891 1893 1819 1817
886 1893 1895 1821 1819
887 1895 1897 1823 1821
888 1897 1899 1825 1823
889 1899 1901 1827 1825
890 1901 1903 1829 1827
891 1903 1905 1831 1829
892 1905 1907 1833 1831
893 1907 1909 1835 1833
894 1909 1911 1837 1835
895 1911 1913 1839 1837
896 1913 1915 1841 1839
897 1915 1917 1843 1841
898 1917 1919 1845 1843
899 1919 1921 1847 1845
900 1921 1923 1849 1847
901 1926 1925 1851 1852
902 1925 1929 1855 1851
903 1929 1931 1857 1855
904 1931 1933 1859 1857
905 1933 1935 1861 1859
906 1935 1937 1863 1861
907 1937 1939 1865 1863
908 1939 1941 1867 1865
909 1941 1943 1869 1867
910 1943 1945 1871 1869
911 1945 1947 1873 1871
912 1947 1949 1875 1873
913 1949 1951 1877 1875
914 1951 1953 1879 1877
915 1953 1955 1881 1879
916 1955 1957 1883 1881
917 1957 1959 1885 1883
918 1959 1961 1887 1885
919 1961 1963 1889 1887
920 1963 1965 1891 1889
921 1965 1967 1893 1891
922 1967 1969 1895 1893
923 1969 1971 1897 1895
924 1971 1973 1899 1897
925 1973 1975 1901 1899
926 1975 1977 1903 1901
927 1977 1979 1905 1903
928 1979 1981 1907 1905
929 1981 1983 1909 1907
930 1983 1985 1911 1909
931 1985 1987 1913 1911
932 1987 1989 1915 1913
933 1989 1991 1917 1915
934 1991 1993 1919 1917
935 1993 1995 1921 1919
936 1995 1997 1923 1921
937 2000 1999 1925 1926
938 1999 2003 1929 1925
939 2003 2005 1931 1929
940 2005 2007 1933 1931
941 2007 2009 1935 1933
942 2009 2011 1937 1935
943 2011 2013 1939 1937
944 2013 2015 1941 1939
945 2015 2017 1943 1941
946 2017 2019 1945 1943
947 2019 2021 1947 1945
948 2021 2023 1949 1947
949 2023 2025 1951 1949
950 2025 2027 1953 1951
951 2027 2029 1955 1953
952 2029 2031 1957 1955
953 2031 2033 1959 1957
954 2033 2035 1961 1959
955 2035 2037 1963 1961
956 2037 2039 1965 1963
957 2039 2041 1967 1965
958 2041 2043 1969 1967
959 2043 2045 1971 1969
960 2045 2047 1973 1971
961 2047 2049 1975 1973
962 2049 2051 1977 1975
963 2051 2053 1979 1977
964 2053 2055 1981 1979
965 2055 2057 1983 1981
966 2057 2059 1985 1983
967 2059 2061 1987 1985
968 2061 2063 1989 1987
969 2063 2065 1991 1989
970 2065 2067 1993 1991
971 2067 2069 1995 1993
972 2069 2071 1997 1995
973 2074 2073 1999 2000
974 2073 2077 2003 1999
975 2077 2079 2005 2003
976 2079 2081 2007 2005
977 2081 2083 2009 2007
978 2083 2085 2011 2009
979 2085 2087 2013 2011
980 2087 2089 2015 2013
981 2089 2091 2017 2015
982 2091 2093 2019 2017
983 2093 2095 2021 2019
984 2095 2097 2023 2021
985 2097 2099 2025 2023
986 2099 2101 2027 2025
987 2101 2103 2029 2027
988 2103 2105 2031 2029
989 2105 2107 2033 2031
990 2107 2109 2035 2033
991 2109 2111 2037 2035
992 2111 2113 2039 2037
993 2113 2115 2041 2039
994 2115 2117 2043 2041
995 2117 2119 2045 2043
996 2119 2121 2047 2045
997 2121 2123 2049 2047
998 2123 2125 2051 2049
999 2125 2127 2053 2051
1000 2127 2129 2055 2053
1001 2129 2131 2057 2055
1002 2131 2133 2059 2057
1003 2133 2135 2061 2059
1004 2135 2137 2063 2061
1005 2137 2139 2065 2063
1006 2139 2141 2067 2065
1007 2141 2143 2069 2067
1008 2143 2145 2071 2069
1009 2148 2147 2073 2074
1010 2147 2151 2077 2073
1011 2151 2153 2079 2077
1012 2153 2155 2081 2079
1013 2155 2157 2083 2081
1014 2157 2159 2085 2083
1015 2159 2161 2087 2085
1016 2161 2163 2089 2087
1017 2163 2165 2091 2089
1018 2165 2167 2093 2091
1019 2167 2169 2095 2093
1020 2169 2171 2097 2095
1021 2171 2173 2099 2097
1022 2173 2175 2101 2099
1023 2175 2177 2103 2101
1024 2177 2179 2105 2103
1025 2179 2181 2107 2105
1026 2181 2183 2109 2107
1027 2183 2185 2111 2109
1028 2185 2187 2113 2111
1029 2187 2189 2115 2113
1030 2189 2191 2117 2115
1031 2191 2193 2119 2117
1032 2193 2195 2121 2119
1033 2195 2197 2123 2121
1034 2197 2199 2125 2123
1035 2199 2201 2127 2125
1036 2201 2203 2129 2127
1037 2203 2205 2131 2129
1038 2205 2207 2133 2131
1039 2207 2209 2135 2133
1040 2209 2211 2137 2135
1041 2211 2213 2139 2137
1042 2213 2215 2141 2139
1043 2215 2217 2143 2141
1044 2217 2219 2145 2143
1045 2222 2221 2147 2148
1046 2221 2225 2151 2147
1047 2225 2227 2153 2151
1048 2227 2229 2155 2153
1049 2229 2231 2157 2155
1050 2231 2233 2159 2157
1051 2233 2235 2161 2159
1052 2235 2237 2163 2161
1053 2237 2239 2165 2163
1054 2239 2241 2167 2165
1055 2241 2243 2169 2167
1056 2243 2245 2171 2169
1057 2245 2247 2173 2171
1058 2247 2249 2175 2173
1059 2249 2251 2177 2175
1060 2251 2253 2179 2177
1061 2253 2255 2181 2179
1062 2255 2257 2183 2181
1063 2257 2259 2185 2183
1064 2259 2261 2187 2185
1065 2261 2263 2189 2187
1066 2263 2265 2191 2189
1067 2265 2267 2193 2191
1068 2267 2269 2195 2193
1069 2269 2271 2197 2195
1070 2271 2273 2199 2197
1071 2273 2275 2201 2199
1072 2275 2277 2203 2201
1073 2277 2279 2205 2203
1074 2279 2281 2207 2205
1075 2281 2283 2209 2207
1076 2283 2285 2211 2209
1077 2285 2287 2213 2211
1078 2287 2289 2215 2213
1079 2289 2291 2217 2215
1080 2291 2293 2219 2217
1081 2296 2295 2221 2222
1082 2295 2299 2225 2221
1083 2299 2301 2227 2225
1084 2301 2303 2229 2227
1085 2303 2305 2231 2229
1086 2305 2307 2233 2231
1087 2307 2309 2235 2233
1088 2309 2311 2237 2235
1089 2311 2313 2239 2237
1090 2313 2315 2241 2239
1091 2315 2317 2243 2241
1092 2317 2319 2245 2243
1093 2319 2321 2247 2245
1094 2321 2323 2249 2247
1095 2323 2325 2251 2249
1096 2325 2327 2253 2251
1097 2327 2329 2255 2253
1098 2329 2331 2257 2255
1099 2331 2333 2259 2257
1100 2333 2335 2261 2259
1101 2335 2337 2263 2261
1102 2337 2339 2265 2263
1103 2339 2341 2267 2265
1104 2341 2343 2269 2267
1105 2343 2345 2271 2269
1106 2345 2347 2273 2271
1107 2347 2349 2275 2273
1108 2349 2351 2277 2275
1109 2351 2353 2279 2277
1110 2353 2355 2281 2279
1111 2355 2357 2283 2281
1112 2357 2359 2285 2283
1113 2359 2361 2287 2285
1114 2361 2363 2289 2287
1115 2363 2365 2291 2289
1116 2365 2367 2293 2291
1117 2370 2369 2295 2296
1118 2369 2373 2299 2295
1119 2373 2375 2301 2299
1120 2375 2377 2303 2301
1121 2377 2379 2305 2303
1122 2379 2381 2307 2305
1123 2381 2383 2309 2307
1124 2383 2385 2311 2309
1125 2385 2387 2313 2311
1126 2387 2389 2315 2313
1127 2389 2391 2317 2315
1128 2391 2393 2319 2317
1129 2393 2395 2321 2319
1130 2395 2397 2323 2321
1131 2397 2399 2325 2323
1132 2399 2401 2327 2325
1133 2401 2403 2329 2327
1134 2403 2405 2331 2329
1135 2405 2407 2333 2331
1136 2407 2409 2335 2333
1137 2409 2411 2337 2335
1138 2411 2413 2339 2337
1139 2413 2415 2341 2339
1140 2415 2417 2343 2341
1141 2417 2419 2345 2343
1142 2419 2421 2347 2345
1143 2421 2423 2349 2347
1144 2423 2425 2351 2349
1145 2425 2427 2353 2351
1146 2427 2429 2355 2353
1147 2429 2431 2357 2355
1148 2431 2433 2359 2357
1149 2433 2435 2361 2359
1150 2435 2437 2363 2361
1151 2437 2439 2365 2363
1152 2439 2441 2367 2365
1153 2444 2443 2369 2370
1154 2443 2447 2373 2369
1155 2447 2449 2375 2373
1156 2449 2451 2377 2375
1157 2451 2453 2379 2377
1158 2453 2455 2381 2379
1159 2455 2457 2383 2381
1160 2457 2459 2385 2383
1161 2459 2461 2387 2385
1162 2461 2463 2389 2387
1163 2463 2465 2391 2389
1164 2465 2467 2393 2391
1165 2467 2469 2395 2393
1166 2469 2471 2397 2395
1167 2471 2473 2399 2397
1168 2473 2475 2401 2399
1169 2475 2477 2403 2401
1170 2477 2479 2405 2403
1171 2479 2481 2407 2405
1172 2481 2483 2409 2407
1173 2483 2485 2411 2409
1174 2485 2487 2413 2411
1175 2487 2489 2415 2413
1176 2489 2491 2417 2415
1177 2491 2493 2419 2417
1178 2493 2495 2421 2419
1179 2495 2497 2423 2421
1180 2497 2499 2425 2423
1181 2499 2501 2427 2425
1182 2501 2503 2429 2427
1183 2503 2505 2431 2429
1184 2505 2507 2433 2431
1185 2507 2509 2435 2433
1186 2509 2511 2437 2435
1187 2511 2513 2439 2437
1188 2513 2515 2441 2439
1189 2518 2517 2443 2444
1190 2517 2521 2447 2443
1191 2521 2523 2449 2447
1192 2523 2525 2451 2449
1193 2525 2527 2453 2451
1194 2527 2529 2455 2453
1195 2529 2531 2457 2455
1196 2531 2533 2459 2457
1197 2533 2535 2461 2459
1198 2535 2537 2463 2461
1199 2537 2539 2465 2463
1200 2539 2541 2467 2465
1201 2541 2543 2469 2467
1202 2543 2545 2471 2469
1203 2545 2547 2473 2471
1204 2547 2549 2475 2473
1205 2549 2551 2477 2475
1206 2551 2553 2479 2477
1207 2553 2555 2481 2479
1208 2555 2557 2483 2481
1209 2557 2559 2485 2483
1210 2559 2561 2487 2485
1211 2561 2563 2489 2487
1212 2563 2565 2491 2489
1213 2565 2567 2493 2491
1214 2567 2569 2495 2493
1215 2569 2571 2497 2495
1216 2571 2573 2499 2497
1217 2573 2575 2501 2499
1218 2575 2577 2503 2501
1219 2577 2579 2505 2503
1220 2579 2581 2507 2505
1221 2581 2583 2509 2507
1222 2583 2585 2511 2509
1223 2585 2587 2513 2511
1224 2587 2589 2515 2513
1225 2592 2591 2517 2518
1226 2591 2595 2521 2517
1227 2595 2597 2523 2521
1228 2597 2599 2525 2523
1229 2599 2601 2527 2525
1230 2601 2603 2529 2527
1231 2603 2605 2531 2529
1232 2605 2607 2533 2531
1233 2607 2609 2535 2533
1234 2609 2611 2537 2535
1235 2611 2613 2539 2537
1236 2613 2615 2541 2539
1237 2615 2617 2543 2541
1238 2617 2619 2545 2543
1239 2619 2621 2547 2545
1240 2621 2623 2549 2547
1241 2623 2625 2551 2549
1242 2625 2627 2553 2551
1243 2627 2629 2555 2553
1244 2629 2631 2557 2555
1245 2631 2633 2559 2557
1246 2633 2635 2561 2559
1247 2635 2637 2563 2561
1248 2637 2639 2565 2563
1249 2639 2641 2567 2565
1250 2641 2643 2569 2567
1251 2643 2645 2571 2569
1252 2645 2647 2573 2571
1253 2647 2649 2575 2573
1254 2649 2651 2577 2575
1255 2651 2653 2579 2577
1256 2653 2655 2581 2579
1257 2655 2657 2583 2581
1258 2657 2659 2585 2583
1259 2659 2661 2587 2585
1260 2661 2663 2589 2587
1261 2666 2665 2591 2592
1262 2665 2669 2595 2591
1263 2669 2671 2597 2595
1264 2671 2673 2599 2597
1265 2673 2675 2601 2599
1266 2675 2677 2603 2601
1267 2677 2679 2605 2603
1268 2679 2681 2607 2605
1269 2681 2683 2609 2607
1270 2683 2685 2611 2609
1271 2685 2687 2613 2611
1272 2687 2689 2615 2613
1273 2689 2691 2617 2615
1274 2691 2693 2619 2617
1275 2693 2695 2621 2619
1276 2695 2697 2623 2621
1277 2697 2699 2625 2623
1278 2699 2701 2627 2625
1279 2701 2703 2629 2627
1280 2703 2705 2631 2629
1281 2705 2707 2633 2631
1282 2707 2709 2635 2633
1283 2709 2711 2637 2635
1284 2711 2713 2639 2637
1285 2713 2715 2641 2639
1286 2715 2717 2643 2641
1287 2717 2719 2645 2643
1288 2719 2721 2647 2645
1289 2721 2723 2649 2647
1290 2723 2725 2651 2649
1291 2725 2727 2653 2651
1292 2727 2729 2655 2653
1293 2729 2731 2657 2655
1294 2731 2733 2659 2657
1295 2733 2735 2661 2659
1296 2735 2737 2663 2661
