      1296
19441 21907 21908 21905 21906
19442 21910 21907 21906 21909
19443 21912 21910 21909 21911
19444 21914 21912 21911 21913
19445 21916 21914 21913 21915
19446 21918 21916 21915 21917
19447 21920 21918 21917 21919
19448 21922 21920 21919 21921
19449 21924 21922 21921 21923
19450 21926 21924 21923 21925
19451 21928 21926 21925 21927
19452 21930 21928 21927 21929
19453 21932 21930 21929 21931
19454 21934 21932 21931 21933
19455 21936 21934 21933 21935
19456 21938 21936 21935 21937
19457 21940 21938 21937 21939
19458 21942 21940 21939 21941
19459 21944 21942 21941 21943
19460 21946 21944 21943 21945
19461 21948 21946 21945 21947
19462 21950 21948 21947 21949
19463 21952 21950 21949 21951
19464 21954 21952 21951 21953
19465 21956 21954 21953 21955
19466 21958 21956 21955 21957
19467 21960 21958 21957 21959
19468 21962 21960 21959 21961
19469 21964 21962 21961 21963
19470 21966 21964 21963 21965
19471 21968 21966 21965 21967
19472 21970 21968 21967 21969
19473 21972 21970 21969 21971
19474 21974 21972 21971 21973
19475 21976 21974 21973 21975
19476 21978 21976 21975 21977
19477 21979 21980 21908 21907
19478 21981 21979 21907 21910
19479 21982 21981 21910 21912
19480 21983 21982 21912 21914
19481 21984 21983 21914 21916
19482 21985 21984 21916 21918
19483 21986 21985 21918 21920
19484 21987 21986 21920 21922
19485 21988 21987 21922 21924
19486 21989 21988 21924 21926
19487 21990 21989 21926 21928
19488 21991 21990 21928 21930
19489 21992 21991 21930 21932
19490 21993 21992 21932 21934
19491 21994 21993 21934 21936
19492 21995 21994 21936 21938
19493 21996 21995 21938 21940
19494 21997 21996 21940 21942
19495 21998 21997 21942 21944
19496 21999 21998 21944 21946
19497 22000 21999 21946 21948
19498 22001 22000 21948 21950
19499 22002 22001 21950 21952
19500 22003 22002 21952 21954
19501 22004 22003 21954 21956
19502 22005 22004 21956 21958
19503 22006 22005 21958 21960
19504 22007 22006 21960 21962
19505 22008 22007 21962 21964
19506 22009 22008 21964 21966
19507 22010 22009 21966 21968
19508 22011 22010 21968 21970
19509 22012 22011 21970 21972
19510 22013 22012 21972 21974
19511 22014 22013 21974 21976
19512 22015 22014 21976 21978
19513 22016 22017 21980 21979
19514 22018 22016 21979 21981
19515 22019 22018 21981 21982
19516 22020 22019 21982 21983
19517 22021 22020 21983 21984
19518 22022 22021 21984 21985
19519 22023 22022 21985 21986
19520 22024 22023 21986 21987
19521 22025 22024 21987 21988
19522 22026 22025 21988 21989
19523 22027 22026 21989 21990
19524 22028 22027 21990 21991
19525 22029 22028 21991 21992
19526 22030 22029 21992 21993
19527 22031 22030 21993 21994
19528 22032 22031 21994 21995
19529 22033 22032 21995 21996
19530 22034 22033 21996 21997
19531 22035 22034 21997 21998
19532 22036 22035 21998 21999
19533 22037 22036 21999 22000
19534 22038 22037 22000 22001
19535 22039 22038 22001 22002
19536 22040 22039 22002 22003
19537 22041 22040 22003 22004
19538 22042 22041 22004 22005
19539 22043 22042 22005 22006
19540 22044 22043 22006 22007
19541 22045 22044 22007 22008
19542 22046 22045 22008 22009
19543 22047 22046 22009 22010
19544 22048 22047 22010 22011
19545 22049 22048 22011 22012
19546 22050 22049 22012 22013
19547 22051 22050 22013 22014
19548 22052 22051 22014 22015
19549 22053 22054 22017 22016
19550 22055 22053 22016 22018
19551 22056 22055 22018 22019
19552 22057 22056 22019 22020
19553 22058 22057 22020 22021
19554 22059 22058 22021 22022
19555 22060 22059 22022 22023
19556 22061 22060 22023 22024
19557 22062 22061 22024 22025
19558 22063 22062 22025 22026
19559 22064 22063 22026 22027
19560 22065 22064 22027 22028
19561 22066 22065 22028 22029
19562 22067 22066 22029 22030
19563 22068 22067 22030 22031
19564 22069 22068 22031 22032
19565 22070 22069 22032 22033
19566 22071 22070 22033 22034
19567 22072 22071 22034 22035
19568 22073 22072 22035 22036
19569 22074 22073 22036 22037
19570 22075 22074 22037 22038
19571 22076 22075 22038 22039
19572 22077 22076 22039 22040
19573 22078 22077 22040 22041
19574 22079 22078 22041 22042
19575 22080 22079 22042 22043
19576 22081 22080 22043 22044
19577 22082 22081 22044 22045
19578 22083 22082 22045 22046
19579 22084 22083 22046 22047
19580 22085 22084 22047 22048
19581 22086 22085 22048 22049
19582 22087 22086 22049 22050
19583 22088 22087 22050 22051
19584 22089 22088 22051 22052
19585 22090 22091 22054 22053
19586 22092 22090 22053 22055
19587 22093 22092 22055 22056
19588 22094 22093 22056 22057
19589 22095 22094 22057 22058
19590 22096 22095 22058 22059
19591 22097 22096 22059 22060
19592 22098 22097 22060 22061
19593 22099 22098 22061 22062
19594 22100 22099 22062 22063
19595 22101 22100 22063 22064
19596 22102 22101 22064 22065
19597 22103 22102 22065 22066
19598 22104 22103 22066 22067
19599 22105 22104 22067 22068
19600 22106 22105 22068 22069
19601 22107 22106 22069 22070
19602 22108 22107 22070 22071
19603 22109 22108 22071 22072
19604 22110 22109 22072 22073
19605 22111 22110 22073 22074
19606 22112 22111 22074 22075
19607 22113 22112 22075 22076
19608 22114 22113 22076 22077
19609 22115 22114 22077 22078
19610 22116 22115 22078 22079
19611 22117 22116 22079 22080
19612 22118 22117 22080 22081
19613 22119 22118 22081 22082
19614 22120 22119 22082 22083
19615 22121 22120 22083 22084
19616 22122 22121 22084 22085
19617 22123 22122 22085 22086
19618 22124 22123 22086 22087
19619 22125 22124 22087 22088
19620 22126 22125 22088 22089
19621 22127 22128 22091 22090
19622 22129 22127 22090 22092
19623 22130 22129 22092 22093
19624 22131 22130 22093 22094
19625 22132 22131 22094 22095
19626 22133 22132 22095 22096
19627 22134 22133 22096 22097
19628 22135 22134 22097 22098
19629 22136 22135 22098 22099
19630 22137 22136 22099 22100
19631 22138 22137 22100 22101
19632 22139 22138 22101 22102
19633 22140 22139 22102 22103
19634 22141 22140 22103 22104
19635 22142 22141 22104 22105
19636 22143 22142 22105 22106
19637 22144 22143 22106 22107
19638 22145 22144 22107 22108
19639 22146 22145 22108 22109
19640 22147 22146 22109 22110
19641 22148 22147 22110 22111
19642 22149 22148 22111 22112
19643 22150 22149 22112 22113
19644 22151 22150 22113 22114
19645 22152 22151 22114 22115
19646 22153 22152 22115 22116
19647 22154 22153 22116 22117
19648 22155 22154 22117 22118
19649 22156 22155 22118 22119
19650 22157 22156 22119 22120
19651 22158 22157 22120 22121
19652 22159 22158 22121 22122
19653 22160 22159 22122 22123
19654 22161 22160 22123 22124
19655 22162 22161 22124 22125
19656 22163 22162 22125 22126
19657 22164 22165 22128 22127
19658 22166 22164 22127 22129
19659 22167 22166 22129 22130
19660 22168 22167 22130 22131
19661 22169 22168 22131 22132
19662 22170 22169 22132 22133
19663 22171 22170 22133 22134
19664 22172 22171 22134 22135
19665 22173 22172 22135 22136
19666 22174 22173 22136 22137
19667 22175 22174 22137 22138
19668 22176 22175 22138 22139
19669 22177 22176 22139 22140
19670 22178 22177 22140 22141
19671 22179 22178 22141 22142
19672 22180 22179 22142 22143
19673 22181 22180 22143 22144
19674 22182 22181 22144 22145
19675 22183 22182 22145 22146
19676 22184 22183 22146 22147
19677 22185 22184 22147 22148
19678 22186 22185 22148 22149
19679 22187 22186 22149 22150
19680 22188 22187 22150 22151
19681 22189 22188 22151 22152
19682 22190 22189 22152 22153
19683 22191 22190 22153 22154
19684 22192 22191 22154 22155
19685 22193 22192 22155 22156
19686 22194 22193 22156 22157
19687 22195 22194 22157 22158
19688 22196 22195 22158 22159
19689 22197 22196 22159 22160
19690 22198 22197 22160 22161
19691 22199 22198 22161 22162
19692 22200 22199 22162 22163
19693 22201 22202 22165 22164
19694 22203 22201 22164 22166
19695 22204 22203 22166 22167
19696 22205 22204 22167 22168
19697 22206 22205 22168 22169
19698 22207 22206 22169 22170
19699 22208 22207 22170 22171
19700 22209 22208 22171 22172
19701 22210 22209 22172 22173
19702 22211 22210 22173 22174
19703 22212 22211 22174 22175
19704 22213 22212 22175 22176
19705 22214 22213 22176 22177
19706 22215 22214 22177 22178
19707 22216 22215 22178 22179
19708 22217 22216 22179 22180
19709 22218 22217 22180 22181
19710 22219 22218 22181 22182
19711 22220 22219 22182 22183
19712 22221 22220 22183 22184
19713 22222 22221 22184 22185
19714 22223 22222 22185 22186
19715 22224 22223 22186 22187
19716 22225 22224 22187 22188
19717 22226 22225 22188 22189
19718 22227 22226 22189 22190
19719 22228 22227 22190 22191
19720 22229 22228 22191 22192
19721 22230 22229 22192 22193
19722 22231 22230 22193 22194
19723 22232 22231 22194 22195
19724 22233 22232 22195 22196
19725 22234 22233 22196 22197
19726 22235 22234 22197 22198
19727 22236 22235 22198 22199
19728 22237 22236 22199 22200
19729 22238 22239 22202 22201
19730 22240 22238 22201 22203
19731 22241 22240 22203 22204
19732 22242 22241 22204 22205
19733 22243 22242 22205 22206
19734 22244 22243 22206 22207
19735 22245 22244 22207 22208
19736 22246 22245 22208 22209
19737 22247 22246 22209 22210
19738 22248 22247 22210 22211
19739 22249 22248 22211 22212
19740 22250 22249 22212 22213
19741 22251 22250 22213 22214
19742 22252 22251 22214 22215
19743 22253 22252 22215 22216
19744 22254 22253 22216 22217
19745 22255 22254 22217 22218
19746 22256 22255 22218 22219
19747 22257 22256 22219 22220
19748 22258 22257 22220 22221
19749 22259 22258 22221 22222
19750 22260 22259 22222 22223
19751 22261 22260 22223 22224
19752 22262 22261 22224 22225
19753 22263 22262 22225 22226
19754 22264 22263 22226 22227
19755 22265 22264 22227 22228
19756 22266 22265 22228 22229
19757 22267 22266 22229 22230
19758 22268 22267 22230 22231
19759 22269 22268 22231 22232
19760 22270 22269 22232 22233
19761 22271 22270 22233 22234
19762 22272 22271 22234 22235
19763 22273 22272 22235 22236
19764 22274 22273 22236 22237
19765 22275 22276 22239 22238
19766 22277 22275 22238 22240
19767 22278 22277 22240 22241
19768 22279 22278 22241 22242
19769 22280 22279 22242 22243
19770 22281 22280 22243 22244
19771 22282 22281 22244 22245
19772 22283 22282 22245 22246
19773 22284 22283 22246 22247
19774 22285 22284 22247 22248
19775 22286 22285 22248 22249
19776 22287 22286 22249 22250
19777 22288 22287 22250 22251
19778 22289 22288 22251 22252
19779 22290 22289 22252 22253
19780 22291 22290 22253 22254
19781 22292 22291 22254 22255
19782 22293 22292 22255 22256
19783 22294 22293 22256 22257
19784 22295 22294 22257 22258
19785 22296 22295 22258 22259
19786 22297 22296 22259 22260
19787 22298 22297 22260 22261
19788 22299 22298 22261 22262
19789 22300 22299 22262 22263
19790 22301 22300 22263 22264
19791 22302 22301 22264 22265
19792 22303 22302 22265 22266
19793 22304 22303 22266 22267
19794 22305 22304 22267 22268
19795 22306 22305 22268 22269
19796 22307 22306 22269 22270
19797 22308 22307 22270 22271
19798 22309 22308 22271 22272
19799 22310 22309 22272 22273
19800 22311 22310 22273 22274
19801 22312 22313 22276 22275
19802 22314 22312 22275 22277
19803 22315 22314 22277 22278
19804 22316 22315 22278 22279
19805 22317 22316 22279 22280
19806 22318 22317 22280 22281
19807 22319 22318 22281 22282
19808 22320 22319 22282 22283
19809 22321 22320 22283 22284
19810 22322 22321 22284 22285
19811 22323 22322 22285 22286
19812 22324 22323 22286 22287
19813 22325 22324 22287 22288
19814 22326 22325 22288 22289
19815 22327 22326 22289 22290
19816 22328 22327 22290 22291
19817 22329 22328 22291 22292
19818 22330 22329 22292 22293
19819 22331 22330 22293 22294
19820 22332 22331 22294 22295
19821 22333 22332 22295 22296
19822 22334 22333 22296 22297
19823 22335 22334 22297 22298
19824 22336 22335 22298 22299
19825 22337 22336 22299 22300
19826 22338 22337 22300 22301
19827 22339 22338 22301 22302
19828 22340 22339 22302 22303
19829 22341 22340 22303 22304
19830 22342 22341 22304 22305
19831 22343 22342 22305 22306
19832 22344 22343 22306 22307
19833 22345 22344 22307 22308
19834 22346 22345 22308 22309
19835 22347 22346 22309 22310
19836 22348 22347 22310 22311
19837 22349 22350 22313 22312
19838 22351 22349 22312 22314
19839 22352 22351 22314 22315
19840 22353 22352 22315 22316
19841 22354 22353 22316 22317
19842 22355 22354 22317 22318
19843 22356 22355 22318 22319
19844 22357 22356 22319 22320
19845 22358 22357 22320 22321
19846 22359 22358 22321 22322
19847 22360 22359 22322 22323
19848 22361 22360 22323 22324
19849 22362 22361 22324 22325
19850 22363 22362 22325 22326
19851 22364 22363 22326 22327
19852 22365 22364 22327 22328
19853 22366 22365 22328 22329
19854 22367 22366 22329 22330
19855 22368 22367 22330 22331
19856 22369 22368 22331 22332
19857 22370 22369 22332 22333
19858 22371 22370 22333 22334
19859 22372 22371 22334 22335
19860 22373 22372 22335 22336
19861 22374 22373 22336 22337
19862 22375 22374 22337 22338
19863 22376 22375 22338 22339
19864 22377 22376 22339 22340
19865 22378 22377 22340 22341
19866 22379 22378 22341 22342
19867 22380 22379 22342 22343
19868 22381 22380 22343 22344
19869 22382 22381 22344 22345
19870 22383 22382 22345 22346
19871 22384 22383 22346 22347
19872 22385 22384 22347 22348
19873 22386 22387 22350 22349
19874 22388 22386 22349 22351
19875 22389 22388 22351 22352
19876 22390 22389 22352 22353
19877 22391 22390 22353 22354
19878 22392 22391 22354 22355
19879 22393 22392 22355 22356
19880 22394 22393 22356 22357
19881 22395 22394 22357 22358
19882 22396 22395 22358 22359
19883 22397 22396 22359 22360
19884 22398 22397 22360 22361
19885 22399 22398 22361 22362
19886 22400 22399 22362 22363
19887 22401 22400 22363 22364
19888 22402 22401 22364 22365
19889 22403 22402 22365 22366
19890 22404 22403 22366 22367
19891 22405 22404 22367 22368
19892 22406 22405 22368 22369
19893 22407 22406 22369 22370
19894 22408 22407 22370 22371
19895 22409 22408 22371 22372
19896 22410 22409 22372 22373
19897 22411 22410 22373 22374
19898 22412 22411 22374 22375
19899 22413 22412 22375 22376
19900 22414 22413 22376 22377
19901 22415 22414 22377 22378
19902 22416 22415 22378 22379
19903 22417 22416 22379 22380
19904 22418 22417 22380 22381
19905 22419 22418 22381 22382
19906 22420 22419 22382 22383
19907 22421 22420 22383 22384
19908 22422 22421 22384 22385
19909 22423 22424 22387 22386
19910 22425 22423 22386 22388
19911 22426 22425 22388 22389
19912 22427 22426 22389 22390
19913 22428 22427 22390 22391
19914 22429 22428 22391 22392
19915 22430 22429 22392 22393
19916 22431 22430 22393 22394
19917 22432 22431 22394 22395
19918 22433 22432 22395 22396
19919 22434 22433 22396 22397
19920 22435 22434 22397 22398
19921 22436 22435 22398 22399
19922 22437 22436 22399 22400
19923 22438 22437 22400 22401
19924 22439 22438 22401 22402
19925 22440 22439 22402 22403
19926 22441 22440 22403 22404
19927 22442 22441 22404 22405
19928 22443 22442 22405 22406
19929 22444 22443 22406 22407
19930 22445 22444 22407 22408
19931 22446 22445 22408 22409
19932 22447 22446 22409 22410
19933 22448 22447 22410 22411
19934 22449 22448 22411 22412
19935 22450 22449 22412 22413
19936 22451 22450 22413 22414
19937 22452 22451 22414 22415
19938 22453 22452 22415 22416
19939 22454 22453 22416 22417
19940 22455 22454 22417 22418
19941 22456 22455 22418 22419
19942 22457 22456 22419 22420
19943 22458 22457 22420 22421
19944 22459 22458 22421 22422
19945 22460 22461 22424 22423
19946 22462 22460 22423 22425
19947 22463 22462 22425 22426
19948 22464 22463 22426 22427
19949 22465 22464 22427 22428
19950 22466 22465 22428 22429
19951 22467 22466 22429 22430
19952 22468 22467 22430 22431
19953 22469 22468 22431 22432
19954 22470 22469 22432 22433
19955 22471 22470 22433 22434
19956 22472 22471 22434 22435
19957 22473 22472 22435 22436
19958 22474 22473 22436 22437
19959 22475 22474 22437 22438
19960 22476 22475 22438 22439
19961 22477 22476 22439 22440
19962 22478 22477 22440 22441
19963 22479 22478 22441 22442
19964 22480 22479 22442 22443
19965 22481 22480 22443 22444
19966 22482 22481 22444 22445
19967 22483 22482 22445 22446
19968 22484 22483 22446 22447
19969 22485 22484 22447 22448
19970 22486 22485 22448 22449
19971 22487 22486 22449 22450
19972 22488 22487 22450 22451
19973 22489 22488 22451 22452
19974 22490 22489 22452 22453
19975 22491 22490 22453 22454
19976 22492 22491 22454 22455
19977 22493 22492 22455 22456
19978 22494 22493 22456 22457
19979 22495 22494 22457 22458
19980 22496 22495 22458 22459
19981 22497 22498 22461 22460
19982 22499 22497 22460 22462
19983 22500 22499 22462 22463
19984 22501 22500 22463 22464
19985 22502 22501 22464 22465
19986 22503 22502 22465 22466
19987 22504 22503 22466 22467
19988 22505 22504 22467 22468
19989 22506 22505 22468 22469
19990 22507 22506 22469 22470
19991 22508 22507 22470 22471
19992 22509 22508 22471 22472
19993 22510 22509 22472 22473
19994 22511 22510 22473 22474
19995 22512 22511 22474 22475
19996 22513 22512 22475 22476
19997 22514 22513 22476 22477
19998 22515 22514 22477 22478
19999 22516 22515 22478 22479
20000 22517 22516 22479 22480
20001 22518 22517 22480 22481
20002 22519 22518 22481 22482
20003 22520 22519 22482 22483
20004 22521 22520 22483 22484
20005 22522 22521 22484 22485
20006 22523 22522 22485 22486
20007 22524 22523 22486 22487
20008 22525 22524 22487 22488
20009 22526 22525 22488 22489
20010 22527 22526 22489 22490
20011 22528 22527 22490 22491
20012 22529 22528 22491 22492
20013 22530 22529 22492 22493
20014 22531 22530 22493 22494
20015 22532 22531 22494 22495
20016 22533 22532 22495 22496
20017 22534 22535 22498 22497
20018 22536 22534 22497 22499
20019 22537 22536 22499 22500
20020 22538 22537 22500 22501
20021 22539 22538 22501 22502
20022 22540 22539 22502 22503
20023 22541 22540 22503 22504
20024 22542 22541 22504 22505
20025 22543 22542 22505 22506
20026 22544 22543 22506 22507
20027 22545 22544 22507 22508
20028 22546 22545 22508 22509
20029 22547 22546 22509 22510
20030 22548 22547 22510 22511
20031 22549 22548 22511 22512
20032 22550 22549 22512 22513
20033 22551 22550 22513 22514
20034 22552 22551 22514 22515
20035 22553 22552 22515 22516
20036 22554 22553 22516 22517
20037 22555 22554 22517 22518
20038 22556 22555 22518 22519
20039 22557 22556 22519 22520
20040 22558 22557 22520 22521
20041 22559 22558 22521 22522
20042 22560 22559 22522 22523
20043 22561 22560 22523 22524
20044 22562 22561 22524 22525
20045 22563 22562 22525 22526
20046 22564 22563 22526 22527
20047 22565 22564 22527 22528
20048 22566 22565 22528 22529
20049 22567 22566 22529 22530
20050 22568 22567 22530 22531
20051 22569 22568 22531 22532
20052 22570 22569 22532 22533
20053 22571 22572 22535 22534
20054 22573 22571 22534 22536
20055 22574 22573 22536 22537
20056 22575 22574 22537 22538
20057 22576 22575 22538 22539
20058 22577 22576 22539 22540
20059 22578 22577 22540 22541
20060 22579 22578 22541 22542
20061 22580 22579 22542 22543
20062 22581 22580 22543 22544
20063 22582 22581 22544 22545
20064 22583 22582 22545 22546
20065 22584 22583 22546 22547
20066 22585 22584 22547 22548
20067 22586 22585 22548 22549
20068 22587 22586 22549 22550
20069 22588 22587 22550 22551
20070 22589 22588 22551 22552
20071 22590 22589 22552 22553
20072 22591 22590 22553 22554
20073 22592 22591 22554 22555
20074 22593 22592 22555 22556
20075 22594 22593 22556 22557
20076 22595 22594 22557 22558
20077 22596 22595 22558 22559
20078 22597 22596 22559 22560
20079 22598 22597 22560 22561
20080 22599 22598 22561 22562
20081 22600 22599 22562 22563
20082 22601 22600 22563 22564
20083 22602 22601 22564 22565
20084 22603 22602 22565 22566
20085 22604 22603 22566 22567
20086 22605 22604 22567 22568
20087 22606 22605 22568 22569
20088 22607 22606 22569 22570
20089 22608 22609 22572 22571
20090 22610 22608 22571 22573
20091 22611 22610 22573 22574
20092 22612 22611 22574 22575
20093 22613 22612 22575 22576
20094 22614 22613 22576 22577
20095 22615 22614 22577 22578
20096 22616 22615 22578 22579
20097 22617 22616 22579 22580
20098 22618 22617 22580 22581
20099 22619 22618 22581 22582
20100 22620 22619 22582 22583
20101 22621 22620 22583 22584
20102 22622 22621 22584 22585
20103 22623 22622 22585 22586
20104 22624 22623 22586 22587
20105 22625 22624 22587 22588
20106 22626 22625 22588 22589
20107 22627 22626 22589 22590
20108 22628 22627 22590 22591
20109 22629 22628 22591 22592
20110 22630 22629 22592 22593
20111 22631 22630 22593 22594
20112 22632 22631 22594 22595
20113 22633 22632 22595 22596
20114 22634 22633 22596 22597
20115 22635 22634 22597 22598
20116 22636 22635 22598 22599
20117 22637 22636 22599 22600
20118 22638 22637 22600 22601
20119 22639 22638 22601 22602
20120 22640 22639 22602 22603
20121 22641 22640 22603 22604
20122 22642 22641 22604 22605
20123 22643 22642 22605 22606
20124 22644 22643 22606 22607
20125 22645 22646 22609 22608
20126 22647 22645 22608 22610
20127 22648 22647 22610 22611
20128 22649 22648 22611 22612
20129 22650 22649 22612 22613
20130 22651 22650 22613 22614
20131 22652 22651 22614 22615
20132 22653 22652 22615 22616
20133 22654 22653 22616 22617
20134 22655 22654 22617 22618
20135 22656 22655 22618 22619
20136 22657 22656 22619 22620
20137 22658 22657 22620 22621
20138 22659 22658 22621 22622
20139 22660 22659 22622 22623
20140 22661 22660 22623 22624
20141 22662 22661 22624 22625
20142 22663 22662 22625 22626
20143 22664 22663 22626 22627
20144 22665 22664 22627 22628
20145 22666 22665 22628 22629
20146 22667 22666 22629 22630
20147 22668 22667 22630 22631
20148 22669 22668 22631 22632
20149 22670 22669 22632 22633
20150 22671 22670 22633 22634
20151 22672 22671 22634 22635
20152 22673 22672 22635 22636
20153 22674 22673 22636 22637
20154 22675 22674 22637 22638
20155 22676 22675 22638 22639
20156 22677 22676 22639 22640
20157 22678 22677 22640 22641
20158 22679 22678 22641 22642
20159 22680 22679 22642 22643
20160 22681 22680 22643 22644
20161 22682 22683 22646 22645
20162 22684 22682 22645 22647
20163 22685 22684 22647 22648
20164 22686 22685 22648 22649
20165 22687 22686 22649 22650
20166 22688 22687 22650 22651
20167 22689 22688 22651 22652
20168 22690 22689 22652 22653
20169 22691 22690 22653 22654
20170 22692 22691 22654 22655
20171 22693 22692 22655 22656
20172 22694 22693 22656 22657
20173 22695 22694 22657 22658
20174 22696 22695 22658 22659
20175 22697 22696 22659 22660
20176 22698 22697 22660 22661
20177 22699 22698 22661 22662
20178 22700 22699 22662 22663
20179 22701 22700 22663 22664
20180 22702 22701 22664 22665
20181 22703 22702 22665 22666
20182 22704 22703 22666 22667
20183 22705 22704 22667 22668
20184 22706 22705 22668 22669
20185 22707 22706 22669 22670
20186 22708 22707 22670 22671
20187 22709 22708 22671 22672
20188 22710 22709 22672 22673
20189 22711 22710 22673 22674
20190 22712 22711 22674 22675
20191 22713 22712 22675 22676
20192 22714 22713 22676 22677
20193 22715 22714 22677 22678
20194 22716 22715 22678 22679
20195 22717 22716 22679 22680
20196 22718 22717 22680 22681
20197 22719 22720 22683 22682
20198 22721 22719 22682 22684
20199 22722 22721 22684 22685
20200 22723 22722 22685 22686
20201 22724 22723 22686 22687
20202 22725 22724 22687 22688
20203 22726 22725 22688 22689
20204 22727 22726 22689 22690
20205 22728 22727 22690 22691
20206 22729 22728 22691 22692
20207 22730 22729 22692 22693
20208 22731 22730 22693 22694
20209 22732 22731 22694 22695
20210 22733 22732 22695 22696
20211 22734 22733 22696 22697
20212 22735 22734 22697 22698
20213 22736 22735 22698 22699
20214 22737 22736 22699 22700
20215 22738 22737 22700 22701
20216 22739 22738 22701 22702
20217 22740 22739 22702 22703
20218 22741 22740 22703 22704
20219 22742 22741 22704 22705
20220 22743 22742 22705 22706
20221 22744 22743 22706 22707
20222 22745 22744 22707 22708
20223 22746 22745 22708 22709
20224 22747 22746 22709 22710
20225 22748 22747 22710 22711
20226 22749 22748 22711 22712
20227 22750 22749 22712 22713
20228 22751 22750 22713 22714
20229 22752 22751 22714 22715
20230 22753 22752 22715 22716
20231 22754 22753 22716 22717
20232 22755 22754 22717 22718
20233 22756 22757 22720 22719
20234 22758 22756 22719 22721
20235 22759 22758 22721 22722
20236 22760 22759 22722 22723
20237 22761 22760 22723 22724
20238 22762 22761 22724 22725
20239 22763 22762 22725 22726
20240 22764 22763 22726 22727
20241 22765 22764 22727 22728
20242 22766 22765 22728 22729
20243 22767 22766 22729 22730
20244 22768 22767 22730 22731
20245 22769 22768 22731 22732
20246 22770 22769 22732 22733
20247 22771 22770 22733 22734
20248 22772 22771 22734 22735
20249 22773 22772 22735 22736
20250 22774 22773 22736 22737
20251 22775 22774 22737 22738
20252 22776 22775 22738 22739
20253 22777 22776 22739 22740
20254 22778 22777 22740 22741
20255 22779 22778 22741 22742
20256 22780 22779 22742 22743
20257 22781 22780 22743 22744
20258 22782 22781 22744 22745
20259 22783 22782 22745 22746
20260 22784 22783 22746 22747
20261 22785 22784 22747 22748
20262 22786 22785 22748 22749
20263 22787 22786 22749 22750
20264 22788 22787 22750 22751
20265 22789 22788 22751 22752
20266 22790 22789 22752 22753
20267 22791 22790 22753 22754
20268 22792 22791 22754 22755
20269 22793 22794 22757 22756
20270 22795 22793 22756 22758
20271 22796 22795 22758 22759
20272 22797 22796 22759 22760
20273 22798 22797 22760 22761
20274 22799 22798 22761 22762
20275 22800 22799 22762 22763
20276 22801 22800 22763 22764
20277 22802 22801 22764 22765
20278 22803 22802 22765 22766
20279 22804 22803 22766 22767
20280 22805 22804 22767 22768
20281 22806 22805 22768 22769
20282 22807 22806 22769 22770
20283 22808 22807 22770 22771
20284 22809 22808 22771 22772
20285 22810 22809 22772 22773
20286 22811 22810 22773 22774
20287 22812 22811 22774 22775
20288 22813 22812 22775 22776
20289 22814 22813 22776 22777
20290 22815 22814 22777 22778
20291 22816 22815 22778 22779
20292 22817 22816 22779 22780
20293 22818 22817 22780 22781
20294 22819 22818 22781 22782
20295 22820 22819 22782 22783
20296 22821 22820 22783 22784
20297 22822 22821 22784 22785
20298 22823 22822 22785 22786
20299 22824 22823 22786 22787
20300 22825 22824 22787 22788
20301 22826 22825 22788 22789
20302 22827 22826 22789 22790
20303 22828 22827 22790 22791
20304 22829 22828 22791 22792
20305 22830 22831 22794 22793
20306 22832 22830 22793 22795
20307 22833 22832 22795 22796
20308 22834 22833 22796 22797
20309 22835 22834 22797 22798
20310 22836 22835 22798 22799
20311 22837 22836 22799 22800
20312 22838 22837 22800 22801
20313 22839 22838 22801 22802
20314 22840 22839 22802 22803
20315 22841 22840 22803 22804
20316 22842 22841 22804 22805
20317 22843 22842 22805 22806
20318 22844 22843 22806 22807
20319 22845 22844 22807 22808
20320 22846 22845 22808 22809
20321 22847 22846 22809 22810
20322 22848 22847 22810 22811
20323 22849 22848 22811 22812
20324 22850 22849 22812 22813
20325 22851 22850 22813 22814
20326 22852 22851 22814 22815
20327 22853 22852 22815 22816
20328 22854 22853 22816 22817
20329 22855 22854 22817 22818
20330 22856 22855 22818 22819
20331 22857 22856 22819 22820
20332 22858 22857 22820 22821
20333 22859 22858 22821 22822
20334 22860 22859 22822 22823
20335 22861 22860 22823 22824
20336 22862 22861 22824 22825
20337 22863 22862 22825 22826
20338 22864 22863 22826 22827
20339 22865 22864 22827 22828
20340 22866 22865 22828 22829
20341 22867 22868 22831 22830
20342 22869 22867 22830 22832
20343 22870 22869 22832 22833
20344 22871 22870 22833 22834
20345 22872 22871 22834 22835
20346 22873 22872 22835 22836
20347 22874 22873 22836 22837
20348 22875 22874 22837 22838
20349 22876 22875 22838 22839
20350 22877 22876 22839 22840
20351 22878 22877 22840 22841
20352 22879 22878 22841 22842
20353 22880 22879 22842 22843
20354 22881 22880 22843 22844
20355 22882 22881 22844 22845
20356 22883 22882 22845 22846
20357 22884 22883 22846 22847
20358 22885 22884 22847 22848
20359 22886 22885 22848 22849
20360 22887 22886 22849 22850
20361 22888 22887 22850 22851
20362 22889 22888 22851 22852
20363 22890 22889 22852 22853
20364 22891 22890 22853 22854
20365 22892 22891 22854 22855
20366 22893 22892 22855 22856
20367 22894 22893 22856 22857
20368 22895 22894 22857 22858
20369 22896 22895 22858 22859
20370 22897 22896 22859 22860
20371 22898 22897 22860 22861
20372 22899 22898 22861 22862
20373 22900 22899 22862 22863
20374 22901 22900 22863 22864
20375 22902 22901 22864 22865
20376 22903 22902 22865 22866
20377 22904 22905 22868 22867
20378 22906 22904 22867 22869
20379 22907 22906 22869 22870
20380 22908 22907 22870 22871
20381 22909 22908 22871 22872
20382 22910 22909 22872 22873
20383 22911 22910 22873 22874
20384 22912 22911 22874 22875
20385 22913 22912 22875 22876
20386 22914 22913 22876 22877
20387 22915 22914 22877 22878
20388 22916 22915 22878 22879
20389 22917 22916 22879 22880
20390 22918 22917 22880 22881
20391 22919 22918 22881 22882
20392 22920 22919 22882 22883
20393 22921 22920 22883 22884
20394 22922 22921 22884 22885
20395 22923 22922 22885 22886
20396 22924 22923 22886 22887
20397 22925 22924 22887 22888
20398 22926 22925 22888 22889
20399 22927 22926 22889 22890
20400 22928 22927 22890 22891
20401 22929 22928 22891 22892
20402 22930 22929 22892 22893
20403 22931 22930 22893 22894
20404 22932 22931 22894 22895
20405 22933 22932 22895 22896
20406 22934 22933 22896 22897
20407 22935 22934 22897 22898
20408 22936 22935 22898 22899
20409 22937 22936 22899 22900
20410 22938 22937 22900 22901
20411 22939 22938 22901 22902
20412 22940 22939 22902 22903
20413 22941 22942 22905 22904
20414 22943 22941 22904 22906
20415 22944 22943 22906 22907
20416 22945 22944 22907 22908
20417 22946 22945 22908 22909
20418 22947 22946 22909 22910
20419 22948 22947 22910 22911
20420 22949 22948 22911 22912
20421 22950 22949 22912 22913
20422 22951 22950 22913 22914
20423 22952 22951 22914 22915
20424 22953 22952 22915 22916
20425 22954 22953 22916 22917
20426 22955 22954 22917 22918
20427 22956 22955 22918 22919
20428 22957 22956 22919 22920
20429 22958 22957 22920 22921
20430 22959 22958 22921 22922
20431 22960 22959 22922 22923
20432 22961 22960 22923 22924
20433 22962 22961 22924 22925
20434 22963 22962 22925 22926
20435 22964 22963 22926 22927
20436 22965 22964 22927 22928
20437 22966 22965 22928 22929
20438 22967 22966 22929 22930
20439 22968 22967 22930 22931
20440 22969 22968 22931 22932
20441 22970 22969 22932 22933
20442 22971 22970 22933 22934
20443 22972 22971 22934 22935
20444 22973 22972 22935 22936
20445 22974 22973 22936 22937
20446 22975 22974 22937 22938
20447 22976 22975 22938 22939
20448 22977 22976 22939 22940
20449 22978 22979 22942 22941
20450 22980 22978 22941 22943
20451 22981 22980 22943 22944
20452 22982 22981 22944 22945
20453 22983 22982 22945 22946
20454 22984 22983 22946 22947
20455 22985 22984 22947 22948
20456 22986 22985 22948 22949
20457 22987 22986 22949 22950
20458 22988 22987 22950 22951
20459 22989 22988 22951 22952
20460 22990 22989 22952 22953
20461 22991 22990 22953 22954
20462 22992 22991 22954 22955
20463 22993 22992 22955 22956
20464 22994 22993 22956 22957
20465 22995 22994 22957 22958
20466 22996 22995 22958 22959
20467 22997 22996 22959 22960
20468 22998 22997 22960 22961
20469 22999 22998 22961 22962
20470 23000 22999 22962 22963
20471 23001 23000 22963 22964
20472 23002 23001 22964 22965
20473 23003 23002 22965 22966
20474 23004 23003 22966 22967
20475 23005 23004 22967 22968
20476 23006 23005 22968 22969
20477 23007 23006 22969 22970
20478 23008 23007 22970 22971
20479 23009 23008 22971 22972
20480 23010 23009 22972 22973
20481 23011 23010 22973 22974
20482 23012 23011 22974 22975
20483 23013 23012 22975 22976
20484 23014 23013 22976 22977
20485 23015 23016 22979 22978
20486 23017 23015 22978 22980
20487 23018 23017 22980 22981
20488 23019 23018 22981 22982
20489 23020 23019 22982 22983
20490 23021 23020 22983 22984
20491 23022 23021 22984 22985
20492 23023 23022 22985 22986
20493 23024 23023 22986 22987
20494 23025 23024 22987 22988
20495 23026 23025 22988 22989
20496 23027 23026 22989 22990
20497 23028 23027 22990 22991
20498 23029 23028 22991 22992
20499 23030 23029 22992 22993
20500 23031 23030 22993 22994
20501 23032 23031 22994 22995
20502 23033 23032 22995 22996
20503 23034 23033 22996 22997
20504 23035 23034 22997 22998
20505 23036 23035 22998 22999
20506 23037 23036 22999 23000
20507 23038 23037 23000 23001
20508 23039 23038 23001 23002
20509 23040 23039 23002 23003
20510 23041 23040 23003 23004
20511 23042 23041 23004 23005
20512 23043 23042 23005 23006
20513 23044 23043 23006 23007
20514 23045 23044 23007 23008
20515 23046 23045 23008 23009
20516 23047 23046 23009 23010
20517 23048 23047 23010 23011
20518 23049 23048 23011 23012
20519 23050 23049 23012 23013
20520 23051 23050 23013 23014
20521 23052 23053 23016 23015
20522 23054 23052 23015 23017
20523 23055 23054 23017 23018
20524 23056 23055 23018 23019
20525 23057 23056 23019 23020
20526 23058 23057 23020 23021
20527 23059 23058 23021 23022
20528 23060 23059 23022 23023
20529 23061 23060 23023 23024
20530 23062 23061 23024 23025
20531 23063 23062 23025 23026
20532 23064 23063 23026 23027
20533 23065 23064 23027 23028
20534 23066 23065 23028 23029
20535 23067 23066 23029 23030
20536 23068 23067 23030 23031
20537 23069 23068 23031 23032
20538 23070 23069 23032 23033
20539 23071 23070 23033 23034
20540 23072 23071 23034 23035
20541 23073 23072 23035 23036
20542 23074 23073 23036 23037
20543 23075 23074 23037 23038
20544 23076 23075 23038 23039
20545 23077 23076 23039 23040
20546 23078 23077 23040 23041
20547 23079 23078 23041 23042
20548 23080 23079 23042 23043
20549 23081 23080 23043 23044
20550 23082 23081 23044 23045
20551 23083 23082 23045 23046
20552 23084 23083 23046 23047
20553 23085 23084 23047 23048
20554 23086 23085 23048 23049
20555 23087 23086 23049 23050
20556 23088 23087 23050 23051
20557 23089 23090 23053 23052
20558 23091 23089 23052 23054
20559 23092 23091 23054 23055
20560 23093 23092 23055 23056
20561 23094 23093 23056 23057
20562 23095 23094 23057 23058
20563 23096 23095 23058 23059
20564 23097 23096 23059 23060
20565 23098 23097 23060 23061
20566 23099 23098 23061 23062
20567 23100 23099 23062 23063
20568 23101 23100 23063 23064
20569 23102 23101 23064 23065
20570 23103 23102 23065 23066
20571 23104 23103 23066 23067
20572 23105 23104 23067 23068
20573 23106 23105 23068 23069
20574 23107 23106 23069 23070
20575 23108 23107 23070 23071
20576 23109 23108 23071 23072
20577 23110 23109 23072 23073
20578 23111 23110 23073 23074
20579 23112 23111 23074 23075
20580 23113 23112 23075 23076
20581 23114 23113 23076 23077
20582 23115 23114 23077 23078
20583 23116 23115 23078 23079
20584 23117 23116 23079 23080
20585 23118 23117 23080 23081
20586 23119 23118 23081 23082
20587 23120 23119 23082 23083
20588 23121 23120 23083 23084
20589 23122 23121 23084 23085
20590 23123 23122 23085 23086
20591 23124 23123 23086 23087
20592 23125 23124 23087 23088
20593 23126 23127 23090 23089
20594 23128 23126 23089 23091
20595 23129 23128 23091 23092
20596 23130 23129 23092 23093
20597 23131 23130 23093 23094
20598 23132 23131 23094 23095
20599 23133 23132 23095 23096
20600 23134 23133 23096 23097
20601 23135 23134 23097 23098
20602 23136 23135 23098 23099
20603 23137 23136 23099 23100
20604 23138 23137 23100 23101
20605 23139 23138 23101 23102
20606 23140 23139 23102 23103
20607 23141 23140 23103 23104
20608 23142 23141 23104 23105
20609 23143 23142 23105 23106
20610 23144 23143 23106 23107
20611 23145 23144 23107 23108
20612 23146 23145 23108 23109
20613 23147 23146 23109 23110
20614 23148 23147 23110 23111
20615 23149 23148 23111 23112
20616 23150 23149 23112 23113
20617 23151 23150 23113 23114
20618 23152 23151 23114 23115
20619 23153 23152 23115 23116
20620 23154 23153 23116 23117
20621 23155 23154 23117 23118
20622 23156 23155 23118 23119
20623 23157 23156 23119 23120
20624 23158 23157 23120 23121
20625 23159 23158 23121 23122
20626 23160 23159 23122 23123
20627 23161 23160 23123 23124
20628 23162 23161 23124 23125
20629 23163 23164 23127 23126
20630 23165 23163 23126 23128
20631 23166 23165 23128 23129
20632 23167 23166 23129 23130
20633 23168 23167 23130 23131
20634 23169 23168 23131 23132
20635 23170 23169 23132 23133
20636 23171 23170 23133 23134
20637 23172 23171 23134 23135
20638 23173 23172 23135 23136
20639 23174 23173 23136 23137
20640 23175 23174 23137 23138
20641 23176 23175 23138 23139
20642 23177 23176 23139 23140
20643 23178 23177 23140 23141
20644 23179 23178 23141 23142
20645 23180 23179 23142 23143
20646 23181 23180 23143 23144
20647 23182 23181 23144 23145
20648 23183 23182 23145 23146
20649 23184 23183 23146 23147
20650 23185 23184 23147 23148
20651 23186 23185 23148 23149
20652 23187 23186 23149 23150
20653 23188 23187 23150 23151
20654 23189 23188 23151 23152
20655 23190 23189 23152 23153
20656 23191 23190 23153 23154
20657 23192 23191 23154 23155
20658 23193 23192 23155 23156
20659 23194 23193 23156 23157
20660 23195 23194 23157 23158
20661 23196 23195 23158 23159
20662 23197 23196 23159 23160
20663 23198 23197 23160 23161
20664 23199 23198 23161 23162
20665 23200 23201 23164 23163
20666 23202 23200 23163 23165
20667 23203 23202 23165 23166
20668 23204 23203 23166 23167
20669 23205 23204 23167 23168
20670 23206 23205 23168 23169
20671 23207 23206 23169 23170
20672 23208 23207 23170 23171
20673 23209 23208 23171 23172
20674 23210 23209 23172 23173
20675 23211 23210 23173 23174
20676 23212 23211 23174 23175
20677 23213 23212 23175 23176
20678 23214 23213 23176 23177
20679 23215 23214 23177 23178
20680 23216 23215 23178 23179
20681 23217 23216 23179 23180
20682 23218 23217 23180 23181
20683 23219 23218 23181 23182
20684 23220 23219 23182 23183
20685 23221 23220 23183 23184
20686 23222 23221 23184 23185
20687 23223 23222 23185 23186
20688 23224 23223 23186 23187
20689 23225 23224 23187 23188
20690 23226 23225 23188 23189
20691 23227 23226 23189 23190
20692 23228 23227 23190 23191
20693 23229 23228 23191 23192
20694 23230 23229 23192 23193
20695 23231 23230 23193 23194
20696 23232 23231 23194 23195
20697 23233 23232 23195 23196
20698 23234 23233 23196 23197
20699 23235 23234 23197 23198
20700 23236 23235 23198 23199
20701 23237 23238 23201 23200
20702 23239 23237 23200 23202
20703 23240 23239 23202 23203
20704 23241 23240 23203 23204
20705 23242 23241 23204 23205
20706 23243 23242 23205 23206
20707 23244 23243 23206 23207
20708 23245 23244 23207 23208
20709 23246 23245 23208 23209
20710 23247 23246 23209 23210
20711 23248 23247 23210 23211
20712 23249 23248 23211 23212
20713 23250 23249 23212 23213
20714 23251 23250 23213 23214
20715 23252 23251 23214 23215
20716 23253 23252 23215 23216
20717 23254 23253 23216 23217
20718 23255 23254 23217 23218
20719 23256 23255 23218 23219
20720 23257 23256 23219 23220
20721 23258 23257 23220 23221
20722 23259 23258 23221 23222
20723 23260 23259 23222 23223
20724 23261 23260 23223 23224
20725 23262 23261 23224 23225
20726 23263 23262 23225 23226
20727 23264 23263 23226 23227
20728 23265 23264 23227 23228
20729 23266 23265 23228 23229
20730 23267 23266 23229 23230
20731 23268 23267 23230 23231
20732 23269 23268 23231 23232
20733 23270 23269 23232 23233
20734 23271 23270 23233 23234
20735 23272 23271 23234 23235
20736 23273 23272 23235 23236
