-30396.208232 
-29422.965526 
-28534.483049 
-27730.725184 
-27011.659729 
-26377.257886 
-25827.494263 
-25362.346861 
-24981.797072 
-24685.829680 
-24474.432850 
-24347.598132 
-24305.320456 
-24347.598132 
-24474.432850 
-24685.829680 
-24981.797072 
-25362.346861 
-25827.494263 
-26377.257886 
-27011.659729 
-27730.725184 
-28534.483049 
-29422.965526 
-30396.208232 
-28447.299670 
-27474.355972 
-26586.146382 
-25782.635315 
-25063.790600 
-24429.583466 
-23879.988543 
-23414.983853 
-23034.550806 
-22738.674198 
-22527.342206 
-22400.546388 
-22358.281677 
-22400.546388 
-22527.342206 
-22738.674198 
-23034.550806 
-23414.983853 
-23879.988543 
-24429.583466 
-25063.790600 
-25782.635315 
-26586.146382 
-27474.355972 
-28447.299670 
-26580.157409 
-25607.500002 
-24719.551692 
-23916.276927 
-23197.643564 
-22563.622858 
-22014.189461 
-21549.321413 
-21169.000142 
-20873.210457 
-20661.940545 
-20535.181972 
-20492.929677 
-20535.181972 
-20661.940545 
-20873.210457 
-21169.000142 
-21549.321413 
-22014.189461 
-22563.622858 
-23197.643564 
-23916.276927 
-24719.551692 
-25607.500002 
-26580.157409 
-24794.709279 
-23822.325478 
-22934.626872 
-22131.577941 
-21413.146567 
-20779.304029 
-20230.025001 
-19765.287542 
-19385.073095 
-19089.366482 
-18878.155901 
-18751.432924 
-18709.192493 
-18751.432924 
-18878.155901 
-19089.366482 
-19385.073095 
-19765.287542 
-20230.025001 
-20779.304029 
-21413.146567 
-22131.577941 
-22934.626872 
-23822.325478 
-24794.709279 
-23090.886345 
-22118.763499 
-21231.303052 
-20428.469511 
-19710.230785 
-19076.558177 
-18527.426380 
-18062.813472 
-17682.700910 
-17387.073528 
-17175.919533 
-17049.230505 
-17007.001390 
-17049.230505 
-17175.919533 
-17387.073528 
-17682.700910 
-18062.813472 
-18527.426380 
-19076.558177 
-19710.230785 
-20428.469511 
-21231.303052 
-22118.763499 
-23090.886345 
-21468.622900 
-20496.748386 
-19609.514578 
-18806.886010 
-18088.830615 
-17455.319718 
-16906.328031 
-16441.833649 
-16061.818044 
-15766.266061 
-15555.165916 
-15428.509195 
-15386.290849 
-15428.509195 
-15555.165916 
-15766.266061 
-16061.818044 
-16441.833649 
-16906.328031 
-17455.319718 
-18088.830615 
-18806.886010 
-19609.514578 
-20496.748386 
-21468.622900 
-19927.856443 
-18956.217669 
-18069.199008 
-17266.765019 
-16548.883658 
-15915.526271 
-15366.667590 
-14902.285724 
-14522.362159 
-14226.881752 
-14015.832727 
-13889.206675 
-13846.998551 
-13889.206675 
-14015.832727 
-14226.881752 
-14522.362159 
-14902.285724 
-15366.667590 
-15915.526271 
-16548.883658 
-17266.765019 
-18069.199008 
-18956.217669 
-19927.856443 
-18468.527676 
-17497.112077 
-16610.297094 
-15808.047312 
-15090.330709 
-14457.118651 
-13908.385885 
-13444.110539 
-13064.274108 
-12768.861461 
-12557.860830 
-12431.263813 
-12389.065367 
-12431.263813 
-12557.860830 
-12768.861461 
-13064.274108 
-13444.110539 
-13908.385885 
-14457.118651 
-15090.330709 
-15808.047312 
-16610.297094 
-17497.112077 
-18468.527676 
-17090.580485 
-16119.375521 
-15232.752773 
-14430.676848 
-13713.115746 
-13080.040850 
-12531.426926 
-12067.252113 
-11687.497921 
-11392.149227 
-11181.194271 
-11054.624657 
-11012.435345 
-11054.624657 
-11181.194271 
-11392.149227 
-11687.497921 
-12067.252113 
-12531.426926 
-13080.040850 
-13713.115746 
-14430.676848 
-15232.752773 
-16119.375521 
-17090.580485 
-15793.961936 
-14822.955091 
-13936.513155 
-13134.600757 
-12417.185916 
-11784.240033 
-11235.737889 
-10771.657637 
-10391.980797 
-10096.692256 
-9885.780262 
-9759.236423 
-9717.055702 
-9759.236423 
-9885.780262 
-10096.692256 
-10391.980797 
-10771.657637 
-11235.737889 
-11784.240033 
-12417.185916 
-13134.600757 
-13936.513155 
-14822.955091 
-15793.961936 
-14578.622257 
-13607.801040 
-12721.528515 
-11919.769333 
-11202.491530 
-10569.666526 
-10021.269113 
-9557.277459 
-9177.673094 
-8882.440913 
-8671.569172 
-8545.049482 
-8502.876811 
-8545.049482 
-8671.569172 
-8882.440913 
-9177.673094 
-9557.277459 
-10021.269113 
-10569.666526 
-11202.491530 
-11919.769333 
-12721.528515 
-13607.801040 
-14578.622257 
-13444.514838 
-12473.866776 
-11587.752281 
-10786.136021 
-10068.986050 
-9436.273802 
-8887.974085 
-8424.065076 
-8044.528317 
-7749.348711 
-7538.514518 
-7412.017355 
-7369.852193 
-7412.017355 
-7538.514518 
-7749.348711 
-8044.528317 
-8424.065076 
-8887.974085 
-9436.273802 
-10068.986050 
-10786.136021 
-11587.752281 
-12473.866776 
-13444.514838 
-12391.596211 
-11421.108854 
-10535.141025 
-9733.657410 
-9016.626079 
-8384.018480 
-7835.809434 
-7371.977128 
-6992.503113 
-6697.372300 
-6486.572955 
-6360.096700 
-6317.938507 
-6360.096700 
-6486.572955 
-6697.372300 
-6992.503113 
-7371.977128 
-7835.809434 
-8384.018480 
-9016.626079 
-9733.657410 
-10535.141025 
-11421.108854 
-12391.596211 
-11419.826052 
-10449.486967 
-9563.654457 
-8762.293225 
-8045.371356 
-7412.860310 
-6864.734919 
-6400.973382 
-6021.557258 
-5726.471464 
-5515.704271 
-5389.247306 
-5347.095542 
-5389.247306 
-5515.704271 
-5726.471464 
-6021.557258 
-6400.973382 
-6864.734919 
-7412.860310 
-8045.371356 
-8762.293225 
-9563.654457 
-10449.486967 
-11419.826052 
-10529.167166 
-9558.963937 
-8673.255416 
-7872.006319 
-7155.184745 
-6522.762167 
-5974.713428 
-5511.016734 
-5131.653652 
-4836.609107 
-4625.871375 
-4499.432084 
-4457.286212 
-4499.432084 
-4625.871375 
-4836.609107 
-5131.653652 
-5511.016734 
-5974.713428 
-6522.762167 
-7155.184745 
-7872.006319 
-8673.255416 
-9558.963937 
-10529.167166 
-9719.585483 
-8749.505710 
-7863.909861 
-7062.762665 
-6346.032232 
-5713.690047 
-5165.710963 
-4702.073193 
-4322.758313 
-4027.751252 
-3817.040291 
-3690.617061 
-3648.476543 
-3690.617061 
-3817.040291 
-4027.751252 
-4322.758313 
-4702.073193 
-5165.710963 
-5713.690047 
-6346.032232 
-7062.762665 
-7863.909861 
-8749.505710 
-9719.585483 
-8991.050052 
-8021.081349 
-7135.586867 
-6334.531348 
-5617.882913 
-4985.613056 
-4437.696638 
-3974.111882 
-3594.840367 
-3299.867030 
-3089.180154 
-2962.771374 
-2920.635672 
-2962.771374 
-3089.180154 
-3299.867030 
-3594.840367 
-3974.111882 
-4437.696638 
-4985.613056 
-5617.882913 
-6334.531348 
-7135.586867 
-8021.081349 
-8991.050052 
-8343.533033 
-7373.663027 
-6488.258620 
-5687.284565 
-4970.708994 
-4338.503407 
-3790.642675 
-3327.105026 
-2947.872046 
-2652.928675 
-2442.263201 
-2315.867262 
-2273.735840 
-2315.867262 
-2442.263201 
-2652.928675 
-2947.872046 
-3327.105026 
-3790.642675 
-4338.503407 
-4970.708994 
-5687.284565 
-6488.258620 
-7373.663027 
-8343.533033 
-7777.009692 
-6807.226021 
-5921.900408 
-5120.997614 
-4404.485779 
-3772.336413 
-3224.524392 
-2761.027950 
-2381.828678 
-2086.911521 
-1876.264769 
-1749.880062 
-1707.752383 
-1749.880062 
-1876.264769 
-2086.911521 
-2381.828678 
-2761.027950 
-3224.524392 
-3772.336413 
-4404.485779 
-5120.997614 
-5921.900408 
-6807.226021 
-7777.009692 
-7291.458398 
-6321.748711 
-5436.490618 
-4635.648890 
-3919.191673 
-3287.090484 
-2739.320205 
-2275.859074 
-1896.688689 
-1601.793994 
-1391.163285 
-1264.788203 
-1222.663733 
-1264.788203 
-1391.163285 
-1601.793994 
-1896.688689 
-2275.859074 
-2739.320205 
-3287.090484 
-3919.191673 
-4635.648890 
-5436.490618 
-6321.748711 
-7291.458398 
-6886.860619 
-5917.212571 
-5032.010733 
-4231.219882 
-3514.808171 
-2882.747122 
-2335.011620 
-1871.579910 
-1492.433591 
-1197.557611 
-986.940269 
-860.573206 
-818.451409 
-860.573206 
-986.940269 
-1197.557611 
-1492.433591 
-1871.579910 
-2335.011620 
-2882.747122 
-3514.808171 
-4231.219882 
-5032.010733 
-5917.212571 
-6886.860619 
-6563.200914 
-5593.602170 
-4708.445329 
-3907.695173 
-3191.319860 
-2559.290916 
-2011.583232 
-1548.175054 
-1169.047984 
-874.186975 
-663.580324 
-537.219675 
-495.100016 
-537.219675 
-663.580324 
-874.186975 
-1169.047984 
-1548.175054 
-2011.583232 
-2559.290916 
-3191.319860 
-3907.695173 
-4708.445329 
-5593.602170 
-6563.200914 
-6320.466937 
-5350.905165 
-4465.782067 
-3665.062428 
-2948.714410 
-2316.709543 
-1769.022718 
-1305.632187 
-926.519553 
-631.669769 
-421.071136 
-294.715297 
-252.597241 
-294.715297 
-421.071136 
-631.669769 
-926.519553 
-1305.632187 
-1769.022718 
-2316.709543 
-2948.714410 
-3665.062428 
-4465.782067 
-5350.905165 
-6320.466937 
-6158.649428 
-5189.112303 
-4304.011697 
-3503.312401 
-2786.982578 
-2154.993760 
-1607.320841 
-1143.942074 
-764.839062 
-469.996761 
-259.403472 
-133.050840 
-90.933853 
-133.050840 
-259.403472 
-469.996761 
-764.839062 
-1143.942074 
-1607.320841 
-2154.993760 
-2786.982578 
-3503.312401 
-4304.011697 
-5189.112303 
-6158.649428 
-6077.742217 
-5108.217413 
-4223.128054 
-3422.438928 
-2706.118202 
-2074.137409 
-1526.471442 
-1063.098556 
-684.000355 
-389.161796 
-178.571179 
-52.220150 
-10.103697 
-52.220150 
-178.571179 
-389.161796 
-684.000355 
-1063.098556 
-1526.471442 
-2074.137409 
-2706.118202 
-3422.438928 
-4223.128054 
-5108.217413 
-6077.742217 
-6077.742217 
-5108.217413 
-4223.128054 
-3422.438928 
-2706.118202 
-2074.137409 
-1526.471442 
-1063.098556 
-684.000355 
-389.161796 
-178.571179 
-52.220150 
-10.103697 
-52.220150 
-178.571179 
-389.161796 
-684.000355 
-1063.098556 
-1526.471442 
-2074.137409 
-2706.118202 
-3422.438928 
-4223.128054 
-5108.217413 
-6077.742217 
-6158.649428 
-5189.112303 
-4304.011697 
-3503.312401 
-2786.982578 
-2154.993760 
-1607.320841 
-1143.942074 
-764.839062 
-469.996761 
-259.403472 
-133.050840 
-90.933853 
-133.050840 
-259.403472 
-469.996761 
-764.839062 
-1143.942074 
-1607.320841 
-2154.993760 
-2786.982578 
-3503.312401 
-4304.011697 
-5189.112303 
-6158.649428 
-6320.466937 
-5350.905165 
-4465.782067 
-3665.062428 
-2948.714410 
-2316.709543 
-1769.022718 
-1305.632187 
-926.519553 
-631.669769 
-421.071136 
-294.715297 
-252.597241 
-294.715297 
-421.071136 
-631.669769 
-926.519553 
-1305.632187 
-1769.022718 
-2316.709543 
-2948.714410 
-3665.062428 
-4465.782067 
-5350.905165 
-6320.466937 
-6563.200914 
-5593.602170 
-4708.445329 
-3907.695173 
-3191.319860 
-2559.290916 
-2011.583232 
-1548.175054 
-1169.047984 
-874.186975 
-663.580324 
-537.219675 
-495.100016 
-537.219675 
-663.580324 
-874.186975 
-1169.047984 
-1548.175054 
-2011.583232 
-2559.290916 
-3191.319860 
-3907.695173 
-4708.445329 
-5593.602170 
-6563.200914 
-6886.860619 
-5917.212571 
-5032.010733 
-4231.219882 
-3514.808171 
-2882.747122 
-2335.011620 
-1871.579910 
-1492.433591 
-1197.557611 
-986.940269 
-860.573206 
-818.451409 
-860.573206 
-986.940269 
-1197.557611 
-1492.433591 
-1871.579910 
-2335.011620 
-2882.747122 
-3514.808171 
-4231.219882 
-5032.010733 
-5917.212571 
-6886.860619 
-7291.458398 
-6321.748711 
-5436.490618 
-4635.648890 
-3919.191673 
-3287.090484 
-2739.320205 
-2275.859074 
-1896.688689 
-1601.793994 
-1391.163285 
-1264.788203 
-1222.663733 
-1264.788203 
-1391.163285 
-1601.793994 
-1896.688689 
-2275.859074 
-2739.320205 
-3287.090484 
-3919.191673 
-4635.648890 
-5436.490618 
-6321.748711 
-7291.458398 
-7777.009692 
-6807.226021 
-5921.900408 
-5120.997614 
-4404.485779 
-3772.336413 
-3224.524392 
-2761.027950 
-2381.828678 
-2086.911521 
-1876.264769 
-1749.880062 
-1707.752383 
-1749.880062 
-1876.264769 
-2086.911521 
-2381.828678 
-2761.027950 
-3224.524392 
-3772.336413 
-4404.485779 
-5120.997614 
-5921.900408 
-6807.226021 
-7777.009692 
-8343.533033 
-7373.663027 
-6488.258620 
-5687.284565 
-4970.708994 
-4338.503407 
-3790.642675 
-3327.105026 
-2947.872046 
-2652.928675 
-2442.263201 
-2315.867262 
-2273.735840 
-2315.867262 
-2442.263201 
-2652.928675 
-2947.872046 
-3327.105026 
-3790.642675 
-4338.503407 
-4970.708994 
-5687.284565 
-6488.258620 
-7373.663027 
-8343.533033 
-8991.050052 
-8021.081349 
-7135.586867 
-6334.531348 
-5617.882913 
-4985.613056 
-4437.696638 
-3974.111882 
-3594.840367 
-3299.867030 
-3089.180154 
-2962.771374 
-2920.635672 
-2962.771374 
-3089.180154 
-3299.867030 
-3594.840367 
-3974.111882 
-4437.696638 
-4985.613056 
-5617.882913 
-6334.531348 
-7135.586867 
-8021.081349 
-8991.050052 
-9719.585483 
-8749.505710 
-7863.909861 
-7062.762665 
-6346.032232 
-5713.690047 
-5165.710963 
-4702.073193 
-4322.758313 
-4027.751252 
-3817.040291 
-3690.617061 
-3648.476543 
-3690.617061 
-3817.040291 
-4027.751252 
-4322.758313 
-4702.073193 
-5165.710963 
-5713.690047 
-6346.032232 
-7062.762665 
-7863.909861 
-8749.505710 
-9719.585483 
-10529.167166 
-9558.963937 
-8673.255416 
-7872.006319 
-7155.184745 
-6522.762167 
-5974.713428 
-5511.016734 
-5131.653652 
-4836.609107 
-4625.871375 
-4499.432084 
-4457.286212 
-4499.432084 
-4625.871375 
-4836.609107 
-5131.653652 
-5511.016734 
-5974.713428 
-6522.762167 
-7155.184745 
-7872.006319 
-8673.255416 
-9558.963937 
-10529.167166 
-11419.826052 
-10449.486967 
-9563.654457 
-8762.293225 
-8045.371356 
-7412.860310 
-6864.734919 
-6400.973382 
-6021.557258 
-5726.471464 
-5515.704271 
-5389.247306 
-5347.095542 
-5389.247306 
-5515.704271 
-5726.471464 
-6021.557258 
-6400.973382 
-6864.734919 
-7412.860310 
-8045.371356 
-8762.293225 
-9563.654457 
-10449.486967 
-11419.826052 
-12391.596211 
-11421.108854 
-10535.141025 
-9733.657410 
-9016.626079 
-8384.018480 
-7835.809434 
-7371.977128 
-6992.503113 
-6697.372300 
-6486.572955 
-6360.096700 
-6317.938507 
-6360.096700 
-6486.572955 
-6697.372300 
-6992.503113 
-7371.977128 
-7835.809434 
-8384.018480 
-9016.626079 
-9733.657410 
-10535.141025 
-11421.108854 
-12391.596211 
-13444.514838 
-12473.866776 
-11587.752281 
-10786.136021 
-10068.986050 
-9436.273802 
-8887.974085 
-8424.065076 
-8044.528317 
-7749.348711 
-7538.514518 
-7412.017355 
-7369.852193 
-7412.017355 
-7538.514518 
-7749.348711 
-8044.528317 
-8424.065076 
-8887.974085 
-9436.273802 
-10068.986050 
-10786.136021 
-11587.752281 
-12473.866776 
-13444.514838 
-14578.622257 
-13607.801040 
-12721.528515 
-11919.769333 
-11202.491530 
-10569.666526 
-10021.269113 
-9557.277459 
-9177.673094 
-8882.440913 
-8671.569172 
-8545.049482 
-8502.876811 
-8545.049482 
-8671.569172 
-8882.440913 
-9177.673094 
-9557.277459 
-10021.269113 
-10569.666526 
-11202.491530 
-11919.769333 
-12721.528515 
-13607.801040 
-14578.622257 
-15793.961936 
-14822.955091 
-13936.513155 
-13134.600757 
-12417.185916 
-11784.240033 
-11235.737889 
-10771.657637 
-10391.980797 
-10096.692256 
-9885.780262 
-9759.236423 
-9717.055702 
-9759.236423 
-9885.780262 
-10096.692256 
-10391.980797 
-10771.657637 
-11235.737889 
-11784.240033 
-12417.185916 
-13134.600757 
-13936.513155 
-14822.955091 
-15793.961936 
-17090.580485 
-16119.375521 
-15232.752773 
-14430.676848 
-13713.115746 
-13080.040850 
-12531.426926 
-12067.252113 
-11687.497921 
-11392.149227 
-11181.194271 
-11054.624657 
-11012.435345 
-11054.624657 
-11181.194271 
-11392.149227 
-11687.497921 
-12067.252113 
-12531.426926 
-13080.040850 
-13713.115746 
-14430.676848 
-15232.752773 
-16119.375521 
-17090.580485 
-18468.527676 
-17497.112077 
-16610.297094 
-15808.047312 
-15090.330709 
-14457.118651 
-13908.385885 
-13444.110539 
-13064.274108 
-12768.861461 
-12557.860830 
-12431.263813 
-12389.065367 
-12431.263813 
-12557.860830 
-12768.861461 
-13064.274108 
-13444.110539 
-13908.385885 
-14457.118651 
-15090.330709 
-15808.047312 
-16610.297094 
-17497.112077 
-18468.527676 
-19927.856443 
-18956.217669 
-18069.199008 
-17266.765019 
-16548.883658 
-15915.526271 
-15366.667590 
-14902.285724 
-14522.362159 
-14226.881752 
-14015.832727 
-13889.206675 
-13846.998551 
-13889.206675 
-14015.832727 
-14226.881752 
-14522.362159 
-14902.285724 
-15366.667590 
-15915.526271 
-16548.883658 
-17266.765019 
-18069.199008 
-18956.217669 
-19927.856443 
-21468.622900 
-20496.748386 
-19609.514578 
-18806.886010 
-18088.830615 
-17455.319718 
-16906.328031 
-16441.833649 
-16061.818044 
-15766.266061 
-15555.165916 
-15428.509195 
-15386.290849 
-15428.509195 
-15555.165916 
-15766.266061 
-16061.818044 
-16441.833649 
-16906.328031 
-17455.319718 
-18088.830615 
-18806.886010 
-19609.514578 
-20496.748386 
-21468.622900 
-23090.886345 
-22118.763499 
-21231.303052 
-20428.469511 
-19710.230785 
-19076.558177 
-18527.426380 
-18062.813472 
-17682.700910 
-17387.073528 
-17175.919533 
-17049.230505 
-17007.001390 
-17049.230505 
-17175.919533 
-17387.073528 
-17682.700910 
-18062.813472 
-18527.426380 
-19076.558177 
-19710.230785 
-20428.469511 
-21231.303052 
-22118.763499 
-23090.886345 
-24794.709279 
-23822.325478 
-22934.626872 
-22131.577941 
-21413.146567 
-20779.304029 
-20230.025001 
-19765.287542 
-19385.073095 
-19089.366482 
-18878.155901 
-18751.432924 
-18709.192493 
-18751.432924 
-18878.155901 
-19089.366482 
-19385.073095 
-19765.287542 
-20230.025001 
-20779.304029 
-21413.146567 
-22131.577941 
-22934.626872 
-23822.325478 
-24794.709279 
-26580.157409 
-25607.500002 
-24719.551692 
-23916.276927 
-23197.643564 
-22563.622858 
-22014.189461 
-21549.321413 
-21169.000142 
-20873.210457 
-20661.940545 
-20535.181972 
-20492.929677 
-20535.181972 
-20661.940545 
-20873.210457 
-21169.000142 
-21549.321413 
-22014.189461 
-22563.622858 
-23197.643564 
-23916.276927 
-24719.551692 
-25607.500002 
-26580.157409 
-28447.299670 
-27474.355972 
-26586.146382 
-25782.635315 
-25063.790600 
-24429.583466 
-23879.988543 
-23414.983853 
-23034.550806 
-22738.674198 
-22527.342206 
-22400.546388 
-22358.281677 
-22400.546388 
-22527.342206 
-22738.674198 
-23034.550806 
-23414.983853 
-23879.988543 
-24429.583466 
-25063.790600 
-25782.635315 
-26586.146382 
-27474.355972 
-28447.299670 
-30396.208232 
-29422.965526 
-28534.483049 
-27730.725184 
-27011.659729 
-26377.257886 
-25827.494263 
-25362.346861 
-24981.797072 
-24685.829680 
-24474.432850 
-24347.598132 
-24305.320456 
-24347.598132 
-24474.432850 
-24685.829680 
-24981.797072 
-25362.346861 
-25827.494263 
-26377.257886 
-27011.659729 
-27730.725184 
-28534.483049 
-29422.965526 
-30396.208232 
