100
 10 644 614 613 601 679 680 681 682 683
 20 601 625 640 644 684 685 686 682 687
 30 628 652 646 634 688 689 690 691 692
 40 614 610 669 613 693 694 695 680 696
 50 658 611 605 664 697 698 699 700 701
 60 652 639 611 646 702 703 704 689 705
 70 608 606 661 642 706 707 708 709 710
 80 647 608 642 632 711 709 712 713 714
 90 647 603 633 602 715 716 717 718 719
 100 672 669 671 678 720 721 722 723 724
 110 609 651 625 601 725 726 684 727 728
 120 631 89 90 651 729 99 730 731 732
 130 616 658 657 621 733 734 735 736 737
 140 93 6 104 627 103 113 738 739 740
 150 648 637 645 643 741 742 743 744 745
 160 85 628 150 5 746 747 160 94 748
 170 668 667 655 615 749 750 751 752 753
 180 624 618 107 108 754 755 117 756 757
 190 676 677 675 670 758 759 760 761 762
 200 656 612 643 665 763 764 765 766 767
 210 112 7 123 633 122 132 768 769 770
 220 628 634 149 150 691 771 159 747 772
 230 660 642 661 663 773 708 774 775 776
 240 651 609 653 631 725 777 778 731 779
 250 641 618 610 614 780 781 693 782 783
 260 643 645 659 665 743 784 785 765 786
 270 657 674 676 659 787 788 789 790 791
 280 676 670 665 659 761 792 785 789 793
 290 647 632 598 603 713 794 795 715 796
 300 660 671 654 607 797 798 799 800 801
 310 666 613 669 672 802 695 720 803 804
 320 634 646 616 599 690 805 806 807 808
 330 626 623 606 608 809 810 706 811 812
 340 662 664 605 653 813 699 814 815 816
 350 641 619 105 106 817 818 115 819 820
 360 667 675 663 661 821 822 774 823 824
 370 660 607 632 642 800 825 712 773 826
 380 89 631 638 88 729 827 828 98 829
 390 632 607 650 598 825 830 831 794 832
 400 638 631 653 605 827 778 814 833 834
 410 664 662 673 674 813 835 836 837 838
 420 598 110 111 603 839 120 840 795 841
 430 633 603 111 112 716 840 121 769 842
 440 637 648 145 146 741 843 155 844 845
 450 128 630 636 127 846 847 848 137 849
 460 612 620 648 643 850 851 744 764 852
 470 649 621 645 637 853 854 742 855 856
 480 108 109 650 624 118 857 858 756 859
 490 607 654 624 650 799 860 858 830 861
 500 621 649 599 616 853 862 806 736 863
 510 653 609 666 662 777 864 865 815 866
 520 618 624 654 610 754 860 867 781 868
 530 672 673 662 666 869 835 865 803 870
 540 650 109 110 598 857 119 839 831 871
 550 610 654 671 669 867 798 721 694 872
 560 92 93 627 640 102 739 873 874 875
 570 600 617 635 604 876 877 878 879 880
 580 126 127 636 623 136 848 881 882 883
 590 601 613 666 609 681 802 864 727 884
 600 617 612 656 629 885 763 886 887 888
 610 606 655 667 661 889 750 823 707 890
 620 622 629 615 630 891 892 893 894 895
 630 87 88 638 639 97 828 896 897 898
 640 131 8 142 604 141 151 899 900 901
 650 658 664 674 657 700 837 787 734 902
 660 657 659 645 621 790 784 854 735 903
 670 651 90 91 625 730 100 904 726 905
 680 640 625 91 92 685 904 101 874 906
 690 143 600 604 142 907 879 899 152 908
 700 612 617 600 620 885 876 909 850 910
 710 668 615 629 656 752 892 886 911 912
 720 131 604 635 130 900 878 913 140 914
 730 602 626 608 647 915 811 711 718 916
 740 655 636 630 615 917 847 893 751 918
 750 630 128 129 622 846 138 919 894 920
 760 106 107 618 641 116 755 780 819 921
 770 130 635 622 129 913 922 919 139 923
 780 146 147 649 637 156 924 855 844 925
 790 627 104 105 619 738 114 818 926 927
 800 670 668 656 665 928 911 766 792 929
 810 143 144 620 600 153 930 909 907 931
 820 655 606 623 636 889 810 881 917 932
 830 678 671 660 663 722 797 775 933 934
 840 144 145 648 620 154 843 851 930 935
 850 675 667 668 670 821 749 928 760 936
 860 629 622 635 617 891 922 877 887 937
 870 649 147 148 599 924 157 938 862 939
 880 634 599 148 149 807 938 158 771 940
 890 633 123 124 602 768 133 941 717 942
 900 626 602 124 125 915 941 134 943 944
 910 626 125 126 623 943 135 882 809 945
 920 673 672 678 677 869 723 946 947 948
 930 619 641 614 644 817 782 679 949 950
 940 640 627 619 644 873 926 949 686 951
 950 605 611 639 638 698 703 896 833 952
 960 86 87 639 652 96 897 702 953 954
 970 628 85 86 652 746 95 953 688 955
 980 611 658 616 646 697 733 805 704 956
 990 677 676 674 673 758 788 836 947 957
 1000 678 663 675 677 933 822 759 946 958
