100
 131 2 28 1320 180 37 1401 1402 189 1403
 132 180 1320 1321 181 1402 1404 1405 190 1406
 133 181 1321 1322 182 1405 1407 1408 191 1409
 134 182 1322 1323 183 1408 1410 1411 192 1412
 135 183 1323 1324 184 1411 1413 1414 193 1415
 136 184 1324 1325 185 1414 1416 1417 194 1418
 137 185 1325 1326 186 1417 1419 1420 195 1421
 138 186 1326 1327 187 1420 1422 1423 196 1424
 139 187 1327 1328 188 1423 1425 1426 197 1427
 140 188 1328 104 6 1426 1428 113 198 1429
 781 28 29 1329 1320 38 1430 1431 1401 1432
 782 1320 1329 1330 1321 1431 1433 1434 1404 1435
 783 1321 1330 1331 1322 1434 1436 1437 1407 1438
 784 1322 1331 1332 1323 1437 1439 1440 1410 1441
 785 1323 1332 1333 1324 1440 1442 1443 1413 1444
 786 1324 1333 1334 1325 1443 1445 1446 1416 1447
 787 1325 1334 1335 1326 1446 1448 1449 1419 1450
 788 1326 1335 1336 1327 1449 1451 1452 1422 1453
 789 1327 1336 1337 1328 1452 1454 1455 1425 1456
 790 1328 1337 105 104 1455 1457 114 1428 1458
 341 29 30 1338 1329 39 1459 1460 1430 1461
 342 1329 1338 1339 1330 1460 1462 1463 1433 1464
 343 1330 1339 1340 1331 1463 1465 1466 1436 1467
 344 1331 1340 1341 1332 1466 1468 1469 1439 1470
 345 1332 1341 1342 1333 1469 1471 1472 1442 1473
 346 1333 1342 1343 1334 1472 1474 1475 1445 1476
 347 1334 1343 1344 1335 1475 1477 1478 1448 1479
 348 1335 1344 1345 1336 1478 1480 1481 1451 1482
 349 1336 1345 1346 1337 1481 1483 1484 1454 1485
 350 1337 1346 106 105 1484 1486 115 1457 1487
 751 30 31 1347 1338 40 1488 1489 1459 1490
 752 1338 1347 1348 1339 1489 1491 1492 1462 1493
 753 1339 1348 1349 1340 1492 1494 1495 1465 1496
 754 1340 1349 1350 1341 1495 1497 1498 1468 1499
 755 1341 1350 1351 1342 1498 1500 1501 1471 1502
 756 1342 1351 1352 1343 1501 1503 1504 1474 1505
 757 1343 1352 1353 1344 1504 1506 1507 1477 1508
 758 1344 1353 1354 1345 1507 1509 1510 1480 1511
 759 1345 1354 1355 1346 1510 1512 1513 1483 1514
 760 1346 1355 107 106 1513 1515 116 1486 1516
 171 31 32 1356 1347 41 1517 1518 1488 1519
 172 1347 1356 1357 1348 1518 1520 1521 1491 1522
 173 1348 1357 1358 1349 1521 1523 1524 1494 1525
 174 1349 1358 1359 1350 1524 1526 1527 1497 1528
 175 1350 1359 1360 1351 1527 1529 1530 1500 1531
 176 1351 1360 1361 1352 1530 1532 1533 1503 1534
 177 1352 1361 1362 1353 1533 1535 1536 1506 1537
 178 1353 1362 1363 1354 1536 1538 1539 1509 1540
 179 1354 1363 1364 1355 1539 1541 1542 1512 1543
 180 1355 1364 108 107 1542 1544 117 1515 1545
 471 32 33 1365 1356 42 1546 1547 1517 1548
 472 1356 1365 1366 1357 1547 1549 1550 1520 1551
 473 1357 1366 1367 1358 1550 1552 1553 1523 1554
 474 1358 1367 1368 1359 1553 1555 1556 1526 1557
 475 1359 1368 1369 1360 1556 1558 1559 1529 1560
 476 1360 1369 1370 1361 1559 1561 1562 1532 1563
 477 1361 1370 1371 1362 1562 1564 1565 1535 1566
 478 1362 1371 1372 1363 1565 1567 1568 1538 1569
 479 1363 1372 1373 1364 1568 1570 1571 1541 1572
 480 1364 1373 109 108 1571 1573 118 1544 1574
 531 33 34 1374 1365 43 1575 1576 1546 1577
 532 1365 1374 1375 1366 1576 1578 1579 1549 1580
 533 1366 1375 1376 1367 1579 1581 1582 1552 1583
 534 1367 1376 1377 1368 1582 1584 1585 1555 1586
 535 1368 1377 1378 1369 1585 1587 1588 1558 1589
 536 1369 1378 1379 1370 1588 1590 1591 1561 1592
 537 1370 1379 1380 1371 1591 1593 1594 1564 1595
 538 1371 1380 1381 1372 1594 1596 1597 1567 1598
 539 1372 1381 1382 1373 1597 1599 1600 1570 1601
 540 1373 1382 110 109 1600 1602 119 1573 1603
 411 34 35 1383 1374 44 1604 1605 1575 1606
 412 1374 1383 1384 1375 1605 1607 1608 1578 1609
 413 1375 1384 1385 1376 1608 1610 1611 1581 1612
 414 1376 1385 1386 1377 1611 1613 1614 1584 1615
 415 1377 1386 1387 1378 1614 1616 1617 1587 1618
 416 1378 1387 1388 1379 1617 1619 1620 1590 1621
 417 1379 1388 1389 1380 1620 1622 1623 1593 1624
 418 1380 1389 1390 1381 1623 1625 1626 1596 1627
 419 1381 1390 1391 1382 1626 1628 1629 1599 1630
 420 1382 1391 111 110 1629 1631 120 1602 1632
 421 35 36 1392 1383 45 1633 1634 1604 1635
 422 1383 1392 1393 1384 1634 1636 1637 1607 1638
 423 1384 1393 1394 1385 1637 1639 1640 1610 1641
 424 1385 1394 1395 1386 1640 1642 1643 1613 1644
 425 1386 1395 1396 1387 1643 1645 1646 1616 1647
 426 1387 1396 1397 1388 1646 1648 1649 1619 1650
 427 1388 1397 1398 1389 1649 1651 1652 1622 1653
 428 1389 1398 1399 1390 1652 1654 1655 1625 1656
 429 1390 1399 1400 1391 1655 1657 1658 1628 1659
 430 1391 1400 112 111 1658 1660 121 1631 1661
 201 36 3 199 1392 46 208 1662 1633 1663
 202 1392 199 200 1393 1662 209 1664 1636 1665
 203 1393 200 201 1394 1664 210 1666 1639 1667
 204 1394 201 202 1395 1666 211 1668 1642 1669
 205 1395 202 203 1396 1668 212 1670 1645 1671
 206 1396 203 204 1397 1670 213 1672 1648 1673
 207 1397 204 205 1398 1672 214 1674 1651 1675
 208 1398 205 206 1399 1674 215 1676 1654 1677
 209 1399 206 207 1400 1676 216 1678 1657 1679
 210 1400 207 7 112 1678 217 122 1660 1680
