100
 631 4 66 2042 218 75 2123 2124 227 2125
 632 218 2042 2043 219 2124 2126 2127 228 2128
 633 219 2043 2044 220 2127 2129 2130 229 2131
 634 220 2044 2045 221 2130 2132 2133 230 2134
 635 221 2045 2046 222 2133 2135 2136 231 2137
 636 222 2046 2047 223 2136 2138 2139 232 2140
 637 223 2047 2048 224 2139 2141 2142 233 2143
 638 224 2048 2049 225 2142 2144 2145 234 2146
 639 225 2049 2050 226 2145 2147 2148 235 2149
 640 226 2050 142 8 2148 2150 151 236 2151
 681 66 67 2051 2042 76 2152 2153 2123 2154
 682 2042 2051 2052 2043 2153 2155 2156 2126 2157
 683 2043 2052 2053 2044 2156 2158 2159 2129 2160
 684 2044 2053 2054 2045 2159 2161 2162 2132 2163
 685 2045 2054 2055 2046 2162 2164 2165 2135 2166
 686 2046 2055 2056 2047 2165 2167 2168 2138 2169
 687 2047 2056 2057 2048 2168 2170 2171 2141 2172
 688 2048 2057 2058 2049 2171 2173 2174 2144 2175
 689 2049 2058 2059 2050 2174 2176 2177 2147 2178
 690 2050 2059 143 142 2177 2179 152 2150 2180
 801 67 68 2060 2051 77 2181 2182 2152 2183
 802 2051 2060 2061 2052 2182 2184 2185 2155 2186
 803 2052 2061 2062 2053 2185 2187 2188 2158 2189
 804 2053 2062 2063 2054 2188 2190 2191 2161 2192
 805 2054 2063 2064 2055 2191 2193 2194 2164 2195
 806 2055 2064 2065 2056 2194 2196 2197 2167 2198
 807 2056 2065 2066 2057 2197 2199 2200 2170 2201
 808 2057 2066 2067 2058 2200 2202 2203 2173 2204
 809 2058 2067 2068 2059 2203 2205 2206 2176 2207
 810 2059 2068 144 143 2206 2208 153 2179 2209
 831 68 69 2069 2060 78 2210 2211 2181 2212
 832 2060 2069 2070 2061 2211 2213 2214 2184 2215
 833 2061 2070 2071 2062 2214 2216 2217 2187 2218
 834 2062 2071 2072 2063 2217 2219 2220 2190 2221
 835 2063 2072 2073 2064 2220 2222 2223 2193 2224
 836 2064 2073 2074 2065 2223 2225 2226 2196 2227
 837 2065 2074 2075 2066 2226 2228 2229 2199 2230
 838 2066 2075 2076 2067 2229 2231 2232 2202 2233
 839 2067 2076 2077 2068 2232 2234 2235 2205 2236
 840 2068 2077 145 144 2235 2237 154 2208 2238
 431 69 70 2078 2069 79 2239 2240 2210 2241
 432 2069 2078 2079 2070 2240 2242 2243 2213 2244
 433 2070 2079 2080 2071 2243 2245 2246 2216 2247
 434 2071 2080 2081 2072 2246 2248 2249 2219 2250
 435 2072 2081 2082 2073 2249 2251 2252 2222 2253
 436 2073 2082 2083 2074 2252 2254 2255 2225 2256
 437 2074 2083 2084 2075 2255 2257 2258 2228 2259
 438 2075 2084 2085 2076 2258 2260 2261 2231 2262
 439 2076 2085 2086 2077 2261 2263 2264 2234 2265
 440 2077 2086 146 145 2264 2266 155 2237 2267
 771 70 71 2087 2078 80 2268 2269 2239 2270
 772 2078 2087 2088 2079 2269 2271 2272 2242 2273
 773 2079 2088 2089 2080 2272 2274 2275 2245 2276
 774 2080 2089 2090 2081 2275 2277 2278 2248 2279
 775 2081 2090 2091 2082 2278 2280 2281 2251 2282
 776 2082 2091 2092 2083 2281 2283 2284 2254 2285
 777 2083 2092 2093 2084 2284 2286 2287 2257 2288
 778 2084 2093 2094 2085 2287 2289 2290 2260 2291
 779 2085 2094 2095 2086 2290 2292 2293 2263 2294
 780 2086 2095 147 146 2293 2295 156 2266 2296
 861 71 72 2096 2087 81 2297 2298 2268 2299
 862 2087 2096 2097 2088 2298 2300 2301 2271 2302
 863 2088 2097 2098 2089 2301 2303 2304 2274 2305
 864 2089 2098 2099 2090 2304 2306 2307 2277 2308
 865 2090 2099 2100 2091 2307 2309 2310 2280 2311
 866 2091 2100 2101 2092 2310 2312 2313 2283 2314
 867 2092 2101 2102 2093 2313 2315 2316 2286 2317
 868 2093 2102 2103 2094 2316 2318 2319 2289 2320
 869 2094 2103 2104 2095 2319 2321 2322 2292 2323
 870 2095 2104 148 147 2322 2324 157 2295 2325
 871 72 73 2105 2096 82 2326 2327 2297 2328
 872 2096 2105 2106 2097 2327 2329 2330 2300 2331
 873 2097 2106 2107 2098 2330 2332 2333 2303 2334
 874 2098 2107 2108 2099 2333 2335 2336 2306 2337
 875 2099 2108 2109 2100 2336 2338 2339 2309 2340
 876 2100 2109 2110 2101 2339 2341 2342 2312 2343
 877 2101 2110 2111 2102 2342 2344 2345 2315 2346
 878 2102 2111 2112 2103 2345 2347 2348 2318 2349
 879 2103 2112 2113 2104 2348 2350 2351 2321 2352
 880 2104 2113 149 148 2351 2353 158 2324 2354
 211 73 74 2114 2105 83 2355 2356 2326 2357
 212 2105 2114 2115 2106 2356 2358 2359 2329 2360
 213 2106 2115 2116 2107 2359 2361 2362 2332 2363
 214 2107 2116 2117 2108 2362 2364 2365 2335 2366
 215 2108 2117 2118 2109 2365 2367 2368 2338 2369
 216 2109 2118 2119 2110 2368 2370 2371 2341 2372
 217 2110 2119 2120 2111 2371 2373 2374 2344 2375
 218 2111 2120 2121 2112 2374 2376 2377 2347 2378
 219 2112 2121 2122 2113 2377 2379 2380 2350 2381
 220 2113 2122 150 149 2380 2382 159 2353 2383
 151 74 1 161 2114 84 170 2384 2355 2385
 152 2114 161 162 2115 2384 171 2386 2358 2387
 153 2115 162 163 2116 2386 172 2388 2361 2389
 154 2116 163 164 2117 2388 173 2390 2364 2391
 155 2117 164 165 2118 2390 174 2392 2367 2393
 156 2118 165 166 2119 2392 175 2394 2370 2395
 157 2119 166 167 2120 2394 176 2396 2373 2397
 158 2120 167 168 2121 2396 177 2398 2376 2399
 159 2121 168 169 2122 2398 178 2400 2379 2401
 160 2122 169 5 150 2400 179 160 2382 2402
