100
 151 1 9 959 161 18 1040 1041 170 1042
 152 161 959 960 162 1041 1043 1044 171 1045
 153 162 960 961 163 1044 1046 1047 172 1048
 154 163 961 962 164 1047 1049 1050 173 1051
 155 164 962 963 165 1050 1052 1053 174 1054
 156 165 963 964 166 1053 1055 1056 175 1057
 157 166 964 965 167 1056 1058 1059 176 1060
 158 167 965 966 168 1059 1061 1062 177 1063
 159 168 966 967 169 1062 1064 1065 178 1066
 160 169 967 85 5 1065 1067 94 179 1068
 961 9 10 968 959 19 1069 1070 1040 1071
 962 959 968 969 960 1070 1072 1073 1043 1074
 963 960 969 970 961 1073 1075 1076 1046 1077
 964 961 970 971 962 1076 1078 1079 1049 1080
 965 962 971 972 963 1079 1081 1082 1052 1083
 966 963 972 973 964 1082 1084 1085 1055 1086
 967 964 973 974 965 1085 1087 1088 1058 1089
 968 965 974 975 966 1088 1090 1091 1061 1092
 969 966 975 976 967 1091 1093 1094 1064 1095
 970 967 976 86 85 1094 1096 95 1067 1097
 951 10 11 977 968 20 1098 1099 1069 1100
 952 968 977 978 969 1099 1101 1102 1072 1103
 953 969 978 979 970 1102 1104 1105 1075 1106
 954 970 979 980 971 1105 1107 1108 1078 1109
 955 971 980 981 972 1108 1110 1111 1081 1112
 956 972 981 982 973 1111 1113 1114 1084 1115
 957 973 982 983 974 1114 1116 1117 1087 1118
 958 974 983 984 975 1117 1119 1120 1090 1121
 959 975 984 985 976 1120 1122 1123 1093 1124
 960 976 985 87 86 1123 1125 96 1096 1126
 621 11 12 986 977 21 1127 1128 1098 1129
 622 977 986 987 978 1128 1130 1131 1101 1132
 623 978 987 988 979 1131 1133 1134 1104 1135
 624 979 988 989 980 1134 1136 1137 1107 1138
 625 980 989 990 981 1137 1139 1140 1110 1141
 626 981 990 991 982 1140 1142 1143 1113 1144
 627 982 991 992 983 1143 1145 1146 1116 1147
 628 983 992 993 984 1146 1148 1149 1119 1150
 629 984 993 994 985 1149 1151 1152 1122 1153
 630 985 994 88 87 1152 1154 97 1125 1155
 371 12 13 995 986 22 1156 1157 1127 1158
 372 986 995 996 987 1157 1159 1160 1130 1161
 373 987 996 997 988 1160 1162 1163 1133 1164
 374 988 997 998 989 1163 1165 1166 1136 1167
 375 989 998 999 990 1166 1168 1169 1139 1170
 376 990 999 1000 991 1169 1171 1172 1142 1173
 377 991 1000 1001 992 1172 1174 1175 1145 1176
 378 992 1001 1002 993 1175 1177 1178 1148 1179
 379 993 1002 1003 994 1178 1180 1181 1151 1182
 380 994 1003 89 88 1181 1183 98 1154 1184
 111 13 14 1004 995 23 1185 1186 1156 1187
 112 995 1004 1005 996 1186 1188 1189 1159 1190
 113 996 1005 1006 997 1189 1191 1192 1162 1193
 114 997 1006 1007 998 1192 1194 1195 1165 1196
 115 998 1007 1008 999 1195 1197 1198 1168 1199
 116 999 1008 1009 1000 1198 1200 1201 1171 1202
 117 1000 1009 1010 1001 1201 1203 1204 1174 1205
 118 1001 1010 1011 1002 1204 1206 1207 1177 1208
 119 1002 1011 1012 1003 1207 1209 1210 1180 1211
 120 1003 1012 90 89 1210 1212 99 1183 1213
 661 14 15 1013 1004 24 1214 1215 1185 1216
 662 1004 1013 1014 1005 1215 1217 1218 1188 1219
 663 1005 1014 1015 1006 1218 1220 1221 1191 1222
 664 1006 1015 1016 1007 1221 1223 1224 1194 1225
 665 1007 1016 1017 1008 1224 1226 1227 1197 1228
 666 1008 1017 1018 1009 1227 1229 1230 1200 1231
 667 1009 1018 1019 1010 1230 1232 1233 1203 1234
 668 1010 1019 1020 1011 1233 1235 1236 1206 1237
 669 1011 1020 1021 1012 1236 1238 1239 1209 1240
 670 1012 1021 91 90 1239 1241 100 1212 1242
 671 15 16 1022 1013 25 1243 1244 1214 1245
 672 1013 1022 1023 1014 1244 1246 1247 1217 1248
 673 1014 1023 1024 1015 1247 1249 1250 1220 1251
 674 1015 1024 1025 1016 1250 1252 1253 1223 1254
 675 1016 1025 1026 1017 1253 1255 1256 1226 1257
 676 1017 1026 1027 1018 1256 1258 1259 1229 1260
 677 1018 1027 1028 1019 1259 1261 1262 1232 1263
 678 1019 1028 1029 1020 1262 1264 1265 1235 1266
 679 1020 1029 1030 1021 1265 1267 1268 1238 1269
 680 1021 1030 92 91 1268 1270 101 1241 1271
 551 16 17 1031 1022 26 1272 1273 1243 1274
 552 1022 1031 1032 1023 1273 1275 1276 1246 1277
 553 1023 1032 1033 1024 1276 1278 1279 1249 1280
 554 1024 1033 1034 1025 1279 1281 1282 1252 1283
 555 1025 1034 1035 1026 1282 1284 1285 1255 1286
 556 1026 1035 1036 1027 1285 1287 1288 1258 1289
 557 1027 1036 1037 1028 1288 1290 1291 1261 1292
 558 1028 1037 1038 1029 1291 1293 1294 1264 1295
 559 1029 1038 1039 1030 1294 1296 1297 1267 1298
 560 1030 1039 93 92 1297 1299 102 1270 1300
 131 17 2 180 1031 27 189 1301 1272 1302
 132 1031 180 181 1032 1301 190 1303 1275 1304
 133 1032 181 182 1033 1303 191 1305 1278 1306
 134 1033 182 183 1034 1305 192 1307 1281 1308
 135 1034 183 184 1035 1307 193 1309 1284 1310
 136 1035 184 185 1036 1309 194 1311 1287 1312
 137 1036 185 186 1037 1311 195 1313 1290 1314
 138 1037 186 187 1038 1313 196 1315 1293 1316
 139 1038 187 188 1039 1315 197 1317 1296 1318
 140 1039 188 6 93 1317 198 103 1299 1319
