100
 1 266 287 290 255 318 319 320 321 322
 11 255 249 277 266 323 324 325 321 326
 21 264 256 242 243 327 328 329 330 331
 31 287 280 306 290 332 333 334 319 335
 41 298 281 278 302 336 337 338 339 340
 51 256 276 281 242 341 342 343 328 344
 61 283 279 300 286 345 346 347 348 349
 71 268 283 286 244 350 348 351 352 353
 81 268 254 265 258 354 355 356 357 358
 91 310 306 309 317 359 360 361 362 363
 101 284 257 249 255 364 365 323 366 367
 111 246 13 14 257 368 23 369 370 371
 121 239 298 293 289 372 373 374 375 376
 131 17 2 28 263 27 37 377 378 379
 141 269 247 267 291 380 381 382 383 384
 151 9 264 74 1 385 386 84 18 387
 161 305 313 295 288 388 389 390 391 392
 171 241 271 31 32 393 394 41 395 396
 181 315 316 314 308 397 398 399 400 401
 191 296 285 291 303 402 403 404 405 406
 201 36 3 47 265 46 56 407 408 409
 211 264 243 73 74 330 410 83 386 411
 221 297 286 300 307 412 347 413 414 415
 231 257 284 292 246 364 416 417 370 418
 241 261 271 280 287 419 420 332 421 422
 251 291 267 299 303 382 423 424 404 425
 261 293 312 315 299 426 427 428 429 430
 271 315 308 303 299 400 431 424 428 432
 281 268 244 251 254 352 433 434 354 435
 291 297 309 294 282 436 437 438 439 440
 301 304 290 306 310 441 334 359 442 443
 311 243 242 239 237 329 444 445 446 447
 321 275 240 279 283 448 449 345 450 451
 331 301 302 278 292 452 338 453 454 455
 341 261 250 29 30 456 457 39 458 459
 351 313 314 307 300 460 461 413 462 463
 361 297 282 244 286 439 464 351 412 465
 371 13 246 238 12 368 466 467 22 468
 381 244 282 273 251 464 469 470 433 471
 391 238 246 292 278 466 417 453 472 473
 401 302 301 311 312 452 474 475 476 477
 411 251 34 35 254 478 44 479 434 480
 421 265 254 35 36 355 479 45 408 481
 431 247 269 69 70 380 482 79 483 484
 441 52 259 274 51 485 486 487 61 488
 451 285 253 269 291 489 490 383 403 491
 461 272 289 267 247 492 493 381 494 495
 471 32 33 273 241 42 496 497 395 498
 481 282 294 241 273 438 499 497 469 500
 491 289 272 237 239 492 501 445 375 502
 501 292 284 304 301 416 503 504 454 505
 511 271 241 294 280 393 499 506 420 507
 521 310 311 301 304 508 474 504 442 509
 531 273 33 34 251 496 43 478 470 510
 541 280 294 309 306 506 437 360 333 511
 551 16 17 263 277 26 378 512 513 514
 561 245 270 252 262 515 516 517 518 519
 571 50 51 274 240 60 487 520 521 522
 581 255 290 304 284 320 441 503 366 523
 591 270 285 296 260 524 402 525 526 527
 601 279 295 313 300 528 389 462 346 529
 611 248 260 288 259 530 531 532 533 534
 621 11 12 238 276 21 467 535 536 537
 631 55 4 66 262 65 75 538 539 540
 641 298 302 312 293 339 476 426 373 541
 651 293 299 267 289 429 423 493 374 542
 661 257 14 15 249 369 24 543 365 544
 671 277 249 15 16 324 543 25 513 545
 681 67 245 262 66 546 518 538 76 547
 691 285 270 245 253 524 515 548 489 549
 701 305 288 260 296 391 531 525 550 551
 711 55 262 252 54 539 517 552 64 553
 721 258 275 283 268 554 450 350 357 555
 731 295 274 259 288 556 486 532 390 557
 741 259 52 53 248 485 62 558 533 559
 751 30 31 271 261 40 394 419 458 560
 761 54 252 248 53 552 561 558 63 562
 771 70 71 272 247 80 563 494 483 564
 781 263 28 29 250 377 38 457 565 566
 791 308 305 296 303 567 550 405 431 568
 801 67 68 253 245 77 569 548 546 570
 811 295 279 240 274 528 449 520 556 571
 821 317 309 297 307 361 436 414 572 573
 831 68 69 269 253 78 482 490 569 574
 841 314 313 305 308 460 388 567 399 575
 851 260 248 252 270 530 561 516 526 576
 861 272 71 72 237 563 81 577 501 578
 871 243 237 72 73 446 577 82 410 579
 881 265 47 48 258 407 57 580 356 581
 891 275 258 48 49 554 580 58 582 583
 901 275 49 50 240 582 59 521 448 584
 911 311 310 317 316 508 362 585 586 587
 921 250 261 287 266 456 421 318 588 589
 931 277 263 250 266 512 565 588 325 590
 941 278 281 276 238 337 342 535 472 591
 951 10 11 276 256 20 536 341 592 593
 961 264 9 10 256 385 19 592 327 594
 971 281 298 239 242 336 372 444 343 595
 981 316 315 312 311 397 427 475 586 596
 991 317 307 314 316 572 461 398 585 597
