               1
               2
                 5000.0000000000
                 3500.0000000000
          24500000000.0000000000
                10000.0000000000
                 7000.0000000000
                 4500.0000000000
          72900000000.0000000000
                    0.0000000000
                  180.0000000000
                   20.0000000000
                   7.500000000
                    0.0000000000
                    0.0000000000
              -20000.0000000000
                    0.0000000000
               64.
 T
