15
-2000.0  	0.0          0.0    faultst-020dp000 1
 2000.0  	0.0          0.0    faultst020dp000  1
 5000.0  	0.0          0.0    faultst050dp000  1
 9000.0  	0.0          0.0    faultst090dp000  1
-2000.0  	0.0      -7500.0    faultst-020dp075 1
 2000.0  	0.0      -7500.0    faultst020dp075  1
 5000.0  	0.0      -7500.0    faultst050dp075  1
 9000.0  	0.0      -7500.0    faultst090dp075  1
-8000.0         0.0      -7500.0    faultst080dp075  1
1732.05081  -1050.0          0.0    branchst020dp000 2
4330.12702  -2550.0          0.0    branchst050dp000 2
7794.22863  -4550.0          0.0    branchst090dp000 2
1732.05081  -1050.0      -7500.0    branchst020dp075 2   
4330.12702  -2550.0      -7500.0    branchst050dp075 2
7794.22863  -4550.0      -7500.0    branchst090dp075 2   
