9966869 -120.8890 35.5432
9967025 -121.0993 35.6872
9967137 -121.1113 35.6933
9967249 -121.0983 35.6665
9967541 -120.9095 35.5330
9967901 -121.0428 35.6493
9968977 -120.8385 35.5487
14018508 -121.1372 35.7032
9982749 -120.8740 35.5918
9983625 -120.8693 35.5800
10005209 -120.8028 35.5067
14096736 -120.8108 35.5473
14189556 -121.0838 35.6500
14263252 -120.7510 35.6360
13965956 -121.1007 36.5565
14094528 -120.6661 36.1434
14094992 -120.3667 35.8155
14094996 -120.3531 35.8029
14095540 -120.5134 35.9528
14096196 -120.5403 35.9821
10061489 -120.4113 35.8570
10063349 -120.4963 35.9437
10100053 -120.4792 35.9269
9700217 -120.2220 36.2250
14155056 -120.1020 36.0720
10222697 -120.2430 36.1860
10222753 -120.2640 36.1950
9171679 -119.0298 34.8942
9983429 -119.1412 35.0118
14138080 -119.1940 34.9987
10097009 -119.1958 35.0023
14186612 -119.0247 35.0178
14186928 -119.0367 35.0198
14421592 -119.4320 35.3040
9094270 -118.3055 35.0944
9151000 -118.3073 35.0942
9875657 -118.6677 35.3185
9875665 -118.6636 35.3102
9882325 -118.6632 35.3152
9882329 -118.6585 35.3128
14095628 -118.6292 35.3852
14187364 -118.4718 35.3782
9095528 -118.4718 35.7377
9150885 -118.0484 36.3269
3324419 -118.0519 36.3249
9151609 -118.0507 36.3267
9644345 -118.3256 35.9817
9653293 -118.0397 35.7982
9653349 -118.0407 35.7973
9653493 -118.0423 35.7957
12887732 -118.0758 35.7057
9915909 -118.1038 35.8388
13986104 -118.2692 36.4782
9994573 -118.1589 36.1815
14169456 -118.0652 36.1488
9044494 -117.6405 36.0778
3298170 -117.6253 36.0923
9044650 -117.6505 36.0737
9045109 -117.6200 36.0912
9045697 -117.6133 36.0827
9116921 -117.9045 36.4512
7179710 -117.6053 36.0882
9141142 -117.6010 36.0850
7180136 -117.5993 36.0888
9163702 -117.8712 36.0392
9642941 -117.8131 36.0145
9646589 -117.8868 36.0222
9671933 -117.8722 36.0293
10964587 -117.8735 36.0223
9673577 -117.8742 36.0153
9674049 -117.8682 36.0135
10970835 -117.8693 36.0216
9674093 -117.8679 36.0232
9674097 -117.8660 36.0392
9674205 -117.8755 36.0247
9674213 -117.8753 36.0140
9674653 -117.8808 36.0268
10992159 -117.8723 35.9915
11671240 -117.8650 35.9783
9686565 -117.8632 36.0495
9688025 -117.8781 36.0394
9688709 -117.8720 35.9896
9828889 -117.2913 35.9468
9829213 -117.2917 35.9490
10023841 -117.8910 36.0691
9152038 -117.6532 35.7822
9165019 -117.6462 35.7796
9171064 -117.1652 35.5801
9631385 -117.5195 35.1143
14007388 -117.5664 35.6352
14204000 -117.5450 35.1267
14215316 -117.5402 35.1228
14219360 -117.5828 35.6232
14418600 -117.7860 35.4130
9058934 -117.5510 36.9673
9059586 -117.5420 36.9400
9087073 -118.8180 37.5300
9090617 -118.8040 37.5270
9098566 -116.9680 37.5300
3319204 -117.0890 37.3960
9098867 -117.0650 37.4170
9106250 -117.0430 37.4350
9689717 -117.7910 37.2190
13657604 -116.3193 36.7103
9966033 -117.8488 37.1433
9108606 -116.2694 34.5965
3320736 -116.2465 34.4368
9109131 -116.3112 34.6862
9109254 -116.2463 34.4245
9109287 -116.3013 34.7087
9109442 -116.2793 34.6940
9109496 -116.3390 34.6786
9109636 -116.3570 34.7097
9109752 -116.0675 34.2855
9110281 -116.2527 34.5588
9110685 -116.1375 34.3465
9111353 -116.1448 34.3512
9112735 -116.3442 34.7110
9113909 -116.3952 34.8632
3320883 -116.3982 34.8668
3321595 -116.3898 34.8648
3321590 -116.3955 34.8735
3320884 -116.3978 34.8633
9114042 -116.2663 34.5237
9114612 -116.3597 34.7005
3324595 -116.2639 34.6055
9114763 -116.2085 34.3300
3321597 -116.1944 34.4042
9114775 -116.4070 34.8566
9114812 -116.4060 34.8620
9114858 -116.3820 34.8292
3320951 -116.3895 34.8297
3320940 -116.3947 34.8660
3320954 -116.3943 34.8630
9117942 -116.2707 34.5200
3321426 -116.2888 34.8031
9119414 -116.3570 34.8470
9120741 -116.2980 34.7903
9122706 -116.4105 34.8343
9130422 -116.2635 34.5927
7177729 -116.3710 34.8038
9147453 -116.2704 34.8046
9153800 -116.3622 34.6845
9155518 -116.2985 34.7878
9775765 -116.2952 34.5177
9805021 -116.4447 34.5660
9854597 -116.2650 34.8068
13945908 -116.1303 34.3582
9930549 -116.6665 34.6172
14408052 -116.4190 34.8130
13978600 -121.1410 34.7150
13978612 -121.1133 34.7002
9968525 -120.4817 34.7847
12659440 -119.3317 33.6678
10006857 -120.0142 34.4135
10065241 -119.6955 34.2883
14139108 -120.0295 33.6922
14139160 -120.0258 33.6880
14165408 -119.7527 33.6853
7210945 -118.0680 32.7260
9695397 -118.2513 32.7920
9695549 -118.3180 32.7340
14065544 -117.8488 32.4238
10148829 -118.1450 32.4970
9096972 -118.6105 34.3935
9165761 -118.9170 34.5555
9173365 -118.4178 34.2833
9173374 -118.4173 34.2872
9753485 -118.6642 34.3638
9753489 -118.6642 34.3670
9753497 -118.6645 34.3655
9753949 -118.6669 34.3631
9755013 -118.6670 34.3647
9941081 -118.6509 34.4034
14000376 -118.7402 34.2910
14077668 -119.4365 34.3885
9038699 -117.7178 33.9462
9064568 -117.6502 34.3737
9093975 -118.2253 34.0097
9644101 -117.7091 33.8725
9703873 -118.3968 34.0527
9716853 -118.2795 33.9297
9735129 -117.7483 33.9552
9818433 -117.7840 33.9133
10094253 -118.6268 33.8280
14383980 -117.7610 33.9530
3298292 -117.2222 34.0355
9064093 -116.9232 34.1245
7112721 -116.9158 34.1155
9069997 -116.8418 34.3208
9070083 -116.8455 34.3202
9105672 -116.8417 34.3228
9128775 -117.0072 34.1048
9132433 -117.0028 34.1040
9140050 -117.2432 34.0588
9151375 -116.8683 34.2906
9169867 -116.7722 34.2673
9627721 -116.9397 34.2910
9627953 -116.9370 34.2930
9652545 -117.4415 34.2269
9655209 -116.7523 34.0299
9666905 -116.7605 34.2594
10972299 -117.4629 34.2696
9734033 -116.7048 34.1178
9772973 -116.7693 34.2619
13692644 -117.4322 34.1653
13935988 -116.8460 34.3103
13936432 -116.8547 34.3208
13936596 -116.8445 34.3100
13936812 -116.8482 34.3097
13938812 -116.8407 34.3137
13939856 -116.8428 34.3040
14079184 -117.4478 34.1358
10059745 -116.8413 34.3533
10066389 -116.9755 34.1535
14116920 -117.4420 34.1225
14116972 -117.4438 34.1272
14155260 -117.0072 34.0612
14158696 -117.0232 34.0615
10148369 -116.7725 34.0198
10148421 -116.7715 34.0182
10187953 -116.7903 33.9217
14239184 -117.1103 33.8567
10370141 -117.3040 34.1070
9085734 -116.3697 34.0725
9086693 -116.3623 34.0375
3317364 -116.3582 34.0378
9096656 -116.7113 33.6370
9627557 -116.1394 33.8170
9700049 -116.3986 33.3807
9718013 -116.5023 33.5112
9742277 -116.4308 33.3852
9774569 -116.7117 33.2065
13813696 -116.7634 33.5023
9853417 -116.5685 33.5125
9915709 -116.0215 33.7508
14073800 -116.0520 33.7152
14118096 -116.3912 33.9578
14151344 -116.5675 33.5380
10223765 -116.0448 33.7063
13303428 -115.9762 33.1627
9826789 -116.1118 33.2352
14133048 -116.2515 33.2884
14183744 -116.0260 33.1787
14236768 -116.0220 33.2450
14255632 -116.0632 33.2663
10230869 -116.1357 33.2220
9109243 -115.7045 33.2806
9148510 -115.6349 33.1579
9150059 -115.6362 33.1573
9152745 -115.5988 33.1751
9154092 -115.5035 32.8898
9154179 -115.5082 32.8725
9154233 -115.5060 32.9034
9722529 -115.7100 33.3070
9722633 -115.7012 33.3170
9722669 -115.7045 33.3135
9817605 -115.6173 33.0366
13966396 -115.5538 32.9475
13966672 -115.5409 32.9455
13970876 -115.5472 32.9443
14178184 -115.6207 33.1544
14178188 -115.6098 33.1639
14178212 -115.6157 33.1548
14178236 -115.5924 33.1748
14178248 -115.5969 33.1712
14179288 -115.6168 33.1538
14179292 -115.6064 33.1643
14179736 -115.6295 33.1479
9075784 -115.9196 32.7260
9075803 -115.9248 32.7190
12456160 -115.7451 32.5553
14072464 -115.7441 32.5392
10186185 -115.8518 32.7050
10207681 -116.0402 32.7333
10215753 -116.0520 32.7165
10217433 -116.0312 32.7170
14263544 -115.9628 32.8423
14263712 -115.9672 32.8385
14263716 -115.9672 32.8377
14263768 -115.9632 32.8318
10226877 -116.2947 32.9945
9146641 -115.3868 32.7020
9158503 -115.1060 32.1622
9164821 -115.1458 32.1727
9660449 -115.4224 32.7416
9744905 -115.0875 32.4633
9504418 -115.0893 32.4723
9827109 -115.3773 32.3042
13917260 -115.7883 32.2498
9944301 -115.2837 32.5620
14215812 -115.5730 32.5678
14137160 -116.8122 32.7233
14181056 -116.8393 32.5112
