576
20161 1 2754 4374 3 171673 171674 171675 171676 171677
20162 2754 2755 4375 4374 171685 171686 171687 171674 171688
20163 2755 2756 4376 4375 171695 171696 171697 171686 171698
20164 2756 2757 4377 4376 171705 171706 171707 171696 171708
20165 2757 2758 4378 4377 171715 171716 171717 171706 171718
20166 2758 2759 4379 4378 171725 171726 171727 171716 171728
20167 2759 2760 4380 4379 171735 171736 171737 171726 171738
20168 2760 2761 4381 4380 171745 171746 171747 171736 171748
20169 2761 2762 4382 4381 171755 171756 171757 171746 171758
20170 2762 2763 4383 4382 171765 171766 171767 171756 171768
20171 2763 2764 4384 4383 171775 171776 171777 171766 171778
20172 2764 2765 4385 4384 171785 171786 171787 171776 171788
20173 2765 2766 4386 4385 171795 171796 171797 171786 171798
20174 2766 2767 4387 4386 171805 171806 171807 171796 171808
20175 2767 2768 4388 4387 171815 171816 171817 171806 171818
20176 2768 1371 1406 4388 171825 171826 171827 171816 171828
20177 3 4374 4389 4 171675 171835 171836 171837 171838
20178 4374 4375 4390 4389 171687 171844 171845 171835 171846
20179 4375 4376 4391 4390 171697 171851 171852 171844 171853
20180 4376 4377 4392 4391 171707 171858 171859 171851 171860
20181 4377 4378 4393 4392 171717 171865 171866 171858 171867
20182 4378 4379 4394 4393 171727 171872 171873 171865 171874
20183 4379 4380 4395 4394 171737 171879 171880 171872 171881
20184 4380 4381 4396 4395 171747 171886 171887 171879 171888
20185 4381 4382 4397 4396 171757 171893 171894 171886 171895
20186 4382 4383 4398 4397 171767 171900 171901 171893 171902
20187 4383 4384 4399 4398 171777 171907 171908 171900 171909
20188 4384 4385 4400 4399 171787 171914 171915 171907 171916
20189 4385 4386 4401 4400 171797 171921 171922 171914 171923
20190 4386 4387 4402 4401 171807 171928 171929 171921 171930
20191 4387 4388 4403 4402 171817 171935 171936 171928 171937
20192 4388 1406 1405 4403 171827 171942 171943 171935 171944
20193 4 4389 4404 5 171836 171950 171951 171952 171953
20194 4389 4390 4405 4404 171845 171959 171960 171950 171961
20195 4390 4391 4406 4405 171852 171966 171967 171959 171968
20196 4391 4392 4407 4406 171859 171973 171974 171966 171975
20197 4392 4393 4408 4407 171866 171980 171981 171973 171982
20198 4393 4394 4409 4408 171873 171987 171988 171980 171989
20199 4394 4395 4410 4409 171880 171994 171995 171987 171996
20200 4395 4396 4411 4410 171887 172001 172002 171994 172003
20201 4396 4397 4412 4411 171894 172008 172009 172001 172010
20202 4397 4398 4413 4412 171901 172015 172016 172008 172017
20203 4398 4399 4414 4413 171908 172022 172023 172015 172024
20204 4399 4400 4415 4414 171915 172029 172030 172022 172031
20205 4400 4401 4416 4415 171922 172036 172037 172029 172038
20206 4401 4402 4417 4416 171929 172043 172044 172036 172045
20207 4402 4403 4418 4417 171936 172050 172051 172043 172052
20208 4403 1405 1404 4418 171943 172057 172058 172050 172059
20209 5 4404 4419 6 171951 172065 172066 172067 172068
20210 4404 4405 4420 4419 171960 172074 172075 172065 172076
20211 4405 4406 4421 4420 171967 172081 172082 172074 172083
20212 4406 4407 4422 4421 171974 172088 172089 172081 172090
20213 4407 4408 4423 4422 171981 172095 172096 172088 172097
20214 4408 4409 4424 4423 171988 172102 172103 172095 172104
20215 4409 4410 4425 4424 171995 172109 172110 172102 172111
20216 4410 4411 4426 4425 172002 172116 172117 172109 172118
20217 4411 4412 4427 4426 172009 172123 172124 172116 172125
20218 4412 4413 4428 4427 172016 172130 172131 172123 172132
20219 4413 4414 4429 4428 172023 172137 172138 172130 172139
20220 4414 4415 4430 4429 172030 172144 172145 172137 172146
20221 4415 4416 4431 4430 172037 172151 172152 172144 172153
20222 4416 4417 4432 4431 172044 172158 172159 172151 172160
20223 4417 4418 4433 4432 172051 172165 172166 172158 172167
20224 4418 1404 1403 4433 172058 172172 172173 172165 172174
20225 6 4419 4434 7 172066 172180 172181 172182 172183
20226 4419 4420 4435 4434 172075 172189 172190 172180 172191
20227 4420 4421 4436 4435 172082 172196 172197 172189 172198
20228 4421 4422 4437 4436 172089 172203 172204 172196 172205
20229 4422 4423 4438 4437 172096 172210 172211 172203 172212
20230 4423 4424 4439 4438 172103 172217 172218 172210 172219
20231 4424 4425 4440 4439 172110 172224 172225 172217 172226
20232 4425 4426 4441 4440 172117 172231 172232 172224 172233
20233 4426 4427 4442 4441 172124 172238 172239 172231 172240
20234 4427 4428 4443 4442 172131 172245 172246 172238 172247
20235 4428 4429 4444 4443 172138 172252 172253 172245 172254
20236 4429 4430 4445 4444 172145 172259 172260 172252 172261
20237 4430 4431 4446 4445 172152 172266 172267 172259 172268
20238 4431 4432 4447 4446 172159 172273 172274 172266 172275
20239 4432 4433 4448 4447 172166 172280 172281 172273 172282
20240 4433 1403 1402 4448 172173 172287 172288 172280 172289
20241 7 4434 4449 8 172181 172295 172296 172297 172298
20242 4434 4435 4450 4449 172190 172304 172305 172295 172306
20243 4435 4436 4451 4450 172197 172311 172312 172304 172313
20244 4436 4437 4452 4451 172204 172318 172319 172311 172320
20245 4437 4438 4453 4452 172211 172325 172326 172318 172327
20246 4438 4439 4454 4453 172218 172332 172333 172325 172334
20247 4439 4440 4455 4454 172225 172339 172340 172332 172341
20248 4440 4441 4456 4455 172232 172346 172347 172339 172348
20249 4441 4442 4457 4456 172239 172353 172354 172346 172355
20250 4442 4443 4458 4457 172246 172360 172361 172353 172362
20251 4443 4444 4459 4458 172253 172367 172368 172360 172369
20252 4444 4445 4460 4459 172260 172374 172375 172367 172376
20253 4445 4446 4461 4460 172267 172381 172382 172374 172383
20254 4446 4447 4462 4461 172274 172388 172389 172381 172390
20255 4447 4448 4463 4462 172281 172395 172396 172388 172397
20256 4448 1402 1401 4463 172288 172402 172403 172395 172404
20257 8 4449 4464 9 172296 172410 172411 172412 172413
20258 4449 4450 4465 4464 172305 172419 172420 172410 172421
20259 4450 4451 4466 4465 172312 172426 172427 172419 172428
20260 4451 4452 4467 4466 172319 172433 172434 172426 172435
20261 4452 4453 4468 4467 172326 172440 172441 172433 172442
20262 4453 4454 4469 4468 172333 172447 172448 172440 172449
20263 4454 4455 4470 4469 172340 172454 172455 172447 172456
20264 4455 4456 4471 4470 172347 172461 172462 172454 172463
20265 4456 4457 4472 4471 172354 172468 172469 172461 172470
20266 4457 4458 4473 4472 172361 172475 172476 172468 172477
20267 4458 4459 4474 4473 172368 172482 172483 172475 172484
20268 4459 4460 4475 4474 172375 172489 172490 172482 172491
20269 4460 4461 4476 4475 172382 172496 172497 172489 172498
20270 4461 4462 4477 4476 172389 172503 172504 172496 172505
20271 4462 4463 4478 4477 172396 172510 172511 172503 172512
20272 4463 1401 1400 4478 172403 172517 172518 172510 172519
20273 9 4464 4479 10 172411 172525 172526 172527 172528
20274 4464 4465 4480 4479 172420 172534 172535 172525 172536
20275 4465 4466 4481 4480 172427 172541 172542 172534 172543
20276 4466 4467 4482 4481 172434 172548 172549 172541 172550
20277 4467 4468 4483 4482 172441 172555 172556 172548 172557
20278 4468 4469 4484 4483 172448 172562 172563 172555 172564
20279 4469 4470 4485 4484 172455 172569 172570 172562 172571
20280 4470 4471 4486 4485 172462 172576 172577 172569 172578
20281 4471 4472 4487 4486 172469 172583 172584 172576 172585
20282 4472 4473 4488 4487 172476 172590 172591 172583 172592
20283 4473 4474 4489 4488 172483 172597 172598 172590 172599
20284 4474 4475 4490 4489 172490 172604 172605 172597 172606
20285 4475 4476 4491 4490 172497 172611 172612 172604 172613
20286 4476 4477 4492 4491 172504 172618 172619 172611 172620
20287 4477 4478 4493 4492 172511 172625 172626 172618 172627
20288 4478 1400 1399 4493 172518 172632 172633 172625 172634
20289 10 4479 4494 11 172526 172640 172641 172642 172643
20290 4479 4480 4495 4494 172535 172649 172650 172640 172651
20291 4480 4481 4496 4495 172542 172656 172657 172649 172658
20292 4481 4482 4497 4496 172549 172663 172664 172656 172665
20293 4482 4483 4498 4497 172556 172670 172671 172663 172672
20294 4483 4484 4499 4498 172563 172677 172678 172670 172679
20295 4484 4485 4500 4499 172570 172684 172685 172677 172686
20296 4485 4486 4501 4500 172577 172691 172692 172684 172693
20297 4486 4487 4502 4501 172584 172698 172699 172691 172700
20298 4487 4488 4503 4502 172591 172705 172706 172698 172707
20299 4488 4489 4504 4503 172598 172712 172713 172705 172714
20300 4489 4490 4505 4504 172605 172719 172720 172712 172721
20301 4490 4491 4506 4505 172612 172726 172727 172719 172728
20302 4491 4492 4507 4506 172619 172733 172734 172726 172735
20303 4492 4493 4508 4507 172626 172740 172741 172733 172742
20304 4493 1399 1398 4508 172633 172747 172748 172740 172749
20305 11 4494 4509 12 172641 172755 172756 172757 172758
20306 4494 4495 4510 4509 172650 172764 172765 172755 172766
20307 4495 4496 4511 4510 172657 172771 172772 172764 172773
20308 4496 4497 4512 4511 172664 172778 172779 172771 172780
20309 4497 4498 4513 4512 172671 172785 172786 172778 172787
20310 4498 4499 4514 4513 172678 172792 172793 172785 172794
20311 4499 4500 4515 4514 172685 172799 172800 172792 172801
20312 4500 4501 4516 4515 172692 172806 172807 172799 172808
20313 4501 4502 4517 4516 172699 172813 172814 172806 172815
20314 4502 4503 4518 4517 172706 172820 172821 172813 172822
20315 4503 4504 4519 4518 172713 172827 172828 172820 172829
20316 4504 4505 4520 4519 172720 172834 172835 172827 172836
20317 4505 4506 4521 4520 172727 172841 172842 172834 172843
20318 4506 4507 4522 4521 172734 172848 172849 172841 172850
20319 4507 4508 4523 4522 172741 172855 172856 172848 172857
20320 4508 1398 1397 4523 172748 172862 172863 172855 172864
20321 12 4509 4524 13 172756 172870 172871 172872 172873
20322 4509 4510 4525 4524 172765 172879 172880 172870 172881
20323 4510 4511 4526 4525 172772 172886 172887 172879 172888
20324 4511 4512 4527 4526 172779 172893 172894 172886 172895
20325 4512 4513 4528 4527 172786 172900 172901 172893 172902
20326 4513 4514 4529 4528 172793 172907 172908 172900 172909
20327 4514 4515 4530 4529 172800 172914 172915 172907 172916
20328 4515 4516 4531 4530 172807 172921 172922 172914 172923
20329 4516 4517 4532 4531 172814 172928 172929 172921 172930
20330 4517 4518 4533 4532 172821 172935 172936 172928 172937
20331 4518 4519 4534 4533 172828 172942 172943 172935 172944
20332 4519 4520 4535 4534 172835 172949 172950 172942 172951
20333 4520 4521 4536 4535 172842 172956 172957 172949 172958
20334 4521 4522 4537 4536 172849 172963 172964 172956 172965
20335 4522 4523 4538 4537 172856 172970 172971 172963 172972
20336 4523 1397 1396 4538 172863 172977 172978 172970 172979
20337 13 4524 4539 14 172871 172985 172986 172987 172988
20338 4524 4525 4540 4539 172880 172994 172995 172985 172996
20339 4525 4526 4541 4540 172887 173001 173002 172994 173003
20340 4526 4527 4542 4541 172894 173008 173009 173001 173010
20341 4527 4528 4543 4542 172901 173015 173016 173008 173017
20342 4528 4529 4544 4543 172908 173022 173023 173015 173024
20343 4529 4530 4545 4544 172915 173029 173030 173022 173031
20344 4530 4531 4546 4545 172922 173036 173037 173029 173038
20345 4531 4532 4547 4546 172929 173043 173044 173036 173045
20346 4532 4533 4548 4547 172936 173050 173051 173043 173052
20347 4533 4534 4549 4548 172943 173057 173058 173050 173059
20348 4534 4535 4550 4549 172950 173064 173065 173057 173066
20349 4535 4536 4551 4550 172957 173071 173072 173064 173073
20350 4536 4537 4552 4551 172964 173078 173079 173071 173080
20351 4537 4538 4553 4552 172971 173085 173086 173078 173087
20352 4538 1396 1395 4553 172978 173092 173093 173085 173094
20353 14 4539 4554 15 172986 173100 173101 173102 173103
20354 4539 4540 4555 4554 172995 173109 173110 173100 173111
20355 4540 4541 4556 4555 173002 173116 173117 173109 173118
20356 4541 4542 4557 4556 173009 173123 173124 173116 173125
20357 4542 4543 4558 4557 173016 173130 173131 173123 173132
20358 4543 4544 4559 4558 173023 173137 173138 173130 173139
20359 4544 4545 4560 4559 173030 173144 173145 173137 173146
20360 4545 4546 4561 4560 173037 173151 173152 173144 173153
20361 4546 4547 4562 4561 173044 173158 173159 173151 173160
20362 4547 4548 4563 4562 173051 173165 173166 173158 173167
20363 4548 4549 4564 4563 173058 173172 173173 173165 173174
20364 4549 4550 4565 4564 173065 173179 173180 173172 173181
20365 4550 4551 4566 4565 173072 173186 173187 173179 173188
20366 4551 4552 4567 4566 173079 173193 173194 173186 173195
20367 4552 4553 4568 4567 173086 173200 173201 173193 173202
20368 4553 1395 1394 4568 173093 173207 173208 173200 173209
20369 15 4554 4569 16 173101 173215 173216 173217 173218
20370 4554 4555 4570 4569 173110 173224 173225 173215 173226
20371 4555 4556 4571 4570 173117 173231 173232 173224 173233
20372 4556 4557 4572 4571 173124 173238 173239 173231 173240
20373 4557 4558 4573 4572 173131 173245 173246 173238 173247
20374 4558 4559 4574 4573 173138 173252 173253 173245 173254
20375 4559 4560 4575 4574 173145 173259 173260 173252 173261
20376 4560 4561 4576 4575 173152 173266 173267 173259 173268
20377 4561 4562 4577 4576 173159 173273 173274 173266 173275
20378 4562 4563 4578 4577 173166 173280 173281 173273 173282
20379 4563 4564 4579 4578 173173 173287 173288 173280 173289
20380 4564 4565 4580 4579 173180 173294 173295 173287 173296
20381 4565 4566 4581 4580 173187 173301 173302 173294 173303
20382 4566 4567 4582 4581 173194 173308 173309 173301 173310
20383 4567 4568 4583 4582 173201 173315 173316 173308 173317
20384 4568 1394 1393 4583 173208 173322 173323 173315 173324
20385 16 4569 4584 17 173216 173330 173331 173332 173333
20386 4569 4570 4585 4584 173225 173339 173340 173330 173341
20387 4570 4571 4586 4585 173232 173346 173347 173339 173348
20388 4571 4572 4587 4586 173239 173353 173354 173346 173355
20389 4572 4573 4588 4587 173246 173360 173361 173353 173362
20390 4573 4574 4589 4588 173253 173367 173368 173360 173369
20391 4574 4575 4590 4589 173260 173374 173375 173367 173376
20392 4575 4576 4591 4590 173267 173381 173382 173374 173383
20393 4576 4577 4592 4591 173274 173388 173389 173381 173390
20394 4577 4578 4593 4592 173281 173395 173396 173388 173397
20395 4578 4579 4594 4593 173288 173402 173403 173395 173404
20396 4579 4580 4595 4594 173295 173409 173410 173402 173411
20397 4580 4581 4596 4595 173302 173416 173417 173409 173418
20398 4581 4582 4597 4596 173309 173423 173424 173416 173425
20399 4582 4583 4598 4597 173316 173430 173431 173423 173432
20400 4583 1393 1392 4598 173323 173437 173438 173430 173439
20401 17 4584 4599 18 173331 173445 173446 173447 173448
20402 4584 4585 4600 4599 173340 173454 173455 173445 173456
20403 4585 4586 4601 4600 173347 173461 173462 173454 173463
20404 4586 4587 4602 4601 173354 173468 173469 173461 173470
20405 4587 4588 4603 4602 173361 173475 173476 173468 173477
20406 4588 4589 4604 4603 173368 173482 173483 173475 173484
20407 4589 4590 4605 4604 173375 173489 173490 173482 173491
20408 4590 4591 4606 4605 173382 173496 173497 173489 173498
20409 4591 4592 4607 4606 173389 173503 173504 173496 173505
20410 4592 4593 4608 4607 173396 173510 173511 173503 173512
20411 4593 4594 4609 4608 173403 173517 173518 173510 173519
20412 4594 4595 4610 4609 173410 173524 173525 173517 173526
20413 4595 4596 4611 4610 173417 173531 173532 173524 173533
20414 4596 4597 4612 4611 173424 173538 173539 173531 173540
20415 4597 4598 4613 4612 173431 173545 173546 173538 173547
20416 4598 1392 1391 4613 173438 173552 173553 173545 173554
20417 18 4599 4614 19 173446 173560 173561 173562 173563
20418 4599 4600 4615 4614 173455 173569 173570 173560 173571
20419 4600 4601 4616 4615 173462 173576 173577 173569 173578
20420 4601 4602 4617 4616 173469 173583 173584 173576 173585
20421 4602 4603 4618 4617 173476 173590 173591 173583 173592
20422 4603 4604 4619 4618 173483 173597 173598 173590 173599
20423 4604 4605 4620 4619 173490 173604 173605 173597 173606
20424 4605 4606 4621 4620 173497 173611 173612 173604 173613
20425 4606 4607 4622 4621 173504 173618 173619 173611 173620
20426 4607 4608 4623 4622 173511 173625 173626 173618 173627
20427 4608 4609 4624 4623 173518 173632 173633 173625 173634
20428 4609 4610 4625 4624 173525 173639 173640 173632 173641
20429 4610 4611 4626 4625 173532 173646 173647 173639 173648
20430 4611 4612 4627 4626 173539 173653 173654 173646 173655
20431 4612 4613 4628 4627 173546 173660 173661 173653 173662
20432 4613 1391 1390 4628 173553 173667 173668 173660 173669
20433 19 4614 4629 20 173561 173675 173676 173677 173678
20434 4614 4615 4630 4629 173570 173684 173685 173675 173686
20435 4615 4616 4631 4630 173577 173691 173692 173684 173693
20436 4616 4617 4632 4631 173584 173698 173699 173691 173700
20437 4617 4618 4633 4632 173591 173705 173706 173698 173707
20438 4618 4619 4634 4633 173598 173712 173713 173705 173714
20439 4619 4620 4635 4634 173605 173719 173720 173712 173721
20440 4620 4621 4636 4635 173612 173726 173727 173719 173728
20441 4621 4622 4637 4636 173619 173733 173734 173726 173735
20442 4622 4623 4638 4637 173626 173740 173741 173733 173742
20443 4623 4624 4639 4638 173633 173747 173748 173740 173749
20444 4624 4625 4640 4639 173640 173754 173755 173747 173756
20445 4625 4626 4641 4640 173647 173761 173762 173754 173763
20446 4626 4627 4642 4641 173654 173768 173769 173761 173770
20447 4627 4628 4643 4642 173661 173775 173776 173768 173777
20448 4628 1390 1389 4643 173668 173782 173783 173775 173784
20449 20 4629 4644 21 173676 173790 173791 173792 173793
20450 4629 4630 4645 4644 173685 173799 173800 173790 173801
20451 4630 4631 4646 4645 173692 173806 173807 173799 173808
20452 4631 4632 4647 4646 173699 173813 173814 173806 173815
20453 4632 4633 4648 4647 173706 173820 173821 173813 173822
20454 4633 4634 4649 4648 173713 173827 173828 173820 173829
20455 4634 4635 4650 4649 173720 173834 173835 173827 173836
20456 4635 4636 4651 4650 173727 173841 173842 173834 173843
20457 4636 4637 4652 4651 173734 173848 173849 173841 173850
20458 4637 4638 4653 4652 173741 173855 173856 173848 173857
20459 4638 4639 4654 4653 173748 173862 173863 173855 173864
20460 4639 4640 4655 4654 173755 173869 173870 173862 173871
20461 4640 4641 4656 4655 173762 173876 173877 173869 173878
20462 4641 4642 4657 4656 173769 173883 173884 173876 173885
20463 4642 4643 4658 4657 173776 173890 173891 173883 173892
20464 4643 1389 1388 4658 173783 173897 173898 173890 173899
20465 21 4644 4659 22 173791 173905 173906 173907 173908
20466 4644 4645 4660 4659 173800 173914 173915 173905 173916
20467 4645 4646 4661 4660 173807 173921 173922 173914 173923
20468 4646 4647 4662 4661 173814 173928 173929 173921 173930
20469 4647 4648 4663 4662 173821 173935 173936 173928 173937
20470 4648 4649 4664 4663 173828 173942 173943 173935 173944
20471 4649 4650 4665 4664 173835 173949 173950 173942 173951
20472 4650 4651 4666 4665 173842 173956 173957 173949 173958
20473 4651 4652 4667 4666 173849 173963 173964 173956 173965
20474 4652 4653 4668 4667 173856 173970 173971 173963 173972
20475 4653 4654 4669 4668 173863 173977 173978 173970 173979
20476 4654 4655 4670 4669 173870 173984 173985 173977 173986
20477 4655 4656 4671 4670 173877 173991 173992 173984 173993
20478 4656 4657 4672 4671 173884 173998 173999 173991 174000
20479 4657 4658 4673 4672 173891 174005 174006 173998 174007
20480 4658 1388 1387 4673 173898 174012 174013 174005 174014
20481 22 4659 4674 23 173906 174020 174021 174022 174023
20482 4659 4660 4675 4674 173915 174029 174030 174020 174031
20483 4660 4661 4676 4675 173922 174036 174037 174029 174038
20484 4661 4662 4677 4676 173929 174043 174044 174036 174045
20485 4662 4663 4678 4677 173936 174050 174051 174043 174052
20486 4663 4664 4679 4678 173943 174057 174058 174050 174059
20487 4664 4665 4680 4679 173950 174064 174065 174057 174066
20488 4665 4666 4681 4680 173957 174071 174072 174064 174073
20489 4666 4667 4682 4681 173964 174078 174079 174071 174080
20490 4667 4668 4683 4682 173971 174085 174086 174078 174087
20491 4668 4669 4684 4683 173978 174092 174093 174085 174094
20492 4669 4670 4685 4684 173985 174099 174100 174092 174101
20493 4670 4671 4686 4685 173992 174106 174107 174099 174108
20494 4671 4672 4687 4686 173999 174113 174114 174106 174115
20495 4672 4673 4688 4687 174006 174120 174121 174113 174122
20496 4673 1387 1386 4688 174013 174127 174128 174120 174129
20497 23 4674 4689 24 174021 174135 174136 174137 174138
20498 4674 4675 4690 4689 174030 174144 174145 174135 174146
20499 4675 4676 4691 4690 174037 174151 174152 174144 174153
20500 4676 4677 4692 4691 174044 174158 174159 174151 174160
20501 4677 4678 4693 4692 174051 174165 174166 174158 174167
20502 4678 4679 4694 4693 174058 174172 174173 174165 174174
20503 4679 4680 4695 4694 174065 174179 174180 174172 174181
20504 4680 4681 4696 4695 174072 174186 174187 174179 174188
20505 4681 4682 4697 4696 174079 174193 174194 174186 174195
20506 4682 4683 4698 4697 174086 174200 174201 174193 174202
20507 4683 4684 4699 4698 174093 174207 174208 174200 174209
20508 4684 4685 4700 4699 174100 174214 174215 174207 174216
20509 4685 4686 4701 4700 174107 174221 174222 174214 174223
20510 4686 4687 4702 4701 174114 174228 174229 174221 174230
20511 4687 4688 4703 4702 174121 174235 174236 174228 174237
20512 4688 1386 1385 4703 174128 174242 174243 174235 174244
20513 24 4689 4704 25 174136 174250 174251 174252 174253
20514 4689 4690 4705 4704 174145 174259 174260 174250 174261
20515 4690 4691 4706 4705 174152 174266 174267 174259 174268
20516 4691 4692 4707 4706 174159 174273 174274 174266 174275
20517 4692 4693 4708 4707 174166 174280 174281 174273 174282
20518 4693 4694 4709 4708 174173 174287 174288 174280 174289
20519 4694 4695 4710 4709 174180 174294 174295 174287 174296
20520 4695 4696 4711 4710 174187 174301 174302 174294 174303
20521 4696 4697 4712 4711 174194 174308 174309 174301 174310
20522 4697 4698 4713 4712 174201 174315 174316 174308 174317
20523 4698 4699 4714 4713 174208 174322 174323 174315 174324
20524 4699 4700 4715 4714 174215 174329 174330 174322 174331
20525 4700 4701 4716 4715 174222 174336 174337 174329 174338
20526 4701 4702 4717 4716 174229 174343 174344 174336 174345
20527 4702 4703 4718 4717 174236 174350 174351 174343 174352
20528 4703 1385 1384 4718 174243 174357 174358 174350 174359
20529 25 4704 4719 26 174251 174365 174366 174367 174368
20530 4704 4705 4720 4719 174260 174374 174375 174365 174376
20531 4705 4706 4721 4720 174267 174381 174382 174374 174383
20532 4706 4707 4722 4721 174274 174388 174389 174381 174390
20533 4707 4708 4723 4722 174281 174395 174396 174388 174397
20534 4708 4709 4724 4723 174288 174402 174403 174395 174404
20535 4709 4710 4725 4724 174295 174409 174410 174402 174411
20536 4710 4711 4726 4725 174302 174416 174417 174409 174418
20537 4711 4712 4727 4726 174309 174423 174424 174416 174425
20538 4712 4713 4728 4727 174316 174430 174431 174423 174432
20539 4713 4714 4729 4728 174323 174437 174438 174430 174439
20540 4714 4715 4730 4729 174330 174444 174445 174437 174446
20541 4715 4716 4731 4730 174337 174451 174452 174444 174453
20542 4716 4717 4732 4731 174344 174458 174459 174451 174460
20543 4717 4718 4733 4732 174351 174465 174466 174458 174467
20544 4718 1384 1383 4733 174358 174472 174473 174465 174474
20545 26 4719 4734 27 174366 174480 174481 174482 174483
20546 4719 4720 4735 4734 174375 174489 174490 174480 174491
20547 4720 4721 4736 4735 174382 174496 174497 174489 174498
20548 4721 4722 4737 4736 174389 174503 174504 174496 174505
20549 4722 4723 4738 4737 174396 174510 174511 174503 174512
20550 4723 4724 4739 4738 174403 174517 174518 174510 174519
20551 4724 4725 4740 4739 174410 174524 174525 174517 174526
20552 4725 4726 4741 4740 174417 174531 174532 174524 174533
20553 4726 4727 4742 4741 174424 174538 174539 174531 174540
20554 4727 4728 4743 4742 174431 174545 174546 174538 174547
20555 4728 4729 4744 4743 174438 174552 174553 174545 174554
20556 4729 4730 4745 4744 174445 174559 174560 174552 174561
20557 4730 4731 4746 4745 174452 174566 174567 174559 174568
20558 4731 4732 4747 4746 174459 174573 174574 174566 174575
20559 4732 4733 4748 4747 174466 174580 174581 174573 174582
20560 4733 1383 1382 4748 174473 174587 174588 174580 174589
20561 27 4734 4749 28 174481 174595 174596 174597 174598
20562 4734 4735 4750 4749 174490 174604 174605 174595 174606
20563 4735 4736 4751 4750 174497 174611 174612 174604 174613
20564 4736 4737 4752 4751 174504 174618 174619 174611 174620
20565 4737 4738 4753 4752 174511 174625 174626 174618 174627
20566 4738 4739 4754 4753 174518 174632 174633 174625 174634
20567 4739 4740 4755 4754 174525 174639 174640 174632 174641
20568 4740 4741 4756 4755 174532 174646 174647 174639 174648
20569 4741 4742 4757 4756 174539 174653 174654 174646 174655
20570 4742 4743 4758 4757 174546 174660 174661 174653 174662
20571 4743 4744 4759 4758 174553 174667 174668 174660 174669
20572 4744 4745 4760 4759 174560 174674 174675 174667 174676
20573 4745 4746 4761 4760 174567 174681 174682 174674 174683
20574 4746 4747 4762 4761 174574 174688 174689 174681 174690
20575 4747 4748 4763 4762 174581 174695 174696 174688 174697
20576 4748 1382 1381 4763 174588 174702 174703 174695 174704
20577 28 4749 4764 29 174596 174710 174711 174712 174713
20578 4749 4750 4765 4764 174605 174719 174720 174710 174721
20579 4750 4751 4766 4765 174612 174726 174727 174719 174728
20580 4751 4752 4767 4766 174619 174733 174734 174726 174735
20581 4752 4753 4768 4767 174626 174740 174741 174733 174742
20582 4753 4754 4769 4768 174633 174747 174748 174740 174749
20583 4754 4755 4770 4769 174640 174754 174755 174747 174756
20584 4755 4756 4771 4770 174647 174761 174762 174754 174763
20585 4756 4757 4772 4771 174654 174768 174769 174761 174770
20586 4757 4758 4773 4772 174661 174775 174776 174768 174777
20587 4758 4759 4774 4773 174668 174782 174783 174775 174784
20588 4759 4760 4775 4774 174675 174789 174790 174782 174791
20589 4760 4761 4776 4775 174682 174796 174797 174789 174798
20590 4761 4762 4777 4776 174689 174803 174804 174796 174805
20591 4762 4763 4778 4777 174696 174810 174811 174803 174812
20592 4763 1381 1380 4778 174703 174817 174818 174810 174819
20593 29 4764 4779 30 174711 174825 174826 174827 174828
20594 4764 4765 4780 4779 174720 174834 174835 174825 174836
20595 4765 4766 4781 4780 174727 174841 174842 174834 174843
20596 4766 4767 4782 4781 174734 174848 174849 174841 174850
20597 4767 4768 4783 4782 174741 174855 174856 174848 174857
20598 4768 4769 4784 4783 174748 174862 174863 174855 174864
20599 4769 4770 4785 4784 174755 174869 174870 174862 174871
20600 4770 4771 4786 4785 174762 174876 174877 174869 174878
20601 4771 4772 4787 4786 174769 174883 174884 174876 174885
20602 4772 4773 4788 4787 174776 174890 174891 174883 174892
20603 4773 4774 4789 4788 174783 174897 174898 174890 174899
20604 4774 4775 4790 4789 174790 174904 174905 174897 174906
20605 4775 4776 4791 4790 174797 174911 174912 174904 174913
20606 4776 4777 4792 4791 174804 174918 174919 174911 174920
20607 4777 4778 4793 4792 174811 174925 174926 174918 174927
20608 4778 1380 1379 4793 174818 174932 174933 174925 174934
20609 30 4779 4794 31 174826 174940 174941 174942 174943
20610 4779 4780 4795 4794 174835 174949 174950 174940 174951
20611 4780 4781 4796 4795 174842 174956 174957 174949 174958
20612 4781 4782 4797 4796 174849 174963 174964 174956 174965
20613 4782 4783 4798 4797 174856 174970 174971 174963 174972
20614 4783 4784 4799 4798 174863 174977 174978 174970 174979
20615 4784 4785 4800 4799 174870 174984 174985 174977 174986
20616 4785 4786 4801 4800 174877 174991 174992 174984 174993
20617 4786 4787 4802 4801 174884 174998 174999 174991 175000
20618 4787 4788 4803 4802 174891 175005 175006 174998 175007
20619 4788 4789 4804 4803 174898 175012 175013 175005 175014
20620 4789 4790 4805 4804 174905 175019 175020 175012 175021
20621 4790 4791 4806 4805 174912 175026 175027 175019 175028
20622 4791 4792 4807 4806 174919 175033 175034 175026 175035
20623 4792 4793 4808 4807 174926 175040 175041 175033 175042
20624 4793 1379 1378 4808 174933 175047 175048 175040 175049
20625 31 4794 4809 32 174941 175055 175056 175057 175058
20626 4794 4795 4810 4809 174950 175064 175065 175055 175066
20627 4795 4796 4811 4810 174957 175071 175072 175064 175073
20628 4796 4797 4812 4811 174964 175078 175079 175071 175080
20629 4797 4798 4813 4812 174971 175085 175086 175078 175087
20630 4798 4799 4814 4813 174978 175092 175093 175085 175094
20631 4799 4800 4815 4814 174985 175099 175100 175092 175101
20632 4800 4801 4816 4815 174992 175106 175107 175099 175108
20633 4801 4802 4817 4816 174999 175113 175114 175106 175115
20634 4802 4803 4818 4817 175006 175120 175121 175113 175122
20635 4803 4804 4819 4818 175013 175127 175128 175120 175129
20636 4804 4805 4820 4819 175020 175134 175135 175127 175136
20637 4805 4806 4821 4820 175027 175141 175142 175134 175143
20638 4806 4807 4822 4821 175034 175148 175149 175141 175150
20639 4807 4808 4823 4822 175041 175155 175156 175148 175157
20640 4808 1378 1377 4823 175048 175162 175163 175155 175164
20641 32 4809 4824 33 175056 175170 175171 175172 175173
20642 4809 4810 4825 4824 175065 175179 175180 175170 175181
20643 4810 4811 4826 4825 175072 175186 175187 175179 175188
20644 4811 4812 4827 4826 175079 175193 175194 175186 175195
20645 4812 4813 4828 4827 175086 175200 175201 175193 175202
20646 4813 4814 4829 4828 175093 175207 175208 175200 175209
20647 4814 4815 4830 4829 175100 175214 175215 175207 175216
20648 4815 4816 4831 4830 175107 175221 175222 175214 175223
20649 4816 4817 4832 4831 175114 175228 175229 175221 175230
20650 4817 4818 4833 4832 175121 175235 175236 175228 175237
20651 4818 4819 4834 4833 175128 175242 175243 175235 175244
20652 4819 4820 4835 4834 175135 175249 175250 175242 175251
20653 4820 4821 4836 4835 175142 175256 175257 175249 175258
20654 4821 4822 4837 4836 175149 175263 175264 175256 175265
20655 4822 4823 4838 4837 175156 175270 175271 175263 175272
20656 4823 1377 1376 4838 175163 175277 175278 175270 175279
20657 33 4824 4839 34 175171 175285 175286 175287 175288
20658 4824 4825 4840 4839 175180 175294 175295 175285 175296
20659 4825 4826 4841 4840 175187 175301 175302 175294 175303
20660 4826 4827 4842 4841 175194 175308 175309 175301 175310
20661 4827 4828 4843 4842 175201 175315 175316 175308 175317
20662 4828 4829 4844 4843 175208 175322 175323 175315 175324
20663 4829 4830 4845 4844 175215 175329 175330 175322 175331
20664 4830 4831 4846 4845 175222 175336 175337 175329 175338
20665 4831 4832 4847 4846 175229 175343 175344 175336 175345
20666 4832 4833 4848 4847 175236 175350 175351 175343 175352
20667 4833 4834 4849 4848 175243 175357 175358 175350 175359
20668 4834 4835 4850 4849 175250 175364 175365 175357 175366
20669 4835 4836 4851 4850 175257 175371 175372 175364 175373
20670 4836 4837 4852 4851 175264 175378 175379 175371 175380
20671 4837 4838 4853 4852 175271 175385 175386 175378 175387
20672 4838 1376 1375 4853 175278 175392 175393 175385 175394
20673 34 4839 4854 35 175286 175400 175401 175402 175403
20674 4839 4840 4855 4854 175295 175409 175410 175400 175411
20675 4840 4841 4856 4855 175302 175416 175417 175409 175418
20676 4841 4842 4857 4856 175309 175423 175424 175416 175425
20677 4842 4843 4858 4857 175316 175430 175431 175423 175432
20678 4843 4844 4859 4858 175323 175437 175438 175430 175439
20679 4844 4845 4860 4859 175330 175444 175445 175437 175446
20680 4845 4846 4861 4860 175337 175451 175452 175444 175453
20681 4846 4847 4862 4861 175344 175458 175459 175451 175460
20682 4847 4848 4863 4862 175351 175465 175466 175458 175467
20683 4848 4849 4864 4863 175358 175472 175473 175465 175474
20684 4849 4850 4865 4864 175365 175479 175480 175472 175481
20685 4850 4851 4866 4865 175372 175486 175487 175479 175488
20686 4851 4852 4867 4866 175379 175493 175494 175486 175495
20687 4852 4853 4868 4867 175386 175500 175501 175493 175502
20688 4853 1375 1374 4868 175393 175507 175508 175500 175509
20689 35 4854 4869 36 175401 175515 175516 175517 175518
20690 4854 4855 4870 4869 175410 175524 175525 175515 175526
20691 4855 4856 4871 4870 175417 175531 175532 175524 175533
20692 4856 4857 4872 4871 175424 175538 175539 175531 175540
20693 4857 4858 4873 4872 175431 175545 175546 175538 175547
20694 4858 4859 4874 4873 175438 175552 175553 175545 175554
20695 4859 4860 4875 4874 175445 175559 175560 175552 175561
20696 4860 4861 4876 4875 175452 175566 175567 175559 175568
20697 4861 4862 4877 4876 175459 175573 175574 175566 175575
20698 4862 4863 4878 4877 175466 175580 175581 175573 175582
20699 4863 4864 4879 4878 175473 175587 175588 175580 175589
20700 4864 4865 4880 4879 175480 175594 175595 175587 175596
20701 4865 4866 4881 4880 175487 175601 175602 175594 175603
20702 4866 4867 4882 4881 175494 175608 175609 175601 175610
20703 4867 4868 4883 4882 175501 175615 175616 175608 175617
20704 4868 1374 1373 4883 175508 175622 175623 175615 175624
20705 36 4869 4884 37 175516 175630 175631 175632 175633
20706 4869 4870 4885 4884 175525 175639 175640 175630 175641
20707 4870 4871 4886 4885 175532 175646 175647 175639 175648
20708 4871 4872 4887 4886 175539 175653 175654 175646 175655
20709 4872 4873 4888 4887 175546 175660 175661 175653 175662
20710 4873 4874 4889 4888 175553 175667 175668 175660 175669
20711 4874 4875 4890 4889 175560 175674 175675 175667 175676
20712 4875 4876 4891 4890 175567 175681 175682 175674 175683
20713 4876 4877 4892 4891 175574 175688 175689 175681 175690
20714 4877 4878 4893 4892 175581 175695 175696 175688 175697
20715 4878 4879 4894 4893 175588 175702 175703 175695 175704
20716 4879 4880 4895 4894 175595 175709 175710 175702 175711
20717 4880 4881 4896 4895 175602 175716 175717 175709 175718
20718 4881 4882 4897 4896 175609 175723 175724 175716 175725
20719 4882 4883 4898 4897 175616 175730 175731 175723 175732
20720 4883 1373 1372 4898 175623 175737 175738 175730 175739
20721 37 4884 3834 2 175631 175745 175746 175747 175748
20722 4884 4885 3835 3834 175640 175754 175755 175745 175756
20723 4885 4886 3836 3835 175647 175761 175762 175754 175763
20724 4886 4887 3837 3836 175654 175768 175769 175761 175770
20725 4887 4888 3838 3837 175661 175775 175776 175768 175777
20726 4888 4889 3839 3838 175668 175782 175783 175775 175784
20727 4889 4890 3840 3839 175675 175789 175790 175782 175791
20728 4890 4891 3841 3840 175682 175796 175797 175789 175798
20729 4891 4892 3842 3841 175689 175803 175804 175796 175805
20730 4892 4893 3843 3842 175696 175810 175811 175803 175812
20731 4893 4894 3844 3843 175703 175817 175818 175810 175819
20732 4894 4895 3845 3844 175710 175824 175825 175817 175826
20733 4895 4896 3846 3845 175717 175831 175832 175824 175833
20734 4896 4897 3847 3846 175724 175838 175839 175831 175840
20735 4897 4898 3848 3847 175731 175845 175846 175838 175847
20736 4898 1372 1370 3848 175738 175852 175853 175845 175854
