       300
386 287 286 1635 1634
387 288 287 1634 1633
388 289 288 1633 1632
389 290 289 1632 1631
390 235 290 1631 1218
396 282 281 1640 1639
397 283 282 1639 1638
398 284 283 1638 1637
399 285 284 1637 1636
400 286 285 1636 1635
401 281 280 1641 1640
402 280 279 1642 1641
403 279 278 1643 1642
404 278 277 1644 1643
405 277 276 715 1644
986 1634 1635 1649 1648
987 1633 1634 1648 1647
988 1632 1633 1647 1646
989 1631 1632 1646 1645
990 1218 1631 1645 1219
996 1639 1640 1654 1653
997 1638 1639 1653 1652
998 1637 1638 1652 1651
999 1636 1637 1651 1650
1000 1635 1636 1650 1649
1001 1640 1641 1655 1654
1002 1641 1642 1656 1655
1003 1642 1643 1657 1656
1004 1643 1644 1658 1657
1005 1644 715 714 1658
1586 1648 1649 1663 1662
1587 1647 1648 1662 1661
1588 1646 1647 1661 1660
1589 1645 1646 1660 1659
1590 1219 1645 1659 1220
1596 1653 1654 1668 1667
1597 1652 1653 1667 1666
1598 1651 1652 1666 1665
1599 1650 1651 1665 1664
1600 1649 1650 1664 1663
1601 1654 1655 1669 1668
1602 1655 1656 1670 1669
1603 1656 1657 1671 1670
1604 1657 1658 1672 1671
1605 1658 714 713 1672
2186 1662 1663 1677 1676
2187 1661 1662 1676 1675
2188 1660 1661 1675 1674
2189 1659 1660 1674 1673
2190 1220 1659 1673 1221
2196 1667 1668 1682 1681
2197 1666 1667 1681 1680
2198 1665 1666 1680 1679
2199 1664 1665 1679 1678
2200 1663 1664 1678 1677
2201 1668 1669 1683 1682
2202 1669 1670 1684 1683
2203 1670 1671 1685 1684
2204 1671 1672 1686 1685
2205 1672 713 712 1686
2786 1676 1677 1691 1690
2787 1675 1676 1690 1689
2788 1674 1675 1689 1688
2789 1673 1674 1688 1687
2790 1221 1673 1687 1222
2796 1681 1682 1696 1695
2797 1680 1681 1695 1694
2798 1679 1680 1694 1693
2799 1678 1679 1693 1692
2800 1677 1678 1692 1691
2801 1682 1683 1697 1696
2802 1683 1684 1698 1697
2803 1684 1685 1699 1698
2804 1685 1686 1700 1699
2805 1686 712 711 1700
3386 1690 1691 1705 1704
3387 1689 1690 1704 1703
3388 1688 1689 1703 1702
3389 1687 1688 1702 1701
3390 1222 1687 1701 1223
3396 1695 1696 1710 1709
3397 1694 1695 1709 1708
3398 1693 1694 1708 1707
3399 1692 1693 1707 1706
3400 1691 1692 1706 1705
3401 1696 1697 1711 1710
3402 1697 1698 1712 1711
3403 1698 1699 1713 1712
3404 1699 1700 1714 1713
3405 1700 711 710 1714
3986 1704 1705 1719 1718
3987 1703 1704 1718 1717
3988 1702 1703 1717 1716
3989 1701 1702 1716 1715
3990 1223 1701 1715 1224
3996 1709 1710 1724 1723
3997 1708 1709 1723 1722
3998 1707 1708 1722 1721
3999 1706 1707 1721 1720
4000 1705 1706 1720 1719
4001 1710 1711 1725 1724
4002 1711 1712 1726 1725
4003 1712 1713 1727 1726
4004 1713 1714 1728 1727
4005 1714 710 709 1728
4586 1718 1719 1733 1732
4587 1717 1718 1732 1731
4588 1716 1717 1731 1730
4589 1715 1716 1730 1729
4590 1224 1715 1729 1225
4596 1723 1724 1738 1737
4597 1722 1723 1737 1736
4598 1721 1722 1736 1735
4599 1720 1721 1735 1734
4600 1719 1720 1734 1733
4601 1724 1725 1739 1738
4602 1725 1726 1740 1739
4603 1726 1727 1741 1740
4604 1727 1728 1742 1741
4605 1728 709 708 1742
5186 1732 1733 1747 1746
5187 1731 1732 1746 1745
5188 1730 1731 1745 1744
5189 1729 1730 1744 1743
5190 1225 1729 1743 1226
5196 1737 1738 1752 1751
5197 1736 1737 1751 1750
5198 1735 1736 1750 1749
5199 1734 1735 1749 1748
5200 1733 1734 1748 1747
5201 1738 1739 1753 1752
5202 1739 1740 1754 1753
5203 1740 1741 1755 1754
5204 1741 1742 1756 1755
5205 1742 708 707 1756
5786 1746 1747 1626 1627
5787 1745 1746 1627 1628
5788 1744 1745 1628 1629
5789 1743 1744 1629 1630
5790 1226 1743 1630 1217
5796 1751 1752 1621 1622
5797 1750 1751 1622 1623
5798 1749 1750 1623 1624
5799 1748 1749 1624 1625
5800 1747 1748 1625 1626
5801 1752 1753 1620 1621
5802 1753 1754 1619 1620
5803 1754 1755 1618 1619
5804 1755 1756 1617 1618
5805 1756 707 667 1617
6386 286 287 7809 7808
6387 287 288 7810 7809
6388 288 289 7811 7810
6389 289 290 7812 7811
6390 290 235 7784 7812
6396 281 282 7804 7803
6397 282 283 7805 7804
6398 283 284 7806 7805
6399 284 285 7807 7806
6400 285 286 7808 7807
6401 280 281 7803 7802
6402 279 280 7802 7801
6403 278 279 7801 7800
6404 277 278 7800 7799
6405 276 277 7799 7366
6986 7808 7809 7823 7822
6987 7809 7810 7824 7823
6988 7810 7811 7825 7824
6989 7811 7812 7826 7825
6990 7812 7784 7783 7826
6996 7803 7804 7818 7817
6997 7804 7805 7819 7818
6998 7805 7806 7820 7819
6999 7806 7807 7821 7820
7000 7807 7808 7822 7821
7001 7802 7803 7817 7816
7002 7801 7802 7816 7815
7003 7800 7801 7815 7814
7004 7799 7800 7814 7813
7005 7366 7799 7813 7367
7586 7822 7823 7837 7836
7587 7823 7824 7838 7837
7588 7824 7825 7839 7838
7589 7825 7826 7840 7839
7590 7826 7783 7782 7840
7596 7817 7818 7832 7831
7597 7818 7819 7833 7832
7598 7819 7820 7834 7833
7599 7820 7821 7835 7834
7600 7821 7822 7836 7835
7601 7816 7817 7831 7830
7602 7815 7816 7830 7829
7603 7814 7815 7829 7828
7604 7813 7814 7828 7827
7605 7367 7813 7827 7368
8186 7836 7837 7851 7850
8187 7837 7838 7852 7851
8188 7838 7839 7853 7852
8189 7839 7840 7854 7853
8190 7840 7782 7781 7854
8196 7831 7832 7846 7845
8197 7832 7833 7847 7846
8198 7833 7834 7848 7847
8199 7834 7835 7849 7848
8200 7835 7836 7850 7849
8201 7830 7831 7845 7844
8202 7829 7830 7844 7843
8203 7828 7829 7843 7842
8204 7827 7828 7842 7841
8205 7368 7827 7841 7369
8786 7850 7851 7865 7864
8787 7851 7852 7866 7865
8788 7852 7853 7867 7866
8789 7853 7854 7868 7867
8790 7854 7781 7780 7868
8796 7845 7846 7860 7859
8797 7846 7847 7861 7860
8798 7847 7848 7862 7861
8799 7848 7849 7863 7862
8800 7849 7850 7864 7863
8801 7844 7845 7859 7858
8802 7843 7844 7858 7857
8803 7842 7843 7857 7856
8804 7841 7842 7856 7855
8805 7369 7841 7855 7370
9386 7864 7865 7879 7878
9387 7865 7866 7880 7879
9388 7866 7867 7881 7880
9389 7867 7868 7882 7881
9390 7868 7780 7779 7882
9396 7859 7860 7874 7873
9397 7860 7861 7875 7874
9398 7861 7862 7876 7875
9399 7862 7863 7877 7876
9400 7863 7864 7878 7877
9401 7858 7859 7873 7872
9402 7857 7858 7872 7871
9403 7856 7857 7871 7870
9404 7855 7856 7870 7869
9405 7370 7855 7869 7371
9986 7878 7879 7893 7892
9987 7879 7880 7894 7893
9988 7880 7881 7895 7894
9989 7881 7882 7896 7895
9990 7882 7779 7778 7896
9996 7873 7874 7888 7887
9997 7874 7875 7889 7888
9998 7875 7876 7890 7889
9999 7876 7877 7891 7890
10000 7877 7878 7892 7891
10001 7872 7873 7887 7886
10002 7871 7872 7886 7885
10003 7870 7871 7885 7884
10004 7869 7870 7884 7883
10005 7371 7869 7883 7372
10586 7892 7893 7907 7906
10587 7893 7894 7908 7907
10588 7894 7895 7909 7908
10589 7895 7896 7910 7909
10590 7896 7778 7777 7910
10596 7887 7888 7902 7901
10597 7888 7889 7903 7902
10598 7889 7890 7904 7903
10599 7890 7891 7905 7904
10600 7891 7892 7906 7905
10601 7886 7887 7901 7900
10602 7885 7886 7900 7899
10603 7884 7885 7899 7898
10604 7883 7884 7898 7897
10605 7372 7883 7897 7373
11186 7906 7907 7921 7920
11187 7907 7908 7922 7921
11188 7908 7909 7923 7922
11189 7909 7910 7924 7923
11190 7910 7777 7776 7924
11196 7901 7902 7916 7915
11197 7902 7903 7917 7916
11198 7903 7904 7918 7917
11199 7904 7905 7919 7918
11200 7905 7906 7920 7919
11201 7900 7901 7915 7914
11202 7899 7900 7914 7913
11203 7898 7899 7913 7912
11204 7897 7898 7912 7911
11205 7373 7897 7911 7374
11786 7920 7921 7795 7794
11787 7921 7922 7796 7795
11788 7922 7923 7797 7796
11789 7923 7924 7798 7797
11790 7924 7776 7775 7798
11796 7915 7916 7790 7789
11797 7916 7917 7791 7790
11798 7917 7918 7792 7791
11799 7918 7919 7793 7792
11800 7919 7920 7794 7793
11801 7914 7915 7789 7788
11802 7913 7914 7788 7787
11803 7912 7913 7787 7786
11804 7911 7912 7786 7785
11805 7374 7911 7785 7365
