       600
5401 6672 6671 6674 6673
5402 6675 6672 6673 6676
5403 6677 6675 6676 6678
5404 6679 6677 6678 6680
5405 6681 6679 6680 6682
5406 6683 6681 6682 6684
5407 6685 6683 6684 6686
5408 6687 6685 6686 6688
5409 6689 6687 6688 6690
5410 6691 6689 6690 6692
5411 6693 6691 6692 6694
5412 6695 6693 6694 6696
5413 6697 6695 6696 6698
5414 6699 6697 6698 6700
5415 6701 6699 6700 6702
5416 6703 6701 6702 6704
5417 6705 6703 6704 6706
5418 6707 6705 6706 6708
5419 6709 6707 6708 6710
5420 6711 6709 6710 6712
5421 6713 6711 6712 6714
5422 6715 6713 6714 6716
5423 6717 6715 6716 6718
5424 6719 6717 6718 6720
5425 6721 6719 6720 6722
5426 6723 6721 6722 6724
5427 6725 6723 6724 6726
5428 6727 6725 6726 6728
5429 6729 6727 6728 6730
5430 6731 6729 6730 6732
5431 6733 6731 6732 6734
5432 6735 6733 6734 6736
5433 6737 6735 6736 6738
5434 6739 6737 6738 6740
5435 6741 6739 6740 6742
5436 6743 6741 6742 6744
5437 6745 6743 6744 6746
5438 6747 6745 6746 6748
5439 6673 6674 6750 6749
5440 6676 6673 6749 6751
5441 6678 6676 6751 6752
5442 6680 6678 6752 6753
5443 6682 6680 6753 6754
5444 6684 6682 6754 6755
5445 6686 6684 6755 6756
5446 6688 6686 6756 6757
5447 6690 6688 6757 6758
5448 6692 6690 6758 6759
5449 6694 6692 6759 6760
5450 6696 6694 6760 6761
5451 6698 6696 6761 6762
5452 6700 6698 6762 6763
5453 6702 6700 6763 6764
5454 6704 6702 6764 6765
5455 6706 6704 6765 6766
5456 6708 6706 6766 6767
5457 6710 6708 6767 6768
5458 6712 6710 6768 6769
5459 6714 6712 6769 6770
5460 6716 6714 6770 6771
5461 6718 6716 6771 6772
5462 6720 6718 6772 6773
5463 6722 6720 6773 6774
5464 6724 6722 6774 6775
5465 6726 6724 6775 6776
5466 6728 6726 6776 6777
5467 6730 6728 6777 6778
5468 6732 6730 6778 6779
5469 6734 6732 6779 6780
5470 6736 6734 6780 6781
5471 6738 6736 6781 6782
5472 6740 6738 6782 6783
5473 6742 6740 6783 6784
5474 6744 6742 6784 6785
5475 6746 6744 6785 6786
5476 6748 6746 6786 6787
5477 6749 6750 6789 6788
5478 6751 6749 6788 6790
5479 6752 6751 6790 6791
5480 6753 6752 6791 6792
5481 6754 6753 6792 6793
5482 6755 6754 6793 6794
5483 6756 6755 6794 6795
5484 6757 6756 6795 6796
5485 6758 6757 6796 6797
5486 6759 6758 6797 6798
5487 6760 6759 6798 6799
5488 6761 6760 6799 6800
5489 6762 6761 6800 6801
5490 6763 6762 6801 6802
5491 6764 6763 6802 6803
5492 6765 6764 6803 6804
5493 6766 6765 6804 6805
5494 6767 6766 6805 6806
5495 6768 6767 6806 6807
5496 6769 6768 6807 6808
5497 6770 6769 6808 6809
5498 6771 6770 6809 6810
5499 6772 6771 6810 6811
5500 6773 6772 6811 6812
5501 6774 6773 6812 6813
5502 6775 6774 6813 6814
5503 6776 6775 6814 6815
5504 6777 6776 6815 6816
5505 6778 6777 6816 6817
5506 6779 6778 6817 6818
5507 6780 6779 6818 6819
5508 6781 6780 6819 6820
5509 6782 6781 6820 6821
5510 6783 6782 6821 6822
5511 6784 6783 6822 6823
5512 6785 6784 6823 6824
5513 6786 6785 6824 6825
5514 6787 6786 6825 6826
5515 6788 6789 6828 6827
5516 6790 6788 6827 6829
5517 6791 6790 6829 6830
5518 6792 6791 6830 6831
5519 6793 6792 6831 6832
5520 6794 6793 6832 6833
5521 6795 6794 6833 6834
5522 6796 6795 6834 6835
5523 6797 6796 6835 6836
5524 6798 6797 6836 6837
5525 6799 6798 6837 6838
5526 6800 6799 6838 6839
5527 6801 6800 6839 6840
5528 6802 6801 6840 6841
5529 6803 6802 6841 6842
5530 6804 6803 6842 6843
5531 6805 6804 6843 6844
5532 6806 6805 6844 6845
5533 6807 6806 6845 6846
5534 6808 6807 6846 6847
5535 6809 6808 6847 6848
5536 6810 6809 6848 6849
5537 6811 6810 6849 6850
5538 6812 6811 6850 6851
5539 6813 6812 6851 6852
5540 6814 6813 6852 6853
5541 6815 6814 6853 6854
5542 6816 6815 6854 6855
5543 6817 6816 6855 6856
5544 6818 6817 6856 6857
5545 6819 6818 6857 6858
5546 6820 6819 6858 6859
5547 6821 6820 6859 6860
5548 6822 6821 6860 6861
5549 6823 6822 6861 6862
5550 6824 6823 6862 6863
5551 6825 6824 6863 6864
5552 6826 6825 6864 6865
5553 6827 6828 6867 6866
5554 6829 6827 6866 6868
5555 6830 6829 6868 6869
5556 6831 6830 6869 6870
5557 6832 6831 6870 6871
5558 6833 6832 6871 6872
5559 6834 6833 6872 6873
5560 6835 6834 6873 6874
5561 6836 6835 6874 6875
5562 6837 6836 6875 6876
5563 6838 6837 6876 6877
5564 6839 6838 6877 6878
5565 6840 6839 6878 6879
5566 6841 6840 6879 6880
5567 6842 6841 6880 6881
5568 6843 6842 6881 6882
5569 6844 6843 6882 6883
5570 6845 6844 6883 6884
5571 6846 6845 6884 6885
5572 6847 6846 6885 6886
5573 6848 6847 6886 6887
5574 6849 6848 6887 6888
5575 6850 6849 6888 6889
5576 6851 6850 6889 6890
5577 6852 6851 6890 6891
5578 6853 6852 6891 6892
5579 6854 6853 6892 6893
5580 6855 6854 6893 6894
5581 6856 6855 6894 6895
5582 6857 6856 6895 6896
5583 6858 6857 6896 6897
5584 6859 6858 6897 6898
5585 6860 6859 6898 6899
5586 6861 6860 6899 6900
5587 6862 6861 6900 6901
5588 6863 6862 6901 6902
5589 6864 6863 6902 6903
5590 6865 6864 6903 6904
5591 6905 6747 1086 1087
5592 6906 6905 1087 1088
5593 6907 6906 1088 1089
5594 6908 6907 1089 1090
5595 1265 6908 1090 1067
5596 6909 6745 6747 6905
5597 6910 6909 6905 6906
5598 6911 6910 6906 6907
5599 6912 6911 6907 6908
5600 1264 6912 6908 1265
5601 6913 6743 6745 6909
5602 6914 6913 6909 6910
5603 6915 6914 6910 6911
5604 6916 6915 6911 6912
5605 1263 6916 6912 1264
5606 6917 6741 6743 6913
5607 6918 6917 6913 6914
5608 6919 6918 6914 6915
5609 6920 6919 6915 6916
5610 1262 6920 6916 1263
5611 6921 6739 6741 6917
5612 6922 6921 6917 6918
5613 6923 6922 6918 6919
5614 6924 6923 6919 6920
5615 1261 6924 6920 1262
5616 6925 6737 6739 6921
5617 6926 6925 6921 6922
5618 6927 6926 6922 6923
5619 6928 6927 6923 6924
5620 1260 6928 6924 1261
5621 6929 6735 6737 6925
5622 6930 6929 6925 6926
5623 6931 6930 6926 6927
5624 6932 6931 6927 6928
5625 1259 6932 6928 1260
5626 6933 6733 6735 6929
5627 6934 6933 6929 6930
5628 6935 6934 6930 6931
5629 6936 6935 6931 6932
5630 1258 6936 6932 1259
5631 6937 6731 6733 6933
5632 6938 6937 6933 6934
5633 6939 6938 6934 6935
5634 6940 6939 6935 6936
5635 1257 6940 6936 1258
5636 6941 6729 6731 6937
5637 6942 6941 6937 6938
5638 6943 6942 6938 6939
5639 6944 6943 6939 6940
5640 1256 6944 6940 1257
5641 6945 6727 6729 6941
5642 6946 6945 6941 6942
5643 6947 6946 6942 6943
5644 6948 6947 6943 6944
5645 1255 6948 6944 1256
5646 6949 6725 6727 6945
5647 6950 6949 6945 6946
5648 6951 6950 6946 6947
5649 6952 6951 6947 6948
5650 1254 6952 6948 1255
5651 6953 6723 6725 6949
5652 6954 6953 6949 6950
5653 6955 6954 6950 6951
5654 6956 6955 6951 6952
5655 1253 6956 6952 1254
5656 6957 6721 6723 6953
5657 6958 6957 6953 6954
5658 6959 6958 6954 6955
5659 6960 6959 6955 6956
5660 1252 6960 6956 1253
5661 6961 6719 6721 6957
5662 6962 6961 6957 6958
5663 6963 6962 6958 6959
5664 6964 6963 6959 6960
5665 1251 6964 6960 1252
5666 6965 6717 6719 6961
5667 6966 6965 6961 6962
5668 6967 6966 6962 6963
5669 6968 6967 6963 6964
5670 1250 6968 6964 1251
5671 6969 6715 6717 6965
5672 6970 6969 6965 6966
5673 6971 6970 6966 6967
5674 6972 6971 6967 6968
5675 1249 6972 6968 1250
5676 6973 6713 6715 6969
5677 6974 6973 6969 6970
5678 6975 6974 6970 6971
5679 6976 6975 6971 6972
5680 1248 6976 6972 1249
5681 6977 6711 6713 6973
5682 6978 6977 6973 6974
5683 6979 6978 6974 6975
5684 6980 6979 6975 6976
5685 1247 6980 6976 1248
5686 6981 6709 6711 6977
5687 6982 6981 6977 6978
5688 6983 6982 6978 6979
5689 6984 6983 6979 6980
5690 1246 6984 6980 1247
5691 6985 6707 6709 6981
5692 6986 6985 6981 6982
5693 6987 6986 6982 6983
5694 6988 6987 6983 6984
5695 1245 6988 6984 1246
5696 6989 6705 6707 6985
5697 6990 6989 6985 6986
5698 6991 6990 6986 6987
5699 6992 6991 6987 6988
5700 1244 6992 6988 1245
5701 6993 6703 6705 6989
5702 6994 6993 6989 6990
5703 6995 6994 6990 6991
5704 6996 6995 6991 6992
5705 1243 6996 6992 1244
5706 6997 6701 6703 6993
5707 6998 6997 6993 6994
5708 6999 6998 6994 6995
5709 7000 6999 6995 6996
5710 1242 7000 6996 1243
5711 7001 6699 6701 6997
5712 7002 7001 6997 6998
5713 7003 7002 6998 6999
5714 7004 7003 6999 7000
5715 1241 7004 7000 1242
5716 7005 6697 6699 7001
5717 7006 7005 7001 7002
5718 7007 7006 7002 7003
5719 7008 7007 7003 7004
5720 1240 7008 7004 1241
5721 7009 6695 6697 7005
5722 7010 7009 7005 7006
5723 7011 7010 7006 7007
5724 7012 7011 7007 7008
5725 1239 7012 7008 1240
5726 7013 6693 6695 7009
5727 7014 7013 7009 7010
5728 7015 7014 7010 7011
5729 7016 7015 7011 7012
5730 1238 7016 7012 1239
5731 7017 6691 6693 7013
5732 7018 7017 7013 7014
5733 7019 7018 7014 7015
5734 7020 7019 7015 7016
5735 1237 7020 7016 1238
5736 7021 6689 6691 7017
5737 7022 7021 7017 7018
5738 7023 7022 7018 7019
5739 7024 7023 7019 7020
5740 1236 7024 7020 1237
5741 7025 6687 6689 7021
5742 7026 7025 7021 7022
5743 7027 7026 7022 7023
5744 7028 7027 7023 7024
5745 1235 7028 7024 1236
5746 7029 6685 6687 7025
5747 7030 7029 7025 7026
5748 7031 7030 7026 7027
5749 7032 7031 7027 7028
5750 1234 7032 7028 1235
5751 7033 6683 6685 7029
5752 7034 7033 7029 7030
5753 7035 7034 7030 7031
5754 7036 7035 7031 7032
5755 1233 7036 7032 1234
5756 7037 6681 6683 7033
5757 7038 7037 7033 7034
5758 7039 7038 7034 7035
5759 7040 7039 7035 7036
5760 1232 7040 7036 1233
5761 7041 6679 6681 7037
5762 7042 7041 7037 7038
5763 7043 7042 7038 7039
5764 7044 7043 7039 7040
5765 1231 7044 7040 1232
5766 7045 6677 6679 7041
5767 7046 7045 7041 7042
5768 7047 7046 7042 7043
5769 7048 7047 7043 7044
5770 1230 7048 7044 1231
5771 7049 6675 6677 7045
5772 7050 7049 7045 7046
5773 7051 7050 7046 7047
5774 7052 7051 7047 7048
5775 1229 7052 7048 1230
5776 7053 6672 6675 7049
5777 7054 7053 7049 7050
5778 7055 7054 7050 7051
5779 7056 7055 7051 7052
5780 1228 7056 7052 1229
5781 7057 6671 6672 7053
5782 7058 7057 7053 7054
5783 7059 7058 7054 7055
5784 7060 7059 7055 7056
5785 1227 7060 7056 1228
5786 1627 1626 6671 7057
5787 1628 1627 7057 7058
5788 1629 1628 7058 7059
5789 1630 1629 7059 7060
5790 1217 1630 7060 1227
5791 6865 6904 1081 1082
5792 6826 6865 1082 1083
5793 6787 6826 1083 1084
5794 6748 6787 1084 1085
5795 6747 6748 1085 1086
5796 1622 1621 6867 6828
5797 1623 1622 6828 6789
5798 1624 1623 6789 6750
5799 1625 1624 6750 6674
5800 1626 1625 6674 6671
5801 7061 6867 1621 1620
5802 7062 7061 1620 1619
5803 7063 7062 1619 1618
5804 7064 7063 1618 1617
5805 706 7064 1617 667
5806 7065 6866 6867 7061
5807 7066 7065 7061 7062
5808 7067 7066 7062 7063
5809 7068 7067 7063 7064
5810 705 7068 7064 706
5811 7069 6868 6866 7065
5812 7070 7069 7065 7066
5813 7071 7070 7066 7067
5814 7072 7071 7067 7068
5815 704 7072 7068 705
5816 7073 6869 6868 7069
5817 7074 7073 7069 7070
5818 7075 7074 7070 7071
5819 7076 7075 7071 7072
5820 703 7076 7072 704
5821 7077 6870 6869 7073
5822 7078 7077 7073 7074
5823 7079 7078 7074 7075
5824 7080 7079 7075 7076
5825 702 7080 7076 703
5826 7081 6871 6870 7077
5827 7082 7081 7077 7078
5828 7083 7082 7078 7079
5829 7084 7083 7079 7080
5830 701 7084 7080 702
5831 7085 6872 6871 7081
5832 7086 7085 7081 7082
5833 7087 7086 7082 7083
5834 7088 7087 7083 7084
5835 700 7088 7084 701
5836 7089 6873 6872 7085
5837 7090 7089 7085 7086
5838 7091 7090 7086 7087
5839 7092 7091 7087 7088
5840 699 7092 7088 700
5841 7093 6874 6873 7089
5842 7094 7093 7089 7090
5843 7095 7094 7090 7091
5844 7096 7095 7091 7092
5845 698 7096 7092 699
5846 7097 6875 6874 7093
5847 7098 7097 7093 7094
5848 7099 7098 7094 7095
5849 7100 7099 7095 7096
5850 697 7100 7096 698
5851 7101 6876 6875 7097
5852 7102 7101 7097 7098
5853 7103 7102 7098 7099
5854 7104 7103 7099 7100
5855 696 7104 7100 697
5856 7105 6877 6876 7101
5857 7106 7105 7101 7102
5858 7107 7106 7102 7103
5859 7108 7107 7103 7104
5860 695 7108 7104 696
5861 7109 6878 6877 7105
5862 7110 7109 7105 7106
5863 7111 7110 7106 7107
5864 7112 7111 7107 7108
5865 694 7112 7108 695
5866 7113 6879 6878 7109
5867 7114 7113 7109 7110
5868 7115 7114 7110 7111
5869 7116 7115 7111 7112
5870 693 7116 7112 694
5871 7117 6880 6879 7113
5872 7118 7117 7113 7114
5873 7119 7118 7114 7115
5874 7120 7119 7115 7116
5875 692 7120 7116 693
5876 7121 6881 6880 7117
5877 7122 7121 7117 7118
5878 7123 7122 7118 7119
5879 7124 7123 7119 7120
5880 691 7124 7120 692
5881 7125 6882 6881 7121
5882 7126 7125 7121 7122
5883 7127 7126 7122 7123
5884 7128 7127 7123 7124
5885 690 7128 7124 691
5886 7129 6883 6882 7125
5887 7130 7129 7125 7126
5888 7131 7130 7126 7127
5889 7132 7131 7127 7128
5890 689 7132 7128 690
5891 7133 6884 6883 7129
5892 7134 7133 7129 7130
5893 7135 7134 7130 7131
5894 7136 7135 7131 7132
5895 688 7136 7132 689
5896 7137 6885 6884 7133
5897 7138 7137 7133 7134
5898 7139 7138 7134 7135
5899 7140 7139 7135 7136
5900 687 7140 7136 688
5901 7141 6886 6885 7137
5902 7142 7141 7137 7138
5903 7143 7142 7138 7139
5904 7144 7143 7139 7140
5905 686 7144 7140 687
5906 7145 6887 6886 7141
5907 7146 7145 7141 7142
5908 7147 7146 7142 7143
5909 7148 7147 7143 7144
5910 685 7148 7144 686
5911 7149 6888 6887 7145
5912 7150 7149 7145 7146
5913 7151 7150 7146 7147
5914 7152 7151 7147 7148
5915 684 7152 7148 685
5916 7153 6889 6888 7149
5917 7154 7153 7149 7150
5918 7155 7154 7150 7151
5919 7156 7155 7151 7152
5920 683 7156 7152 684
5921 7157 6890 6889 7153
5922 7158 7157 7153 7154
5923 7159 7158 7154 7155
5924 7160 7159 7155 7156
5925 682 7160 7156 683
5926 7161 6891 6890 7157
5927 7162 7161 7157 7158
5928 7163 7162 7158 7159
5929 7164 7163 7159 7160
5930 681 7164 7160 682
5931 7165 6892 6891 7161
5932 7166 7165 7161 7162
5933 7167 7166 7162 7163
5934 7168 7167 7163 7164
5935 680 7168 7164 681
5936 7169 6893 6892 7165
5937 7170 7169 7165 7166
5938 7171 7170 7166 7167
5939 7172 7171 7167 7168
5940 679 7172 7168 680
5941 7173 6894 6893 7169
5942 7174 7173 7169 7170
5943 7175 7174 7170 7171
5944 7176 7175 7171 7172
5945 678 7176 7172 679
5946 7177 6895 6894 7173
5947 7178 7177 7173 7174
5948 7179 7178 7174 7175
5949 7180 7179 7175 7176
5950 677 7180 7176 678
5951 7181 6896 6895 7177
5952 7182 7181 7177 7178
5953 7183 7182 7178 7179
5954 7184 7183 7179 7180
5955 676 7184 7180 677
5956 7185 6897 6896 7181
5957 7186 7185 7181 7182
5958 7187 7186 7182 7183
5959 7188 7187 7183 7184
5960 675 7188 7184 676
5961 7189 6898 6897 7185
5962 7190 7189 7185 7186
5963 7191 7190 7186 7187
5964 7192 7191 7187 7188
5965 674 7192 7188 675
5966 7193 6899 6898 7189
5967 7194 7193 7189 7190
5968 7195 7194 7190 7191
5969 7196 7195 7191 7192
5970 673 7196 7192 674
5971 7197 6900 6899 7193
5972 7198 7197 7193 7194
5973 7199 7198 7194 7195
5974 7200 7199 7195 7196
5975 672 7200 7196 673
5976 7201 6901 6900 7197
5977 7202 7201 7197 7198
5978 7203 7202 7198 7199
5979 7204 7203 7199 7200
5980 671 7204 7200 672
5981 7205 6902 6901 7201
5982 7206 7205 7201 7202
5983 7207 7206 7202 7203
5984 7208 7207 7203 7204
5985 670 7208 7204 671
5986 7209 6903 6902 7205
5987 7210 7209 7205 7206
5988 7211 7210 7206 7207
5989 7212 7211 7207 7208
5990 669 7212 7208 670
5991 7213 6904 6903 7209
5992 7214 7213 7209 7210
5993 7215 7214 7210 7211
5994 7216 7215 7211 7212
5995 668 7216 7212 669
5996 1080 1081 6904 7213
5997 1079 1080 7213 7214
5998 1078 1079 7214 7215
5999 1077 1078 7215 7216
6000 657 1077 7216 668
