       300
191 335 334 1101 1100
192 334 333 1102 1101
193 333 332 1103 1102
194 332 331 1104 1103
195 331 236 1076 1104
391 340 339 1096 1095
392 339 338 1097 1096
393 338 337 1098 1097
394 337 336 1099 1098
395 336 335 1100 1099
596 341 340 1095 1094
597 342 341 1094 1093
598 343 342 1093 1092
599 344 343 1092 1091
600 291 344 1091 658
791 1100 1101 1115 1114
792 1101 1102 1116 1115
793 1102 1103 1117 1116
794 1103 1104 1118 1117
795 1104 1076 1075 1118
991 1095 1096 1110 1109
992 1096 1097 1111 1110
993 1097 1098 1112 1111
994 1098 1099 1113 1112
995 1099 1100 1114 1113
1196 1094 1095 1109 1108
1197 1093 1094 1108 1107
1198 1092 1093 1107 1106
1199 1091 1092 1106 1105
1200 658 1091 1105 659
1391 1114 1115 1129 1128
1392 1115 1116 1130 1129
1393 1116 1117 1131 1130
1394 1117 1118 1132 1131
1395 1118 1075 1074 1132
1591 1109 1110 1124 1123
1592 1110 1111 1125 1124
1593 1111 1112 1126 1125
1594 1112 1113 1127 1126
1595 1113 1114 1128 1127
1796 1108 1109 1123 1122
1797 1107 1108 1122 1121
1798 1106 1107 1121 1120
1799 1105 1106 1120 1119
1800 659 1105 1119 660
1991 1128 1129 1143 1142
1992 1129 1130 1144 1143
1993 1130 1131 1145 1144
1994 1131 1132 1146 1145
1995 1132 1074 1073 1146
2191 1123 1124 1138 1137
2192 1124 1125 1139 1138
2193 1125 1126 1140 1139
2194 1126 1127 1141 1140
2195 1127 1128 1142 1141
2396 1122 1123 1137 1136
2397 1121 1122 1136 1135
2398 1120 1121 1135 1134
2399 1119 1120 1134 1133
2400 660 1119 1133 661
2591 1142 1143 1157 1156
2592 1143 1144 1158 1157
2593 1144 1145 1159 1158
2594 1145 1146 1160 1159
2595 1146 1073 1072 1160
2791 1137 1138 1152 1151
2792 1138 1139 1153 1152
2793 1139 1140 1154 1153
2794 1140 1141 1155 1154
2795 1141 1142 1156 1155
2996 1136 1137 1151 1150
2997 1135 1136 1150 1149
2998 1134 1135 1149 1148
2999 1133 1134 1148 1147
3000 661 1133 1147 662
3191 1156 1157 1171 1170
3192 1157 1158 1172 1171
3193 1158 1159 1173 1172
3194 1159 1160 1174 1173
3195 1160 1072 1071 1174
3391 1151 1152 1166 1165
3392 1152 1153 1167 1166
3393 1153 1154 1168 1167
3394 1154 1155 1169 1168
3395 1155 1156 1170 1169
3596 1150 1151 1165 1164
3597 1149 1150 1164 1163
3598 1148 1149 1163 1162
3599 1147 1148 1162 1161
3600 662 1147 1161 663
3791 1170 1171 1185 1184
3792 1171 1172 1186 1185
3793 1172 1173 1187 1186
3794 1173 1174 1188 1187
3795 1174 1071 1070 1188
3991 1165 1166 1180 1179
3992 1166 1167 1181 1180
3993 1167 1168 1182 1181
3994 1168 1169 1183 1182
3995 1169 1170 1184 1183
4196 1164 1165 1179 1178
4197 1163 1164 1178 1177
4198 1162 1163 1177 1176
4199 1161 1162 1176 1175
4200 663 1161 1175 664
4391 1184 1185 1199 1198
4392 1185 1186 1200 1199
4393 1186 1187 1201 1200
4394 1187 1188 1202 1201
4395 1188 1070 1069 1202
4591 1179 1180 1194 1193
4592 1180 1181 1195 1194
4593 1181 1182 1196 1195
4594 1182 1183 1197 1196
4595 1183 1184 1198 1197
4796 1178 1179 1193 1192
4797 1177 1178 1192 1191
4798 1176 1177 1191 1190
4799 1175 1176 1190 1189
4800 664 1175 1189 665
4991 1198 1199 1213 1212
4992 1199 1200 1214 1213
4993 1200 1201 1215 1214
4994 1201 1202 1216 1215
4995 1202 1069 1068 1216
5191 1193 1194 1208 1207
5192 1194 1195 1209 1208
5193 1195 1196 1210 1209
5194 1196 1197 1211 1210
5195 1197 1198 1212 1211
5396 1192 1193 1207 1206
5397 1191 1192 1206 1205
5398 1190 1191 1205 1204
5399 1189 1190 1204 1203
5400 665 1189 1203 666
5591 1212 1213 1087 1086
5592 1213 1214 1088 1087
5593 1214 1215 1089 1088
5594 1215 1216 1090 1089
5595 1216 1068 1067 1090
5791 1207 1208 1082 1081
5792 1208 1209 1083 1082
5793 1209 1210 1084 1083
5794 1210 1211 1085 1084
5795 1211 1212 1086 1085
5996 1206 1207 1081 1080
5997 1205 1206 1080 1079
5998 1204 1205 1079 1078
5999 1203 1204 1078 1077
6000 666 1203 1077 657
6191 334 335 8343 8342
6192 333 334 8342 8341
6193 332 333 8341 8340
6194 331 332 8340 8339
6195 236 331 8339 7926
6391 339 340 8348 8347
6392 338 339 8347 8346
6393 337 338 8346 8345
6394 336 337 8345 8344
6395 335 336 8344 8343
6596 340 341 8349 8348
6597 341 342 8350 8349
6598 342 343 8351 8350
6599 343 344 8352 8351
6600 344 291 7423 8352
6791 8342 8343 8357 8356
6792 8341 8342 8356 8355
6793 8340 8341 8355 8354
6794 8339 8340 8354 8353
6795 7926 8339 8353 7927
6991 8347 8348 8362 8361
6992 8346 8347 8361 8360
6993 8345 8346 8360 8359
6994 8344 8345 8359 8358
6995 8343 8344 8358 8357
7196 8348 8349 8363 8362
7197 8349 8350 8364 8363
7198 8350 8351 8365 8364
7199 8351 8352 8366 8365
7200 8352 7423 7422 8366
7391 8356 8357 8371 8370
7392 8355 8356 8370 8369
7393 8354 8355 8369 8368
7394 8353 8354 8368 8367
7395 7927 8353 8367 7928
7591 8361 8362 8376 8375
7592 8360 8361 8375 8374
7593 8359 8360 8374 8373
7594 8358 8359 8373 8372
7595 8357 8358 8372 8371
7796 8362 8363 8377 8376
7797 8363 8364 8378 8377
7798 8364 8365 8379 8378
7799 8365 8366 8380 8379
7800 8366 7422 7421 8380
7991 8370 8371 8385 8384
7992 8369 8370 8384 8383
7993 8368 8369 8383 8382
7994 8367 8368 8382 8381
7995 7928 8367 8381 7929
8191 8375 8376 8390 8389
8192 8374 8375 8389 8388
8193 8373 8374 8388 8387
8194 8372 8373 8387 8386
8195 8371 8372 8386 8385
8396 8376 8377 8391 8390
8397 8377 8378 8392 8391
8398 8378 8379 8393 8392
8399 8379 8380 8394 8393
8400 8380 7421 7420 8394
8591 8384 8385 8399 8398
8592 8383 8384 8398 8397
8593 8382 8383 8397 8396
8594 8381 8382 8396 8395
8595 7929 8381 8395 7930
8791 8389 8390 8404 8403
8792 8388 8389 8403 8402
8793 8387 8388 8402 8401
8794 8386 8387 8401 8400
8795 8385 8386 8400 8399
8996 8390 8391 8405 8404
8997 8391 8392 8406 8405
8998 8392 8393 8407 8406
8999 8393 8394 8408 8407
9000 8394 7420 7419 8408
9191 8398 8399 8413 8412
9192 8397 8398 8412 8411
9193 8396 8397 8411 8410
9194 8395 8396 8410 8409
9195 7930 8395 8409 7931
9391 8403 8404 8418 8417
9392 8402 8403 8417 8416
9393 8401 8402 8416 8415
9394 8400 8401 8415 8414
9395 8399 8400 8414 8413
9596 8404 8405 8419 8418
9597 8405 8406 8420 8419
9598 8406 8407 8421 8420
9599 8407 8408 8422 8421
9600 8408 7419 7418 8422
9791 8412 8413 8427 8426
9792 8411 8412 8426 8425
9793 8410 8411 8425 8424
9794 8409 8410 8424 8423
9795 7931 8409 8423 7932
9991 8417 8418 8432 8431
9992 8416 8417 8431 8430
9993 8415 8416 8430 8429
9994 8414 8415 8429 8428
9995 8413 8414 8428 8427
10196 8418 8419 8433 8432
10197 8419 8420 8434 8433
10198 8420 8421 8435 8434
10199 8421 8422 8436 8435
10200 8422 7418 7417 8436
10391 8426 8427 8441 8440
10392 8425 8426 8440 8439
10393 8424 8425 8439 8438
10394 8423 8424 8438 8437
10395 7932 8423 8437 7933
10591 8431 8432 8446 8445
10592 8430 8431 8445 8444
10593 8429 8430 8444 8443
10594 8428 8429 8443 8442
10595 8427 8428 8442 8441
10796 8432 8433 8447 8446
10797 8433 8434 8448 8447
10798 8434 8435 8449 8448
10799 8435 8436 8450 8449
10800 8436 7417 7416 8450
10991 8440 8441 8455 8454
10992 8439 8440 8454 8453
10993 8438 8439 8453 8452
10994 8437 8438 8452 8451
10995 7933 8437 8451 7934
11191 8445 8446 8460 8459
11192 8444 8445 8459 8458
11193 8443 8444 8458 8457
11194 8442 8443 8457 8456
11195 8441 8442 8456 8455
11396 8446 8447 8461 8460
11397 8447 8448 8462 8461
11398 8448 8449 8463 8462
11399 8449 8450 8464 8463
11400 8450 7416 7415 8464
11591 8454 8455 8334 8335
11592 8453 8454 8335 8336
11593 8452 8453 8336 8337
11594 8451 8452 8337 8338
11595 7934 8451 8338 7925
11791 8459 8460 8329 8330
11792 8458 8459 8330 8331
11793 8457 8458 8331 8332
11794 8456 8457 8332 8333
11795 8455 8456 8333 8334
11996 8460 8461 8328 8329
11997 8461 8462 8327 8328
11998 8462 8463 8326 8327
11999 8463 8464 8325 8326
12000 8464 7415 7375 8325
