       600
11401 13380 13379 13382 13381
11402 13383 13380 13381 13384
11403 13385 13383 13384 13386
11404 13387 13385 13386 13388
11405 13389 13387 13388 13390
11406 13381 13382 13392 13391
11407 13384 13381 13391 13393
11408 13386 13384 13393 13394
11409 13388 13386 13394 13395
11410 13390 13388 13395 13396
11411 13391 13392 13398 13397
11412 13393 13391 13397 13399
11413 13394 13393 13399 13400
11414 13395 13394 13400 13401
11415 13396 13395 13401 13402
11416 13397 13398 13404 13403
11417 13399 13397 13403 13405
11418 13400 13399 13405 13406
11419 13401 13400 13406 13407
11420 13402 13401 13407 13408
11421 13403 13404 13410 13409
11422 13405 13403 13409 13411
11423 13406 13405 13411 13412
11424 13407 13406 13412 13413
11425 13408 13407 13413 13414
11426 13409 13410 13416 13415
11427 13411 13409 13415 13417
11428 13412 13411 13417 13418
11429 13413 13412 13418 13419
11430 13414 13413 13419 13420
11431 13415 13416 13422 13421
11432 13417 13415 13421 13423
11433 13418 13417 13423 13424
11434 13419 13418 13424 13425
11435 13420 13419 13425 13426
11436 13421 13422 13428 13427
11437 13423 13421 13427 13429
11438 13424 13423 13429 13430
11439 13425 13424 13430 13431
11440 13426 13425 13431 13432
11441 13427 13428 13434 13433
11442 13429 13427 13433 13435
11443 13430 13429 13435 13436
11444 13431 13430 13436 13437
11445 13432 13431 13437 13438
11446 13433 13434 13440 13439
11447 13435 13433 13439 13441
11448 13436 13435 13441 13442
11449 13437 13436 13442 13443
11450 13438 13437 13443 13444
11451 13439 13440 13446 13445
11452 13441 13439 13445 13447
11453 13442 13441 13447 13448
11454 13443 13442 13448 13449
11455 13444 13443 13449 13450
11456 13445 13446 13452 13451
11457 13447 13445 13451 13453
11458 13448 13447 13453 13454
11459 13449 13448 13454 13455
11460 13450 13449 13455 13456
11461 13451 13452 13458 13457
11462 13453 13451 13457 13459
11463 13454 13453 13459 13460
11464 13455 13454 13460 13461
11465 13456 13455 13461 13462
11466 13457 13458 13464 13463
11467 13459 13457 13463 13465
11468 13460 13459 13465 13466
11469 13461 13460 13466 13467
11470 13462 13461 13467 13468
11471 13463 13464 13470 13469
11472 13465 13463 13469 13471
11473 13466 13465 13471 13472
11474 13467 13466 13472 13473
11475 13468 13467 13473 13474
11476 13469 13470 13476 13475
11477 13471 13469 13475 13477
11478 13472 13471 13477 13478
11479 13473 13472 13478 13479
11480 13474 13473 13479 13480
11481 13475 13476 13482 13481
11482 13477 13475 13481 13483
11483 13478 13477 13483 13484
11484 13479 13478 13484 13485
11485 13480 13479 13485 13486
11486 13481 13482 13488 13487
11487 13483 13481 13487 13489
11488 13484 13483 13489 13490
11489 13485 13484 13490 13491
11490 13486 13485 13491 13492
11491 13487 13488 13494 13493
11492 13489 13487 13493 13495
11493 13490 13489 13495 13496
11494 13491 13490 13496 13497
11495 13492 13491 13497 13498
11496 13493 13494 13500 13499
11497 13495 13493 13499 13501
11498 13496 13495 13501 13502
11499 13497 13496 13502 13503
11500 13498 13497 13503 13504
11501 13499 13500 13506 13505
11502 13501 13499 13505 13507
11503 13502 13501 13507 13508
11504 13503 13502 13508 13509
11505 13504 13503 13509 13510
11506 13505 13506 13512 13511
11507 13507 13505 13511 13513
11508 13508 13507 13513 13514
11509 13509 13508 13514 13515
11510 13510 13509 13515 13516
11511 13511 13512 13518 13517
11512 13513 13511 13517 13519
11513 13514 13513 13519 13520
11514 13515 13514 13520 13521
11515 13516 13515 13521 13522
11516 13517 13518 13524 13523
11517 13519 13517 13523 13525
11518 13520 13519 13525 13526
11519 13521 13520 13526 13527
11520 13522 13521 13527 13528
11521 13523 13524 13530 13529
11522 13525 13523 13529 13531
11523 13526 13525 13531 13532
11524 13527 13526 13532 13533
11525 13528 13527 13533 13534
11526 13529 13530 13536 13535
11527 13531 13529 13535 13537
11528 13532 13531 13537 13538
11529 13533 13532 13538 13539
11530 13534 13533 13539 13540
11531 13535 13536 13542 13541
11532 13537 13535 13541 13543
11533 13538 13537 13543 13544
11534 13539 13538 13544 13545
11535 13540 13539 13545 13546
11536 13541 13542 13548 13547
11537 13543 13541 13547 13549
11538 13544 13543 13549 13550
11539 13545 13544 13550 13551
11540 13546 13545 13551 13552
11541 13547 13548 13554 13553
11542 13549 13547 13553 13555
11543 13550 13549 13555 13556
11544 13551 13550 13556 13557
11545 13552 13551 13557 13558
11546 13553 13554 13560 13559
11547 13555 13553 13559 13561
11548 13556 13555 13561 13562
11549 13557 13556 13562 13563
11550 13558 13557 13563 13564
11551 13559 13560 13566 13565
11552 13561 13559 13565 13567
11553 13562 13561 13567 13568
11554 13563 13562 13568 13569
11555 13564 13563 13569 13570
11556 13565 13566 13572 13571
11557 13567 13565 13571 13573
11558 13568 13567 13573 13574
11559 13569 13568 13574 13575
11560 13570 13569 13575 13576
11561 13571 13572 13578 13577
11562 13573 13571 13577 13579
11563 13574 13573 13579 13580
11564 13575 13574 13580 13581
11565 13576 13575 13581 13582
11566 13577 13578 13584 13583
11567 13579 13577 13583 13585
11568 13580 13579 13585 13586
11569 13581 13580 13586 13587
11570 13582 13581 13587 13588
11571 13583 13584 13590 13589
11572 13585 13583 13589 13591
11573 13586 13585 13591 13592
11574 13587 13586 13592 13593
11575 13588 13587 13593 13594
11576 13589 13590 13596 13595
11577 13591 13589 13595 13597
11578 13592 13591 13597 13598
11579 13593 13592 13598 13599
11580 13594 13593 13599 13600
11581 13595 13596 13602 13601
11582 13597 13595 13601 13603
11583 13598 13597 13603 13604
11584 13599 13598 13604 13605
11585 13600 13599 13605 13606
11586 13601 13602 13608 13607
11587 13603 13601 13607 13609
11588 13604 13603 13609 13610
11589 13605 13604 13610 13611
11590 13606 13605 13611 13612
11591 8335 8334 13608 13613
11592 8336 8335 13613 13614
11593 8337 8336 13614 13615
11594 8338 8337 13615 13616
11595 7925 8338 13616 7935
11596 13613 13608 13602 13617
11597 13614 13613 13617 13618
11598 13615 13614 13618 13619
11599 13616 13615 13619 13620
11600 7935 13616 13620 7936
11601 13617 13602 13596 13621
11602 13618 13617 13621 13622
11603 13619 13618 13622 13623
11604 13620 13619 13623 13624
11605 7936 13620 13624 7937
11606 13621 13596 13590 13625
11607 13622 13621 13625 13626
11608 13623 13622 13626 13627
11609 13624 13623 13627 13628
11610 7937 13624 13628 7938
11611 13625 13590 13584 13629
11612 13626 13625 13629 13630
11613 13627 13626 13630 13631
11614 13628 13627 13631 13632
11615 7938 13628 13632 7939
11616 13629 13584 13578 13633
11617 13630 13629 13633 13634
11618 13631 13630 13634 13635
11619 13632 13631 13635 13636
11620 7939 13632 13636 7940
11621 13633 13578 13572 13637
11622 13634 13633 13637 13638
11623 13635 13634 13638 13639
11624 13636 13635 13639 13640
11625 7940 13636 13640 7941
11626 13637 13572 13566 13641
11627 13638 13637 13641 13642
11628 13639 13638 13642 13643
11629 13640 13639 13643 13644
11630 7941 13640 13644 7942
11631 13641 13566 13560 13645
11632 13642 13641 13645 13646
11633 13643 13642 13646 13647
11634 13644 13643 13647 13648
11635 7942 13644 13648 7943
11636 13645 13560 13554 13649
11637 13646 13645 13649 13650
11638 13647 13646 13650 13651
11639 13648 13647 13651 13652
11640 7943 13648 13652 7944
11641 13649 13554 13548 13653
11642 13650 13649 13653 13654
11643 13651 13650 13654 13655
11644 13652 13651 13655 13656
11645 7944 13652 13656 7945
11646 13653 13548 13542 13657
11647 13654 13653 13657 13658
11648 13655 13654 13658 13659
11649 13656 13655 13659 13660
11650 7945 13656 13660 7946
11651 13657 13542 13536 13661
11652 13658 13657 13661 13662
11653 13659 13658 13662 13663
11654 13660 13659 13663 13664
11655 7946 13660 13664 7947
11656 13661 13536 13530 13665
11657 13662 13661 13665 13666
11658 13663 13662 13666 13667
11659 13664 13663 13667 13668
11660 7947 13664 13668 7948
11661 13665 13530 13524 13669
11662 13666 13665 13669 13670
11663 13667 13666 13670 13671
11664 13668 13667 13671 13672
11665 7948 13668 13672 7949
11666 13669 13524 13518 13673
11667 13670 13669 13673 13674
11668 13671 13670 13674 13675
11669 13672 13671 13675 13676
11670 7949 13672 13676 7950
11671 13673 13518 13512 13677
11672 13674 13673 13677 13678
11673 13675 13674 13678 13679
11674 13676 13675 13679 13680
11675 7950 13676 13680 7951
11676 13677 13512 13506 13681
11677 13678 13677 13681 13682
11678 13679 13678 13682 13683
11679 13680 13679 13683 13684
11680 7951 13680 13684 7952
11681 13681 13506 13500 13685
11682 13682 13681 13685 13686
11683 13683 13682 13686 13687
11684 13684 13683 13687 13688
11685 7952 13684 13688 7953
11686 13685 13500 13494 13689
11687 13686 13685 13689 13690
11688 13687 13686 13690 13691
11689 13688 13687 13691 13692
11690 7953 13688 13692 7954
11691 13689 13494 13488 13693
11692 13690 13689 13693 13694
11693 13691 13690 13694 13695
11694 13692 13691 13695 13696
11695 7954 13692 13696 7955
11696 13693 13488 13482 13697
11697 13694 13693 13697 13698
11698 13695 13694 13698 13699
11699 13696 13695 13699 13700
11700 7955 13696 13700 7956
11701 13697 13482 13476 13701
11702 13698 13697 13701 13702
11703 13699 13698 13702 13703
11704 13700 13699 13703 13704
11705 7956 13700 13704 7957
11706 13701 13476 13470 13705
11707 13702 13701 13705 13706
11708 13703 13702 13706 13707
11709 13704 13703 13707 13708
11710 7957 13704 13708 7958
11711 13705 13470 13464 13709
11712 13706 13705 13709 13710
11713 13707 13706 13710 13711
11714 13708 13707 13711 13712
11715 7958 13708 13712 7959
11716 13709 13464 13458 13713
11717 13710 13709 13713 13714
11718 13711 13710 13714 13715
11719 13712 13711 13715 13716
11720 7959 13712 13716 7960
11721 13713 13458 13452 13717
11722 13714 13713 13717 13718
11723 13715 13714 13718 13719
11724 13716 13715 13719 13720
11725 7960 13716 13720 7961
11726 13717 13452 13446 13721
11727 13718 13717 13721 13722
11728 13719 13718 13722 13723
11729 13720 13719 13723 13724
11730 7961 13720 13724 7962
11731 13721 13446 13440 13725
11732 13722 13721 13725 13726
11733 13723 13722 13726 13727
11734 13724 13723 13727 13728
11735 7962 13724 13728 7963
11736 13725 13440 13434 13729
11737 13726 13725 13729 13730
11738 13727 13726 13730 13731
11739 13728 13727 13731 13732
11740 7963 13728 13732 7964
11741 13729 13434 13428 13733
11742 13730 13729 13733 13734
11743 13731 13730 13734 13735
11744 13732 13731 13735 13736
11745 7964 13732 13736 7965
11746 13733 13428 13422 13737
11747 13734 13733 13737 13738
11748 13735 13734 13738 13739
11749 13736 13735 13739 13740
11750 7965 13736 13740 7966
11751 13737 13422 13416 13741
11752 13738 13737 13741 13742
11753 13739 13738 13742 13743
11754 13740 13739 13743 13744
11755 7966 13740 13744 7967
11756 13741 13416 13410 13745
11757 13742 13741 13745 13746
11758 13743 13742 13746 13747
11759 13744 13743 13747 13748
11760 7967 13744 13748 7968
11761 13745 13410 13404 13749
11762 13746 13745 13749 13750
11763 13747 13746 13750 13751
11764 13748 13747 13751 13752
11765 7968 13748 13752 7969
11766 13749 13404 13398 13753
11767 13750 13749 13753 13754
11768 13751 13750 13754 13755
11769 13752 13751 13755 13756
11770 7969 13752 13756 7970
11771 13753 13398 13392 13757
11772 13754 13753 13757 13758
11773 13755 13754 13758 13759
11774 13756 13755 13759 13760
11775 7970 13756 13760 7971
11776 13757 13392 13382 13761
11777 13758 13757 13761 13762
11778 13759 13758 13762 13763
11779 13760 13759 13763 13764
11780 7971 13760 13764 7972
11781 13761 13382 13379 13765
11782 13762 13761 13765 13766
11783 13763 13762 13766 13767
11784 13764 13763 13767 13768
11785 7972 13764 13768 7973
11786 13765 13379 7794 7795
11787 13766 13765 7795 7796
11788 13767 13766 7796 7797
11789 13768 13767 7797 7798
11790 7973 13768 7798 7775
11791 8330 8329 13612 13611
11792 8331 8330 13611 13610
11793 8332 8331 13610 13609
11794 8333 8332 13609 13607
11795 8334 8333 13607 13608
11796 13387 13389 7789 7790
11797 13385 13387 7790 7791
11798 13383 13385 7791 7792
11799 13380 13383 7792 7793
11800 13379 13380 7793 7794
11801 7788 7789 13389 13769
11802 7787 7788 13769 13770
11803 7786 7787 13770 13771
11804 7785 7786 13771 13772
11805 7365 7785 13772 7376
11806 13769 13389 13390 13773
11807 13770 13769 13773 13774
11808 13771 13770 13774 13775
11809 13772 13771 13775 13776
11810 7376 13772 13776 7377
11811 13773 13390 13396 13777
11812 13774 13773 13777 13778
11813 13775 13774 13778 13779
11814 13776 13775 13779 13780
11815 7377 13776 13780 7378
11816 13777 13396 13402 13781
11817 13778 13777 13781 13782
11818 13779 13778 13782 13783
11819 13780 13779 13783 13784
11820 7378 13780 13784 7379
11821 13781 13402 13408 13785
11822 13782 13781 13785 13786
11823 13783 13782 13786 13787
11824 13784 13783 13787 13788
11825 7379 13784 13788 7380
11826 13785 13408 13414 13789
11827 13786 13785 13789 13790
11828 13787 13786 13790 13791
11829 13788 13787 13791 13792
11830 7380 13788 13792 7381
11831 13789 13414 13420 13793
11832 13790 13789 13793 13794
11833 13791 13790 13794 13795
11834 13792 13791 13795 13796
11835 7381 13792 13796 7382
11836 13793 13420 13426 13797
11837 13794 13793 13797 13798
11838 13795 13794 13798 13799
11839 13796 13795 13799 13800
11840 7382 13796 13800 7383
11841 13797 13426 13432 13801
11842 13798 13797 13801 13802
11843 13799 13798 13802 13803
11844 13800 13799 13803 13804
11845 7383 13800 13804 7384
11846 13801 13432 13438 13805
11847 13802 13801 13805 13806
11848 13803 13802 13806 13807
11849 13804 13803 13807 13808
11850 7384 13804 13808 7385
11851 13805 13438 13444 13809
11852 13806 13805 13809 13810
11853 13807 13806 13810 13811
11854 13808 13807 13811 13812
11855 7385 13808 13812 7386
11856 13809 13444 13450 13813
11857 13810 13809 13813 13814
11858 13811 13810 13814 13815
11859 13812 13811 13815 13816
11860 7386 13812 13816 7387
11861 13813 13450 13456 13817
11862 13814 13813 13817 13818
11863 13815 13814 13818 13819
11864 13816 13815 13819 13820
11865 7387 13816 13820 7388
11866 13817 13456 13462 13821
11867 13818 13817 13821 13822
11868 13819 13818 13822 13823
11869 13820 13819 13823 13824
11870 7388 13820 13824 7389
11871 13821 13462 13468 13825
11872 13822 13821 13825 13826
11873 13823 13822 13826 13827
11874 13824 13823 13827 13828
11875 7389 13824 13828 7390
11876 13825 13468 13474 13829
11877 13826 13825 13829 13830
11878 13827 13826 13830 13831
11879 13828 13827 13831 13832
11880 7390 13828 13832 7391
11881 13829 13474 13480 13833
11882 13830 13829 13833 13834
11883 13831 13830 13834 13835
11884 13832 13831 13835 13836
11885 7391 13832 13836 7392
11886 13833 13480 13486 13837
11887 13834 13833 13837 13838
11888 13835 13834 13838 13839
11889 13836 13835 13839 13840
11890 7392 13836 13840 7393
11891 13837 13486 13492 13841
11892 13838 13837 13841 13842
11893 13839 13838 13842 13843
11894 13840 13839 13843 13844
11895 7393 13840 13844 7394
11896 13841 13492 13498 13845
11897 13842 13841 13845 13846
11898 13843 13842 13846 13847
11899 13844 13843 13847 13848
11900 7394 13844 13848 7395
11901 13845 13498 13504 13849
11902 13846 13845 13849 13850
11903 13847 13846 13850 13851
11904 13848 13847 13851 13852
11905 7395 13848 13852 7396
11906 13849 13504 13510 13853
11907 13850 13849 13853 13854
11908 13851 13850 13854 13855
11909 13852 13851 13855 13856
11910 7396 13852 13856 7397
11911 13853 13510 13516 13857
11912 13854 13853 13857 13858
11913 13855 13854 13858 13859
11914 13856 13855 13859 13860
11915 7397 13856 13860 7398
11916 13857 13516 13522 13861
11917 13858 13857 13861 13862
11918 13859 13858 13862 13863
11919 13860 13859 13863 13864
11920 7398 13860 13864 7399
11921 13861 13522 13528 13865
11922 13862 13861 13865 13866
11923 13863 13862 13866 13867
11924 13864 13863 13867 13868
11925 7399 13864 13868 7400
11926 13865 13528 13534 13869
11927 13866 13865 13869 13870
11928 13867 13866 13870 13871
11929 13868 13867 13871 13872
11930 7400 13868 13872 7401
11931 13869 13534 13540 13873
11932 13870 13869 13873 13874
11933 13871 13870 13874 13875
11934 13872 13871 13875 13876
11935 7401 13872 13876 7402
11936 13873 13540 13546 13877
11937 13874 13873 13877 13878
11938 13875 13874 13878 13879
11939 13876 13875 13879 13880
11940 7402 13876 13880 7403
11941 13877 13546 13552 13881
11942 13878 13877 13881 13882
11943 13879 13878 13882 13883
11944 13880 13879 13883 13884
11945 7403 13880 13884 7404
11946 13881 13552 13558 13885
11947 13882 13881 13885 13886
11948 13883 13882 13886 13887
11949 13884 13883 13887 13888
11950 7404 13884 13888 7405
11951 13885 13558 13564 13889
11952 13886 13885 13889 13890
11953 13887 13886 13890 13891
11954 13888 13887 13891 13892
11955 7405 13888 13892 7406
11956 13889 13564 13570 13893
11957 13890 13889 13893 13894
11958 13891 13890 13894 13895
11959 13892 13891 13895 13896
11960 7406 13892 13896 7407
11961 13893 13570 13576 13897
11962 13894 13893 13897 13898
11963 13895 13894 13898 13899
11964 13896 13895 13899 13900
11965 7407 13896 13900 7408
11966 13897 13576 13582 13901
11967 13898 13897 13901 13902
11968 13899 13898 13902 13903
11969 13900 13899 13903 13904
11970 7408 13900 13904 7409
11971 13901 13582 13588 13905
11972 13902 13901 13905 13906
11973 13903 13902 13906 13907
11974 13904 13903 13907 13908
11975 7409 13904 13908 7410
11976 13905 13588 13594 13909
11977 13906 13905 13909 13910
11978 13907 13906 13910 13911
11979 13908 13907 13911 13912
11980 7410 13908 13912 7411
11981 13909 13594 13600 13913
11982 13910 13909 13913 13914
11983 13911 13910 13914 13915
11984 13912 13911 13915 13916
11985 7411 13912 13916 7412
11986 13913 13600 13606 13917
11987 13914 13913 13917 13918
11988 13915 13914 13918 13919
11989 13916 13915 13919 13920
11990 7412 13916 13920 7413
11991 13917 13606 13612 13921
11992 13918 13917 13921 13922
11993 13919 13918 13922 13923
11994 13920 13919 13923 13924
11995 7413 13920 13924 7414
11996 13921 13612 8329 8328
11997 13922 13921 8328 8327
11998 13923 13922 8327 8326
11999 13924 13923 8326 8325
12000 7414 13924 8325 7375
