       800
405 276 330 716 715
410 330 329 717 716
415 329 328 718 717
420 328 327 719 718
425 327 326 720 719
430 326 325 721 720
435 325 324 722 721
440 324 323 723 722
445 323 322 724 723
450 322 321 725 724
455 321 320 726 725
460 320 319 727 726
465 319 318 728 727
470 318 317 729 728
475 317 316 730 729
480 316 315 731 730
485 315 314 732 731
490 314 313 733 732
495 313 312 734 733
500 312 311 735 734
505 311 310 736 735
510 310 309 737 736
515 309 308 738 737
520 308 307 739 738
525 307 306 740 739
530 306 305 741 740
535 305 304 742 741
540 304 303 743 742
545 303 302 744 743
550 302 301 745 744
555 301 300 746 745
560 300 299 747 746
565 299 298 748 747
570 298 297 749 748
575 297 296 750 749
580 296 295 751 750
585 295 294 752 751
590 294 293 753 752
595 293 292 754 753
600 292 291 658 754
1005 715 716 755 714
1010 716 717 756 755
1015 717 718 757 756
1020 718 719 758 757
1025 719 720 759 758
1030 720 721 760 759
1035 721 722 761 760
1040 722 723 762 761
1045 723 724 763 762
1050 724 725 764 763
1055 725 726 765 764
1060 726 727 766 765
1065 727 728 767 766
1070 728 729 768 767
1075 729 730 769 768
1080 730 731 770 769
1085 731 732 771 770
1090 732 733 772 771
1095 733 734 773 772
1100 734 735 774 773
1105 735 736 775 774
1110 736 737 776 775
1115 737 738 777 776
1120 738 739 778 777
1125 739 740 779 778
1130 740 741 780 779
1135 741 742 781 780
1140 742 743 782 781
1145 743 744 783 782
1150 744 745 784 783
1155 745 746 785 784
1160 746 747 786 785
1165 747 748 787 786
1170 748 749 788 787
1175 749 750 789 788
1180 750 751 790 789
1185 751 752 791 790
1190 752 753 792 791
1195 753 754 793 792
1200 754 658 659 793
1605 714 755 794 713
1610 755 756 795 794
1615 756 757 796 795
1620 757 758 797 796
1625 758 759 798 797
1630 759 760 799 798
1635 760 761 800 799
1640 761 762 801 800
1645 762 763 802 801
1650 763 764 803 802
1655 764 765 804 803
1660 765 766 805 804
1665 766 767 806 805
1670 767 768 807 806
1675 768 769 808 807
1680 769 770 809 808
1685 770 771 810 809
1690 771 772 811 810
1695 772 773 812 811
1700 773 774 813 812
1705 774 775 814 813
1710 775 776 815 814
1715 776 777 816 815
1720 777 778 817 816
1725 778 779 818 817
1730 779 780 819 818
1735 780 781 820 819
1740 781 782 821 820
1745 782 783 822 821
1750 783 784 823 822
1755 784 785 824 823
1760 785 786 825 824
1765 786 787 826 825
1770 787 788 827 826
1775 788 789 828 827
1780 789 790 829 828
1785 790 791 830 829
1790 791 792 831 830
1795 792 793 832 831
1800 793 659 660 832
2205 713 794 833 712
2210 794 795 834 833
2215 795 796 835 834
2220 796 797 836 835
2225 797 798 837 836
2230 798 799 838 837
2235 799 800 839 838
2240 800 801 840 839
2245 801 802 841 840
2250 802 803 842 841
2255 803 804 843 842
2260 804 805 844 843
2265 805 806 845 844
2270 806 807 846 845
2275 807 808 847 846
2280 808 809 848 847
2285 809 810 849 848
2290 810 811 850 849
2295 811 812 851 850
2300 812 813 852 851
2305 813 814 853 852
2310 814 815 854 853
2315 815 816 855 854
2320 816 817 856 855
2325 817 818 857 856
2330 818 819 858 857
2335 819 820 859 858
2340 820 821 860 859
2345 821 822 861 860
2350 822 823 862 861
2355 823 824 863 862
2360 824 825 864 863
2365 825 826 865 864
2370 826 827 866 865
2375 827 828 867 866
2380 828 829 868 867
2385 829 830 869 868
2390 830 831 870 869
2395 831 832 871 870
2400 832 660 661 871
2805 712 833 872 711
2810 833 834 873 872
2815 834 835 874 873
2820 835 836 875 874
2825 836 837 876 875
2830 837 838 877 876
2835 838 839 878 877
2840 839 840 879 878
2845 840 841 880 879
2850 841 842 881 880
2855 842 843 882 881
2860 843 844 883 882
2865 844 845 884 883
2870 845 846 885 884
2875 846 847 886 885
2880 847 848 887 886
2885 848 849 888 887
2890 849 850 889 888
2895 850 851 890 889
2900 851 852 891 890
2905 852 853 892 891
2910 853 854 893 892
2915 854 855 894 893
2920 855 856 895 894
2925 856 857 896 895
2930 857 858 897 896
2935 858 859 898 897
2940 859 860 899 898
2945 860 861 900 899
2950 861 862 901 900
2955 862 863 902 901
2960 863 864 903 902
2965 864 865 904 903
2970 865 866 905 904
2975 866 867 906 905
2980 867 868 907 906
2985 868 869 908 907
2990 869 870 909 908
2995 870 871 910 909
3000 871 661 662 910
3405 711 872 911 710
3410 872 873 912 911
3415 873 874 913 912
3420 874 875 914 913
3425 875 876 915 914
3430 876 877 916 915
3435 877 878 917 916
3440 878 879 918 917
3445 879 880 919 918
3450 880 881 920 919
3455 881 882 921 920
3460 882 883 922 921
3465 883 884 923 922
3470 884 885 924 923
3475 885 886 925 924
3480 886 887 926 925
3485 887 888 927 926
3490 888 889 928 927
3495 889 890 929 928
3500 890 891 930 929
3505 891 892 931 930
3510 892 893 932 931
3515 893 894 933 932
3520 894 895 934 933
3525 895 896 935 934
3530 896 897 936 935
3535 897 898 937 936
3540 898 899 938 937
3545 899 900 939 938
3550 900 901 940 939
3555 901 902 941 940
3560 902 903 942 941
3565 903 904 943 942
3570 904 905 944 943
3575 905 906 945 944
3580 906 907 946 945
3585 907 908 947 946
3590 908 909 948 947
3595 909 910 949 948
3600 910 662 663 949
4005 710 911 950 709
4010 911 912 951 950
4015 912 913 952 951
4020 913 914 953 952
4025 914 915 954 953
4030 915 916 955 954
4035 916 917 956 955
4040 917 918 957 956
4045 918 919 958 957
4050 919 920 959 958
4055 920 921 960 959
4060 921 922 961 960
4065 922 923 962 961
4070 923 924 963 962
4075 924 925 964 963
4080 925 926 965 964
4085 926 927 966 965
4090 927 928 967 966
4095 928 929 968 967
4100 929 930 969 968
4105 930 931 970 969
4110 931 932 971 970
4115 932 933 972 971
4120 933 934 973 972
4125 934 935 974 973
4130 935 936 975 974
4135 936 937 976 975
4140 937 938 977 976
4145 938 939 978 977
4150 939 940 979 978
4155 940 941 980 979
4160 941 942 981 980
4165 942 943 982 981
4170 943 944 983 982
4175 944 945 984 983
4180 945 946 985 984
4185 946 947 986 985
4190 947 948 987 986
4195 948 949 988 987
4200 949 663 664 988
4605 709 950 989 708
4610 950 951 990 989
4615 951 952 991 990
4620 952 953 992 991
4625 953 954 993 992
4630 954 955 994 993
4635 955 956 995 994
4640 956 957 996 995
4645 957 958 997 996
4650 958 959 998 997
4655 959 960 999 998
4660 960 961 1000 999
4665 961 962 1001 1000
4670 962 963 1002 1001
4675 963 964 1003 1002
4680 964 965 1004 1003
4685 965 966 1005 1004
4690 966 967 1006 1005
4695 967 968 1007 1006
4700 968 969 1008 1007
4705 969 970 1009 1008
4710 970 971 1010 1009
4715 971 972 1011 1010
4720 972 973 1012 1011
4725 973 974 1013 1012
4730 974 975 1014 1013
4735 975 976 1015 1014
4740 976 977 1016 1015
4745 977 978 1017 1016
4750 978 979 1018 1017
4755 979 980 1019 1018
4760 980 981 1020 1019
4765 981 982 1021 1020
4770 982 983 1022 1021
4775 983 984 1023 1022
4780 984 985 1024 1023
4785 985 986 1025 1024
4790 986 987 1026 1025
4795 987 988 1027 1026
4800 988 664 665 1027
5205 708 989 1028 707
5210 989 990 1029 1028
5215 990 991 1030 1029
5220 991 992 1031 1030
5225 992 993 1032 1031
5230 993 994 1033 1032
5235 994 995 1034 1033
5240 995 996 1035 1034
5245 996 997 1036 1035
5250 997 998 1037 1036
5255 998 999 1038 1037
5260 999 1000 1039 1038
5265 1000 1001 1040 1039
5270 1001 1002 1041 1040
5275 1002 1003 1042 1041
5280 1003 1004 1043 1042
5285 1004 1005 1044 1043
5290 1005 1006 1045 1044
5295 1006 1007 1046 1045
5300 1007 1008 1047 1046
5305 1008 1009 1048 1047
5310 1009 1010 1049 1048
5315 1010 1011 1050 1049
5320 1011 1012 1051 1050
5325 1012 1013 1052 1051
5330 1013 1014 1053 1052
5335 1014 1015 1054 1053
5340 1015 1016 1055 1054
5345 1016 1017 1056 1055
5350 1017 1018 1057 1056
5355 1018 1019 1058 1057
5360 1019 1020 1059 1058
5365 1020 1021 1060 1059
5370 1021 1022 1061 1060
5375 1022 1023 1062 1061
5380 1023 1024 1063 1062
5385 1024 1025 1064 1063
5390 1025 1026 1065 1064
5395 1026 1027 1066 1065
5400 1027 665 666 1066
5805 707 1028 706 667
5810 1028 1029 705 706
5815 1029 1030 704 705
5820 1030 1031 703 704
5825 1031 1032 702 703
5830 1032 1033 701 702
5835 1033 1034 700 701
5840 1034 1035 699 700
5845 1035 1036 698 699
5850 1036 1037 697 698
5855 1037 1038 696 697
5860 1038 1039 695 696
5865 1039 1040 694 695
5870 1040 1041 693 694
5875 1041 1042 692 693
5880 1042 1043 691 692
5885 1043 1044 690 691
5890 1044 1045 689 690
5895 1045 1046 688 689
5900 1046 1047 687 688
5905 1047 1048 686 687
5910 1048 1049 685 686
5915 1049 1050 684 685
5920 1050 1051 683 684
5925 1051 1052 682 683
5930 1052 1053 681 682
5935 1053 1054 680 681
5940 1054 1055 679 680
5945 1055 1056 678 679
5950 1056 1057 677 678
5955 1057 1058 676 677
5960 1058 1059 675 676
5965 1059 1060 674 675
5970 1060 1061 673 674
5975 1061 1062 672 673
5980 1062 1063 671 672
5985 1063 1064 670 671
5990 1064 1065 669 670
5995 1065 1066 668 669
6000 1066 666 657 668
6405 330 276 7366 7462
6410 329 330 7462 7461
6415 328 329 7461 7460
6420 327 328 7460 7459
6425 326 327 7459 7458
6430 325 326 7458 7457
6435 324 325 7457 7456
6440 323 324 7456 7455
6445 322 323 7455 7454
6450 321 322 7454 7453
6455 320 321 7453 7452
6460 319 320 7452 7451
6465 318 319 7451 7450
6470 317 318 7450 7449
6475 316 317 7449 7448
6480 315 316 7448 7447
6485 314 315 7447 7446
6490 313 314 7446 7445
6495 312 313 7445 7444
6500 311 312 7444 7443
6505 310 311 7443 7442
6510 309 310 7442 7441
6515 308 309 7441 7440
6520 307 308 7440 7439
6525 306 307 7439 7438
6530 305 306 7438 7437
6535 304 305 7437 7436
6540 303 304 7436 7435
6545 302 303 7435 7434
6550 301 302 7434 7433
6555 300 301 7433 7432
6560 299 300 7432 7431
6565 298 299 7431 7430
6570 297 298 7430 7429
6575 296 297 7429 7428
6580 295 296 7428 7427
6585 294 295 7427 7426
6590 293 294 7426 7425
6595 292 293 7425 7424
6600 291 292 7424 7423
7005 7462 7366 7367 7501
7010 7461 7462 7501 7500
7015 7460 7461 7500 7499
7020 7459 7460 7499 7498
7025 7458 7459 7498 7497
7030 7457 7458 7497 7496
7035 7456 7457 7496 7495
7040 7455 7456 7495 7494
7045 7454 7455 7494 7493
7050 7453 7454 7493 7492
7055 7452 7453 7492 7491
7060 7451 7452 7491 7490
7065 7450 7451 7490 7489
7070 7449 7450 7489 7488
7075 7448 7449 7488 7487
7080 7447 7448 7487 7486
7085 7446 7447 7486 7485
7090 7445 7446 7485 7484
7095 7444 7445 7484 7483
7100 7443 7444 7483 7482
7105 7442 7443 7482 7481
7110 7441 7442 7481 7480
7115 7440 7441 7480 7479
7120 7439 7440 7479 7478
7125 7438 7439 7478 7477
7130 7437 7438 7477 7476
7135 7436 7437 7476 7475
7140 7435 7436 7475 7474
7145 7434 7435 7474 7473
7150 7433 7434 7473 7472
7155 7432 7433 7472 7471
7160 7431 7432 7471 7470
7165 7430 7431 7470 7469
7170 7429 7430 7469 7468
7175 7428 7429 7468 7467
7180 7427 7428 7467 7466
7185 7426 7427 7466 7465
7190 7425 7426 7465 7464
7195 7424 7425 7464 7463
7200 7423 7424 7463 7422
7605 7501 7367 7368 7540
7610 7500 7501 7540 7539
7615 7499 7500 7539 7538
7620 7498 7499 7538 7537
7625 7497 7498 7537 7536
7630 7496 7497 7536 7535
7635 7495 7496 7535 7534
7640 7494 7495 7534 7533
7645 7493 7494 7533 7532
7650 7492 7493 7532 7531
7655 7491 7492 7531 7530
7660 7490 7491 7530 7529
7665 7489 7490 7529 7528
7670 7488 7489 7528 7527
7675 7487 7488 7527 7526
7680 7486 7487 7526 7525
7685 7485 7486 7525 7524
7690 7484 7485 7524 7523
7695 7483 7484 7523 7522
7700 7482 7483 7522 7521
7705 7481 7482 7521 7520
7710 7480 7481 7520 7519
7715 7479 7480 7519 7518
7720 7478 7479 7518 7517
7725 7477 7478 7517 7516
7730 7476 7477 7516 7515
7735 7475 7476 7515 7514
7740 7474 7475 7514 7513
7745 7473 7474 7513 7512
7750 7472 7473 7512 7511
7755 7471 7472 7511 7510
7760 7470 7471 7510 7509
7765 7469 7470 7509 7508
7770 7468 7469 7508 7507
7775 7467 7468 7507 7506
7780 7466 7467 7506 7505
7785 7465 7466 7505 7504
7790 7464 7465 7504 7503
7795 7463 7464 7503 7502
7800 7422 7463 7502 7421
8205 7540 7368 7369 7579
8210 7539 7540 7579 7578
8215 7538 7539 7578 7577
8220 7537 7538 7577 7576
8225 7536 7537 7576 7575
8230 7535 7536 7575 7574
8235 7534 7535 7574 7573
8240 7533 7534 7573 7572
8245 7532 7533 7572 7571
8250 7531 7532 7571 7570
8255 7530 7531 7570 7569
8260 7529 7530 7569 7568
8265 7528 7529 7568 7567
8270 7527 7528 7567 7566
8275 7526 7527 7566 7565
8280 7525 7526 7565 7564
8285 7524 7525 7564 7563
8290 7523 7524 7563 7562
8295 7522 7523 7562 7561
8300 7521 7522 7561 7560
8305 7520 7521 7560 7559
8310 7519 7520 7559 7558
8315 7518 7519 7558 7557
8320 7517 7518 7557 7556
8325 7516 7517 7556 7555
8330 7515 7516 7555 7554
8335 7514 7515 7554 7553
8340 7513 7514 7553 7552
8345 7512 7513 7552 7551
8350 7511 7512 7551 7550
8355 7510 7511 7550 7549
8360 7509 7510 7549 7548
8365 7508 7509 7548 7547
8370 7507 7508 7547 7546
8375 7506 7507 7546 7545
8380 7505 7506 7545 7544
8385 7504 7505 7544 7543
8390 7503 7504 7543 7542
8395 7502 7503 7542 7541
8400 7421 7502 7541 7420
8805 7579 7369 7370 7618
8810 7578 7579 7618 7617
8815 7577 7578 7617 7616
8820 7576 7577 7616 7615
8825 7575 7576 7615 7614
8830 7574 7575 7614 7613
8835 7573 7574 7613 7612
8840 7572 7573 7612 7611
8845 7571 7572 7611 7610
8850 7570 7571 7610 7609
8855 7569 7570 7609 7608
8860 7568 7569 7608 7607
8865 7567 7568 7607 7606
8870 7566 7567 7606 7605
8875 7565 7566 7605 7604
8880 7564 7565 7604 7603
8885 7563 7564 7603 7602
8890 7562 7563 7602 7601
8895 7561 7562 7601 7600
8900 7560 7561 7600 7599
8905 7559 7560 7599 7598
8910 7558 7559 7598 7597
8915 7557 7558 7597 7596
8920 7556 7557 7596 7595
8925 7555 7556 7595 7594
8930 7554 7555 7594 7593
8935 7553 7554 7593 7592
8940 7552 7553 7592 7591
8945 7551 7552 7591 7590
8950 7550 7551 7590 7589
8955 7549 7550 7589 7588
8960 7548 7549 7588 7587
8965 7547 7548 7587 7586
8970 7546 7547 7586 7585
8975 7545 7546 7585 7584
8980 7544 7545 7584 7583
8985 7543 7544 7583 7582
8990 7542 7543 7582 7581
8995 7541 7542 7581 7580
9000 7420 7541 7580 7419
9405 7618 7370 7371 7657
9410 7617 7618 7657 7656
9415 7616 7617 7656 7655
9420 7615 7616 7655 7654
9425 7614 7615 7654 7653
9430 7613 7614 7653 7652
9435 7612 7613 7652 7651
9440 7611 7612 7651 7650
9445 7610 7611 7650 7649
9450 7609 7610 7649 7648
9455 7608 7609 7648 7647
9460 7607 7608 7647 7646
9465 7606 7607 7646 7645
9470 7605 7606 7645 7644
9475 7604 7605 7644 7643
9480 7603 7604 7643 7642
9485 7602 7603 7642 7641
9490 7601 7602 7641 7640
9495 7600 7601 7640 7639
9500 7599 7600 7639 7638
9505 7598 7599 7638 7637
9510 7597 7598 7637 7636
9515 7596 7597 7636 7635
9520 7595 7596 7635 7634
9525 7594 7595 7634 7633
9530 7593 7594 7633 7632
9535 7592 7593 7632 7631
9540 7591 7592 7631 7630
9545 7590 7591 7630 7629
9550 7589 7590 7629 7628
9555 7588 7589 7628 7627
9560 7587 7588 7627 7626
9565 7586 7587 7626 7625
9570 7585 7586 7625 7624
9575 7584 7585 7624 7623
9580 7583 7584 7623 7622
9585 7582 7583 7622 7621
9590 7581 7582 7621 7620
9595 7580 7581 7620 7619
9600 7419 7580 7619 7418
10005 7657 7371 7372 7696
10010 7656 7657 7696 7695
10015 7655 7656 7695 7694
10020 7654 7655 7694 7693
10025 7653 7654 7693 7692
10030 7652 7653 7692 7691
10035 7651 7652 7691 7690
10040 7650 7651 7690 7689
10045 7649 7650 7689 7688
10050 7648 7649 7688 7687
10055 7647 7648 7687 7686
10060 7646 7647 7686 7685
10065 7645 7646 7685 7684
10070 7644 7645 7684 7683
10075 7643 7644 7683 7682
10080 7642 7643 7682 7681
10085 7641 7642 7681 7680
10090 7640 7641 7680 7679
10095 7639 7640 7679 7678
10100 7638 7639 7678 7677
10105 7637 7638 7677 7676
10110 7636 7637 7676 7675
10115 7635 7636 7675 7674
10120 7634 7635 7674 7673
10125 7633 7634 7673 7672
10130 7632 7633 7672 7671
10135 7631 7632 7671 7670
10140 7630 7631 7670 7669
10145 7629 7630 7669 7668
10150 7628 7629 7668 7667
10155 7627 7628 7667 7666
10160 7626 7627 7666 7665
10165 7625 7626 7665 7664
10170 7624 7625 7664 7663
10175 7623 7624 7663 7662
10180 7622 7623 7662 7661
10185 7621 7622 7661 7660
10190 7620 7621 7660 7659
10195 7619 7620 7659 7658
10200 7418 7619 7658 7417
10605 7696 7372 7373 7735
10610 7695 7696 7735 7734
10615 7694 7695 7734 7733
10620 7693 7694 7733 7732
10625 7692 7693 7732 7731
10630 7691 7692 7731 7730
10635 7690 7691 7730 7729
10640 7689 7690 7729 7728
10645 7688 7689 7728 7727
10650 7687 7688 7727 7726
10655 7686 7687 7726 7725
10660 7685 7686 7725 7724
10665 7684 7685 7724 7723
10670 7683 7684 7723 7722
10675 7682 7683 7722 7721
10680 7681 7682 7721 7720
10685 7680 7681 7720 7719
10690 7679 7680 7719 7718
10695 7678 7679 7718 7717
10700 7677 7678 7717 7716
10705 7676 7677 7716 7715
10710 7675 7676 7715 7714
10715 7674 7675 7714 7713
10720 7673 7674 7713 7712
10725 7672 7673 7712 7711
10730 7671 7672 7711 7710
10735 7670 7671 7710 7709
10740 7669 7670 7709 7708
10745 7668 7669 7708 7707
10750 7667 7668 7707 7706
10755 7666 7667 7706 7705
10760 7665 7666 7705 7704
10765 7664 7665 7704 7703
10770 7663 7664 7703 7702
10775 7662 7663 7702 7701
10780 7661 7662 7701 7700
10785 7660 7661 7700 7699
10790 7659 7660 7699 7698
10795 7658 7659 7698 7697
10800 7417 7658 7697 7416
11205 7735 7373 7374 7774
11210 7734 7735 7774 7773
11215 7733 7734 7773 7772
11220 7732 7733 7772 7771
11225 7731 7732 7771 7770
11230 7730 7731 7770 7769
11235 7729 7730 7769 7768
11240 7728 7729 7768 7767
11245 7727 7728 7767 7766
11250 7726 7727 7766 7765
11255 7725 7726 7765 7764
11260 7724 7725 7764 7763
11265 7723 7724 7763 7762
11270 7722 7723 7762 7761
11275 7721 7722 7761 7760
11280 7720 7721 7760 7759
11285 7719 7720 7759 7758
11290 7718 7719 7758 7757
11295 7717 7718 7757 7756
11300 7716 7717 7756 7755
11305 7715 7716 7755 7754
11310 7714 7715 7754 7753
11315 7713 7714 7753 7752
11320 7712 7713 7752 7751
11325 7711 7712 7751 7750
11330 7710 7711 7750 7749
11335 7709 7710 7749 7748
11340 7708 7709 7748 7747
11345 7707 7708 7747 7746
11350 7706 7707 7746 7745
11355 7705 7706 7745 7744
11360 7704 7705 7744 7743
11365 7703 7704 7743 7742
11370 7702 7703 7742 7741
11375 7701 7702 7741 7740
11380 7700 7701 7740 7739
11385 7699 7700 7739 7738
11390 7698 7699 7738 7737
11395 7697 7698 7737 7736
11400 7416 7697 7736 7415
11805 7774 7374 7365 7376
11810 7773 7774 7376 7377
11815 7772 7773 7377 7378
11820 7771 7772 7378 7379
11825 7770 7771 7379 7380
11830 7769 7770 7380 7381
11835 7768 7769 7381 7382
11840 7767 7768 7382 7383
11845 7766 7767 7383 7384
11850 7765 7766 7384 7385
11855 7764 7765 7385 7386
11860 7763 7764 7386 7387
11865 7762 7763 7387 7388
11870 7761 7762 7388 7389
11875 7760 7761 7389 7390
11880 7759 7760 7390 7391
11885 7758 7759 7391 7392
11890 7757 7758 7392 7393
11895 7756 7757 7393 7394
11900 7755 7756 7394 7395
11905 7754 7755 7395 7396
11910 7753 7754 7396 7397
11915 7752 7753 7397 7398
11920 7751 7752 7398 7399
11925 7750 7751 7399 7400
11930 7749 7750 7400 7401
11935 7748 7749 7401 7402
11940 7747 7748 7402 7403
11945 7746 7747 7403 7404
11950 7745 7746 7404 7405
11955 7744 7745 7405 7406
11960 7743 7744 7406 7407
11965 7742 7743 7407 7408
11970 7741 7742 7408 7409
11975 7740 7741 7409 7410
11980 7739 7740 7410 7411
11985 7738 7739 7411 7412
11990 7737 7738 7412 7413
11995 7736 7737 7413 7414
12000 7415 7736 7414 7375
