! /* n = 32 */
0.0483076656877383162348126
0.1444719615827964934851864
0.2392873622521370745446032
0.3318686022821276497799168
0.4213512761306353453641194
0.5068999089322293900237475
0.5877157572407623290407455
0.6630442669302152009751152
0.7321821187402896803874267
0.7944837959679424069630973
0.8493676137325699701336930
0.8963211557660521239653072
0.9349060759377396891709191
0.9647622555875064307738119
0.9856115115452683354001750
0.9972638618494815635449811
! ###################
0.0965400885147278005667648
0.0956387200792748594190820
0.0938443990808045656391802
0.0911738786957638847128686
0.0876520930044038111427715
0.0833119242269467552221991
0.0781938957870703064717409
0.0723457941088485062253994
0.0658222227763618468376501
0.0586840934785355471452836
0.0509980592623761761961632
0.0428358980222266806568786
0.0342738629130214331026877
0.0253920653092620594557526
0.0162743947309056706051706
0.0070186100094700966004071
! /* n = 64 */
0.0243502926634244325089558
0.0729931217877990394495429
0.1214628192961205544703765
0.1696444204239928180373136
0.2174236437400070841496487
0.2646871622087674163739642
0.3113228719902109561575127
0.3572201583376681159504426
0.4022701579639916036957668
0.4463660172534640879849477
0.4894031457070529574785263
0.5312794640198945456580139
0.5718956462026340342838781
0.6111553551723932502488530
0.6489654712546573398577612
0.6852363130542332425635584
0.7198818501716108268489402
0.7528199072605318966118638
0.7839723589433414076102205
0.8132653151227975597419233
0.8406292962525803627516915
0.8659993981540928197607834
0.8893154459951141058534040
0.9105221370785028057563807
0.9295691721319395758214902
0.9464113748584028160624815
0.9610087996520537189186141
0.9733268277899109637418535
0.9833362538846259569312993
0.9910133714767443207393824
0.9963401167719552793469245
0.9993050417357721394569056
! ###################
0.0486909570091397203833654
0.0485754674415034269347991
0.0483447622348029571697695
0.0479993885964583077281262
0.0475401657148303086622822
0.0469681828162100173253263
0.0462847965813144172959532
0.0454916279274181444797710
0.0445905581637565630601347
0.0435837245293234533768279
0.0424735151236535890073398
0.0412625632426235286101563
0.0399537411327203413866569
0.0385501531786156291289625
0.0370551285402400460404151
0.0354722132568823838106931
0.0338051618371416093915655
0.0320579283548515535854675
0.0302346570724024788679741
0.0283396726142594832275113
0.0263774697150546586716918
0.0243527025687108733381776
0.0222701738083832541592983
0.0201348231535302093723403
0.0179517157756973430850453
0.0157260304760247193219660
0.0134630478967186425980608
0.0111681394601311288185905
0.0088467598263639477230309
0.0065044579689783628561174
0.0041470332605624676352875
0.0017832807216964329472961
! /* n = 128 */
0.0122236989606157641980521
0.0366637909687334933302153
0.0610819696041395681037870
0.0854636405045154986364980
0.1097942311276437466729747
0.1340591994611877851175753
0.1582440427142249339974755
0.1823343059853371824103826
0.2063155909020792171540580
0.2301735642266599864109866
0.2538939664226943208556180
0.2774626201779044028062316
0.3008654388776772026671541
0.3240884350244133751832523
0.3471177285976355084261628
0.3699395553498590266165917
0.3925402750332674427356482
0.4149063795522750154922739
0.4370245010371041629370429
0.4588814198335521954490891
0.4804640724041720258582757
0.5017595591361444642896063
0.5227551520511754784539479
0.5434383024128103634441936
0.5637966482266180839144308
0.5838180216287630895500389
0.6034904561585486242035732
0.6228021939105849107615396
0.6417416925623075571535249
0.6602976322726460521059468
0.6784589224477192593677557
0.6962147083695143323850866
0.7135543776835874133438599
0.7304675667419088064717369
0.7469441667970619811698824
0.7629743300440947227797691
0.7785484755064119668504941
0.7936572947621932902433329
0.8082917575079136601196422
0.8224431169556438424645942
0.8361029150609068471168753
0.8492629875779689691636001
0.8619154689395484605906323
0.8740527969580317986954180
0.8856677173453972174082924
0.8967532880491581843864474
0.9073028834017568139214859
0.9173101980809605370364836
0.9267692508789478433346245
0.9356743882779163757831268
0.9440202878302201821211114
0.9518019613412643862177963
0.9590147578536999280989185
0.9656543664319652686458290
0.9717168187471365809043384
0.9771984914639073871653744
0.9820961084357185360247656
0.9864067427245862088712355
0.9901278184917343833379303
0.9932571129002129353034372
0.9957927585349811868641612
0.9977332486255140198821574
0.9990774599773758950119878
0.9998248879471319144736081
! ###################
0.0244461801962625182113259
0.0244315690978500450548486
0.0244023556338495820932980
0.0243585572646906258532685
0.0243002001679718653234426
0.0242273192228152481200933
0.0241399579890192849977167
0.0240381686810240526375873
0.0239220121367034556724504
0.0237915577810034006387807
0.0236468835844476151436514
0.0234880760165359131530253
0.0233152299940627601224157
0.0231284488243870278792979
0.0229278441436868469204110
0.0227135358502364613097126
0.0224856520327449668718246
0.0222443288937997651046291
0.0219897106684604914341221
0.0217219495380520753752610
0.0214412055392084601371119
0.0211476464682213485370195
0.0208414477807511491135839
0.0205227924869600694322850
0.0201918710421300411806732
0.0198488812328308622199444
0.0194940280587066028230219
0.0191275236099509454865185
0.0187495869405447086509195
0.0183604439373313432212893
0.0179603271850086859401969
0.0175494758271177046487069
0.0171281354231113768306810
0.0166965578015892045890915
0.0162550009097851870516575
0.0158037286593993468589656
0.0153430107688651440859909
0.0148731226021473142523855
0.0143943450041668461768239
0.0139069641329519852442880
0.0134112712886163323144890
0.0129075627392673472204428
0.0123961395439509229688217
0.0118773073727402795758911
0.0113513763240804166932817
0.0108186607395030762476596
0.0102794790158321571332153
0.0097341534150068058635483
0.0091830098716608743344787
0.0086263777986167497049788
0.0080645898904860579729286
0.0074979819256347286876720
0.0069268925668988135634267
0.0063516631617071887872143
0.0057726375428656985893346
0.0051901618326763302050708
0.0046045842567029551182905
0.0040162549837386423131943
0.0034255260409102157743378
0.0028327514714579910952857
0.0022382884309626187436221
0.0016425030186690295387909
0.0010458126793403487793129
0.0004493809602920903763943
! /* n = 256 */
0.0061239123751895295011702
0.0183708184788136651179263
0.0306149687799790293662786
0.0428545265363790983812423
0.0550876556946339841045614
0.0673125211657164002422903
0.0795272891002329659032271
0.0917301271635195520311456
0.1039192048105094036391969
0.1160926935603328049407349
0.1282487672706070947420496
0.1403856024113758859130249
0.1525013783386563953746068
0.1645942775675538498292845
0.1766624860449019974037218
0.1887041934213888264615036
0.2007175933231266700680007
0.2127008836226259579370402
0.2246522667091319671478783
0.2365699497582840184775084
0.2484521450010566668332427
0.2602970699919425419785609
0.2721029478763366095052447
0.2838680076570817417997658
0.2955904844601356145637868
0.3072686197993190762586103
0.3189006618401062756316834
0.3304848656624169762291870
0.3420194935223716364807297
0.3535028151129699895377902
0.3649331078236540185334649
0.3763086569987163902830557
0.3876277561945155836379846
0.3988887074354591277134632
0.4100898214687165500064336
0.4212294180176238249768124
0.4323058260337413099534411
0.4433173839475273572169258
0.4542624399175899987744552
0.4651393520784793136455705
0.4759464887869833063907375
0.4866822288668903501036214
0.4973449618521814771195124
0.5079330882286160362319249
0.5184450196736744762216617
0.5288791792948222619514764
0.5392340018660591811279362
0.5495079340627185570424269
0.5596994346944811451369074
0.5698069749365687590576675
0.5798290385590829449218317
0.5897641221544543007857861
0.5996107353629683217303882
0.6093674010963339395223108
0.6190326557592612194309676
0.6286050494690149754322099
0.6380831462729113686686886
0.6474655243637248626170162
0.6567507762929732218875002
0.6659375091820485599064084
0.6750243449311627638559187
0.6840099204260759531248771
0.6928928877425769601053416
0.7016719143486851594060835
0.7103456833045433133945663
0.7189128934599714483726399
0.7273722596496521265868944
0.7357225128859178346203729
0.7439624005491115684556831
0.7520906865754920595875297
0.7601061516426554549419068
0.7680075933524456359758906
0.7757938264113257391320526
0.7834636828081838207506702
0.7910160119895459945467075
0.7984496810321707587825429
0.8057635748129986232573891
0.8129565961764315431364104
0.8200276660989170674034781
0.8269757238508125142890929
0.8337997271555048943484439
0.8404986523457627138950680
0.8470714945172962071870724
0.8535172676795029650730355
0.8598350049033763506961731
0.8660237584665545192975154
0.8720825999954882891300459
0.8780106206047065439864349
0.8838069310331582848598262
0.8894706617776108888286766
0.8950009632230845774412228
0.9003970057703035447716200
0.9056579799601446470826819
0.9107830965950650118909072
0.9157715868574903845266696
0.9206227024251464955050471
0.9253357155833162028727303
0.9299099193340056411802456
0.9343446275020030942924765
0.9386391748378148049819261
0.9427929171174624431830761
0.9468052312391274813720517
0.9506755153166282763638521
0.9544031887697162417644479
0.9579876924111781293657904
0.9614284885307321440064075
0.9647250609757064309326123
0.9678769152284894549090038
0.9708835784807430293209233
0.9737445997043704052660786
0.9764595497192341556210107
0.9790280212576220388242380
0.9814496290254644057693031
0.9837240097603154961666861
0.9858508222861259564792451
0.9878297475648606089164877
0.9896604887450652183192437
0.9913427712075830869221885
0.9928763426088221171435338
0.9942609729224096649628775
0.9954964544810963565926471
0.9965826020233815404305044
0.9975192527567208275634088
0.9983062664730064440555005
0.9989435258434088565550263
0.9994309374662614082408542
0.9997684374092631861048786
0.9999560500189922307348012
! #####################################
0.0122476716402897559040703
0.0122458343697479201424639
0.0122421601042728007697281
0.0122366493950401581092426
0.0122293030687102789041463
0.0122201222273039691917087
0.0122091082480372404075141
0.0121962627831147135181810
0.0121815877594817721740476
0.0121650853785355020613073
0.0121467581157944598155598
0.0121266087205273210347185
0.0121046402153404630977578
0.0120808558957245446559752
0.0120552593295601498143471
0.0120278543565825711612675
0.0119986450878058119345367
0.0119676359049058937290073
0.0119348314595635622558732
0.0119002366727664897542872
0.0118638567340710787319046
0.0118256971008239777711607
0.0117857634973434261816901
0.0117440619140605503053767
0.0117005986066207402881898
0.0116553800949452421212989
0.0116084131622531057220847
0.0115597048540436357726687
0.0115092624770394979585864
0.0114570935980906391523344
0.0114032060430391859648471
0.0113476078955454919416257
0.0112903074958755095083676
0.0112313134396496685726568
0.0111706345765534494627109
0.0111082800090098436304608
0.0110442590908139012635176
0.0109785814257295706379882
0.0109112568660490397007968
0.0108422955111147959952935
0.0107717077058046266366536
0.0106995040389797856030482
0.0106256953418965611339617
0.0105502926865814815175336
0.0104733073841704030035696
0.0103947509832117289971017
0.0103146352679340150682607
0.0102329722564782196569549
0.0101497741990948656546341
0.0100650535763063833094610
0.0099788230970349101247339
0.0098910956966958286026307
0.0098018845352573278254988
0.0097112029952662799642497
0.0096190646798407278571622
0.0095254834106292848118297
0.0094304732257377527473528
0.0093340483776232697124660
0.0092362233309563026873787
0.0091370127604508064020005
0.0090364315486628736802278
0.0089344947837582075484084
0.0088312177572487500253183
0.0087266159616988071403366
0.0086207050884010143053688
0.0085135010250224906938384
0.0084050198532215357561803
0.0082952778462352254251714
0.0081842914664382699356198
0.0080720773628734995009470
0.0079586523687543483536132
0.0078440334989397118668103
0.0077282379473815556311102
0.0076112830845456594616187
0.0074931864548058833585998
0.0073739657738123464375724
0.0072536389258339137838291
0.0071322239610753900716724
0.0070097390929698226212344
0.0068862026954463203467133
0.0067616333001737987809279
0.0066360495937810650445900
0.0065094704150536602678099
0.0063819147521078805703752
0.0062534017395424012720636
0.0061239506555679325423891
0.0059935809191153382211277
0.0058623120869226530606616
0.0057301638506014371773844
0.0055971560336829100775514
0.0054633085886443102775705
0.0053286415939159303170811
0.0051931752508692809303288
0.0050569298807868423875578
0.0049199259218138656695588
0.0047821839258926913729317
0.0046437245556800603139791
0.0045045685814478970686418
0.0043647368779680566815684
0.0042242504213815362723565
0.0040831302860526684085998
0.0039413976414088336277290
0.0037990737487662579981170
0.0036561799581425021693892
0.0035127377050563073309711
0.0033687685073155510120191
0.0032242939617941981570107
0.0030793357411993375832054
0.0029339155908297166460123
0.0027880553253277068805748
0.0026417768254274905641208
0.0024951020347037068508395
0.0023480529563273120170065
0.0022006516498399104996849
0.0020529202279661431745488
0.0019048808534997184044191
0.0017565557363307299936069
0.0016079671307493272424499
0.0014591373333107332010884
0.0013100886819025044578317
0.0011608435575677247239706
0.0010114243932084404526058
0.0008618537014200890378141
0.0007121541634733206669090
0.0005623489540314098028152
0.0004124632544261763284322
0.0002625349442964459062875
0.0001127890178222721755125
