0.060000 -1.500540e-06
0.120000 -1.500540e-06
0.180000 -1.500540e-06
0.240000 -1.500540e-06
0.300000 -1.500540e-06
0.360000 -1.500540e-06
0.420000 -1.500540e-06
0.480000 -1.500540e-06
0.540000 -1.500540e-06
0.600000 -1.500540e-06
0.660000 -1.500540e-06
0.720000 -1.500540e-06
0.780000 -1.500540e-06
0.840000 -1.500540e-06
0.900000 -1.500540e-06
0.960000 -1.500540e-06
1.020000 -1.500540e-06
1.080000 -1.500540e-06
1.140000 -1.500540e-06
1.200000 -1.500540e-06
1.260000 -1.500540e-06
1.320000 -1.500540e-06
1.380000 -1.500540e-06
1.440000 -1.500540e-06
1.500000 -1.500540e-06
1.559999 -1.500540e-06
1.619999 -1.500540e-06
1.679999 -1.500540e-06
1.739999 -1.500540e-06
1.799999 -1.500540e-06
1.859999 -1.500540e-06
1.919999 -1.500540e-06
1.979999 -1.500540e-06
2.039999 -1.500540e-06
2.099999 -1.500540e-06
2.159999 -1.500540e-06
2.219999 -1.500540e-06
2.279999 -1.500540e-06
2.339999 -1.500540e-06
2.399999 -1.500540e-06
2.459999 -1.500540e-06
2.519999 -1.500540e-06
2.579998 -1.500540e-06
2.639998 -1.500540e-06
2.699998 -1.500540e-06
2.759998 -1.500540e-06
2.819998 -1.500540e-06
2.879998 -1.500540e-06
2.939998 -1.500540e-06
2.999998 -1.500540e-06
3.059998 -1.500540e-06
3.119998 -1.530237e-06
3.179998 -1.551761e-06
3.239998 -1.564965e-06
3.299998 -1.569745e-06
3.359998 -1.566038e-06
3.419998 -1.553829e-06
3.479998 -1.533146e-06
3.539998 -1.504060e-06
3.599998 -1.466688e-06
3.659997 -1.421192e-06
3.719997 -1.367774e-06
3.779997 -1.306681e-06
3.839997 -1.238201e-06
3.899997 -1.162662e-06
3.959997 -1.080429e-06
4.019997 -9.919048e-07
4.079997 -8.975275e-07
4.139997 -7.977667e-07
4.199997 -6.931228e-07
4.259997 -5.841241e-07
4.319997 -4.713235e-07
4.379997 -3.552970e-07
4.439997 -2.366395e-07
4.499997 -1.159625e-07
4.559997 6.109220e-09
4.619997 1.289407e-07
4.679996 2.518904e-07
4.739996 3.743131e-07
4.799996 4.955638e-07
4.859996 6.150004e-07
4.919996 7.319877e-07
4.979996 8.459006e-07
5.039996 9.561271e-07
5.099996 1.062072e-06
5.159996 1.163160e-06
5.219996 1.258839e-06
5.279996 1.348581e-06
5.339996 1.431890e-06
5.399996 1.508299e-06
5.459996 1.577376e-06
5.519996 1.638725e-06
5.579996 1.691991e-06
5.639996 1.736857e-06
5.699996 1.773050e-06
5.759995 1.800341e-06
5.819995 1.818548e-06
5.879995 1.827535e-06
5.939995 1.827213e-06
5.999995 1.817543e-06
6.059995 1.798535e-06
6.119995 1.770246e-06
6.179995 1.732785e-06
6.239995 1.686309e-06
6.299995 1.631021e-06
6.359995 1.567175e-06
6.419995 1.495068e-06
6.479995 1.415043e-06
6.539995 1.327488e-06
6.599995 1.232830e-06
6.659995 1.131536e-06
6.719995 1.024112e-06
6.779994 9.110967e-07
6.839994 7.930614e-07
6.899994 6.706069e-07
6.959994 5.443601e-07
7.019994 4.149708e-07
7.079994 2.831086e-07
7.139994 1.494593e-07
7.199994 1.472166e-08
7.259994 -1.203966e-07
7.319994 -2.551823e-07
7.379994 -3.889203e-07
7.439994 -5.208976e-07
7.499994 -6.504070e-07
7.559994 -7.767506e-07
7.619994 -8.992441e-07
7.679994 -1.017220e-06
7.739994 -1.130031e-06
7.799994 -1.237053e-06
7.859993 -1.337693e-06
7.919993 -1.431383e-06
7.979993 -1.517594e-06
8.039993 -1.595831e-06
8.099994 -1.665640e-06
8.159994 -1.726607e-06
8.219995 -1.778365e-06
8.279995 -1.820593e-06
8.339995 -1.853018e-06
8.399996 -1.875419e-06
8.459996 -1.887625e-06
8.519997 -1.889519e-06
8.579997 -1.881037e-06
8.639997 -1.862171e-06
8.699998 -1.832967e-06
8.759998 -1.793526e-06
8.819999 -1.744003e-06
8.879999 -1.684608e-06
8.940000 -1.615604e-06
9.000000 -1.537307e-06
9.060000 -1.450082e-06
9.120001 -1.354344e-06
9.180001 -1.250557e-06
9.240002 -1.139228e-06
9.300002 -1.020907e-06
9.360003 -8.961830e-07
9.420003 -7.656844e-07
9.480003 -6.300720e-07
9.540004 -4.900372e-07
9.600004 -3.462990e-07
9.660005 -1.995997e-07
9.720005 -5.070113e-08
9.780005 9.961884e-08
9.840006 2.505708e-07
9.900006 4.013576e-07
9.960007 5.511787e-07
10.020007 6.992344e-07
10.080008 8.447298e-07
10.140008 9.868794e-07
10.200008 1.124911e-06
10.260009 1.258070e-06
10.320009 1.385625e-06
10.380010 1.506866e-06
10.440010 1.621119e-06
10.500010 1.727738e-06
10.560011 1.826116e-06
10.620011 1.915686e-06
10.680012 1.995927e-06
10.740012 2.066360e-06
10.800013 2.126560e-06
10.860013 2.176152e-06
10.920013 2.214815e-06
10.980014 2.242285e-06
11.040014 2.258356e-06
11.100015 2.262882e-06
11.160015 2.255777e-06
11.220016 2.237015e-06
11.280016 2.206636e-06
11.340016 2.164738e-06
11.400017 2.111483e-06
11.460017 2.047095e-06
11.520018 1.971857e-06
11.580018 1.886112e-06
11.640018 1.790262e-06
11.700019 1.684765e-06
11.760019 1.570133e-06
11.820020 1.446929e-06
11.880020 1.315766e-06
11.940021 1.177304e-06
12.000021 1.032243e-06
12.060021 8.813263e-07
12.120022 7.253299e-07
12.180022 5.650630e-07
12.240023 4.013622e-07
12.300023 2.350879e-07
12.360023 6.711895e-08
12.420024 -1.016510e-07
12.480024 -2.703188e-07
12.540025 -4.379761e-07
12.600025 -6.037144e-07
12.660026 -7.666301e-07
12.720026 -9.258289e-07
12.780026 -1.080431e-06
12.840027 -1.229575e-06
12.900027 -1.372426e-06
12.960028 -1.508174e-06
13.020028 -1.636044e-06
13.080029 -1.755298e-06
13.140029 -1.865240e-06
13.200029 -1.965219e-06
13.260030 -2.054634e-06
13.320030 -2.132937e-06
13.380031 -2.199633e-06
13.440031 -2.254292e-06
13.500031 -2.296541e-06
13.560032 -2.326073e-06
13.620032 -2.342647e-06
13.680033 -2.346092e-06
13.740033 -2.336303e-06
13.800034 -2.313248e-06
13.860034 -2.276965e-06
13.920034 -2.227565e-06
13.980035 -2.165227e-06
14.040035 -2.090205e-06
14.100036 -2.002819e-06
14.160036 -1.903459e-06
14.220037 -1.792584e-06
14.280037 -1.670715e-06
14.340037 -1.538436e-06
14.400038 -1.396393e-06
14.460038 -1.245285e-06
14.520039 -1.085869e-06
14.580039 -9.189480e-07
14.640039 -7.453717e-07
14.700040 -5.660310e-07
14.760040 -3.818537e-07
14.820041 -1.937993e-07
14.880041 -2.854369e-09
14.940042 1.899729e-07
15.000042 3.836579e-07
15.060042 5.771652e-07
15.120043 7.694541e-07
15.180043 9.594843e-07
15.240044 1.146221e-06
15.300044 1.328643e-06
15.360044 1.505745e-06
15.420045 1.676544e-06
15.480045 1.840089e-06
15.540046 1.995462e-06
15.600046 2.141783e-06
15.660047 2.278219e-06
15.720047 2.403988e-06
15.780047 2.518358e-06
15.840048 2.620663e-06
15.900048 2.710296e-06
15.960049 2.786718e-06
16.020048 2.849465e-06
16.080048 2.898143e-06
16.140047 2.932440e-06
16.200047 2.952121e-06
16.260046 2.957036e-06
16.320045 2.947119e-06
16.380045 2.922389e-06
16.440044 2.882952e-06
16.500044 2.829004e-06
16.560043 2.760826e-06
16.620043 2.678786e-06
16.680042 2.583341e-06
16.740042 2.475033e-06
16.800041 2.354488e-06
16.860041 2.222412e-06
16.920040 2.079593e-06
16.980040 1.926895e-06
17.040039 1.765257e-06
17.100039 1.595686e-06
17.160038 1.419257e-06
17.220037 1.237106e-06
17.280037 1.050430e-06
17.340036 8.604751e-07
17.400036 6.685382e-07
17.460035 4.759588e-07
17.520035 2.841141e-07
17.580034 9.441401e-08
17.640034 -9.170466e-08
17.700033 -2.727836e-07
17.760033 -4.473487e-07
17.820032 -6.139153e-07
17.880032 -7.709944e-07
17.940031 -9.170971e-07
18.000031 -1.050740e-06
18.060030 -1.170453e-06
18.120029 -1.274778e-06
18.180029 -1.362280e-06
18.240028 -1.431549e-06
18.300028 -1.481201e-06
18.360027 -1.509888e-06
18.420027 -1.516295e-06
18.480026 -1.499147e-06
18.540026 -1.457208e-06
18.600025 -1.389286e-06
18.660025 -1.294233e-06
18.720024 -1.170945e-06
18.780024 -1.018362e-06
18.840023 -8.354713e-07
18.900023 -6.213006e-07
18.960022 -3.749213e-07
19.020021 -9.544402e-08
19.080021 2.179839e-07
19.140020 5.661815e-07
19.200020 9.499391e-07
19.260019 1.370022e-06
19.320019 1.827177e-06
19.380018 2.322137e-06
19.440018 2.855629e-06
19.500017 3.428381e-06
19.560017 4.041128e-06
19.620016 4.694622e-06
19.680016 5.389642e-06
19.740015 6.126998e-06
19.800014 6.907547e-06
19.860014 7.732198e-06
19.920013 8.601925e-06
19.980013 9.517777e-06
20.040012 1.048089e-05
20.100012 1.149249e-05
20.160011 1.255391e-05
20.220011 1.366662e-05
20.280010 1.483220e-05
20.340010 1.605237e-05
20.400009 1.732902e-05
20.460009 1.866418e-05
20.520008 2.006008e-05
20.580008 2.151910e-05
20.640007 2.304383e-05
20.700006 2.463707e-05
20.760006 2.630182e-05
20.820005 2.804129e-05
20.880005 2.985893e-05
20.940004 3.175841e-05
21.000004 3.374366e-05
21.060003 3.581882e-05
21.120003 3.798829e-05
21.180002 4.025673e-05
21.240002 4.262904e-05
21.300001 4.511037e-05
21.360001 4.770613e-05
21.420000 5.042195e-05
21.480000 5.326375e-05
21.539999 5.623766e-05
21.599998 5.935004e-05
21.659998 6.260750e-05
21.719997 6.601684e-05
21.779997 6.958511e-05
21.839996 7.331951e-05
21.899996 7.722747e-05
21.959995 8.131653e-05
22.019995 8.559444e-05
22.079994 9.006905e-05
22.139994 9.474835e-05
22.199993 9.964039e-05
22.259993 1.047533e-04
22.319992 1.100954e-04
22.379992 1.156748e-04
22.439991 1.214997e-04
22.499990 1.275783e-04
22.559990 1.339188e-04
22.619989 1.405293e-04
22.679989 1.474176e-04
22.739988 1.545916e-04
22.799988 1.620588e-04
22.859987 1.698268e-04
22.919987 1.779026e-04
22.979986 1.862931e-04
23.039986 1.950049e-04
23.099985 2.040441e-04
23.159985 2.134168e-04
23.219984 2.231281e-04
23.279984 2.331831e-04
23.339983 2.435862e-04
23.399982 2.543415e-04
23.459982 2.654521e-04
23.519981 2.769210e-04
23.579981 2.887503e-04
23.639980 3.009414e-04
23.699980 3.134951e-04
23.759979 3.264116e-04
23.819979 3.396901e-04
23.879978 3.533291e-04
23.939978 3.673264e-04
23.999977 3.816788e-04
24.059977 3.963823e-04
24.119976 4.114321e-04
24.179976 4.268224e-04
24.239975 4.425465e-04
24.299974 4.585968e-04
24.359974 4.749647e-04
24.419973 4.916406e-04
24.479973 5.086141e-04
24.539972 5.258736e-04
24.599972 5.434066e-04
24.659971 5.611997e-04
24.719971 5.792385e-04
24.779970 5.975075e-04
24.839970 6.159903e-04
24.899969 6.346696e-04
24.959969 6.535269e-04
25.019968 6.725432e-04
25.079967 6.916982e-04
25.139967 7.109708e-04
25.199966 7.303393e-04
25.259966 7.497807e-04
25.319965 7.692716e-04
25.379965 7.887875e-04
25.439964 8.083033e-04
25.499964 8.277933e-04
25.559963 8.472310e-04
25.619963 8.665893e-04
25.679962 8.858405e-04
25.739962 9.049565e-04
25.799961 9.239085e-04
25.859961 9.426677e-04
25.919960 9.612044e-04
25.979959 9.794889e-04
26.039959 9.974913e-04
26.099958 1.015181e-03
26.159958 1.032529e-03
26.219957 1.049503e-03
26.279957 1.066074e-03
26.339956 1.082212e-03
26.399956 1.097886e-03
26.459955 1.113066e-03
26.519955 1.127722e-03
26.579954 1.141826e-03
26.639954 1.155348e-03
26.699953 1.168260e-03
26.759953 1.180534e-03
26.819952 1.192143e-03
26.879951 1.203060e-03
26.939951 1.213260e-03
26.999950 1.222717e-03
27.059950 1.231406e-03
27.119949 1.239306e-03
27.179949 1.246394e-03
27.239948 1.252648e-03
27.299948 1.258048e-03
27.359947 1.262576e-03
27.419947 1.266215e-03
27.479946 1.268946e-03
27.539946 1.270757e-03
27.599945 1.271632e-03
27.659945 1.271560e-03
27.719944 1.270530e-03
27.779943 1.268533e-03
27.839943 1.265560e-03
27.899942 1.261606e-03
27.959942 1.256665e-03
28.019941 1.250735e-03
28.079941 1.243815e-03
28.139940 1.235903e-03
28.199940 1.227003e-03
28.259939 1.217116e-03
28.319939 1.206250e-03
28.379938 1.194409e-03
28.439938 1.181603e-03
28.499937 1.167842e-03
28.559937 1.153136e-03
28.619936 1.137499e-03
28.679935 1.120946e-03
28.739935 1.103494e-03
28.799934 1.085159e-03
28.859934 1.065961e-03
28.919933 1.045921e-03
28.979933 1.025062e-03
29.039932 1.003406e-03
29.099932 9.809778e-04
29.159931 9.578047e-04
29.219931 9.339134e-04
29.279930 9.093325e-04
29.339930 8.840918e-04
29.399929 8.582216e-04
29.459929 8.317539e-04
29.519928 8.047212e-04
29.579927 7.771568e-04
29.639927 7.490952e-04
29.699926 7.205710e-04
29.759926 6.916200e-04
29.819925 6.622783e-04
29.879925 6.325825e-04
29.939924 6.025697e-04
29.999924 5.722772e-04
30.059923 5.417428e-04
30.119923 5.110042e-04
30.179922 4.800995e-04
30.239922 4.490665e-04
30.299921 4.179433e-04
30.359921 3.867676e-04
30.419920 3.555771e-04
30.479919 3.244090e-04
30.539919 2.933005e-04
30.599918 2.622881e-04
30.659918 2.314078e-04
30.719917 2.006951e-04
30.779917 1.701851e-04
30.839916 1.399119e-04
30.899916 1.099089e-04
30.959915 8.020884e-05
31.019915 5.084346e-05
31.079914 2.184359e-05
31.139914 -6.760889e-06
31.199913 -3.494115e-05
31.259912 -6.266944e-05
31.319912 -8.991911e-05
31.379911 -1.166647e-04
31.439911 -1.428819e-04
31.499910 -1.685477e-04
31.559910 -1.936404e-04
31.619909 -2.181393e-04
31.679909 -2.420254e-04
31.739908 -2.652808e-04
31.799908 -2.878890e-04
31.859907 -3.098349e-04
31.919907 -3.311047e-04
31.979906 -3.516861e-04
32.039906 -3.715680e-04
32.099907 -3.907408e-04
32.159908 -4.091965e-04
32.219910 -4.269279e-04
32.279911 -4.439297e-04
32.339912 -4.601977e-04
32.399914 -4.757291e-04
32.459915 -4.905223e-04
32.519917 -5.045772e-04
32.579918 -5.178947e-04
32.639919 -5.304771e-04
32.699921 -5.423279e-04
32.759922 -5.534517e-04
32.819923 -5.638543e-04
32.879925 -5.735426e-04
32.939926 -5.825243e-04
32.999928 -5.908086e-04
33.059929 -5.984053e-04
33.119930 -6.053252e-04
33.179932 -6.115800e-04
33.239933 -6.171823e-04
33.299934 -6.221454e-04
33.359936 -6.264834e-04
33.419937 -6.302109e-04
33.479939 -6.333435e-04
33.539940 -6.358969e-04
33.599941 -6.378879e-04
33.659943 -6.393332e-04
33.719944 -6.402503e-04
33.779945 -6.406570e-04
33.839947 -6.405714e-04
33.899948 -6.400119e-04
33.959949 -6.389970e-04
34.019951 -6.375455e-04
34.079952 -6.356764e-04
34.139954 -6.334085e-04
34.199955 -6.307609e-04
34.259956 -6.277527e-04
34.319958 -6.244027e-04
34.379959 -6.207299e-04
34.439960 -6.167528e-04
34.499962 -6.124901e-04
34.559963 -6.079599e-04
34.619965 -6.031805e-04
34.679966 -5.981695e-04
34.739967 -5.929444e-04
34.799969 -5.875223e-04
34.859970 -5.819200e-04
34.919971 -5.761537e-04
34.979973 -5.702394e-04
35.039974 -5.641925e-04
35.099976 -5.580279e-04
35.159977 -5.517603e-04
35.219978 -5.454034e-04
35.279980 -5.389709e-04
35.339981 -5.324755e-04
35.399982 -5.259300e-04
35.459984 -5.193458e-04
35.519985 -5.127345e-04
35.579987 -5.061067e-04
35.639988 -4.994727e-04
35.699989 -4.928419e-04
35.759991 -4.862236e-04
35.819992 -4.796263e-04
35.879993 -4.730578e-04
35.939995 -4.665256e-04
35.999996 -4.600366e-04
36.059998 -4.535971e-04
36.119999 -4.472130e-04
36.180000 -4.408896e-04
36.240002 -4.346317e-04
36.300003 -4.284437e-04
36.360004 -4.223294e-04
36.420006 -4.162924e-04
36.480007 -4.103356e-04
36.540009 -4.044616e-04
36.600010 -3.986727e-04
36.660011 -3.929706e-04
36.720013 -3.873568e-04
36.780014 -3.818325e-04
36.840015 -3.763984e-04
36.900017 -3.710550e-04
36.960018 -3.658025e-04
37.020020 -3.606410e-04
37.080021 -3.555700e-04
37.140022 -3.505892e-04
37.200024 -3.456977e-04
37.260025 -3.408947e-04
37.320026 -3.361791e-04
37.380028 -3.315496e-04
37.440029 -3.270051e-04
37.500031 -3.225438e-04
37.560032 -3.181645e-04
37.620033 -3.138653e-04
37.680035 -3.096445e-04
37.740036 -3.055006e-04
37.800037 -3.014315e-04
37.860039 -2.974356e-04
37.920040 -2.935110e-04
37.980042 -2.896559e-04
38.040043 -2.858684e-04
38.100044 -2.821469e-04
38.160046 -2.784896e-04
38.220047 -2.748947e-04
38.280048 -2.713606e-04
38.340050 -2.678856e-04
38.400051 -2.644683e-04
38.460052 -2.611071e-04
38.520054 -2.578007e-04
38.580055 -2.545477e-04
38.640057 -2.513468e-04
38.700058 -2.481969e-04
38.760059 -2.450969e-04
38.820061 -2.420457e-04
38.880062 -2.390424e-04
38.940063 -2.360862e-04
39.000065 -2.331762e-04
39.060066 -2.303118e-04
39.120068 -2.274923e-04
39.180069 -2.247173e-04
39.240070 -2.219861e-04
39.300072 -2.192984e-04
39.360073 -2.166538e-04
39.420074 -2.140520e-04
39.480076 -2.114928e-04
39.540077 -2.089759e-04
39.600079 -2.065012e-04
39.660080 -2.040686e-04
39.720081 -2.016780e-04
39.780083 -1.993293e-04
39.840084 -1.970224e-04
39.900085 -1.947575e-04
39.960087 -1.925343e-04
40.020088 -1.903530e-04
40.080090 -1.882135e-04
40.140091 -1.861158e-04
40.200092 -1.840598e-04
40.260094 -1.820457e-04
40.320095 -1.800732e-04
40.380096 -1.781423e-04
40.440098 -1.762530e-04
40.500099 -1.744050e-04
40.560101 -1.725982e-04
40.620102 -1.708325e-04
40.680103 -1.691074e-04
40.740105 -1.674229e-04
40.800106 -1.657785e-04
40.860107 -1.641739e-04
40.920109 -1.626087e-04
40.980110 -1.610823e-04
41.040112 -1.595943e-04
41.100113 -1.581441e-04
41.160114 -1.567310e-04
41.220116 -1.553545e-04
41.280117 -1.540138e-04
41.340118 -1.527081e-04
41.400120 -1.514366e-04
41.460121 -1.501985e-04
41.520123 -1.489928e-04
41.580124 -1.478187e-04
41.640125 -1.466752e-04
41.700127 -1.455612e-04
41.760128 -1.444757e-04
41.820129 -1.434177e-04
41.880131 -1.423860e-04
41.940132 -1.413795e-04
42.000134 -1.403971e-04
42.060135 -1.394376e-04
42.120136 -1.384999e-04
42.180138 -1.375827e-04
42.240139 -1.366849e-04
42.300140 -1.358052e-04
42.360142 -1.349426e-04
42.420143 -1.340958e-04
42.480145 -1.332636e-04
42.540146 -1.324450e-04
42.600147 -1.316387e-04
42.660149 -1.308436e-04
42.720150 -1.300587e-04
42.780151 -1.292829e-04
42.840153 -1.285151e-04
42.900154 -1.277543e-04
42.960155 -1.269996e-04
43.020157 -1.262501e-04
43.080158 -1.255049e-04
43.140160 -1.247631e-04
43.200161 -1.240239e-04
43.260162 -1.232866e-04
43.320164 -1.225505e-04
43.380165 -1.218150e-04
43.440166 -1.210794e-04
43.500168 -1.203433e-04
43.560169 -1.196061e-04
43.620171 -1.188674e-04
43.680172 -1.181268e-04
43.740173 -1.173841e-04
43.800175 -1.166390e-04
43.860176 -1.158912e-04
43.920177 -1.151407e-04
43.980179 -1.143872e-04
44.040180 -1.136308e-04
44.100182 -1.128715e-04
44.160183 -1.121094e-04
44.220184 -1.113444e-04
44.280186 -1.105769e-04
44.340187 -1.098070e-04
44.400188 -1.090349e-04
44.460190 -1.082609e-04
44.520191 -1.074854e-04
44.580193 -1.067087e-04
44.640194 -1.059312e-04
44.700195 -1.051533e-04
44.760197 -1.043756e-04
44.820198 -1.035984e-04
44.880199 -1.028223e-04
44.940201 -1.020478e-04
45.000202 -1.012755e-04
45.060204 -1.005059e-04
45.120205 -9.973961e-05
45.180206 -9.897725e-05
45.240208 -9.821939e-05
45.300209 -9.746662e-05
45.360210 -9.671957e-05
45.420212 -9.597884e-05
45.480213 -9.524502e-05
45.540215 -9.451872e-05
45.600216 -9.380052e-05
45.660217 -9.309102e-05
45.720219 -9.239076e-05
45.780220 -9.170033e-05
45.840221 -9.102023e-05
45.900223 -9.035101e-05
45.960224 -8.969314e-05
46.020226 -8.904712e-05
46.080227 -8.841340e-05
46.140228 -8.779240e-05
46.200230 -8.718452e-05
46.260231 -8.659015e-05
46.320232 -8.600961e-05
46.380234 -8.544322e-05
46.440235 -8.489128e-05
46.500237 -8.435401e-05
46.560238 -8.383164e-05
46.620239 -8.332435e-05
46.680241 -8.283229e-05
46.740242 -8.235557e-05
46.800243 -8.189426e-05
46.860245 -8.144840e-05
46.920246 -8.101800e-05
46.980247 -8.060302e-05
47.040249 -8.020341e-05
47.100250 -7.981904e-05
47.160252 -7.944978e-05
47.220253 -7.909546e-05
47.280254 -7.875586e-05
47.340256 -7.843073e-05
47.400257 -7.811979e-05
47.460258 -7.782272e-05
47.520260 -7.753917e-05
47.580261 -7.726875e-05
47.640263 -7.701105e-05
47.700264 -7.676561e-05
47.760265 -7.653195e-05
47.820267 -7.630957e-05
47.880268 -7.609790e-05
47.940269 -7.589639e-05
48.000271 -7.570443e-05
48.060272 -7.552140e-05
48.120274 -7.534663e-05
48.180275 -7.517946e-05
48.240276 -7.501917e-05
48.300278 -7.486503e-05
48.360279 -7.471630e-05
48.420280 -7.457221e-05
48.480282 -7.443195e-05
48.540283 -7.429474e-05
48.600285 -7.415973e-05
48.660286 -7.402608e-05
48.720287 -7.389293e-05
48.780289 -7.375942e-05
48.840290 -7.362465e-05
48.900291 -7.348774e-05
48.960293 -7.334778e-05
49.020294 -7.320385e-05
