       256
3585 4336 4338 4400 4399
3586 4399 4400 4415 4398
3587 4398 4415 4430 4397
3588 4397 4430 4445 4396
3589 4396 4445 4460 4395
3590 4395 4460 4475 4394
3591 4394 4475 4490 4393
3592 4393 4490 4505 4392
3593 4392 4505 4520 4391
3594 4391 4520 4535 4390
3595 4390 4535 4550 4389
3596 4389 4550 4565 4388
3597 4388 4565 4580 4387
3598 4387 4580 4595 4386
3599 4386 4595 4610 4385
3600 4385 4610 4384 4369
3601 4338 4339 4401 4400
3602 4400 4401 4416 4415
3603 4415 4416 4431 4430
3604 4430 4431 4446 4445
3605 4445 4446 4461 4460
3606 4460 4461 4476 4475
3607 4475 4476 4491 4490
3608 4490 4491 4506 4505
3609 4505 4506 4521 4520
3610 4520 4521 4536 4535
3611 4535 4536 4551 4550
3612 4550 4551 4566 4565
3613 4565 4566 4581 4580
3614 4580 4581 4596 4595
3615 4595 4596 4611 4610
3616 4610 4611 4383 4384
3617 4339 4340 4402 4401
3618 4401 4402 4417 4416
3619 4416 4417 4432 4431
3620 4431 4432 4447 4446
3621 4446 4447 4462 4461
3622 4461 4462 4477 4476
3623 4476 4477 4492 4491
3624 4491 4492 4507 4506
3625 4506 4507 4522 4521
3626 4521 4522 4537 4536
3627 4536 4537 4552 4551
3628 4551 4552 4567 4566
3629 4566 4567 4582 4581
3630 4581 4582 4597 4596
3631 4596 4597 4612 4611
3632 4611 4612 4382 4383
3633 4340 4341 4403 4402
3634 4402 4403 4418 4417
3635 4417 4418 4433 4432
3636 4432 4433 4448 4447
3637 4447 4448 4463 4462
3638 4462 4463 4478 4477
3639 4477 4478 4493 4492
3640 4492 4493 4508 4507
3641 4507 4508 4523 4522
3642 4522 4523 4538 4537
3643 4537 4538 4553 4552
3644 4552 4553 4568 4567
3645 4567 4568 4583 4582
3646 4582 4583 4598 4597
3647 4597 4598 4613 4612
3648 4612 4613 4381 4382
3649 4341 4342 4404 4403
3650 4403 4404 4419 4418
3651 4418 4419 4434 4433
3652 4433 4434 4449 4448
3653 4448 4449 4464 4463
3654 4463 4464 4479 4478
3655 4478 4479 4494 4493
3656 4493 4494 4509 4508
3657 4508 4509 4524 4523
3658 4523 4524 4539 4538
3659 4538 4539 4554 4553
3660 4553 4554 4569 4568
3661 4568 4569 4584 4583
3662 4583 4584 4599 4598
3663 4598 4599 4614 4613
3664 4613 4614 4380 4381
3665 4342 4343 4405 4404
3666 4404 4405 4420 4419
3667 4419 4420 4435 4434
3668 4434 4435 4450 4449
3669 4449 4450 4465 4464
3670 4464 4465 4480 4479
3671 4479 4480 4495 4494
3672 4494 4495 4510 4509
3673 4509 4510 4525 4524
3674 4524 4525 4540 4539
3675 4539 4540 4555 4554
3676 4554 4555 4570 4569
3677 4569 4570 4585 4584
3678 4584 4585 4600 4599
3679 4599 4600 4615 4614
3680 4614 4615 4379 4380
3681 4343 4344 4406 4405
3682 4405 4406 4421 4420
3683 4420 4421 4436 4435
3684 4435 4436 4451 4450
3685 4450 4451 4466 4465
3686 4465 4466 4481 4480
3687 4480 4481 4496 4495
3688 4495 4496 4511 4510
3689 4510 4511 4526 4525
3690 4525 4526 4541 4540
3691 4540 4541 4556 4555
3692 4555 4556 4571 4570
3693 4570 4571 4586 4585
3694 4585 4586 4601 4600
3695 4600 4601 4616 4615
3696 4615 4616 4378 4379
3697 4344 4345 4407 4406
3698 4406 4407 4422 4421
3699 4421 4422 4437 4436
3700 4436 4437 4452 4451
3701 4451 4452 4467 4466
3702 4466 4467 4482 4481
3703 4481 4482 4497 4496
3704 4496 4497 4512 4511
3705 4511 4512 4527 4526
3706 4526 4527 4542 4541
3707 4541 4542 4557 4556
3708 4556 4557 4572 4571
3709 4571 4572 4587 4586
3710 4586 4587 4602 4601
3711 4601 4602 4617 4616
3712 4616 4617 4377 4378
3713 4345 4346 4408 4407
3714 4407 4408 4423 4422
3715 4422 4423 4438 4437
3716 4437 4438 4453 4452
3717 4452 4453 4468 4467
3718 4467 4468 4483 4482
3719 4482 4483 4498 4497
3720 4497 4498 4513 4512
3721 4512 4513 4528 4527
3722 4527 4528 4543 4542
3723 4542 4543 4558 4557
3724 4557 4558 4573 4572
3725 4572 4573 4588 4587
3726 4587 4588 4603 4602
3727 4602 4603 4618 4617
3728 4617 4618 4376 4377
3729 4346 4347 4409 4408
3730 4408 4409 4424 4423
3731 4423 4424 4439 4438
3732 4438 4439 4454 4453
3733 4453 4454 4469 4468
3734 4468 4469 4484 4483
3735 4483 4484 4499 4498
3736 4498 4499 4514 4513
3737 4513 4514 4529 4528
3738 4528 4529 4544 4543
3739 4543 4544 4559 4558
3740 4558 4559 4574 4573
3741 4573 4574 4589 4588
3742 4588 4589 4604 4603
3743 4603 4604 4619 4618
3744 4618 4619 4375 4376
3745 4347 4348 4410 4409
3746 4409 4410 4425 4424
3747 4424 4425 4440 4439
3748 4439 4440 4455 4454
3749 4454 4455 4470 4469
3750 4469 4470 4485 4484
3751 4484 4485 4500 4499
3752 4499 4500 4515 4514
3753 4514 4515 4530 4529
3754 4529 4530 4545 4544
3755 4544 4545 4560 4559
3756 4559 4560 4575 4574
3757 4574 4575 4590 4589
3758 4589 4590 4605 4604
3759 4604 4605 4620 4619
3760 4619 4620 4374 4375
3761 4348 4349 4411 4410
3762 4410 4411 4426 4425
3763 4425 4426 4441 4440
3764 4440 4441 4456 4455
3765 4455 4456 4471 4470
3766 4470 4471 4486 4485
3767 4485 4486 4501 4500
3768 4500 4501 4516 4515
3769 4515 4516 4531 4530
3770 4530 4531 4546 4545
3771 4545 4546 4561 4560
3772 4560 4561 4576 4575
3773 4575 4576 4591 4590
3774 4590 4591 4606 4605
3775 4605 4606 4621 4620
3776 4620 4621 4373 4374
3777 4349 4350 4412 4411
3778 4411 4412 4427 4426
3779 4426 4427 4442 4441
3780 4441 4442 4457 4456
3781 4456 4457 4472 4471
3782 4471 4472 4487 4486
3783 4486 4487 4502 4501
3784 4501 4502 4517 4516
3785 4516 4517 4532 4531
3786 4531 4532 4547 4546
3787 4546 4547 4562 4561
3788 4561 4562 4577 4576
3789 4576 4577 4592 4591
3790 4591 4592 4607 4606
3791 4606 4607 4622 4621
3792 4621 4622 4372 4373
3793 4350 4351 4413 4412
3794 4412 4413 4428 4427
3795 4427 4428 4443 4442
3796 4442 4443 4458 4457
3797 4457 4458 4473 4472
3798 4472 4473 4488 4487
3799 4487 4488 4503 4502
3800 4502 4503 4518 4517
3801 4517 4518 4533 4532
3802 4532 4533 4548 4547
3803 4547 4548 4563 4562
3804 4562 4563 4578 4577
3805 4577 4578 4593 4592
3806 4592 4593 4608 4607
3807 4607 4608 4623 4622
3808 4622 4623 4371 4372
3809 4351 4352 4414 4413
3810 4413 4414 4429 4428
3811 4428 4429 4444 4443
3812 4443 4444 4459 4458
3813 4458 4459 4474 4473
3814 4473 4474 4489 4488
3815 4488 4489 4504 4503
3816 4503 4504 4519 4518
3817 4518 4519 4534 4533
3818 4533 4534 4549 4548
3819 4548 4549 4564 4563
3820 4563 4564 4579 4578
3821 4578 4579 4594 4593
3822 4593 4594 4609 4608
3823 4608 4609 4624 4623
3824 4623 4624 4370 4371
3825 4352 4337 4354 4414
3826 4414 4354 4355 4429
3827 4429 4355 4356 4444
3828 4444 4356 4357 4459
3829 4459 4357 4358 4474
3830 4474 4358 4359 4489
3831 4489 4359 4360 4504
3832 4504 4360 4361 4519
3833 4519 4361 4362 4534
3834 4534 4362 4363 4549
3835 4549 4363 4364 4564
3836 4564 4364 4365 4579
3837 4579 4365 4366 4594
3838 4594 4366 4367 4609
3839 4609 4367 4368 4624
3840 4624 4368 4353 4370
