       256
1 49 803 579 34
2 803 804 580 579
3 804 805 581 580
4 805 806 582 581
5 806 807 583 582
6 807 808 584 583
7 808 809 585 584
8 809 324 307 585
9 48 796 803 49
10 796 797 804 803
11 797 798 805 804
12 798 799 806 805
13 799 800 807 806
14 800 801 808 807
15 801 802 809 808
16 802 325 324 809
17 47 789 796 48
18 789 790 797 796
19 790 791 798 797
20 791 792 799 798
21 792 793 800 799
22 793 794 801 800
23 794 795 802 801
24 795 326 325 802
25 46 782 789 47
26 782 783 790 789
27 783 784 791 790
28 784 785 792 791
29 785 786 793 792
30 786 787 794 793
31 787 788 795 794
32 788 327 326 795
33 45 775 782 46
34 775 776 783 782
35 776 777 784 783
36 777 778 785 784
37 778 779 786 785
38 779 780 787 786
39 780 781 788 787
40 781 328 327 788
41 44 768 775 45
42 768 769 776 775
43 769 770 777 776
44 770 771 778 777
45 771 772 779 778
46 772 773 780 779
47 773 774 781 780
48 774 329 328 781
49 43 761 768 44
50 761 762 769 768
51 762 763 770 769
52 763 764 771 770
53 764 765 772 771
54 765 766 773 772
55 766 767 774 773
56 767 330 329 774
57 42 754 761 43
58 754 755 762 761
59 755 756 763 762
60 756 757 764 763
61 757 758 765 764
62 758 759 766 765
63 759 760 767 766
64 760 331 330 767
65 41 747 754 42
66 747 748 755 754
67 748 749 756 755
68 749 750 757 756
69 750 751 758 757
70 751 752 759 758
71 752 753 760 759
72 753 332 331 760
73 40 740 747 41
74 740 741 748 747
75 741 742 749 748
76 742 743 750 749
77 743 744 751 750
78 744 745 752 751
79 745 746 753 752
80 746 333 332 753
81 39 733 740 40
82 733 734 741 740
83 734 735 742 741
84 735 736 743 742
85 736 737 744 743
86 737 738 745 744
87 738 739 746 745
88 739 334 333 746
89 38 726 733 39
90 726 727 734 733
91 727 728 735 734
92 728 729 736 735
93 729 730 737 736
94 730 731 738 737
95 731 732 739 738
96 732 335 334 739
97 37 719 726 38
98 719 720 727 726
99 720 721 728 727
100 721 722 729 728
101 722 723 730 729
102 723 724 731 730
103 724 725 732 731
104 725 336 335 732
105 36 712 719 37
106 712 713 720 719
107 713 714 721 720
108 714 715 722 721
109 715 716 723 722
110 716 717 724 723
111 717 718 725 724
112 718 337 336 725
113 35 705 712 36
114 705 706 713 712
115 706 707 714 713
116 707 708 715 714
117 708 709 716 715
118 709 710 717 716
119 710 711 718 717
120 711 338 337 718
121 18 698 705 35
122 698 699 706 705
123 699 700 707 706
124 700 701 708 707
125 701 702 709 708
126 702 703 710 709
127 703 704 711 710
128 704 323 338 711
2064 2926 2635 2650 2928
2080 2928 2650 2649 2930
2096 2930 2649 2648 2932
2112 2932 2648 2647 2934
2128 2934 2647 2646 2936
2144 2936 2646 2645 2938
2160 2938 2645 2644 2940
2176 2940 2644 2643 2942
2192 2942 2643 2642 2944
2208 2944 2642 2641 2946
2224 2946 2641 2640 2948
2240 2948 2640 2639 2950
2256 2950 2639 2638 2952
2272 2952 2638 2637 2954
2288 2954 2637 2636 2956
2304 2956 2636 2619 2892
2320 2925 2926 2928 2927
2336 2927 2928 2930 2929
2352 2929 2930 2932 2931
2368 2931 2932 2934 2933
2384 2933 2934 2936 2935
2400 2935 2936 2938 2937
2416 2937 2938 2940 2939
2432 2939 2940 2942 2941
2448 2941 2942 2944 2943
2464 2943 2944 2946 2945
2480 2945 2946 2948 2947
2496 2947 2948 2950 2949
2512 2949 2950 2952 2951
2528 2951 2952 2954 2953
2544 2953 2954 2956 2955
2560 2955 2956 2892 2891
2576 323 2925 2927 338
2592 338 2927 2929 337
2608 337 2929 2931 336
2624 336 2931 2933 335
2640 335 2933 2935 334
2656 334 2935 2937 333
2672 333 2937 2939 332
2688 332 2939 2941 331
2704 331 2941 2943 330
2720 330 2943 2945 329
2736 329 2945 2947 328
2752 328 2947 2949 327
2768 327 2949 2951 326
2784 326 2951 2953 325
2800 325 2953 2955 324
2816 324 2955 2891 307
2832 3793 3502 3517 3795
2848 3795 3517 3516 3797
2864 3797 3516 3515 3799
2880 3799 3515 3514 3801
2896 3801 3514 3513 3803
2912 3803 3513 3512 3805
2928 3805 3512 3511 3807
2944 3807 3511 3510 3809
2960 3809 3510 3509 3811
2976 3811 3509 3508 3813
2992 3813 3508 3507 3815
3008 3815 3507 3506 3817
3024 3817 3506 3505 3819
3040 3819 3505 3504 3821
3056 3821 3504 3503 3823
3072 3823 3503 3486 3759
3088 3792 3793 3795 3794
3104 3794 3795 3797 3796
3120 3796 3797 3799 3798
3136 3798 3799 3801 3800
3152 3800 3801 3803 3802
3168 3802 3803 3805 3804
3184 3804 3805 3807 3806
3200 3806 3807 3809 3808
3216 3808 3809 3811 3810
3232 3810 3811 3813 3812
3248 3812 3813 3815 3814
3264 3814 3815 3817 3816
3280 3816 3817 3819 3818
3296 3818 3819 3821 3820
3312 3820 3821 3823 3822
3328 3822 3823 3759 3758
3344 2635 3792 3794 2650
3360 2650 3794 3796 2649
3376 2649 3796 3798 2648
3392 2648 3798 3800 2647
3408 2647 3800 3802 2646
3424 2646 3802 3804 2645
3440 2645 3804 3806 2644
3456 2644 3806 3808 2643
3472 2643 3808 3810 2642
3488 2642 3810 3812 2641
3504 2641 3812 3814 2640
3520 2640 3814 3816 2639
3536 2639 3816 3818 2638
3552 2638 3818 3820 2637
3568 2637 3820 3822 2636
3584 2636 3822 3758 2619
3600 4642 4369 4384 4643
3616 4643 4384 4383 4644
3632 4644 4383 4382 4645
3648 4645 4382 4381 4646
3664 4646 4381 4380 4647
3680 4647 4380 4379 4648
3696 4648 4379 4378 4649
3712 4649 4378 4377 4650
3728 4650 4377 4376 4651
3744 4651 4376 4375 4652
3760 4652 4375 4374 4653
3776 4653 4374 4373 4654
3792 4654 4373 4372 4655
3808 4655 4372 4371 4656
3824 4656 4371 4370 4657
3840 4657 4370 4353 4625
3856 3502 4642 4643 3517
3872 3517 4643 4644 3516
3888 3516 4644 4645 3515
3904 3515 4645 4646 3514
3920 3514 4646 4647 3513
3936 3513 4647 4648 3512
3952 3512 4648 4649 3511
3968 3511 4649 4650 3510
3984 3510 4650 4651 3509
4000 3509 4651 4652 3508
4016 3508 4652 4653 3507
4032 3507 4653 4654 3506
4048 3506 4654 4655 3505
4064 3505 4655 4656 3504
4080 3504 4656 4657 3503
4096 3503 4657 4625 3486
