       256
1921 1 586 922 3
1922 586 587 923 922
1923 587 588 924 923
1924 588 589 925 924
1925 589 590 926 925
1926 590 591 927 926
1927 591 592 928 927
1928 592 291 306 928
1929 3 922 929 4
1930 922 923 930 929
1931 923 924 931 930
1932 924 925 932 931
1933 925 926 933 932
1934 926 927 934 933
1935 927 928 935 934
1936 928 306 305 935
1937 4 929 936 5
1938 929 930 937 936
1939 930 931 938 937
1940 931 932 939 938
1941 932 933 940 939
1942 933 934 941 940
1943 934 935 942 941
1944 935 305 304 942
1945 5 936 943 6
1946 936 937 944 943
1947 937 938 945 944
1948 938 939 946 945
1949 939 940 947 946
1950 940 941 948 947
1951 941 942 949 948
1952 942 304 303 949
1953 6 943 950 7
1954 943 944 951 950
1955 944 945 952 951
1956 945 946 953 952
1957 946 947 954 953
1958 947 948 955 954
1959 948 949 956 955
1960 949 303 302 956
1961 7 950 957 8
1962 950 951 958 957
1963 951 952 959 958
1964 952 953 960 959
1965 953 954 961 960
1966 954 955 962 961
1967 955 956 963 962
1968 956 302 301 963
1969 8 957 964 9
1970 957 958 965 964
1971 958 959 966 965
1972 959 960 967 966
1973 960 961 968 967
1974 961 962 969 968
1975 962 963 970 969
1976 963 301 300 970
1977 9 964 971 10
1978 964 965 972 971
1979 965 966 973 972
1980 966 967 974 973
1981 967 968 975 974
1982 968 969 976 975
1983 969 970 977 976
1984 970 300 299 977
1985 10 971 978 11
1986 971 972 979 978
1987 972 973 980 979
1988 973 974 981 980
1989 974 975 982 981
1990 975 976 983 982
1991 976 977 984 983
1992 977 299 298 984
1993 11 978 985 12
1994 978 979 986 985
1995 979 980 987 986
1996 980 981 988 987
1997 981 982 989 988
1998 982 983 990 989
1999 983 984 991 990
2000 984 298 297 991
2001 12 985 992 13
2002 985 986 993 992
2003 986 987 994 993
2004 987 988 995 994
2005 988 989 996 995
2006 989 990 997 996
2007 990 991 998 997
2008 991 297 296 998
2009 13 992 999 14
2010 992 993 1000 999
2011 993 994 1001 1000
2012 994 995 1002 1001
2013 995 996 1003 1002
2014 996 997 1004 1003
2015 997 998 1005 1004
2016 998 296 295 1005
2017 14 999 1006 15
2018 999 1000 1007 1006
2019 1000 1001 1008 1007
2020 1001 1002 1009 1008
2021 1002 1003 1010 1009
2022 1003 1004 1011 1010
2023 1004 1005 1012 1011
2024 1005 295 294 1012
2025 15 1006 1013 16
2026 1006 1007 1014 1013
2027 1007 1008 1015 1014
2028 1008 1009 1016 1015
2029 1009 1010 1017 1016
2030 1010 1011 1018 1017
2031 1011 1012 1019 1018
2032 1012 294 293 1019
2033 16 1013 1020 17
2034 1013 1014 1021 1020
2035 1014 1015 1022 1021
2036 1015 1016 1023 1022
2037 1016 1017 1024 1023
2038 1017 1018 1025 1024
2039 1018 1019 1026 1025
2040 1019 293 292 1026
2041 17 1020 810 2
2042 1020 1021 811 810
2043 1021 1022 812 811
2044 1022 1023 813 812
2045 1023 1024 814 813
2046 1024 1025 815 814
2047 1025 1026 816 815
2048 1026 292 290 816
2049 3018 2604 2602 2958
2065 3016 2605 2604 3018
2081 3014 2606 2605 3016
2097 3012 2607 2606 3014
2113 3010 2608 2607 3012
2129 3008 2609 2608 3010
2145 3006 2610 2609 3008
2161 3004 2611 2610 3006
2177 3002 2612 2611 3004
2193 3000 2613 2612 3002
2209 2998 2614 2613 3000
2225 2996 2615 2614 2998
2241 2994 2616 2615 2996
2257 2992 2617 2616 2994
2273 2990 2618 2617 2992
2289 2894 2603 2618 2990
2305 3017 3018 2958 2957
2321 3015 3016 3018 3017
2337 3013 3014 3016 3015
2353 3011 3012 3014 3013
2369 3009 3010 3012 3011
2385 3007 3008 3010 3009
2401 3005 3006 3008 3007
2417 3003 3004 3006 3005
2433 3001 3002 3004 3003
2449 2999 3000 3002 3001
2465 2997 2998 3000 2999
2481 2995 2996 2998 2997
2497 2993 2994 2996 2995
2513 2991 2992 2994 2993
2529 2989 2990 2992 2991
2545 2893 2894 2990 2989
2561 292 3017 2957 290
2577 293 3015 3017 292
2593 294 3013 3015 293
2609 295 3011 3013 294
2625 296 3009 3011 295
2641 297 3007 3009 296
2657 298 3005 3007 297
2673 299 3003 3005 298
2689 300 3001 3003 299
2705 301 2999 3001 300
2721 302 2997 2999 301
2737 303 2995 2997 302
2753 304 2993 2995 303
2769 305 2991 2993 304
2785 306 2989 2991 305
2801 291 2893 2989 306
2817 3885 3471 3469 3825
2833 3883 3472 3471 3885
2849 3881 3473 3472 3883
2865 3879 3474 3473 3881
2881 3877 3475 3474 3879
2897 3875 3476 3475 3877
2913 3873 3477 3476 3875
2929 3871 3478 3477 3873
2945 3869 3479 3478 3871
2961 3867 3480 3479 3869
2977 3865 3481 3480 3867
2993 3863 3482 3481 3865
3009 3861 3483 3482 3863
3025 3859 3484 3483 3861
3041 3857 3485 3484 3859
3057 3761 3470 3485 3857
3073 3884 3885 3825 3824
3089 3882 3883 3885 3884
3105 3880 3881 3883 3882
3121 3878 3879 3881 3880
3137 3876 3877 3879 3878
3153 3874 3875 3877 3876
3169 3872 3873 3875 3874
3185 3870 3871 3873 3872
3201 3868 3869 3871 3870
3217 3866 3867 3869 3868
3233 3864 3865 3867 3866
3249 3862 3863 3865 3864
3265 3860 3861 3863 3862
3281 3858 3859 3861 3860
3297 3856 3857 3859 3858
3313 3760 3761 3857 3856
3329 2604 3884 3824 2602
3345 2605 3882 3884 2604
3361 2606 3880 3882 2605
3377 2607 3878 3880 2606
3393 2608 3876 3878 2607
3409 2609 3874 3876 2608
3425 2610 3872 3874 2609
3441 2611 3870 3872 2610
3457 2612 3868 3870 2611
3473 2613 3866 3868 2612
3489 2614 3864 3866 2613
3505 2615 3862 3864 2614
3521 2616 3860 3862 2615
3537 2617 3858 3860 2616
3553 2618 3856 3858 2617
3569 2603 3760 3856 2618
3585 4688 4338 4336 4658
3601 4687 4339 4338 4688
3617 4686 4340 4339 4687
3633 4685 4341 4340 4686
3649 4684 4342 4341 4685
3665 4683 4343 4342 4684
3681 4682 4344 4343 4683
3697 4681 4345 4344 4682
3713 4680 4346 4345 4681
3729 4679 4347 4346 4680
3745 4678 4348 4347 4679
3761 4677 4349 4348 4678
3777 4676 4350 4349 4677
3793 4675 4351 4350 4676
3809 4674 4352 4351 4675
3825 4626 4337 4352 4674
3841 3471 4688 4658 3469
3857 3472 4687 4688 3471
3873 3473 4686 4687 3472
3889 3474 4685 4686 3473
3905 3475 4684 4685 3474
3921 3476 4683 4684 3475
3937 3477 4682 4683 3476
3953 3478 4681 4682 3477
3969 3479 4680 4681 3478
3985 3480 4679 4680 3479
4001 3481 4678 4679 3480
4017 3482 4677 4678 3481
4033 3483 4676 4677 3482
4049 3484 4675 4676 3483
4065 3485 4674 4675 3484
4081 3470 4626 4674 3485
