       256
1 50 275 49 34
9 275 276 48 49
17 276 277 47 48
25 277 278 46 47
33 278 279 45 46
41 279 280 44 45
49 280 281 43 44
57 281 282 42 43
65 282 283 41 42
73 283 284 40 41
81 284 285 39 40
89 285 286 38 39
97 286 287 37 38
105 287 288 36 37
113 288 289 35 36
121 289 33 18 35
129 51 260 275 50
137 260 261 276 275
145 261 262 277 276
153 262 263 278 277
161 263 264 279 278
169 264 265 280 279
177 265 266 281 280
185 266 267 282 281
193 267 268 283 282
201 268 269 284 283
209 269 270 285 284
217 270 271 286 285
225 271 272 287 286
233 272 273 288 287
241 273 274 289 288
249 274 32 33 289
257 52 245 260 51
265 245 246 261 260
273 246 247 262 261
281 247 248 263 262
289 248 249 264 263
297 249 250 265 264
305 250 251 266 265
313 251 252 267 266
321 252 253 268 267
329 253 254 269 268
337 254 255 270 269
345 255 256 271 270
353 256 257 272 271
361 257 258 273 272
369 258 259 274 273
377 259 31 32 274
385 53 230 245 52
393 230 231 246 245
401 231 232 247 246
409 232 233 248 247
417 233 234 249 248
425 234 235 250 249
433 235 236 251 250
441 236 237 252 251
449 237 238 253 252
457 238 239 254 253
465 239 240 255 254
473 240 241 256 255
481 241 242 257 256
489 242 243 258 257
497 243 244 259 258
505 244 30 31 259
513 54 215 230 53
521 215 216 231 230
529 216 217 232 231
537 217 218 233 232
545 218 219 234 233
553 219 220 235 234
561 220 221 236 235
569 221 222 237 236
577 222 223 238 237
585 223 224 239 238
593 224 225 240 239
601 225 226 241 240
609 226 227 242 241
617 227 228 243 242
625 228 229 244 243
633 229 29 30 244
641 55 200 215 54
649 200 201 216 215
657 201 202 217 216
665 202 203 218 217
673 203 204 219 218
681 204 205 220 219
689 205 206 221 220
697 206 207 222 221
705 207 208 223 222
713 208 209 224 223
721 209 210 225 224
729 210 211 226 225
737 211 212 227 226
745 212 213 228 227
753 213 214 229 228
761 214 28 29 229
769 56 185 200 55
777 185 186 201 200
785 186 187 202 201
793 187 188 203 202
801 188 189 204 203
809 189 190 205 204
817 190 191 206 205
825 191 192 207 206
833 192 193 208 207
841 193 194 209 208
849 194 195 210 209
857 195 196 211 210
865 196 197 212 211
873 197 198 213 212
881 198 199 214 213
889 199 27 28 214
897 57 170 185 56
905 170 171 186 185
913 171 172 187 186
921 172 173 188 187
929 173 174 189 188
937 174 175 190 189
945 175 176 191 190
953 176 177 192 191
961 177 178 193 192
969 178 179 194 193
977 179 180 195 194
985 180 181 196 195
993 181 182 197 196
1001 182 183 198 197
1009 183 184 199 198
1017 184 26 27 199
1025 58 155 170 57
1033 155 156 171 170
1041 156 157 172 171
1049 157 158 173 172
1057 158 159 174 173
1065 159 160 175 174
1073 160 161 176 175
1081 161 162 177 176
1089 162 163 178 177
1097 163 164 179 178
1105 164 165 180 179
1113 165 166 181 180
1121 166 167 182 181
1129 167 168 183 182
1137 168 169 184 183
1145 169 25 26 184
1153 59 140 155 58
1161 140 141 156 155
1169 141 142 157 156
1177 142 143 158 157
1185 143 144 159 158
1193 144 145 160 159
1201 145 146 161 160
1209 146 147 162 161
1217 147 148 163 162
1225 148 149 164 163
1233 149 150 165 164
1241 150 151 166 165
1249 151 152 167 166
1257 152 153 168 167
1265 153 154 169 168
1273 154 24 25 169
1281 60 125 140 59
1289 125 126 141 140
1297 126 127 142 141
1305 127 128 143 142
1313 128 129 144 143
1321 129 130 145 144
1329 130 131 146 145
1337 131 132 147 146
1345 132 133 148 147
1353 133 134 149 148
1361 134 135 150 149
1369 135 136 151 150
1377 136 137 152 151
1385 137 138 153 152
1393 138 139 154 153
1401 139 23 24 154
1409 61 110 125 60
1417 110 111 126 125
1425 111 112 127 126
1433 112 113 128 127
1441 113 114 129 128
1449 114 115 130 129
1457 115 116 131 130
1465 116 117 132 131
1473 117 118 133 132
1481 118 119 134 133
1489 119 120 135 134
1497 120 121 136 135
1505 121 122 137 136
1513 122 123 138 137
1521 123 124 139 138
1529 124 22 23 139
1537 62 95 110 61
1545 95 96 111 110
1553 96 97 112 111
1561 97 98 113 112
1569 98 99 114 113
1577 99 100 115 114
1585 100 101 116 115
1593 101 102 117 116
1601 102 103 118 117
1609 103 104 119 118
1617 104 105 120 119
1625 105 106 121 120
1633 106 107 122 121
1641 107 108 123 122
1649 108 109 124 123
1657 109 21 22 124
1665 63 80 95 62
1673 80 81 96 95
1681 81 82 97 96
1689 82 83 98 97
1697 83 84 99 98
1705 84 85 100 99
1713 85 86 101 100
1721 86 87 102 101
1729 87 88 103 102
1737 88 89 104 103
1745 89 90 105 104
1753 90 91 106 105
1761 91 92 107 106
1769 92 93 108 107
1777 93 94 109 108
1785 94 20 21 109
1793 64 65 80 63
1801 65 66 81 80
1809 66 67 82 81
1817 67 68 83 82
1825 68 69 84 83
1833 69 70 85 84
1841 70 71 86 85
1849 71 72 87 86
1857 72 73 88 87
1865 73 74 89 88
1873 74 75 90 89
1881 75 76 91 90
1889 76 77 92 91
1897 77 78 93 92
1905 78 79 94 93
1913 79 19 20 94
1921 1 3 65 64
1929 3 4 66 65
1937 4 5 67 66
1945 5 6 68 67
1953 6 7 69 68
1961 7 8 70 69
1969 8 9 71 70
1977 9 10 72 71
1985 10 11 73 72
1993 11 12 74 73
2001 12 13 75 74
2009 13 14 76 75
2017 14 15 77 76
2025 15 16 78 77
2033 16 17 79 78
2041 17 2 19 79
