1296
16 2738 1442 1407 1444
32 2737 2738 1444 1445
48 2736 2737 1445 1446
64 2735 2736 1446 1447
80 2734 2735 1447 1448
96 2733 2734 1448 1449
112 2732 2733 1449 1450
128 2731 2732 1450 1451
144 2730 2731 1451 1452
160 2729 2730 1452 1453
176 2728 2729 1453 1454
192 2727 2728 1454 1455
208 2726 2727 1455 1456
224 2725 2726 1456 1457
240 2724 2725 1457 1458
256 2723 2724 1458 1459
272 2722 2723 1459 1460
288 2721 2722 1460 1461
304 2720 2721 1461 1462
320 2719 2720 1462 1463
336 2718 2719 1463 1464
352 2717 2718 1464 1465
368 2716 2717 1465 1466
384 2715 2716 1466 1467
400 2714 2715 1467 1468
416 2713 2714 1468 1469
432 2712 2713 1469 1470
448 2711 2712 1470 1471
464 2710 2711 1471 1472
480 2709 2710 1472 1473
496 2708 2709 1473 1474
512 2707 2708 1474 1475
528 2706 2707 1475 1476
544 2705 2706 1476 1477
560 2704 2705 1477 1478
576 1479 2704 1478 1443
592 2703 1441 1442 2738
608 2702 2703 2738 2737
624 2701 2702 2737 2736
640 2700 2701 2736 2735
656 2699 2700 2735 2734
672 2698 2699 2734 2733
688 2697 2698 2733 2732
704 2696 2697 2732 2731
720 2695 2696 2731 2730
736 2694 2695 2730 2729
752 2693 2694 2729 2728
768 2692 2693 2728 2727
784 2691 2692 2727 2726
800 2690 2691 2726 2725
816 2689 2690 2725 2724
832 2688 2689 2724 2723
848 2687 2688 2723 2722
864 2686 2687 2722 2721
880 2685 2686 2721 2720
896 2684 2685 2720 2719
912 2683 2684 2719 2718
928 2682 2683 2718 2717
944 2681 2682 2717 2716
960 2680 2681 2716 2715
976 2679 2680 2715 2714
992 2678 2679 2714 2713
1008 2677 2678 2713 2712
1024 2676 2677 2712 2711
1040 2675 2676 2711 2710
1056 2674 2675 2710 2709
1072 2673 2674 2709 2708
1088 2672 2673 2708 2707
1104 2671 2672 2707 2706
1120 2670 2671 2706 2705
1136 2669 2670 2705 2704
1152 1480 2669 2704 1479
1168 2668 1440 1441 2703
1184 2667 2668 2703 2702
1200 2666 2667 2702 2701
1216 2665 2666 2701 2700
1232 2664 2665 2700 2699
1248 2663 2664 2699 2698
1264 2662 2663 2698 2697
1280 2661 2662 2697 2696
1296 2660 2661 2696 2695
1312 2659 2660 2695 2694
1328 2658 2659 2694 2693
1344 2657 2658 2693 2692
1360 2656 2657 2692 2691
1376 2655 2656 2691 2690
1392 2654 2655 2690 2689
1408 2653 2654 2689 2688
1424 2652 2653 2688 2687
1440 2651 2652 2687 2686
1456 2650 2651 2686 2685
1472 2649 2650 2685 2684
1488 2648 2649 2684 2683
1504 2647 2648 2683 2682
1520 2646 2647 2682 2681
1536 2645 2646 2681 2680
1552 2644 2645 2680 2679
1568 2643 2644 2679 2678
1584 2642 2643 2678 2677
1600 2641 2642 2677 2676
1616 2640 2641 2676 2675
1632 2639 2640 2675 2674
1648 2638 2639 2674 2673
1664 2637 2638 2673 2672
1680 2636 2637 2672 2671
1696 2635 2636 2671 2670
1712 2634 2635 2670 2669
1728 1481 2634 2669 1480
1744 2633 1439 1440 2668
1760 2632 2633 2668 2667
1776 2631 2632 2667 2666
1792 2630 2631 2666 2665
1808 2629 2630 2665 2664
1824 2628 2629 2664 2663
1840 2627 2628 2663 2662
1856 2626 2627 2662 2661
1872 2625 2626 2661 2660
1888 2624 2625 2660 2659
1904 2623 2624 2659 2658
1920 2622 2623 2658 2657
1936 2621 2622 2657 2656
1952 2620 2621 2656 2655
1968 2619 2620 2655 2654
1984 2618 2619 2654 2653
2000 2617 2618 2653 2652
2016 2616 2617 2652 2651
2032 2615 2616 2651 2650
2048 2614 2615 2650 2649
2064 2613 2614 2649 2648
2080 2612 2613 2648 2647
2096 2611 2612 2647 2646
2112 2610 2611 2646 2645
2128 2609 2610 2645 2644
2144 2608 2609 2644 2643
2160 2607 2608 2643 2642
2176 2606 2607 2642 2641
2192 2605 2606 2641 2640
2208 2604 2605 2640 2639
2224 2603 2604 2639 2638
2240 2602 2603 2638 2637
2256 2601 2602 2637 2636
2272 2600 2601 2636 2635
2288 2599 2600 2635 2634
2304 1482 2599 2634 1481
2320 2598 1438 1439 2633
2336 2597 2598 2633 2632
2352 2596 2597 2632 2631
2368 2595 2596 2631 2630
2384 2594 2595 2630 2629
2400 2593 2594 2629 2628
2416 2592 2593 2628 2627
2432 2591 2592 2627 2626
2448 2590 2591 2626 2625
2464 2589 2590 2625 2624
2480 2588 2589 2624 2623
2496 2587 2588 2623 2622
2512 2586 2587 2622 2621
2528 2585 2586 2621 2620
2544 2584 2585 2620 2619
2560 2583 2584 2619 2618
2576 2582 2583 2618 2617
2592 2581 2582 2617 2616
2608 2580 2581 2616 2615
2624 2579 2580 2615 2614
2640 2578 2579 2614 2613
2656 2577 2578 2613 2612
2672 2576 2577 2612 2611
2688 2575 2576 2611 2610
2704 2574 2575 2610 2609
2720 2573 2574 2609 2608
2736 2572 2573 2608 2607
2752 2571 2572 2607 2606
2768 2570 2571 2606 2605
2784 2569 2570 2605 2604
2800 2568 2569 2604 2603
2816 2567 2568 2603 2602
2832 2566 2567 2602 2601
2848 2565 2566 2601 2600
2864 2564 2565 2600 2599
2880 1483 2564 2599 1482
2896 2563 1437 1438 2598
2912 2562 2563 2598 2597
2928 2561 2562 2597 2596
2944 2560 2561 2596 2595
2960 2559 2560 2595 2594
2976 2558 2559 2594 2593
2992 2557 2558 2593 2592
3008 2556 2557 2592 2591
3024 2555 2556 2591 2590
3040 2554 2555 2590 2589
3056 2553 2554 2589 2588
3072 2552 2553 2588 2587
3088 2551 2552 2587 2586
3104 2550 2551 2586 2585
3120 2549 2550 2585 2584
3136 2548 2549 2584 2583
3152 2547 2548 2583 2582
3168 2546 2547 2582 2581
3184 2545 2546 2581 2580
3200 2544 2545 2580 2579
3216 2543 2544 2579 2578
3232 2542 2543 2578 2577
3248 2541 2542 2577 2576
3264 2540 2541 2576 2575
3280 2539 2540 2575 2574
3296 2538 2539 2574 2573
3312 2537 2538 2573 2572
3328 2536 2537 2572 2571
3344 2535 2536 2571 2570
3360 2534 2535 2570 2569
3376 2533 2534 2569 2568
3392 2532 2533 2568 2567
3408 2531 2532 2567 2566
3424 2530 2531 2566 2565
3440 2529 2530 2565 2564
3456 1484 2529 2564 1483
3472 2528 1436 1437 2563
3488 2527 2528 2563 2562
3504 2526 2527 2562 2561
3520 2525 2526 2561 2560
3536 2524 2525 2560 2559
3552 2523 2524 2559 2558
3568 2522 2523 2558 2557
3584 2521 2522 2557 2556
3600 2520 2521 2556 2555
3616 2519 2520 2555 2554
3632 2518 2519 2554 2553
3648 2517 2518 2553 2552
3664 2516 2517 2552 2551
3680 2515 2516 2551 2550
3696 2514 2515 2550 2549
3712 2513 2514 2549 2548
3728 2512 2513 2548 2547
3744 2511 2512 2547 2546
3760 2510 2511 2546 2545
3776 2509 2510 2545 2544
3792 2508 2509 2544 2543
3808 2507 2508 2543 2542
3824 2506 2507 2542 2541
3840 2505 2506 2541 2540
3856 2504 2505 2540 2539
3872 2503 2504 2539 2538
3888 2502 2503 2538 2537
3904 2501 2502 2537 2536
3920 2500 2501 2536 2535
3936 2499 2500 2535 2534
3952 2498 2499 2534 2533
3968 2497 2498 2533 2532
3984 2496 2497 2532 2531
4000 2495 2496 2531 2530
4016 2494 2495 2530 2529
4032 1485 2494 2529 1484
4048 2493 1435 1436 2528
4064 2492 2493 2528 2527
4080 2491 2492 2527 2526
4096 2490 2491 2526 2525
4112 2489 2490 2525 2524
4128 2488 2489 2524 2523
4144 2487 2488 2523 2522
4160 2486 2487 2522 2521
4176 2485 2486 2521 2520
4192 2484 2485 2520 2519
4208 2483 2484 2519 2518
4224 2482 2483 2518 2517
4240 2481 2482 2517 2516
4256 2480 2481 2516 2515
4272 2479 2480 2515 2514
4288 2478 2479 2514 2513
4304 2477 2478 2513 2512
4320 2476 2477 2512 2511
4336 2475 2476 2511 2510
4352 2474 2475 2510 2509
4368 2473 2474 2509 2508
4384 2472 2473 2508 2507
4400 2471 2472 2507 2506
4416 2470 2471 2506 2505
4432 2469 2470 2505 2504
4448 2468 2469 2504 2503
4464 2467 2468 2503 2502
4480 2466 2467 2502 2501
4496 2465 2466 2501 2500
4512 2464 2465 2500 2499
4528 2463 2464 2499 2498
4544 2462 2463 2498 2497
4560 2461 2462 2497 2496
4576 2460 2461 2496 2495
4592 2459 2460 2495 2494
4608 1486 2459 2494 1485
4624 2458 1434 1435 2493
4640 2457 2458 2493 2492
4656 2456 2457 2492 2491
4672 2455 2456 2491 2490
4688 2454 2455 2490 2489
4704 2453 2454 2489 2488
4720 2452 2453 2488 2487
4736 2451 2452 2487 2486
4752 2450 2451 2486 2485
4768 2449 2450 2485 2484
4784 2448 2449 2484 2483
4800 2447 2448 2483 2482
4816 2446 2447 2482 2481
4832 2445 2446 2481 2480
4848 2444 2445 2480 2479
4864 2443 2444 2479 2478
4880 2442 2443 2478 2477
4896 2441 2442 2477 2476
4912 2440 2441 2476 2475
4928 2439 2440 2475 2474
4944 2438 2439 2474 2473
4960 2437 2438 2473 2472
4976 2436 2437 2472 2471
4992 2435 2436 2471 2470
5008 2434 2435 2470 2469
5024 2433 2434 2469 2468
5040 2432 2433 2468 2467
5056 2431 2432 2467 2466
5072 2430 2431 2466 2465
5088 2429 2430 2465 2464
5104 2428 2429 2464 2463
5120 2427 2428 2463 2462
5136 2426 2427 2462 2461
5152 2425 2426 2461 2460
5168 2424 2425 2460 2459
5184 1487 2424 2459 1486
5200 2423 1433 1434 2458
5216 2422 2423 2458 2457
5232 2421 2422 2457 2456
5248 2420 2421 2456 2455
5264 2419 2420 2455 2454
5280 2418 2419 2454 2453
5296 2417 2418 2453 2452
5312 2416 2417 2452 2451
5328 2415 2416 2451 2450
5344 2414 2415 2450 2449
5360 2413 2414 2449 2448
5376 2412 2413 2448 2447
5392 2411 2412 2447 2446
5408 2410 2411 2446 2445
5424 2409 2410 2445 2444
5440 2408 2409 2444 2443
5456 2407 2408 2443 2442
5472 2406 2407 2442 2441
5488 2405 2406 2441 2440
5504 2404 2405 2440 2439
5520 2403 2404 2439 2438
5536 2402 2403 2438 2437
5552 2401 2402 2437 2436
5568 2400 2401 2436 2435
5584 2399 2400 2435 2434
5600 2398 2399 2434 2433
5616 2397 2398 2433 2432
5632 2396 2397 2432 2431
5648 2395 2396 2431 2430
5664 2394 2395 2430 2429
5680 2393 2394 2429 2428
5696 2392 2393 2428 2427
5712 2391 2392 2427 2426
5728 2390 2391 2426 2425
5744 2389 2390 2425 2424
5760 1488 2389 2424 1487
5776 2388 1432 1433 2423
5792 2387 2388 2423 2422
5808 2386 2387 2422 2421
5824 2385 2386 2421 2420
5840 2384 2385 2420 2419
5856 2383 2384 2419 2418
5872 2382 2383 2418 2417
5888 2381 2382 2417 2416
5904 2380 2381 2416 2415
5920 2379 2380 2415 2414
5936 2378 2379 2414 2413
5952 2377 2378 2413 2412
5968 2376 2377 2412 2411
5984 2375 2376 2411 2410
6000 2374 2375 2410 2409
6016 2373 2374 2409 2408
6032 2372 2373 2408 2407
6048 2371 2372 2407 2406
6064 2370 2371 2406 2405
6080 2369 2370 2405 2404
6096 2368 2369 2404 2403
6112 2367 2368 2403 2402
6128 2366 2367 2402 2401
6144 2365 2366 2401 2400
6160 2364 2365 2400 2399
6176 2363 2364 2399 2398
6192 2362 2363 2398 2397
6208 2361 2362 2397 2396
6224 2360 2361 2396 2395
6240 2359 2360 2395 2394
6256 2358 2359 2394 2393
6272 2357 2358 2393 2392
6288 2356 2357 2392 2391
6304 2355 2356 2391 2390
6320 2354 2355 2390 2389
6336 1489 2354 2389 1488
6352 2353 1431 1432 2388
6368 2352 2353 2388 2387
6384 2351 2352 2387 2386
6400 2350 2351 2386 2385
6416 2349 2350 2385 2384
6432 2348 2349 2384 2383
6448 2347 2348 2383 2382
6464 2346 2347 2382 2381
6480 2345 2346 2381 2380
6496 2344 2345 2380 2379
6512 2343 2344 2379 2378
6528 2342 2343 2378 2377
6544 2341 2342 2377 2376
6560 2340 2341 2376 2375
6576 2339 2340 2375 2374
6592 2338 2339 2374 2373
6608 2337 2338 2373 2372
6624 2336 2337 2372 2371
6640 2335 2336 2371 2370
6656 2334 2335 2370 2369
6672 2333 2334 2369 2368
6688 2332 2333 2368 2367
6704 2331 2332 2367 2366
6720 2330 2331 2366 2365
6736 2329 2330 2365 2364
6752 2328 2329 2364 2363
6768 2327 2328 2363 2362
6784 2326 2327 2362 2361
6800 2325 2326 2361 2360
6816 2324 2325 2360 2359
6832 2323 2324 2359 2358
6848 2322 2323 2358 2357
6864 2321 2322 2357 2356
6880 2320 2321 2356 2355
6896 2319 2320 2355 2354
6912 1490 2319 2354 1489
6928 2318 1430 1431 2353
6944 2317 2318 2353 2352
6960 2316 2317 2352 2351
6976 2315 2316 2351 2350
6992 2314 2315 2350 2349
7008 2313 2314 2349 2348
7024 2312 2313 2348 2347
7040 2311 2312 2347 2346
7056 2310 2311 2346 2345
7072 2309 2310 2345 2344
7088 2308 2309 2344 2343
7104 2307 2308 2343 2342
7120 2306 2307 2342 2341
7136 2305 2306 2341 2340
7152 2304 2305 2340 2339
7168 2303 2304 2339 2338
7184 2302 2303 2338 2337
7200 2301 2302 2337 2336
7216 2300 2301 2336 2335
7232 2299 2300 2335 2334
7248 2298 2299 2334 2333
7264 2297 2298 2333 2332
7280 2296 2297 2332 2331
7296 2295 2296 2331 2330
7312 2294 2295 2330 2329
7328 2293 2294 2329 2328
7344 2292 2293 2328 2327
7360 2291 2292 2327 2326
7376 2290 2291 2326 2325
7392 2289 2290 2325 2324
7408 2288 2289 2324 2323
7424 2287 2288 2323 2322
7440 2286 2287 2322 2321
7456 2285 2286 2321 2320
7472 2284 2285 2320 2319
7488 1491 2284 2319 1490
7504 2283 1429 1430 2318
7520 2282 2283 2318 2317
7536 2281 2282 2317 2316
7552 2280 2281 2316 2315
7568 2279 2280 2315 2314
7584 2278 2279 2314 2313
7600 2277 2278 2313 2312
7616 2276 2277 2312 2311
7632 2275 2276 2311 2310
7648 2274 2275 2310 2309
7664 2273 2274 2309 2308
7680 2272 2273 2308 2307
7696 2271 2272 2307 2306
7712 2270 2271 2306 2305
7728 2269 2270 2305 2304
7744 2268 2269 2304 2303
7760 2267 2268 2303 2302
7776 2266 2267 2302 2301
7792 2265 2266 2301 2300
7808 2264 2265 2300 2299
7824 2263 2264 2299 2298
7840 2262 2263 2298 2297
7856 2261 2262 2297 2296
7872 2260 2261 2296 2295
7888 2259 2260 2295 2294
7904 2258 2259 2294 2293
7920 2257 2258 2293 2292
7936 2256 2257 2292 2291
7952 2255 2256 2291 2290
7968 2254 2255 2290 2289
7984 2253 2254 2289 2288
8000 2252 2253 2288 2287
8016 2251 2252 2287 2286
8032 2250 2251 2286 2285
8048 2249 2250 2285 2284
8064 1492 2249 2284 1491
8080 2248 1428 1429 2283
8096 2247 2248 2283 2282
8112 2246 2247 2282 2281
8128 2245 2246 2281 2280
8144 2244 2245 2280 2279
8160 2243 2244 2279 2278
8176 2242 2243 2278 2277
8192 2241 2242 2277 2276
8208 2240 2241 2276 2275
8224 2239 2240 2275 2274
8240 2238 2239 2274 2273
8256 2237 2238 2273 2272
8272 2236 2237 2272 2271
8288 2235 2236 2271 2270
8304 2234 2235 2270 2269
8320 2233 2234 2269 2268
8336 2232 2233 2268 2267
8352 2231 2232 2267 2266
8368 2230 2231 2266 2265
8384 2229 2230 2265 2264
8400 2228 2229 2264 2263
8416 2227 2228 2263 2262
8432 2226 2227 2262 2261
8448 2225 2226 2261 2260
8464 2224 2225 2260 2259
8480 2223 2224 2259 2258
8496 2222 2223 2258 2257
8512 2221 2222 2257 2256
8528 2220 2221 2256 2255
8544 2219 2220 2255 2254
8560 2218 2219 2254 2253
8576 2217 2218 2253 2252
8592 2216 2217 2252 2251
8608 2215 2216 2251 2250
8624 2214 2215 2250 2249
8640 1493 2214 2249 1492
8656 2213 1427 1428 2248
8672 2212 2213 2248 2247
8688 2211 2212 2247 2246
8704 2210 2211 2246 2245
8720 2209 2210 2245 2244
8736 2208 2209 2244 2243
8752 2207 2208 2243 2242
8768 2206 2207 2242 2241
8784 2205 2206 2241 2240
8800 2204 2205 2240 2239
8816 2203 2204 2239 2238
8832 2202 2203 2238 2237
8848 2201 2202 2237 2236
8864 2200 2201 2236 2235
8880 2199 2200 2235 2234
8896 2198 2199 2234 2233
8912 2197 2198 2233 2232
8928 2196 2197 2232 2231
8944 2195 2196 2231 2230
8960 2194 2195 2230 2229
8976 2193 2194 2229 2228
8992 2192 2193 2228 2227
9008 2191 2192 2227 2226
9024 2190 2191 2226 2225
9040 2189 2190 2225 2224
9056 2188 2189 2224 2223
9072 2187 2188 2223 2222
9088 2186 2187 2222 2221
9104 2185 2186 2221 2220
9120 2184 2185 2220 2219
9136 2183 2184 2219 2218
9152 2182 2183 2218 2217
9168 2181 2182 2217 2216
9184 2180 2181 2216 2215
9200 2179 2180 2215 2214
9216 1494 2179 2214 1493
9232 2178 1426 1427 2213
9248 2177 2178 2213 2212
9264 2176 2177 2212 2211
9280 2175 2176 2211 2210
9296 2174 2175 2210 2209
9312 2173 2174 2209 2208
9328 2172 2173 2208 2207
9344 2171 2172 2207 2206
9360 2170 2171 2206 2205
9376 2169 2170 2205 2204
9392 2168 2169 2204 2203
9408 2167 2168 2203 2202
9424 2166 2167 2202 2201
9440 2165 2166 2201 2200
9456 2164 2165 2200 2199
9472 2163 2164 2199 2198
9488 2162 2163 2198 2197
9504 2161 2162 2197 2196
9520 2160 2161 2196 2195
9536 2159 2160 2195 2194
9552 2158 2159 2194 2193
9568 2157 2158 2193 2192
9584 2156 2157 2192 2191
9600 2155 2156 2191 2190
9616 2154 2155 2190 2189
9632 2153 2154 2189 2188
9648 2152 2153 2188 2187
9664 2151 2152 2187 2186
9680 2150 2151 2186 2185
9696 2149 2150 2185 2184
9712 2148 2149 2184 2183
9728 2147 2148 2183 2182
9744 2146 2147 2182 2181
9760 2145 2146 2181 2180
9776 2144 2145 2180 2179
9792 1495 2144 2179 1494
9808 2143 1425 1426 2178
9824 2142 2143 2178 2177
9840 2141 2142 2177 2176
9856 2140 2141 2176 2175
9872 2139 2140 2175 2174
9888 2138 2139 2174 2173
9904 2137 2138 2173 2172
9920 2136 2137 2172 2171
9936 2135 2136 2171 2170
9952 2134 2135 2170 2169
9968 2133 2134 2169 2168
9984 2132 2133 2168 2167
10000 2131 2132 2167 2166
10016 2130 2131 2166 2165
10032 2129 2130 2165 2164
10048 2128 2129 2164 2163
10064 2127 2128 2163 2162
10080 2126 2127 2162 2161
10096 2125 2126 2161 2160
10112 2124 2125 2160 2159
10128 2123 2124 2159 2158
10144 2122 2123 2158 2157
10160 2121 2122 2157 2156
10176 2120 2121 2156 2155
10192 2119 2120 2155 2154
10208 2118 2119 2154 2153
10224 2117 2118 2153 2152
10240 2116 2117 2152 2151
10256 2115 2116 2151 2150
10272 2114 2115 2150 2149
10288 2113 2114 2149 2148
10304 2112 2113 2148 2147
10320 2111 2112 2147 2146
10336 2110 2111 2146 2145
10352 2109 2110 2145 2144
10368 1496 2109 2144 1495
10384 2108 1424 1425 2143
10400 2107 2108 2143 2142
10416 2106 2107 2142 2141
10432 2105 2106 2141 2140
10448 2104 2105 2140 2139
10464 2103 2104 2139 2138
10480 2102 2103 2138 2137
10496 2101 2102 2137 2136
10512 2100 2101 2136 2135
10528 2099 2100 2135 2134
10544 2098 2099 2134 2133
10560 2097 2098 2133 2132
10576 2096 2097 2132 2131
10592 2095 2096 2131 2130
10608 2094 2095 2130 2129
10624 2093 2094 2129 2128
10640 2092 2093 2128 2127
10656 2091 2092 2127 2126
10672 2090 2091 2126 2125
10688 2089 2090 2125 2124
10704 2088 2089 2124 2123
10720 2087 2088 2123 2122
10736 2086 2087 2122 2121
10752 2085 2086 2121 2120
10768 2084 2085 2120 2119
10784 2083 2084 2119 2118
10800 2082 2083 2118 2117
10816 2081 2082 2117 2116
10832 2080 2081 2116 2115
10848 2079 2080 2115 2114
10864 2078 2079 2114 2113
10880 2077 2078 2113 2112
10896 2076 2077 2112 2111
10912 2075 2076 2111 2110
10928 2074 2075 2110 2109
10944 1497 2074 2109 1496
10960 2073 1423 1424 2108
10976 2072 2073 2108 2107
10992 2071 2072 2107 2106
11008 2070 2071 2106 2105
11024 2069 2070 2105 2104
11040 2068 2069 2104 2103
11056 2067 2068 2103 2102
11072 2066 2067 2102 2101
11088 2065 2066 2101 2100
11104 2064 2065 2100 2099
11120 2063 2064 2099 2098
11136 2062 2063 2098 2097
11152 2061 2062 2097 2096
11168 2060 2061 2096 2095
11184 2059 2060 2095 2094
11200 2058 2059 2094 2093
11216 2057 2058 2093 2092
11232 2056 2057 2092 2091
11248 2055 2056 2091 2090
11264 2054 2055 2090 2089
11280 2053 2054 2089 2088
11296 2052 2053 2088 2087
11312 2051 2052 2087 2086
11328 2050 2051 2086 2085
11344 2049 2050 2085 2084
11360 2048 2049 2084 2083
11376 2047 2048 2083 2082
11392 2046 2047 2082 2081
11408 2045 2046 2081 2080
11424 2044 2045 2080 2079
11440 2043 2044 2079 2078
11456 2042 2043 2078 2077
11472 2041 2042 2077 2076
11488 2040 2041 2076 2075
11504 2039 2040 2075 2074
11520 1498 2039 2074 1497
11536 2038 1422 1423 2073
11552 2037 2038 2073 2072
11568 2036 2037 2072 2071
11584 2035 2036 2071 2070
11600 2034 2035 2070 2069
11616 2033 2034 2069 2068
11632 2032 2033 2068 2067
11648 2031 2032 2067 2066
11664 2030 2031 2066 2065
11680 2029 2030 2065 2064
11696 2028 2029 2064 2063
11712 2027 2028 2063 2062
11728 2026 2027 2062 2061
11744 2025 2026 2061 2060
11760 2024 2025 2060 2059
11776 2023 2024 2059 2058
11792 2022 2023 2058 2057
11808 2021 2022 2057 2056
11824 2020 2021 2056 2055
11840 2019 2020 2055 2054
11856 2018 2019 2054 2053
11872 2017 2018 2053 2052
11888 2016 2017 2052 2051
11904 2015 2016 2051 2050
11920 2014 2015 2050 2049
11936 2013 2014 2049 2048
11952 2012 2013 2048 2047
11968 2011 2012 2047 2046
11984 2010 2011 2046 2045
12000 2009 2010 2045 2044
12016 2008 2009 2044 2043
12032 2007 2008 2043 2042
12048 2006 2007 2042 2041
12064 2005 2006 2041 2040
12080 2004 2005 2040 2039
12096 1499 2004 2039 1498
12112 2003 1421 1422 2038
12128 2002 2003 2038 2037
12144 2001 2002 2037 2036
12160 2000 2001 2036 2035
12176 1999 2000 2035 2034
12192 1998 1999 2034 2033
12208 1997 1998 2033 2032
12224 1996 1997 2032 2031
12240 1995 1996 2031 2030
12256 1994 1995 2030 2029
12272 1993 1994 2029 2028
12288 1992 1993 2028 2027
12304 1991 1992 2027 2026
12320 1990 1991 2026 2025
12336 1989 1990 2025 2024
12352 1988 1989 2024 2023
12368 1987 1988 2023 2022
12384 1986 1987 2022 2021
12400 1985 1986 2021 2020
12416 1984 1985 2020 2019
12432 1983 1984 2019 2018
12448 1982 1983 2018 2017
12464 1981 1982 2017 2016
12480 1980 1981 2016 2015
12496 1979 1980 2015 2014
12512 1978 1979 2014 2013
12528 1977 1978 2013 2012
12544 1976 1977 2012 2011
12560 1975 1976 2011 2010
12576 1974 1975 2010 2009
12592 1973 1974 2009 2008
12608 1972 1973 2008 2007
12624 1971 1972 2007 2006
12640 1970 1971 2006 2005
12656 1969 1970 2005 2004
12672 1500 1969 2004 1499
12688 1968 1420 1421 2003
12704 1967 1968 2003 2002
12720 1966 1967 2002 2001
12736 1965 1966 2001 2000
12752 1964 1965 2000 1999
12768 1963 1964 1999 1998
12784 1962 1963 1998 1997
12800 1961 1962 1997 1996
12816 1960 1961 1996 1995
12832 1959 1960 1995 1994
12848 1958 1959 1994 1993
12864 1957 1958 1993 1992
12880 1956 1957 1992 1991
12896 1955 1956 1991 1990
12912 1954 1955 1990 1989
12928 1953 1954 1989 1988
12944 1952 1953 1988 1987
12960 1951 1952 1987 1986
12976 1950 1951 1986 1985
12992 1949 1950 1985 1984
13008 1948 1949 1984 1983
13024 1947 1948 1983 1982
13040 1946 1947 1982 1981
13056 1945 1946 1981 1980
13072 1944 1945 1980 1979
13088 1943 1944 1979 1978
13104 1942 1943 1978 1977
13120 1941 1942 1977 1976
13136 1940 1941 1976 1975
13152 1939 1940 1975 1974
13168 1938 1939 1974 1973
13184 1937 1938 1973 1972
13200 1936 1937 1972 1971
13216 1935 1936 1971 1970
13232 1934 1935 1970 1969
13248 1501 1934 1969 1500
13264 1933 1419 1420 1968
13280 1932 1933 1968 1967
13296 1931 1932 1967 1966
13312 1930 1931 1966 1965
13328 1929 1930 1965 1964
13344 1928 1929 1964 1963
13360 1927 1928 1963 1962
13376 1926 1927 1962 1961
13392 1925 1926 1961 1960
13408 1924 1925 1960 1959
13424 1923 1924 1959 1958
13440 1922 1923 1958 1957
13456 1921 1922 1957 1956
13472 1920 1921 1956 1955
13488 1919 1920 1955 1954
13504 1918 1919 1954 1953
13520 1917 1918 1953 1952
13536 1916 1917 1952 1951
13552 1915 1916 1951 1950
13568 1914 1915 1950 1949
13584 1913 1914 1949 1948
13600 1912 1913 1948 1947
13616 1911 1912 1947 1946
13632 1910 1911 1946 1945
13648 1909 1910 1945 1944
13664 1908 1909 1944 1943
13680 1907 1908 1943 1942
13696 1906 1907 1942 1941
13712 1905 1906 1941 1940
13728 1904 1905 1940 1939
13744 1903 1904 1939 1938
13760 1902 1903 1938 1937
13776 1901 1902 1937 1936
13792 1900 1901 1936 1935
13808 1899 1900 1935 1934
13824 1502 1899 1934 1501
13840 1898 1418 1419 1933
13856 1897 1898 1933 1932
13872 1896 1897 1932 1931
13888 1895 1896 1931 1930
13904 1894 1895 1930 1929
13920 1893 1894 1929 1928
13936 1892 1893 1928 1927
13952 1891 1892 1927 1926
13968 1890 1891 1926 1925
13984 1889 1890 1925 1924
14000 1888 1889 1924 1923
14016 1887 1888 1923 1922
14032 1886 1887 1922 1921
14048 1885 1886 1921 1920
14064 1884 1885 1920 1919
14080 1883 1884 1919 1918
14096 1882 1883 1918 1917
14112 1881 1882 1917 1916
14128 1880 1881 1916 1915
14144 1879 1880 1915 1914
14160 1878 1879 1914 1913
14176 1877 1878 1913 1912
14192 1876 1877 1912 1911
14208 1875 1876 1911 1910
14224 1874 1875 1910 1909
14240 1873 1874 1909 1908
14256 1872 1873 1908 1907
14272 1871 1872 1907 1906
14288 1870 1871 1906 1905
14304 1869 1870 1905 1904
14320 1868 1869 1904 1903
14336 1867 1868 1903 1902
14352 1866 1867 1902 1901
14368 1865 1866 1901 1900
14384 1864 1865 1900 1899
14400 1503 1864 1899 1502
14416 1863 1417 1418 1898
14432 1862 1863 1898 1897
14448 1861 1862 1897 1896
14464 1860 1861 1896 1895
14480 1859 1860 1895 1894
14496 1858 1859 1894 1893
14512 1857 1858 1893 1892
14528 1856 1857 1892 1891
14544 1855 1856 1891 1890
14560 1854 1855 1890 1889
14576 1853 1854 1889 1888
14592 1852 1853 1888 1887
14608 1851 1852 1887 1886
14624 1850 1851 1886 1885
14640 1849 1850 1885 1884
14656 1848 1849 1884 1883
14672 1847 1848 1883 1882
14688 1846 1847 1882 1881
14704 1845 1846 1881 1880
14720 1844 1845 1880 1879
14736 1843 1844 1879 1878
14752 1842 1843 1878 1877
14768 1841 1842 1877 1876
14784 1840 1841 1876 1875
14800 1839 1840 1875 1874
14816 1838 1839 1874 1873
14832 1837 1838 1873 1872
14848 1836 1837 1872 1871
14864 1835 1836 1871 1870
14880 1834 1835 1870 1869
14896 1833 1834 1869 1868
14912 1832 1833 1868 1867
14928 1831 1832 1867 1866
14944 1830 1831 1866 1865
14960 1829 1830 1865 1864
14976 1504 1829 1864 1503
14992 1828 1416 1417 1863
15008 1827 1828 1863 1862
15024 1826 1827 1862 1861
15040 1825 1826 1861 1860
15056 1824 1825 1860 1859
15072 1823 1824 1859 1858
15088 1822 1823 1858 1857
15104 1821 1822 1857 1856
15120 1820 1821 1856 1855
15136 1819 1820 1855 1854
15152 1818 1819 1854 1853
15168 1817 1818 1853 1852
15184 1816 1817 1852 1851
15200 1815 1816 1851 1850
15216 1814 1815 1850 1849
15232 1813 1814 1849 1848
15248 1812 1813 1848 1847
15264 1811 1812 1847 1846
15280 1810 1811 1846 1845
15296 1809 1810 1845 1844
15312 1808 1809 1844 1843
15328 1807 1808 1843 1842
15344 1806 1807 1842 1841
15360 1805 1806 1841 1840
15376 1804 1805 1840 1839
15392 1803 1804 1839 1838
15408 1802 1803 1838 1837
15424 1801 1802 1837 1836
15440 1800 1801 1836 1835
15456 1799 1800 1835 1834
15472 1798 1799 1834 1833
15488 1797 1798 1833 1832
15504 1796 1797 1832 1831
15520 1795 1796 1831 1830
15536 1794 1795 1830 1829
15552 1505 1794 1829 1504
15568 1793 1415 1416 1828
15584 1792 1793 1828 1827
15600 1791 1792 1827 1826
15616 1790 1791 1826 1825
15632 1789 1790 1825 1824
15648 1788 1789 1824 1823
15664 1787 1788 1823 1822
15680 1786 1787 1822 1821
15696 1785 1786 1821 1820
15712 1784 1785 1820 1819
15728 1783 1784 1819 1818
15744 1782 1783 1818 1817
15760 1781 1782 1817 1816
15776 1780 1781 1816 1815
15792 1779 1780 1815 1814
15808 1778 1779 1814 1813
15824 1777 1778 1813 1812
15840 1776 1777 1812 1811
15856 1775 1776 1811 1810
15872 1774 1775 1810 1809
15888 1773 1774 1809 1808
15904 1772 1773 1808 1807
15920 1771 1772 1807 1806
15936 1770 1771 1806 1805
15952 1769 1770 1805 1804
15968 1768 1769 1804 1803
15984 1767 1768 1803 1802
16000 1766 1767 1802 1801
16016 1765 1766 1801 1800
16032 1764 1765 1800 1799
16048 1763 1764 1799 1798
16064 1762 1763 1798 1797
16080 1761 1762 1797 1796
16096 1760 1761 1796 1795
16112 1759 1760 1795 1794
16128 1506 1759 1794 1505
16144 1758 1414 1415 1793
16160 1757 1758 1793 1792
16176 1756 1757 1792 1791
16192 1755 1756 1791 1790
16208 1754 1755 1790 1789
16224 1753 1754 1789 1788
16240 1752 1753 1788 1787
16256 1751 1752 1787 1786
16272 1750 1751 1786 1785
16288 1749 1750 1785 1784
16304 1748 1749 1784 1783
16320 1747 1748 1783 1782
16336 1746 1747 1782 1781
16352 1745 1746 1781 1780
16368 1744 1745 1780 1779
16384 1743 1744 1779 1778
16400 1742 1743 1778 1777
16416 1741 1742 1777 1776
16432 1740 1741 1776 1775
16448 1739 1740 1775 1774
16464 1738 1739 1774 1773
16480 1737 1738 1773 1772
16496 1736 1737 1772 1771
16512 1735 1736 1771 1770
16528 1734 1735 1770 1769
16544 1733 1734 1769 1768
16560 1732 1733 1768 1767
16576 1731 1732 1767 1766
16592 1730 1731 1766 1765
16608 1729 1730 1765 1764
16624 1728 1729 1764 1763
16640 1727 1728 1763 1762
16656 1726 1727 1762 1761
16672 1725 1726 1761 1760
16688 1724 1725 1760 1759
16704 1507 1724 1759 1506
16720 1723 1413 1414 1758
16736 1722 1723 1758 1757
16752 1721 1722 1757 1756
16768 1720 1721 1756 1755
16784 1719 1720 1755 1754
16800 1718 1719 1754 1753
16816 1717 1718 1753 1752
16832 1716 1717 1752 1751
16848 1715 1716 1751 1750
16864 1714 1715 1750 1749
16880 1713 1714 1749 1748
16896 1712 1713 1748 1747
16912 1711 1712 1747 1746
16928 1710 1711 1746 1745
16944 1709 1710 1745 1744
16960 1708 1709 1744 1743
16976 1707 1708 1743 1742
16992 1706 1707 1742 1741
17008 1705 1706 1741 1740
17024 1704 1705 1740 1739
17040 1703 1704 1739 1738
17056 1702 1703 1738 1737
17072 1701 1702 1737 1736
17088 1700 1701 1736 1735
17104 1699 1700 1735 1734
17120 1698 1699 1734 1733
17136 1697 1698 1733 1732
17152 1696 1697 1732 1731
17168 1695 1696 1731 1730
17184 1694 1695 1730 1729
17200 1693 1694 1729 1728
17216 1692 1693 1728 1727
17232 1691 1692 1727 1726
17248 1690 1691 1726 1725
17264 1689 1690 1725 1724
17280 1508 1689 1724 1507
17296 1688 1412 1413 1723
17312 1687 1688 1723 1722
17328 1686 1687 1722 1721
17344 1685 1686 1721 1720
17360 1684 1685 1720 1719
17376 1683 1684 1719 1718
17392 1682 1683 1718 1717
17408 1681 1682 1717 1716
17424 1680 1681 1716 1715
17440 1679 1680 1715 1714
17456 1678 1679 1714 1713
17472 1677 1678 1713 1712
17488 1676 1677 1712 1711
17504 1675 1676 1711 1710
17520 1674 1675 1710 1709
17536 1673 1674 1709 1708
17552 1672 1673 1708 1707
17568 1671 1672 1707 1706
17584 1670 1671 1706 1705
17600 1669 1670 1705 1704
17616 1668 1669 1704 1703
17632 1667 1668 1703 1702
17648 1666 1667 1702 1701
17664 1665 1666 1701 1700
17680 1664 1665 1700 1699
17696 1663 1664 1699 1698
17712 1662 1663 1698 1697
17728 1661 1662 1697 1696
17744 1660 1661 1696 1695
17760 1659 1660 1695 1694
17776 1658 1659 1694 1693
17792 1657 1658 1693 1692
17808 1656 1657 1692 1691
17824 1655 1656 1691 1690
17840 1654 1655 1690 1689
17856 1509 1654 1689 1508
17872 1653 1411 1412 1688
17888 1652 1653 1688 1687
17904 1651 1652 1687 1686
17920 1650 1651 1686 1685
17936 1649 1650 1685 1684
17952 1648 1649 1684 1683
17968 1647 1648 1683 1682
17984 1646 1647 1682 1681
18000 1645 1646 1681 1680
18016 1644 1645 1680 1679
18032 1643 1644 1679 1678
18048 1642 1643 1678 1677
18064 1641 1642 1677 1676
18080 1640 1641 1676 1675
18096 1639 1640 1675 1674
18112 1638 1639 1674 1673
18128 1637 1638 1673 1672
18144 1636 1637 1672 1671
18160 1635 1636 1671 1670
18176 1634 1635 1670 1669
18192 1633 1634 1669 1668
18208 1632 1633 1668 1667
18224 1631 1632 1667 1666
18240 1630 1631 1666 1665
18256 1629 1630 1665 1664
18272 1628 1629 1664 1663
18288 1627 1628 1663 1662
18304 1626 1627 1662 1661
18320 1625 1626 1661 1660
18336 1624 1625 1660 1659
18352 1623 1624 1659 1658
18368 1622 1623 1658 1657
18384 1621 1622 1657 1656
18400 1620 1621 1656 1655
18416 1619 1620 1655 1654
18432 1510 1619 1654 1509
18448 1618 1410 1411 1653
18464 1617 1618 1653 1652
18480 1616 1617 1652 1651
18496 1615 1616 1651 1650
18512 1614 1615 1650 1649
18528 1613 1614 1649 1648
18544 1612 1613 1648 1647
18560 1611 1612 1647 1646
18576 1610 1611 1646 1645
18592 1609 1610 1645 1644
18608 1608 1609 1644 1643
18624 1607 1608 1643 1642
18640 1606 1607 1642 1641
18656 1605 1606 1641 1640
18672 1604 1605 1640 1639
18688 1603 1604 1639 1638
18704 1602 1603 1638 1637
18720 1601 1602 1637 1636
18736 1600 1601 1636 1635
18752 1599 1600 1635 1634
18768 1598 1599 1634 1633
18784 1597 1598 1633 1632
18800 1596 1597 1632 1631
18816 1595 1596 1631 1630
18832 1594 1595 1630 1629
18848 1593 1594 1629 1628
18864 1592 1593 1628 1627
18880 1591 1592 1627 1626
18896 1590 1591 1626 1625
18912 1589 1590 1625 1624
18928 1588 1589 1624 1623
18944 1587 1588 1623 1622
18960 1586 1587 1622 1621
18976 1585 1586 1621 1620
18992 1584 1585 1620 1619
19008 1511 1584 1619 1510
19024 1583 1409 1410 1618
19040 1582 1583 1618 1617
19056 1581 1582 1617 1616
19072 1580 1581 1616 1615
19088 1579 1580 1615 1614
19104 1578 1579 1614 1613
19120 1577 1578 1613 1612
19136 1576 1577 1612 1611
19152 1575 1576 1611 1610
19168 1574 1575 1610 1609
19184 1573 1574 1609 1608
19200 1572 1573 1608 1607
19216 1571 1572 1607 1606
19232 1570 1571 1606 1605
19248 1569 1570 1605 1604
19264 1568 1569 1604 1603
19280 1567 1568 1603 1602
19296 1566 1567 1602 1601
19312 1565 1566 1601 1600
19328 1564 1565 1600 1599
19344 1563 1564 1599 1598
19360 1562 1563 1598 1597
19376 1561 1562 1597 1596
19392 1560 1561 1596 1595
19408 1559 1560 1595 1594
19424 1558 1559 1594 1593
19440 1557 1558 1593 1592
19456 1556 1557 1592 1591
19472 1555 1556 1591 1590
19488 1554 1555 1590 1589
19504 1553 1554 1589 1588
19520 1552 1553 1588 1587
19536 1551 1552 1587 1586
19552 1550 1551 1586 1585
19568 1549 1550 1585 1584
19584 1512 1549 1584 1511
19600 1548 1408 1409 1583
19616 1547 1548 1583 1582
19632 1546 1547 1582 1581
19648 1545 1546 1581 1580
19664 1544 1545 1580 1579
19680 1543 1544 1579 1578
19696 1542 1543 1578 1577
19712 1541 1542 1577 1576
19728 1540 1541 1576 1575
19744 1539 1540 1575 1574
19760 1538 1539 1574 1573
19776 1537 1538 1573 1572
19792 1536 1537 1572 1571
19808 1535 1536 1571 1570
19824 1534 1535 1570 1569
19840 1533 1534 1569 1568
19856 1532 1533 1568 1567
19872 1531 1532 1567 1566
19888 1530 1531 1566 1565
19904 1529 1530 1565 1564
19920 1528 1529 1564 1563
19936 1527 1528 1563 1562
19952 1526 1527 1562 1561
19968 1525 1526 1561 1560
19984 1524 1525 1560 1559
20000 1523 1524 1559 1558
20016 1522 1523 1558 1557
20032 1521 1522 1557 1556
20048 1520 1521 1556 1555
20064 1519 1520 1555 1554
20080 1518 1519 1554 1553
20096 1517 1518 1553 1552
20112 1516 1517 1552 1551
20128 1515 1516 1551 1550
20144 1514 1515 1550 1549
20160 1513 1514 1549 1512
20176 1406 1371 1408 1548
20192 1405 1406 1548 1547
20208 1404 1405 1547 1546
20224 1403 1404 1546 1545
20240 1402 1403 1545 1544
20256 1401 1402 1544 1543
20272 1400 1401 1543 1542
20288 1399 1400 1542 1541
20304 1398 1399 1541 1540
20320 1397 1398 1540 1539
20336 1396 1397 1539 1538
20352 1395 1396 1538 1537
20368 1394 1395 1537 1536
20384 1393 1394 1536 1535
20400 1392 1393 1535 1534
20416 1391 1392 1534 1533
20432 1390 1391 1533 1532
20448 1389 1390 1532 1531
20464 1388 1389 1531 1530
20480 1387 1388 1530 1529
20496 1386 1387 1529 1528
20512 1385 1386 1528 1527
20528 1384 1385 1527 1526
20544 1383 1384 1526 1525
20560 1382 1383 1525 1524
20576 1381 1382 1524 1523
20592 1380 1381 1523 1522
20608 1379 1380 1522 1521
20624 1378 1379 1521 1520
20640 1377 1378 1520 1519
20656 1376 1377 1519 1518
20672 1375 1376 1518 1517
20688 1374 1375 1517 1516
20704 1373 1374 1516 1515
20720 1372 1373 1515 1514
20736 1370 1372 1514 1513
