576
1 74 2739 2769 110
2 2739 2740 2770 2769
3 2740 2741 2771 2770
4 2741 2742 2772 2771
5 2742 2743 2773 2772
6 2743 2744 2774 2773
7 2744 2745 2775 2774
8 2745 2746 2776 2775
9 2746 2747 2777 2776
10 2747 2748 2778 2777
11 2748 2749 2779 2778
12 2749 2750 2780 2779
13 2750 2751 2781 2780
14 2751 2752 2782 2781
15 2752 2753 2783 2782
16 2753 1407 1442 2783
577 110 2769 2784 111
578 2769 2770 2785 2784
579 2770 2771 2786 2785
580 2771 2772 2787 2786
581 2772 2773 2788 2787
582 2773 2774 2789 2788
583 2774 2775 2790 2789
584 2775 2776 2791 2790
585 2776 2777 2792 2791
586 2777 2778 2793 2792
587 2778 2779 2794 2793
588 2779 2780 2795 2794
589 2780 2781 2796 2795
590 2781 2782 2797 2796
591 2782 2783 2798 2797
592 2783 1442 1441 2798
1153 111 2784 2799 112
1154 2784 2785 2800 2799
1155 2785 2786 2801 2800
1156 2786 2787 2802 2801
1157 2787 2788 2803 2802
1158 2788 2789 2804 2803
1159 2789 2790 2805 2804
1160 2790 2791 2806 2805
1161 2791 2792 2807 2806
1162 2792 2793 2808 2807
1163 2793 2794 2809 2808
1164 2794 2795 2810 2809
1165 2795 2796 2811 2810
1166 2796 2797 2812 2811
1167 2797 2798 2813 2812
1168 2798 1441 1440 2813
1729 112 2799 2814 113
1730 2799 2800 2815 2814
1731 2800 2801 2816 2815
1732 2801 2802 2817 2816
1733 2802 2803 2818 2817
1734 2803 2804 2819 2818
1735 2804 2805 2820 2819
1736 2805 2806 2821 2820
1737 2806 2807 2822 2821
1738 2807 2808 2823 2822
1739 2808 2809 2824 2823
1740 2809 2810 2825 2824
1741 2810 2811 2826 2825
1742 2811 2812 2827 2826
1743 2812 2813 2828 2827
1744 2813 1440 1439 2828
2305 113 2814 2829 114
2306 2814 2815 2830 2829
2307 2815 2816 2831 2830
2308 2816 2817 2832 2831
2309 2817 2818 2833 2832
2310 2818 2819 2834 2833
2311 2819 2820 2835 2834
2312 2820 2821 2836 2835
2313 2821 2822 2837 2836
2314 2822 2823 2838 2837
2315 2823 2824 2839 2838
2316 2824 2825 2840 2839
2317 2825 2826 2841 2840
2318 2826 2827 2842 2841
2319 2827 2828 2843 2842
2320 2828 1439 1438 2843
2881 114 2829 2844 115
2882 2829 2830 2845 2844
2883 2830 2831 2846 2845
2884 2831 2832 2847 2846
2885 2832 2833 2848 2847
2886 2833 2834 2849 2848
2887 2834 2835 2850 2849
2888 2835 2836 2851 2850
2889 2836 2837 2852 2851
2890 2837 2838 2853 2852
2891 2838 2839 2854 2853
2892 2839 2840 2855 2854
2893 2840 2841 2856 2855
2894 2841 2842 2857 2856
2895 2842 2843 2858 2857
2896 2843 1438 1437 2858
3457 115 2844 2859 116
3458 2844 2845 2860 2859
3459 2845 2846 2861 2860
3460 2846 2847 2862 2861
3461 2847 2848 2863 2862
3462 2848 2849 2864 2863
3463 2849 2850 2865 2864
3464 2850 2851 2866 2865
3465 2851 2852 2867 2866
3466 2852 2853 2868 2867
3467 2853 2854 2869 2868
3468 2854 2855 2870 2869
3469 2855 2856 2871 2870
3470 2856 2857 2872 2871
3471 2857 2858 2873 2872
3472 2858 1437 1436 2873
4033 116 2859 2874 117
4034 2859 2860 2875 2874
4035 2860 2861 2876 2875
4036 2861 2862 2877 2876
4037 2862 2863 2878 2877
4038 2863 2864 2879 2878
4039 2864 2865 2880 2879
4040 2865 2866 2881 2880
4041 2866 2867 2882 2881
4042 2867 2868 2883 2882
4043 2868 2869 2884 2883
4044 2869 2870 2885 2884
4045 2870 2871 2886 2885
4046 2871 2872 2887 2886
4047 2872 2873 2888 2887
4048 2873 1436 1435 2888
4609 117 2874 2889 118
4610 2874 2875 2890 2889
4611 2875 2876 2891 2890
4612 2876 2877 2892 2891
4613 2877 2878 2893 2892
4614 2878 2879 2894 2893
4615 2879 2880 2895 2894
4616 2880 2881 2896 2895
4617 2881 2882 2897 2896
4618 2882 2883 2898 2897
4619 2883 2884 2899 2898
4620 2884 2885 2900 2899
4621 2885 2886 2901 2900
4622 2886 2887 2902 2901
4623 2887 2888 2903 2902
4624 2888 1435 1434 2903
5185 118 2889 2904 119
5186 2889 2890 2905 2904
5187 2890 2891 2906 2905
5188 2891 2892 2907 2906
5189 2892 2893 2908 2907
5190 2893 2894 2909 2908
5191 2894 2895 2910 2909
5192 2895 2896 2911 2910
5193 2896 2897 2912 2911
5194 2897 2898 2913 2912
5195 2898 2899 2914 2913
5196 2899 2900 2915 2914
5197 2900 2901 2916 2915
5198 2901 2902 2917 2916
5199 2902 2903 2918 2917
5200 2903 1434 1433 2918
5761 119 2904 2919 120
5762 2904 2905 2920 2919
5763 2905 2906 2921 2920
5764 2906 2907 2922 2921
5765 2907 2908 2923 2922
5766 2908 2909 2924 2923
5767 2909 2910 2925 2924
5768 2910 2911 2926 2925
5769 2911 2912 2927 2926
5770 2912 2913 2928 2927
5771 2913 2914 2929 2928
5772 2914 2915 2930 2929
5773 2915 2916 2931 2930
5774 2916 2917 2932 2931
5775 2917 2918 2933 2932
5776 2918 1433 1432 2933
6337 120 2919 2934 121
6338 2919 2920 2935 2934
6339 2920 2921 2936 2935
6340 2921 2922 2937 2936
6341 2922 2923 2938 2937
6342 2923 2924 2939 2938
6343 2924 2925 2940 2939
6344 2925 2926 2941 2940
6345 2926 2927 2942 2941
6346 2927 2928 2943 2942
6347 2928 2929 2944 2943
6348 2929 2930 2945 2944
6349 2930 2931 2946 2945
6350 2931 2932 2947 2946
6351 2932 2933 2948 2947
6352 2933 1432 1431 2948
6913 121 2934 2949 122
6914 2934 2935 2950 2949
6915 2935 2936 2951 2950
6916 2936 2937 2952 2951
6917 2937 2938 2953 2952
6918 2938 2939 2954 2953
6919 2939 2940 2955 2954
6920 2940 2941 2956 2955
6921 2941 2942 2957 2956
6922 2942 2943 2958 2957
6923 2943 2944 2959 2958
6924 2944 2945 2960 2959
6925 2945 2946 2961 2960
6926 2946 2947 2962 2961
6927 2947 2948 2963 2962
6928 2948 1431 1430 2963
7489 122 2949 2964 123
7490 2949 2950 2965 2964
7491 2950 2951 2966 2965
7492 2951 2952 2967 2966
7493 2952 2953 2968 2967
7494 2953 2954 2969 2968
7495 2954 2955 2970 2969
7496 2955 2956 2971 2970
7497 2956 2957 2972 2971
7498 2957 2958 2973 2972
7499 2958 2959 2974 2973
7500 2959 2960 2975 2974
7501 2960 2961 2976 2975
7502 2961 2962 2977 2976
7503 2962 2963 2978 2977
7504 2963 1430 1429 2978
8065 123 2964 2979 124
8066 2964 2965 2980 2979
8067 2965 2966 2981 2980
8068 2966 2967 2982 2981
8069 2967 2968 2983 2982
8070 2968 2969 2984 2983
8071 2969 2970 2985 2984
8072 2970 2971 2986 2985
8073 2971 2972 2987 2986
8074 2972 2973 2988 2987
8075 2973 2974 2989 2988
8076 2974 2975 2990 2989
8077 2975 2976 2991 2990
8078 2976 2977 2992 2991
8079 2977 2978 2993 2992
8080 2978 1429 1428 2993
8641 124 2979 2994 125
8642 2979 2980 2995 2994
8643 2980 2981 2996 2995
8644 2981 2982 2997 2996
8645 2982 2983 2998 2997
8646 2983 2984 2999 2998
8647 2984 2985 3000 2999
8648 2985 2986 3001 3000
8649 2986 2987 3002 3001
8650 2987 2988 3003 3002
8651 2988 2989 3004 3003
8652 2989 2990 3005 3004
8653 2990 2991 3006 3005
8654 2991 2992 3007 3006
8655 2992 2993 3008 3007
8656 2993 1428 1427 3008
9217 125 2994 3009 126
9218 2994 2995 3010 3009
9219 2995 2996 3011 3010
9220 2996 2997 3012 3011
9221 2997 2998 3013 3012
9222 2998 2999 3014 3013
9223 2999 3000 3015 3014
9224 3000 3001 3016 3015
9225 3001 3002 3017 3016
9226 3002 3003 3018 3017
9227 3003 3004 3019 3018
9228 3004 3005 3020 3019
9229 3005 3006 3021 3020
9230 3006 3007 3022 3021
9231 3007 3008 3023 3022
9232 3008 1427 1426 3023
9793 126 3009 3024 127
9794 3009 3010 3025 3024
9795 3010 3011 3026 3025
9796 3011 3012 3027 3026
9797 3012 3013 3028 3027
9798 3013 3014 3029 3028
9799 3014 3015 3030 3029
9800 3015 3016 3031 3030
9801 3016 3017 3032 3031
9802 3017 3018 3033 3032
9803 3018 3019 3034 3033
9804 3019 3020 3035 3034
9805 3020 3021 3036 3035
9806 3021 3022 3037 3036
9807 3022 3023 3038 3037
9808 3023 1426 1425 3038
10369 127 3024 3039 128
10370 3024 3025 3040 3039
10371 3025 3026 3041 3040
10372 3026 3027 3042 3041
10373 3027 3028 3043 3042
10374 3028 3029 3044 3043
10375 3029 3030 3045 3044
10376 3030 3031 3046 3045
10377 3031 3032 3047 3046
10378 3032 3033 3048 3047
10379 3033 3034 3049 3048
10380 3034 3035 3050 3049
10381 3035 3036 3051 3050
10382 3036 3037 3052 3051
10383 3037 3038 3053 3052
10384 3038 1425 1424 3053
10945 128 3039 3054 129
10946 3039 3040 3055 3054
10947 3040 3041 3056 3055
10948 3041 3042 3057 3056
10949 3042 3043 3058 3057
10950 3043 3044 3059 3058
10951 3044 3045 3060 3059
10952 3045 3046 3061 3060
10953 3046 3047 3062 3061
10954 3047 3048 3063 3062
10955 3048 3049 3064 3063
10956 3049 3050 3065 3064
10957 3050 3051 3066 3065
10958 3051 3052 3067 3066
10959 3052 3053 3068 3067
10960 3053 1424 1423 3068
11521 129 3054 3069 130
11522 3054 3055 3070 3069
11523 3055 3056 3071 3070
11524 3056 3057 3072 3071
11525 3057 3058 3073 3072
11526 3058 3059 3074 3073
11527 3059 3060 3075 3074
11528 3060 3061 3076 3075
11529 3061 3062 3077 3076
11530 3062 3063 3078 3077
11531 3063 3064 3079 3078
11532 3064 3065 3080 3079
11533 3065 3066 3081 3080
11534 3066 3067 3082 3081
11535 3067 3068 3083 3082
11536 3068 1423 1422 3083
12097 130 3069 3084 131
12098 3069 3070 3085 3084
12099 3070 3071 3086 3085
12100 3071 3072 3087 3086
12101 3072 3073 3088 3087
12102 3073 3074 3089 3088
12103 3074 3075 3090 3089
12104 3075 3076 3091 3090
12105 3076 3077 3092 3091
12106 3077 3078 3093 3092
12107 3078 3079 3094 3093
12108 3079 3080 3095 3094
12109 3080 3081 3096 3095
12110 3081 3082 3097 3096
12111 3082 3083 3098 3097
12112 3083 1422 1421 3098
12673 131 3084 3099 132
12674 3084 3085 3100 3099
12675 3085 3086 3101 3100
12676 3086 3087 3102 3101
12677 3087 3088 3103 3102
12678 3088 3089 3104 3103
12679 3089 3090 3105 3104
12680 3090 3091 3106 3105
12681 3091 3092 3107 3106
12682 3092 3093 3108 3107
12683 3093 3094 3109 3108
12684 3094 3095 3110 3109
12685 3095 3096 3111 3110
12686 3096 3097 3112 3111
12687 3097 3098 3113 3112
12688 3098 1421 1420 3113
13249 132 3099 3114 133
13250 3099 3100 3115 3114
13251 3100 3101 3116 3115
13252 3101 3102 3117 3116
13253 3102 3103 3118 3117
13254 3103 3104 3119 3118
13255 3104 3105 3120 3119
13256 3105 3106 3121 3120
13257 3106 3107 3122 3121
13258 3107 3108 3123 3122
13259 3108 3109 3124 3123
13260 3109 3110 3125 3124
13261 3110 3111 3126 3125
13262 3111 3112 3127 3126
13263 3112 3113 3128 3127
13264 3113 1420 1419 3128
13825 133 3114 3129 134
13826 3114 3115 3130 3129
13827 3115 3116 3131 3130
13828 3116 3117 3132 3131
13829 3117 3118 3133 3132
13830 3118 3119 3134 3133
13831 3119 3120 3135 3134
13832 3120 3121 3136 3135
13833 3121 3122 3137 3136
13834 3122 3123 3138 3137
13835 3123 3124 3139 3138
13836 3124 3125 3140 3139
13837 3125 3126 3141 3140
13838 3126 3127 3142 3141
13839 3127 3128 3143 3142
13840 3128 1419 1418 3143
14401 134 3129 3144 135
14402 3129 3130 3145 3144
14403 3130 3131 3146 3145
14404 3131 3132 3147 3146
14405 3132 3133 3148 3147
14406 3133 3134 3149 3148
14407 3134 3135 3150 3149
14408 3135 3136 3151 3150
14409 3136 3137 3152 3151
14410 3137 3138 3153 3152
14411 3138 3139 3154 3153
14412 3139 3140 3155 3154
14413 3140 3141 3156 3155
14414 3141 3142 3157 3156
14415 3142 3143 3158 3157
14416 3143 1418 1417 3158
14977 135 3144 3159 136
14978 3144 3145 3160 3159
14979 3145 3146 3161 3160
14980 3146 3147 3162 3161
14981 3147 3148 3163 3162
14982 3148 3149 3164 3163
14983 3149 3150 3165 3164
14984 3150 3151 3166 3165
14985 3151 3152 3167 3166
14986 3152 3153 3168 3167
14987 3153 3154 3169 3168
14988 3154 3155 3170 3169
14989 3155 3156 3171 3170
14990 3156 3157 3172 3171
14991 3157 3158 3173 3172
14992 3158 1417 1416 3173
15553 136 3159 3174 137
15554 3159 3160 3175 3174
15555 3160 3161 3176 3175
15556 3161 3162 3177 3176
15557 3162 3163 3178 3177
15558 3163 3164 3179 3178
15559 3164 3165 3180 3179
15560 3165 3166 3181 3180
15561 3166 3167 3182 3181
15562 3167 3168 3183 3182
15563 3168 3169 3184 3183
15564 3169 3170 3185 3184
15565 3170 3171 3186 3185
15566 3171 3172 3187 3186
15567 3172 3173 3188 3187
15568 3173 1416 1415 3188
16129 137 3174 3189 138
16130 3174 3175 3190 3189
16131 3175 3176 3191 3190
16132 3176 3177 3192 3191
16133 3177 3178 3193 3192
16134 3178 3179 3194 3193
16135 3179 3180 3195 3194
16136 3180 3181 3196 3195
16137 3181 3182 3197 3196
16138 3182 3183 3198 3197
16139 3183 3184 3199 3198
16140 3184 3185 3200 3199
16141 3185 3186 3201 3200
16142 3186 3187 3202 3201
16143 3187 3188 3203 3202
16144 3188 1415 1414 3203
16705 138 3189 3204 139
16706 3189 3190 3205 3204
16707 3190 3191 3206 3205
16708 3191 3192 3207 3206
16709 3192 3193 3208 3207
16710 3193 3194 3209 3208
16711 3194 3195 3210 3209
16712 3195 3196 3211 3210
16713 3196 3197 3212 3211
16714 3197 3198 3213 3212
16715 3198 3199 3214 3213
16716 3199 3200 3215 3214
16717 3200 3201 3216 3215
16718 3201 3202 3217 3216
16719 3202 3203 3218 3217
16720 3203 1414 1413 3218
17281 139 3204 3219 140
17282 3204 3205 3220 3219
17283 3205 3206 3221 3220
17284 3206 3207 3222 3221
17285 3207 3208 3223 3222
17286 3208 3209 3224 3223
17287 3209 3210 3225 3224
17288 3210 3211 3226 3225
17289 3211 3212 3227 3226
17290 3212 3213 3228 3227
17291 3213 3214 3229 3228
17292 3214 3215 3230 3229
17293 3215 3216 3231 3230
17294 3216 3217 3232 3231
17295 3217 3218 3233 3232
17296 3218 1413 1412 3233
17857 140 3219 3234 141
17858 3219 3220 3235 3234
17859 3220 3221 3236 3235
17860 3221 3222 3237 3236
17861 3222 3223 3238 3237
17862 3223 3224 3239 3238
17863 3224 3225 3240 3239
17864 3225 3226 3241 3240
17865 3226 3227 3242 3241
17866 3227 3228 3243 3242
17867 3228 3229 3244 3243
17868 3229 3230 3245 3244
17869 3230 3231 3246 3245
17870 3231 3232 3247 3246
17871 3232 3233 3248 3247
17872 3233 1412 1411 3248
18433 141 3234 3249 142
18434 3234 3235 3250 3249
18435 3235 3236 3251 3250
18436 3236 3237 3252 3251
18437 3237 3238 3253 3252
18438 3238 3239 3254 3253
18439 3239 3240 3255 3254
18440 3240 3241 3256 3255
18441 3241 3242 3257 3256
18442 3242 3243 3258 3257
18443 3243 3244 3259 3258
18444 3244 3245 3260 3259
18445 3245 3246 3261 3260
18446 3246 3247 3262 3261
18447 3247 3248 3263 3262
18448 3248 1411 1410 3263
19009 142 3249 3264 143
19010 3249 3250 3265 3264
19011 3250 3251 3266 3265
19012 3251 3252 3267 3266
19013 3252 3253 3268 3267
19014 3253 3254 3269 3268
19015 3254 3255 3270 3269
19016 3255 3256 3271 3270
19017 3256 3257 3272 3271
19018 3257 3258 3273 3272
19019 3258 3259 3274 3273
19020 3259 3260 3275 3274
19021 3260 3261 3276 3275
19022 3261 3262 3277 3276
19023 3262 3263 3278 3277
19024 3263 1410 1409 3278
19585 143 3264 3279 144
19586 3264 3265 3280 3279
19587 3265 3266 3281 3280
19588 3266 3267 3282 3281
19589 3267 3268 3283 3282
19590 3268 3269 3284 3283
19591 3269 3270 3285 3284
19592 3270 3271 3286 3285
19593 3271 3272 3287 3286
19594 3272 3273 3288 3287
19595 3273 3274 3289 3288
19596 3274 3275 3290 3289
19597 3275 3276 3291 3290
19598 3276 3277 3292 3291
19599 3277 3278 3293 3292
19600 3278 1409 1408 3293
20161 144 3279 2754 1
20162 3279 3280 2755 2754
20163 3280 3281 2756 2755
20164 3281 3282 2757 2756
20165 3282 3283 2758 2757
20166 3283 3284 2759 2758
20167 3284 3285 2760 2759
20168 3285 3286 2761 2760
20169 3286 3287 2762 2761
20170 3287 3288 2763 2762
20171 3288 3289 2764 2763
20172 3289 3290 2765 2764
20173 3290 3291 2766 2765
20174 3291 3292 2767 2766
20175 3292 3293 2768 2767
20176 3293 1408 1371 2768
