576
1 109 3819 2739 74
2 3819 3820 2740 2739
3 3820 3821 2741 2740
4 3821 3822 2742 2741
5 3822 3823 2743 2742
6 3823 3824 2744 2743
7 3824 3825 2745 2744
8 3825 3826 2746 2745
9 3826 3827 2747 2746
10 3827 3828 2748 2747
11 3828 3829 2749 2748
12 3829 3830 2750 2749
13 3830 3831 2751 2750
14 3831 3832 2752 2751
15 3832 3833 2753 2752
16 3833 1444 1407 2753
17 108 3804 3819 109
18 3804 3805 3820 3819
19 3805 3806 3821 3820
20 3806 3807 3822 3821
21 3807 3808 3823 3822
22 3808 3809 3824 3823
23 3809 3810 3825 3824
24 3810 3811 3826 3825
25 3811 3812 3827 3826
26 3812 3813 3828 3827
27 3813 3814 3829 3828
28 3814 3815 3830 3829
29 3815 3816 3831 3830
30 3816 3817 3832 3831
31 3817 3818 3833 3832
32 3818 1445 1444 3833
33 107 3789 3804 108
34 3789 3790 3805 3804
35 3790 3791 3806 3805
36 3791 3792 3807 3806
37 3792 3793 3808 3807
38 3793 3794 3809 3808
39 3794 3795 3810 3809
40 3795 3796 3811 3810
41 3796 3797 3812 3811
42 3797 3798 3813 3812
43 3798 3799 3814 3813
44 3799 3800 3815 3814
45 3800 3801 3816 3815
46 3801 3802 3817 3816
47 3802 3803 3818 3817
48 3803 1446 1445 3818
49 106 3774 3789 107
50 3774 3775 3790 3789
51 3775 3776 3791 3790
52 3776 3777 3792 3791
53 3777 3778 3793 3792
54 3778 3779 3794 3793
55 3779 3780 3795 3794
56 3780 3781 3796 3795
57 3781 3782 3797 3796
58 3782 3783 3798 3797
59 3783 3784 3799 3798
60 3784 3785 3800 3799
61 3785 3786 3801 3800
62 3786 3787 3802 3801
63 3787 3788 3803 3802
64 3788 1447 1446 3803
65 105 3759 3774 106
66 3759 3760 3775 3774
67 3760 3761 3776 3775
68 3761 3762 3777 3776
69 3762 3763 3778 3777
70 3763 3764 3779 3778
71 3764 3765 3780 3779
72 3765 3766 3781 3780
73 3766 3767 3782 3781
74 3767 3768 3783 3782
75 3768 3769 3784 3783
76 3769 3770 3785 3784
77 3770 3771 3786 3785
78 3771 3772 3787 3786
79 3772 3773 3788 3787
80 3773 1448 1447 3788
81 104 3744 3759 105
82 3744 3745 3760 3759
83 3745 3746 3761 3760
84 3746 3747 3762 3761
85 3747 3748 3763 3762
86 3748 3749 3764 3763
87 3749 3750 3765 3764
88 3750 3751 3766 3765
89 3751 3752 3767 3766
90 3752 3753 3768 3767
91 3753 3754 3769 3768
92 3754 3755 3770 3769
93 3755 3756 3771 3770
94 3756 3757 3772 3771
95 3757 3758 3773 3772
96 3758 1449 1448 3773
97 103 3729 3744 104
98 3729 3730 3745 3744
99 3730 3731 3746 3745
100 3731 3732 3747 3746
101 3732 3733 3748 3747
102 3733 3734 3749 3748
103 3734 3735 3750 3749
104 3735 3736 3751 3750
105 3736 3737 3752 3751
106 3737 3738 3753 3752
107 3738 3739 3754 3753
108 3739 3740 3755 3754
109 3740 3741 3756 3755
110 3741 3742 3757 3756
111 3742 3743 3758 3757
112 3743 1450 1449 3758
113 102 3714 3729 103
114 3714 3715 3730 3729
115 3715 3716 3731 3730
116 3716 3717 3732 3731
117 3717 3718 3733 3732
118 3718 3719 3734 3733
119 3719 3720 3735 3734
120 3720 3721 3736 3735
121 3721 3722 3737 3736
122 3722 3723 3738 3737
123 3723 3724 3739 3738
124 3724 3725 3740 3739
125 3725 3726 3741 3740
126 3726 3727 3742 3741
127 3727 3728 3743 3742
128 3728 1451 1450 3743
129 101 3699 3714 102
130 3699 3700 3715 3714
131 3700 3701 3716 3715
132 3701 3702 3717 3716
133 3702 3703 3718 3717
134 3703 3704 3719 3718
135 3704 3705 3720 3719
136 3705 3706 3721 3720
137 3706 3707 3722 3721
138 3707 3708 3723 3722
139 3708 3709 3724 3723
140 3709 3710 3725 3724
141 3710 3711 3726 3725
142 3711 3712 3727 3726
143 3712 3713 3728 3727
144 3713 1452 1451 3728
145 100 3684 3699 101
146 3684 3685 3700 3699
147 3685 3686 3701 3700
148 3686 3687 3702 3701
149 3687 3688 3703 3702
150 3688 3689 3704 3703
151 3689 3690 3705 3704
152 3690 3691 3706 3705
153 3691 3692 3707 3706
154 3692 3693 3708 3707
155 3693 3694 3709 3708
156 3694 3695 3710 3709
157 3695 3696 3711 3710
158 3696 3697 3712 3711
159 3697 3698 3713 3712
160 3698 1453 1452 3713
161 99 3669 3684 100
162 3669 3670 3685 3684
163 3670 3671 3686 3685
164 3671 3672 3687 3686
165 3672 3673 3688 3687
166 3673 3674 3689 3688
167 3674 3675 3690 3689
168 3675 3676 3691 3690
169 3676 3677 3692 3691
170 3677 3678 3693 3692
171 3678 3679 3694 3693
172 3679 3680 3695 3694
173 3680 3681 3696 3695
174 3681 3682 3697 3696
175 3682 3683 3698 3697
176 3683 1454 1453 3698
177 98 3654 3669 99
178 3654 3655 3670 3669
179 3655 3656 3671 3670
180 3656 3657 3672 3671
181 3657 3658 3673 3672
182 3658 3659 3674 3673
183 3659 3660 3675 3674
184 3660 3661 3676 3675
185 3661 3662 3677 3676
186 3662 3663 3678 3677
187 3663 3664 3679 3678
188 3664 3665 3680 3679
189 3665 3666 3681 3680
190 3666 3667 3682 3681
191 3667 3668 3683 3682
192 3668 1455 1454 3683
193 97 3639 3654 98
194 3639 3640 3655 3654
195 3640 3641 3656 3655
196 3641 3642 3657 3656
197 3642 3643 3658 3657
198 3643 3644 3659 3658
199 3644 3645 3660 3659
200 3645 3646 3661 3660
201 3646 3647 3662 3661
202 3647 3648 3663 3662
203 3648 3649 3664 3663
204 3649 3650 3665 3664
205 3650 3651 3666 3665
206 3651 3652 3667 3666
207 3652 3653 3668 3667
208 3653 1456 1455 3668
209 96 3624 3639 97
210 3624 3625 3640 3639
211 3625 3626 3641 3640
212 3626 3627 3642 3641
213 3627 3628 3643 3642
214 3628 3629 3644 3643
215 3629 3630 3645 3644
216 3630 3631 3646 3645
217 3631 3632 3647 3646
218 3632 3633 3648 3647
219 3633 3634 3649 3648
220 3634 3635 3650 3649
221 3635 3636 3651 3650
222 3636 3637 3652 3651
223 3637 3638 3653 3652
224 3638 1457 1456 3653
225 95 3609 3624 96
226 3609 3610 3625 3624
227 3610 3611 3626 3625
228 3611 3612 3627 3626
229 3612 3613 3628 3627
230 3613 3614 3629 3628
231 3614 3615 3630 3629
232 3615 3616 3631 3630
233 3616 3617 3632 3631
234 3617 3618 3633 3632
235 3618 3619 3634 3633
236 3619 3620 3635 3634
237 3620 3621 3636 3635
238 3621 3622 3637 3636
239 3622 3623 3638 3637
240 3623 1458 1457 3638
241 94 3594 3609 95
242 3594 3595 3610 3609
243 3595 3596 3611 3610
244 3596 3597 3612 3611
245 3597 3598 3613 3612
246 3598 3599 3614 3613
247 3599 3600 3615 3614
248 3600 3601 3616 3615
249 3601 3602 3617 3616
250 3602 3603 3618 3617
251 3603 3604 3619 3618
252 3604 3605 3620 3619
253 3605 3606 3621 3620
254 3606 3607 3622 3621
255 3607 3608 3623 3622
256 3608 1459 1458 3623
257 93 3579 3594 94
258 3579 3580 3595 3594
259 3580 3581 3596 3595
260 3581 3582 3597 3596
261 3582 3583 3598 3597
262 3583 3584 3599 3598
263 3584 3585 3600 3599
264 3585 3586 3601 3600
265 3586 3587 3602 3601
266 3587 3588 3603 3602
267 3588 3589 3604 3603
268 3589 3590 3605 3604
269 3590 3591 3606 3605
270 3591 3592 3607 3606
271 3592 3593 3608 3607
272 3593 1460 1459 3608
273 92 3564 3579 93
274 3564 3565 3580 3579
275 3565 3566 3581 3580
276 3566 3567 3582 3581
277 3567 3568 3583 3582
278 3568 3569 3584 3583
279 3569 3570 3585 3584
280 3570 3571 3586 3585
281 3571 3572 3587 3586
282 3572 3573 3588 3587
283 3573 3574 3589 3588
284 3574 3575 3590 3589
285 3575 3576 3591 3590
286 3576 3577 3592 3591
287 3577 3578 3593 3592
288 3578 1461 1460 3593
289 91 3549 3564 92
290 3549 3550 3565 3564
291 3550 3551 3566 3565
292 3551 3552 3567 3566
293 3552 3553 3568 3567
294 3553 3554 3569 3568
295 3554 3555 3570 3569
296 3555 3556 3571 3570
297 3556 3557 3572 3571
298 3557 3558 3573 3572
299 3558 3559 3574 3573
300 3559 3560 3575 3574
301 3560 3561 3576 3575
302 3561 3562 3577 3576
303 3562 3563 3578 3577
304 3563 1462 1461 3578
305 90 3534 3549 91
306 3534 3535 3550 3549
307 3535 3536 3551 3550
308 3536 3537 3552 3551
309 3537 3538 3553 3552
310 3538 3539 3554 3553
311 3539 3540 3555 3554
312 3540 3541 3556 3555
313 3541 3542 3557 3556
314 3542 3543 3558 3557
315 3543 3544 3559 3558
316 3544 3545 3560 3559
317 3545 3546 3561 3560
318 3546 3547 3562 3561
319 3547 3548 3563 3562
320 3548 1463 1462 3563
321 89 3519 3534 90
322 3519 3520 3535 3534
323 3520 3521 3536 3535
324 3521 3522 3537 3536
325 3522 3523 3538 3537
326 3523 3524 3539 3538
327 3524 3525 3540 3539
328 3525 3526 3541 3540
329 3526 3527 3542 3541
330 3527 3528 3543 3542
331 3528 3529 3544 3543
332 3529 3530 3545 3544
333 3530 3531 3546 3545
334 3531 3532 3547 3546
335 3532 3533 3548 3547
336 3533 1464 1463 3548
337 88 3504 3519 89
338 3504 3505 3520 3519
339 3505 3506 3521 3520
340 3506 3507 3522 3521
341 3507 3508 3523 3522
342 3508 3509 3524 3523
343 3509 3510 3525 3524
344 3510 3511 3526 3525
345 3511 3512 3527 3526
346 3512 3513 3528 3527
347 3513 3514 3529 3528
348 3514 3515 3530 3529
349 3515 3516 3531 3530
350 3516 3517 3532 3531
351 3517 3518 3533 3532
352 3518 1465 1464 3533
353 87 3489 3504 88
354 3489 3490 3505 3504
355 3490 3491 3506 3505
356 3491 3492 3507 3506
357 3492 3493 3508 3507
358 3493 3494 3509 3508
359 3494 3495 3510 3509
360 3495 3496 3511 3510
361 3496 3497 3512 3511
362 3497 3498 3513 3512
363 3498 3499 3514 3513
364 3499 3500 3515 3514
365 3500 3501 3516 3515
366 3501 3502 3517 3516
367 3502 3503 3518 3517
368 3503 1466 1465 3518
369 86 3474 3489 87
370 3474 3475 3490 3489
371 3475 3476 3491 3490
372 3476 3477 3492 3491
373 3477 3478 3493 3492
374 3478 3479 3494 3493
375 3479 3480 3495 3494
376 3480 3481 3496 3495
377 3481 3482 3497 3496
378 3482 3483 3498 3497
379 3483 3484 3499 3498
380 3484 3485 3500 3499
381 3485 3486 3501 3500
382 3486 3487 3502 3501
383 3487 3488 3503 3502
384 3488 1467 1466 3503
385 85 3459 3474 86
386 3459 3460 3475 3474
387 3460 3461 3476 3475
388 3461 3462 3477 3476
389 3462 3463 3478 3477
390 3463 3464 3479 3478
391 3464 3465 3480 3479
392 3465 3466 3481 3480
393 3466 3467 3482 3481
394 3467 3468 3483 3482
395 3468 3469 3484 3483
396 3469 3470 3485 3484
397 3470 3471 3486 3485
398 3471 3472 3487 3486
399 3472 3473 3488 3487
400 3473 1468 1467 3488
401 84 3444 3459 85
402 3444 3445 3460 3459
403 3445 3446 3461 3460
404 3446 3447 3462 3461
405 3447 3448 3463 3462
406 3448 3449 3464 3463
407 3449 3450 3465 3464
408 3450 3451 3466 3465
409 3451 3452 3467 3466
410 3452 3453 3468 3467
411 3453 3454 3469 3468
412 3454 3455 3470 3469
413 3455 3456 3471 3470
414 3456 3457 3472 3471
415 3457 3458 3473 3472
416 3458 1469 1468 3473
417 83 3429 3444 84
418 3429 3430 3445 3444
419 3430 3431 3446 3445
420 3431 3432 3447 3446
421 3432 3433 3448 3447
422 3433 3434 3449 3448
423 3434 3435 3450 3449
424 3435 3436 3451 3450
425 3436 3437 3452 3451
426 3437 3438 3453 3452
427 3438 3439 3454 3453
428 3439 3440 3455 3454
429 3440 3441 3456 3455
430 3441 3442 3457 3456
431 3442 3443 3458 3457
432 3443 1470 1469 3458
433 82 3414 3429 83
434 3414 3415 3430 3429
435 3415 3416 3431 3430
436 3416 3417 3432 3431
437 3417 3418 3433 3432
438 3418 3419 3434 3433
439 3419 3420 3435 3434
440 3420 3421 3436 3435
441 3421 3422 3437 3436
442 3422 3423 3438 3437
443 3423 3424 3439 3438
444 3424 3425 3440 3439
445 3425 3426 3441 3440
446 3426 3427 3442 3441
447 3427 3428 3443 3442
448 3428 1471 1470 3443
449 81 3399 3414 82
450 3399 3400 3415 3414
451 3400 3401 3416 3415
452 3401 3402 3417 3416
453 3402 3403 3418 3417
454 3403 3404 3419 3418
455 3404 3405 3420 3419
456 3405 3406 3421 3420
457 3406 3407 3422 3421
458 3407 3408 3423 3422
459 3408 3409 3424 3423
460 3409 3410 3425 3424
461 3410 3411 3426 3425
462 3411 3412 3427 3426
463 3412 3413 3428 3427
464 3413 1472 1471 3428
465 80 3384 3399 81
466 3384 3385 3400 3399
467 3385 3386 3401 3400
468 3386 3387 3402 3401
469 3387 3388 3403 3402
470 3388 3389 3404 3403
471 3389 3390 3405 3404
472 3390 3391 3406 3405
473 3391 3392 3407 3406
474 3392 3393 3408 3407
475 3393 3394 3409 3408
476 3394 3395 3410 3409
477 3395 3396 3411 3410
478 3396 3397 3412 3411
479 3397 3398 3413 3412
480 3398 1473 1472 3413
481 79 3369 3384 80
482 3369 3370 3385 3384
483 3370 3371 3386 3385
484 3371 3372 3387 3386
485 3372 3373 3388 3387
486 3373 3374 3389 3388
487 3374 3375 3390 3389
488 3375 3376 3391 3390
489 3376 3377 3392 3391
490 3377 3378 3393 3392
491 3378 3379 3394 3393
492 3379 3380 3395 3394
493 3380 3381 3396 3395
494 3381 3382 3397 3396
495 3382 3383 3398 3397
496 3383 1474 1473 3398
497 78 3354 3369 79
498 3354 3355 3370 3369
499 3355 3356 3371 3370
500 3356 3357 3372 3371
501 3357 3358 3373 3372
502 3358 3359 3374 3373
503 3359 3360 3375 3374
504 3360 3361 3376 3375
505 3361 3362 3377 3376
506 3362 3363 3378 3377
507 3363 3364 3379 3378
508 3364 3365 3380 3379
509 3365 3366 3381 3380
510 3366 3367 3382 3381
511 3367 3368 3383 3382
512 3368 1475 1474 3383
513 77 3339 3354 78
514 3339 3340 3355 3354
515 3340 3341 3356 3355
516 3341 3342 3357 3356
517 3342 3343 3358 3357
518 3343 3344 3359 3358
519 3344 3345 3360 3359
520 3345 3346 3361 3360
521 3346 3347 3362 3361
522 3347 3348 3363 3362
523 3348 3349 3364 3363
524 3349 3350 3365 3364
525 3350 3351 3366 3365
526 3351 3352 3367 3366
527 3352 3353 3368 3367
528 3353 1476 1475 3368
529 76 3324 3339 77
530 3324 3325 3340 3339
531 3325 3326 3341 3340
532 3326 3327 3342 3341
533 3327 3328 3343 3342
534 3328 3329 3344 3343
535 3329 3330 3345 3344
536 3330 3331 3346 3345
537 3331 3332 3347 3346
538 3332 3333 3348 3347
539 3333 3334 3349 3348
540 3334 3335 3350 3349
541 3335 3336 3351 3350
542 3336 3337 3352 3351
543 3337 3338 3353 3352
544 3338 1477 1476 3353
545 75 3309 3324 76
546 3309 3310 3325 3324
547 3310 3311 3326 3325
548 3311 3312 3327 3326
549 3312 3313 3328 3327
550 3313 3314 3329 3328
551 3314 3315 3330 3329
552 3315 3316 3331 3330
553 3316 3317 3332 3331
554 3317 3318 3333 3332
555 3318 3319 3334 3333
556 3319 3320 3335 3334
557 3320 3321 3336 3335
558 3321 3322 3337 3336
559 3322 3323 3338 3337
560 3323 1478 1477 3338
561 38 3294 3309 75
562 3294 3295 3310 3309
563 3295 3296 3311 3310
564 3296 3297 3312 3311
565 3297 3298 3313 3312
566 3298 3299 3314 3313
567 3299 3300 3315 3314
568 3300 3301 3316 3315
569 3301 3302 3317 3316
570 3302 3303 3318 3317
571 3303 3304 3319 3318
572 3304 3305 3320 3319
573 3305 3306 3321 3320
574 3306 3307 3322 3321
575 3307 3308 3323 3322
576 3308 1443 1478 3323
