11   nzone
   0.0  1217.1  13.08850   0.00000  -8.8381    0.00000
                11.24094   0.00000  -4.09689   0.00000
                11.24094   0.00000  -4.09689   0.00000
                3.56454   0.00000  -3.45241   0.00000
                 3.56454   0.00000  -3.45241   0.00000
                 1.00000   0.00000   0.00000   0.00000   0.d0 0.d0
1217.1  3482.0  12.58150  -1.26380  -3.64260  -5.52810
                10.03904   3.75665 -13.67046   0.00000
                10.03904   3.75665 -13.67046   0.00000
                 0.00000   0.00000   0.00000   0.00000
                 0.00000   0.00000   0.00000   0.00000
                 1.00000   0.00000   0.00000   0.00000  0.d0 0.d0
3482.0  3631.0   7.95650  -6.47610   5.52830  -3.08070
                14.49470  -1.47089   0.00000   0.00000
                14.49470  -1.47089   0.00000   0.00000
                 8.16616  -1.58206   0.00000   0.00000
                 8.16616  -1.58206   0.00000   0.00000
                 1.00000   0.00000   0.00000   0.00000  0.d0 0.d0
3631.0  5611.0   7.95650  -6.47610   5.52830  -3.08070
                25.14860 -41.15380  51.99320 -26.60830
                25.14860 -41.15380  51.99320 -26.60830
                12.93030 -21.25900  27.89880 -14.10800
                12.93030 -21.25900  27.89880 -14.10800
                 1.00000   0.00000   0.00000   0.00000  0.d0 0.d0
5611.0  5711.0   7.95650  -6.47610   5.52830  -3.08070
                25.96984 -16.93412   0.00000   0.00000
                25.96984 -16.93412   0.00000   0.00000
                20.76890 -16.53147   0.00000   0.00000
                20.76890 -16.53147   0.00000   0.00000
                 1.00000   0.00000   0.00000   0.00000  0.d0 0.d0 
5711.0  5961.0  11.24940  -8.02980   0.00000   0.00000
                29.38896 -21.40656   0.00000   0.00000
                29.38896 -21.40656   0.00000   0.00000
                17.70732 -13.50652   0.00000   0.00000
                17.70732 -13.50652   0.00000   0.00000
                 1.00000   0.00000   0.00000   0.00000  0.d0 0.d0 
5961.0  6161.0   7.10890  -3.80450   0.00000   0.00000
                30.78765 -23.25415   0.00000   0.00000
                30.78765 -23.25415   0.00000   0.00000
                15.24213 -11.08552   0.00000   0.00000
                15.24213 -11.08552   0.00000   0.00000
                 1.00000   0.00000   0.00000   0.00000  0.d0 0.d0
6161.0  6251.0   2.69100   0.69240   0.00000   0.00000
                25.41389 -17.69722   0.00000   0.00000
                25.41389 -17.69722   0.00000   0.00000
                 5.75020  -1.27420   0.00000   0.00000
                 5.75020  -1.27420   0.00000   0.00000
                 1.00000   0.00000   0.00000   0.00000  0.d0 0.d0
6251.0  6336.0   2.69100   0.69240   0.00000   0.00000
                 8.78541  -0.74953   0.00000   0.00000
                 8.78541  -0.74953   0.00000   0.00000
                 6.70623  -2.24859   0.00000   0.00000
                 6.70623  -2.24859   0.00000   0.00000
                 1.00000   0.00000   0.00000   0.00000  0.d0 0.d0 
6336.0  6351.0   2.90000   0.00000   0.00000   0.00000
                 6.50000   0.00000   0.00000   0.00000
                 6.50000   0.00000   0.00000   0.00000
                 3.75000   0.00000   0.00000   0.00000
                 3.75000   0.00000   0.00000   0.00000
                 1.00000   0.00000   0.00000   0.00000  0.d0 0.d0 
6351.0  6371.0   2.60000   0.00000   0.00000   0.00000
                 5.80000   0.00000   0.00000   0.00000
                 5.80000   0.00000   0.00000   0.00000
                 3.36000   0.00000   0.00000   0.00000
                 3.36000   0.00000   0.00000   0.00000
                 1.00000   0.00000   0.00000   0.00000  0.d0 0.d0 
