12 4
0
11.2622 0 -6.364 0
3.6678 0 -4.4475 0
13.0885 0 -8.8381 0
1221.5
11.0487 -4.0362 4.8023 -13.5732
0 0 0 0
12.5815 -1.2638 -3.6426 -5.5281
3480
15.3891 -5.3181 5.5242 -2.5514
6.9254 1.4672 -2.0834 0.9783
7.9565 -6.4761 5.5283 -3.0807
3630
24.952 -40.4673 51.4832 -26.6419
11.1671 -13.7818 17.4575 -9.2777
7.9565 -6.4761 5.5283 -3.0807
5600
29.2766 -23.6027 5.5242 -2.5514
22.3459 -17.2473 -2.0834 0.9783
7.9565 -6.4761 5.5283 -3.0807
5701
19.0957 -9.8672 0 0
9.9839 -4.9324 0 0
5.3197 -1.4836 0 0
5771
39.7027 -32.6166 0 0
22.3512 -18.5856 0 0
11.2494 -8.0298 0 0
5961
30.7877 -23.2542 0 0
15.2181 -11.0601 0 0
7.1594 -3.8608 0 0
6161
17.4734 -9.5332 0 0
5.8556 -1.3825 0 0
7.1576 -3.859 0 0
6336
6.5 0 0 0
3.85 0 0 0
2.92 0 0 0
6351
5.8 0 0 0
3.46 0 0 0
2.72 0 0 0
6371
5.8 0 0 0
3.46 0 0 0
2.72 0 0 0
6371000
1.5 42.5
