S.NO.   STATION ID  Major Lat   Minor Lat   LATITUDE    Major Lat   Minor Lat   LONGITUDE
1     T03416L11900      34.0000     16.0000     34.5000     119.0000    0.0000      119.0000
2     T03414L11900      34.0000     14.0000     34.4375     119.0000    0.0000      119.0000
3     T03412L11900      34.0000     12.0000     34.3750     119.0000    0.0000      119.0000
4     T03410L11900      34.0000     10.0000     34.3125     119.0000    0.0000      119.0000
5     T03408L11900      34.0000     8.0000      34.2500     119.0000    0.0000      119.0000
6     T03406L11900      34.0000     6.0000      34.1875     119.0000    0.0000      119.0000
7     T03404L11900      34.0000     4.0000      34.1250     119.0000    0.0000      119.0000
8     T03416L11830      34.0000     16.0000     34.5000     118.0000    30.0000     118.9375
9     T03414L11830      34.0000     14.0000     34.4375     118.0000    30.0000     118.9375
10    T03412L11830      34.0000     12.0000     34.3750     118.0000    30.0000     118.9375
11    T03410L11830      34.0000     10.0000     34.3125     118.0000    30.0000     118.9375
12    T03408L11830      34.0000     8.0000      34.2500     118.0000    30.0000     118.9375
13    T03406L11830      34.0000     6.0000      34.1875     118.0000    30.0000     118.9375
14    T03404L11830      34.0000     4.0000      34.1250     118.0000    30.0000     118.9375
15    T03402L11830      34.0000     2.0000      34.0625     118.0000    30.0000     118.9375
16    T03416L11828      34.0000     16.0000     34.5000     118.0000    28.0000     118.8750
17    T03414L11828      34.0000     14.0000     34.4375     118.0000    28.0000     118.8750
18    T03412L11828      34.0000     12.0000     34.3750     118.0000    28.0000     118.8750
19    T03410L11828      34.0000     10.0000     34.3125     118.0000    28.0000     118.8750
20    T03408L11828      34.0000     8.0000      34.2500     118.0000    28.0000     118.8750
21    T03406L11828      34.0000     6.0000      34.1875     118.0000    28.0000     118.8750
22    T03404L11828      34.0000     4.0000      34.1250     118.0000    28.0000     118.8750
23    T03402L11828      34.0000     2.0000      34.0625     118.0000    28.0000     118.8750
24    T03416L11826      34.0000     16.0000     34.5000     118.0000    26.0000     118.8125
25    T03414L11826      34.0000     14.0000     34.4375     118.0000    26.0000     118.8125
26    T03412L11826      34.0000     12.0000     34.3750     118.0000    26.0000     118.8125
27    T03411L11826      34.0000     11.0000     34.3438     118.0000    26.0000     118.8125
28    T03410L11826      34.0000     10.0000     34.3125     118.0000    26.0000     118.8125
29    T03409L11826      34.0000     9.0000      34.2813     118.0000    26.0000     118.8125
30    T03408L11826      34.0000     8.0000      34.2500     118.0000    26.0000     118.8125
31    T03407L11826      34.0000     7.0000      34.2188     118.0000    26.0000     118.8125
32    T03406L11826      34.0000     6.0000      34.1875     118.0000    26.0000     118.8125
33    T03404L11826      34.0000     4.0000      34.1250     118.0000    26.0000     118.8125
34    T03402L11826      34.0000     2.0000      34.0625     118.0000    26.0000     118.8125
35    T03412L11825      34.0000     12.0000     34.3750     118.0000    25.0000     118.7813
36    T03411L11825      34.0000     11.0000     34.3438     118.0000    25.0000     118.7813
37    T03410L11825      34.0000     10.0000     34.3125     118.0000    25.0000     118.7813
38    T03409L11825      34.0000     9.0000      34.2813     118.0000    25.0000     118.7813
39    T03408L11825      34.0000     8.0000      34.2500     118.0000    25.0000     118.7813
40    T03407L11825      34.0000     7.0000      34.2188     118.0000    25.0000     118.7813
41    T03406L11825      34.0000     6.0000      34.1875     118.0000    25.0000     118.7813
42    T03416L11824      34.0000     16.0000     34.5000     118.0000    24.0000     118.7500
43    T03414L11824      34.0000     14.0000     34.4375     118.0000    24.0000     118.7500
44    T03412L11824      34.0000     12.0000     34.3750     118.0000    24.0000     118.7500
45    T03411L11824      34.0000     11.0000     34.3438     118.0000    24.0000     118.7500
46    T03410L11824      34.0000     10.0000     34.3125     118.0000    24.0000     118.7500
47    T03409L11824      34.0000     9.0000      34.2813     118.0000    24.0000     118.7500
48    T03408L11824      34.0000     8.0000      34.2500     118.0000    24.0000     118.7500
49    T03407L11824      34.0000     7.0000      34.2188     118.0000    24.0000     118.7500
50    T03406L11824      34.0000     6.0000      34.1875     118.0000    24.0000     118.7500
51    T03404L11824      34.0000     4.0000      34.1250     118.0000    24.0000     118.7500
52    T03402L11824      34.0000     2.0000      34.0625     118.0000    24.0000     118.7500
53    T03412L11823      34.0000     12.0000     34.3750     118.0000    23.0000     118.7188
54    T03411L11823      34.0000     11.0000     34.3438     118.0000    23.0000     118.7188
55    T03410L11823      34.0000     10.0000     34.3125     118.0000    23.0000     118.7188
56    T03409L11823      34.0000     9.0000      34.2813     118.0000    23.0000     118.7188
57    T03408L11823      34.0000     8.0000      34.2500     118.0000    23.0000     118.7188
58    T03407L11823      34.0000     7.0000      34.2188     118.0000    23.0000     118.7188
59    T03406L11823      34.0000     6.0000      34.1875     118.0000    23.0000     118.7188
60    T03416L11822      34.0000     16.0000     34.5000     118.0000    22.0000     118.6875
61    T03414L11822      34.0000     14.0000     34.4375     118.0000    22.0000     118.6875
62    T03412L11822      34.0000     12.0000     34.3750     118.0000    22.0000     118.6875
63    T03411L11822      34.0000     11.0000     34.3438     118.0000    22.0000     118.6875
64    T03410L11822      34.0000     10.0000     34.3125     118.0000    22.0000     118.6875
65    T03409L11822      34.0000     9.0000      34.2813     118.0000    22.0000     118.6875
66    T03408L11822      34.0000     8.0000      34.2500     118.0000    22.0000     118.6875
67    T03407L11822      34.0000     7.0000      34.2188     118.0000    22.0000     118.6875
68    T03406L11822      34.0000     6.0000      34.1875     118.0000    22.0000     118.6875
69    T03404L11822      34.0000     4.0000      34.1250     118.0000    22.0000     118.6875
70    T03402L11822      34.0000     2.0000      34.0625     118.0000    22.0000     118.6875
71    T03412L11821      34.0000     12.0000     34.3750     118.0000    21.0000     118.6563
72    T03411L11821      34.0000     11.0000     34.3438     118.0000    21.0000     118.6563
73    T03410L11821      34.0000     10.0000     34.3125     118.0000    21.0000     118.6563
74    T03409L11821      34.0000     9.0000      34.2813     118.0000    21.0000     118.6563
75    T03408L11821      34.0000     8.0000      34.2500     118.0000    21.0000     118.6563
76    T03407L11821      34.0000     7.0000      34.2188     118.0000    21.0000     118.6563
77    T03406L11821      34.0000     6.0000      34.1875     118.0000    21.0000     118.6563
78    T03416L11820      34.0000     16.0000     34.5000     118.0000    20.0000     118.6250
79    T03414L11820      34.0000     14.0000     34.4375     118.0000    20.0000     118.6250
80    T03412L11820      34.0000     12.0000     34.3750     118.0000    20.0000     118.6250
81    T03411L11820      34.0000     11.0000     34.3438     118.0000    20.0000     118.6250
82    T03410L11820      34.0000     10.0000     34.3125     118.0000    20.0000     118.6250
83    T03409L11820      34.0000     9.0000      34.2813     118.0000    20.0000     118.6250
84    T03408L11820      34.0000     8.0000      34.2500     118.0000    20.0000     118.6250
85    T03407L11820      34.0000     7.0000      34.2188     118.0000    20.0000     118.6250
86    T03406L11820      34.0000     6.0000      34.1875     118.0000    20.0000     118.6250
87    T03404L11820      34.0000     4.0000      34.1250     118.0000    20.0000     118.6250
88    T03402L11820      34.0000     2.0000      34.0625     118.0000    20.0000     118.6250
89    T03412L11819      34.0000     12.0000     34.3750     118.0000    19.0000     118.5938
90    T03411L11819      34.0000     11.0000     34.3438     118.0000    19.0000     118.5938
91    T03410L11819      34.0000     10.0000     34.3125     118.0000    19.0000     118.5938
92    T03409L11819      34.0000     9.0000      34.2813     118.0000    19.0000     118.5938
93    T03408L11819      34.0000     8.0000      34.2500     118.0000    19.0000     118.5938
94    T03407L11819      34.0000     7.0000      34.2188     118.0000    19.0000     118.5938
95    T03406L11819      34.0000     6.0000      34.1875     118.0000    19.0000     118.5938
96    T03416L11818      34.0000     16.0000     34.5000     118.0000    18.0000     118.5625
97    T03414L11818      34.0000     14.0000     34.4375     118.0000    18.0000     118.5625
98    T03412L11818      34.0000     12.0000     34.3750     118.0000    18.0000     118.5625
99    T03411L11818      34.0000     11.0000     34.3438     118.0000    18.0000     118.5625
100   T03410L11818      34.0000     10.0000     34.3125     118.0000    18.0000     118.5625
101   T03409L11818      34.0000     9.0000      34.2813     118.0000    18.0000     118.5625
102   T03408L11818      34.0000     8.0000      34.2500     118.0000    18.0000     118.5625
103   T03407L11818      34.0000     7.0000      34.2188     118.0000    18.0000     118.5625
104   T03406L11818      34.0000     6.0000      34.1875     118.0000    18.0000     118.5625
105   T03404L11818      34.0000     4.0000      34.1250     118.0000    18.0000     118.5625
106   T03402L11818      34.0000     2.0000      34.0625     118.0000    18.0000     118.5625
107   T03412L11817      34.0000     12.0000     34.3750     118.0000    17.0000     118.5313
108   T03411L11817      34.0000     11.0000     34.3438     118.0000    17.0000     118.5313
109   T03410L11817      34.0000     10.0000     34.3125     118.0000    17.0000     118.5313
110   T03409L11817      34.0000     9.0000      34.2813     118.0000    17.0000     118.5313
111   T03408L11817      34.0000     8.0000      34.2500     118.0000    17.0000     118.5313
112   T03407L11817      34.0000     7.0000      34.2188     118.0000    17.0000     118.5313
113   T03406L11817      34.0000     6.0000      34.1875     118.0000    17.0000     118.5313
114   T03416L11816      34.0000     16.0000     34.5000     118.0000    16.0000     118.5000
115   T03414L11816      34.0000     14.0000     34.4375     118.0000    16.0000     118.5000
116   T03412L11816      34.0000     12.0000     34.3750     118.0000    16.0000     118.5000
117   T03411L11816      34.0000     11.0000     34.3438     118.0000    16.0000     118.5000
118   T03410L11816      34.0000     10.0000     34.3125     118.0000    16.0000     118.5000
119   T03409L11816      34.0000     9.0000      34.2813     118.0000    16.0000     118.5000
120   T03408L11816      34.0000     8.0000      34.2500     118.0000    16.0000     118.5000
121   T03407L11816      34.0000     7.0000      34.2188     118.0000    16.0000     118.5000
122   T03406L11816      34.0000     6.0000      34.1875     118.0000    16.0000     118.5000
123   T03405L11816      34.0000     5.0000      34.1563     118.0000    16.0000     118.5000
124   T03404L11816      34.0000     4.0000      34.1250     118.0000    16.0000     118.5000
125   T03403L11816      34.0000     3.0000      34.0938     118.0000    16.0000     118.5000
126   T03402L11816      34.0000     2.0000      34.0625     118.0000    16.0000     118.5000
127   T03401L11816      34.0000     1.0000      34.0313     118.0000    16.0000     118.5000
128   T03412L11815      34.0000     12.0000     34.3750     118.0000    15.0000     118.4688
129   T03411L11815      34.0000     11.0000     34.3438     118.0000    15.0000     118.4688
130   T03410L11815      34.0000     10.0000     34.3125     118.0000    15.0000     118.4688
131   T03409L11815      34.0000     9.0000      34.2813     118.0000    15.0000     118.4688
132   T03408L11815      34.0000     8.0000      34.2500     118.0000    15.0000     118.4688
133   T03407L11815      34.0000     7.0000      34.2188     118.0000    15.0000     118.4688
134   T03406L11815      34.0000     6.0000      34.1875     118.0000    15.0000     118.4688
135   T03405L11815      34.0000     5.0000      34.1563     118.0000    15.0000     118.4688
136   T03404L11815      34.0000     4.0000      34.1250     118.0000    15.0000     118.4688
137   T03403L11815      34.0000     3.0000      34.0938     118.0000    15.0000     118.4688
138   T03402L11815      34.0000     2.0000      34.0625     118.0000    15.0000     118.4688
139   T03401L11815      34.0000     1.0000      34.0313     118.0000    15.0000     118.4688
140   T03400L11815      34.0000     0.0000      34.0000     118.0000    15.0000     118.4688
141   T03416L11814      34.0000     16.0000     34.5000     118.0000    14.0000     118.4375
142   T03414L11814      34.0000     14.0000     34.4375     118.0000    14.0000     118.4375
143   T03412L11814      34.0000     12.0000     34.3750     118.0000    14.0000     118.4375
144   T03411L11814      34.0000     11.0000     34.3438     118.0000    14.0000     118.4375
145   T03410L11814      34.0000     10.0000     34.3125     118.0000    14.0000     118.4375
146   T03409L11814      34.0000     9.0000      34.2813     118.0000    14.0000     118.4375
147   T03408L11814      34.0000     8.0000      34.2500     118.0000    14.0000     118.4375
148   T03407L11814      34.0000     7.0000      34.2188     118.0000    14.0000     118.4375
149   T03406L11814      34.0000     6.0000      34.1875     118.0000    14.0000     118.4375
150   T03405L11814      34.0000     5.0000      34.1563     118.0000    14.0000     118.4375
151   T03404L11814      34.0000     4.0000      34.1250     118.0000    14.0000     118.4375
152   T03403L11814      34.0000     3.0000      34.0938     118.0000    14.0000     118.4375
153   T03402L11814      34.0000     2.0000      34.0625     118.0000    14.0000     118.4375
154   T03401L11814      34.0000     1.0000      34.0313     118.0000    14.0000     118.4375
155   T03400L11814      34.0000     0.0000      34.0000     118.0000    14.0000     118.4375
156   T03330L11814      33.0000     30.0000     33.9375     118.0000    14.0000     118.4375
157   T03412L11813      34.0000     12.0000     34.3750     118.0000    13.0000     118.4063
158   T03411L11813      34.0000     11.0000     34.3438     118.0000    13.0000     118.4063
159   T03410L11813      34.0000     10.0000     34.3125     118.0000    13.0000     118.4063
160   T03409L11813      34.0000     9.0000      34.2813     118.0000    13.0000     118.4063
161   T03408L11813      34.0000     8.0000      34.2500     118.0000    13.0000     118.4063
162   T03407L11813      34.0000     7.0000      34.2188     118.0000    13.0000     118.4063
163   T03406L11813      34.0000     6.0000      34.1875     118.0000    13.0000     118.4063
164   T03405L11813      34.0000     5.0000      34.1563     118.0000    13.0000     118.4063
165   T03404L11813      34.0000     4.0000      34.1250     118.0000    13.0000     118.4063
166   T03403L11813      34.0000     3.0000      34.0938     118.0000    13.0000     118.4063
167   T03402L11813      34.0000     2.0000      34.0625     118.0000    13.0000     118.4063
168   T03401L11813      34.0000     1.0000      34.0313     118.0000    13.0000     118.4063
169   T03400L11813      34.0000     0.0000      34.0000     118.0000    13.0000     118.4063
170   T03328L11813      33.0000     28.0000     33.8750     118.0000    13.0000     118.4063
171   T03325L11813      33.0000     25.0000     33.7813     118.0000    13.0000     118.4063
172   T03324L11813      33.0000     24.0000     33.7500     118.0000    13.0000     118.4063
173   T03416L11812      34.0000     16.0000     34.5000     118.0000    12.0000     118.3750
174   T03414L11812      34.0000     14.0000     34.4375     118.0000    12.0000     118.3750
175   T03412L11812      34.0000     12.0000     34.3750     118.0000    12.0000     118.3750
176   T03411L11812      34.0000     11.0000     34.3438     118.0000    12.0000     118.3750
177   T03410L11812      34.0000     10.0000     34.3125     118.0000    12.0000     118.3750
178   T03409L11812      34.0000     9.0000      34.2813     118.0000    12.0000     118.3750
179   T03408L11812      34.0000     8.0000      34.2500     118.0000    12.0000     118.3750
180   T03407L11812      34.0000     7.0000      34.2188     118.0000    12.0000     118.3750
181   T03406L11812      34.0000     6.0000      34.1875     118.0000    12.0000     118.3750
182   T03405L11812      34.0000     5.0000      34.1563     118.0000    12.0000     118.3750
183   T03404L11812      34.0000     4.0000      34.1250     118.0000    12.0000     118.3750
184   T03403L11812      34.0000     3.0000      34.0938     118.0000    12.0000     118.3750
185   T03402L11812      34.0000     2.0000      34.0625     118.0000    12.0000     118.3750
186   T03401L11812      34.0000     1.0000      34.0313     118.0000    12.0000     118.3750
187   T03400L11812      34.0000     0.0000      34.0000     118.0000    12.0000     118.3750
188   T03330L11812      33.0000     30.0000     33.9375     118.0000    12.0000     118.3750
189   T03328L11812      33.0000     28.0000     33.8750     118.0000    12.0000     118.3750
190   T03327L11812      33.0000     27.0000     33.8438     118.0000    12.0000     118.3750
191   T03326L11812      33.0000     26.0000     33.8125     118.0000    12.0000     118.3750
192   T03325L11812      33.0000     25.0000     33.7813     118.0000    12.0000     118.3750
193   T03324L11812      33.0000     24.0000     33.7500     118.0000    12.0000     118.3750
194   T03406L11811      34.0000     6.0000      34.1875     118.0000    11.0000     118.3438
195   T03405L11811      34.0000     5.0000      34.1563     118.0000    11.0000     118.3438
196   T03404L11811      34.0000     4.0000      34.1250     118.0000    11.0000     118.3438
197   T03403L11811      34.0000     3.0000      34.0938     118.0000    11.0000     118.3438
198   T03402L11811      34.0000     2.0000      34.0625     118.0000    11.0000     118.3438
199   T03401L11811      34.0000     1.0000      34.0313     118.0000    11.0000     118.3438
200   T03400L11811      34.0000     0.0000      34.0000     118.0000    11.0000     118.3438
201   T03328L11811      33.0000     28.0000     33.8750     118.0000    11.0000     118.3438
202   T03327L11811      33.0000     27.0000     33.8438     118.0000    11.0000     118.3438
203   T03326L11811      33.0000     26.0000     33.8125     118.0000    11.0000     118.3438
204   T03325L11811      33.0000     25.0000     33.7813     118.0000    11.0000     118.3438
205   T03324L11811      33.0000     24.0000     33.7500     118.0000    11.0000     118.3438
206   T03416L11810      34.0000     16.0000     34.5000     118.0000    10.0000     118.3125
207   T03414L11810      34.0000     14.0000     34.4375     118.0000    10.0000     118.3125
208   T03412L11810      34.0000     12.0000     34.3750     118.0000    10.0000     118.3125
209   T03410L11810      34.0000     10.0000     34.3125     118.0000    10.0000     118.3125
210   T03408L11810      34.0000     8.0000      34.2500     118.0000    10.0000     118.3125
211   T03406L11810      34.0000     6.0000      34.1875     118.0000    10.0000     118.3125
212   T03405L11810      34.0000     5.0000      34.1563     118.0000    10.0000     118.3125
213   T03404L11810      34.0000     4.0000      34.1250     118.0000    10.0000     118.3125
214   T03403L11810      34.0000     3.0000      34.0938     118.0000    10.0000     118.3125
215   T03402L11810      34.0000     2.0000      34.0625     118.0000    10.0000     118.3125
216   T03401L11810      34.0000     1.0000      34.0313     118.0000    10.0000     118.3125
217   T03400L11810      34.0000     0.0000      34.0000     118.0000    10.0000     118.3125
218   T03330L11810      33.0000     30.0000     33.9375     118.0000    10.0000     118.3125
219   T03328L11810      33.0000     28.0000     33.8750     118.0000    10.0000     118.3125
220   T03327L11810      33.0000     27.0000     33.8438     118.0000    10.0000     118.3125
221   T03326L11810      33.0000     26.0000     33.8125     118.0000    10.0000     118.3125
222   T03325L11810      33.0000     25.0000     33.7813     118.0000    10.0000     118.3125
223   T03324L11810      33.0000     24.0000     33.7500     118.0000    10.0000     118.3125
224   T03323L11810      33.0000     23.0000     33.7188     118.0000    10.0000     118.3125
225   T03406L11809      34.0000     6.0000      34.1875     118.0000    9.0000      118.2813
226   T03405L11809      34.0000     5.0000      34.1563     118.0000    9.0000      118.2813
227   T03404L11809      34.0000     4.0000      34.1250     118.0000    9.0000      118.2813
228   T03403L11809      34.0000     3.0000      34.0938     118.0000    9.0000      118.2813
229   T03402L11809      34.0000     2.0000      34.0625     118.0000    9.0000      118.2813
230   T03401L11809      34.0000     1.0000      34.0313     118.0000    9.0000      118.2813
231   T03400L11809      34.0000     0.0000      34.0000     118.0000    9.0000      118.2813
232   T03328L11809      33.0000     28.0000     33.8750     118.0000    9.0000      118.2813
233   T03327L11809      33.0000     27.0000     33.8438     118.0000    9.0000      118.2813
234   T03326L11809      33.0000     26.0000     33.8125     118.0000    9.0000      118.2813
235   T03325L11809      33.0000     25.0000     33.7813     118.0000    9.0000      118.2813
236   T03324L11809      33.0000     24.0000     33.7500     118.0000    9.0000      118.2813
237   T03323L11809      33.0000     23.0000     33.7188     118.0000    9.0000      118.2813
238   T03416L11808      34.0000     16.0000     34.5000     118.0000    8.0000      118.2500
239   T03414L11808      34.0000     14.0000     34.4375     118.0000    8.0000      118.2500
240   T03412L11808      34.0000     12.0000     34.3750     118.0000    8.0000      118.2500
241   T03410L11808      34.0000     10.0000     34.3125     118.0000    8.0000      118.2500
242   T03408L11808      34.0000     8.0000      34.2500     118.0000    8.0000      118.2500
243   T03406L11808      34.0000     6.0000      34.1875     118.0000    8.0000      118.2500
244   T03405L11808      34.0000     5.0000      34.1563     118.0000    8.0000      118.2500
245   T03404L11808      34.0000     4.0000      34.1250     118.0000    8.0000      118.2500
246   T03403L11808      34.0000     3.0000      34.0938     118.0000    8.0000      118.2500
247   T03402L11808      34.0000     2.0000      34.0625     118.0000    8.0000      118.2500
248   T03401L11808      34.0000     1.0000      34.0313     118.0000    8.0000      118.2500
249   T03400L11808      34.0000     0.0000      34.0000     118.0000    8.0000      118.2500
250   T03330L11808      33.0000     30.0000     33.9375     118.0000    8.0000      118.2500
251   T03328L11808      33.0000     28.0000     33.8750     118.0000    8.0000      118.2500
252   T03327L11808      33.0000     27.0000     33.8438     118.0000    8.0000      118.2500
253   T03326L11808      33.0000     26.0000     33.8125     118.0000    8.0000      118.2500
254   T03325L11808      33.0000     25.0000     33.7813     118.0000    8.0000      118.2500
255   T03324L11808      33.0000     24.0000     33.7500     118.0000    8.0000      118.2500
256   T03406L11807      34.0000     6.0000      34.1875     118.0000    7.0000      118.2188
257   T03405L11807      34.0000     5.0000      34.1563     118.0000    7.0000      118.2188
258   T03404L11807      34.0000     4.0000      34.1250     118.0000    7.0000      118.2188
259   T03403L11807      34.0000     3.0000      34.0938     118.0000    7.0000      118.2188
260   T03402L11807      34.0000     2.0000      34.0625     118.0000    7.0000      118.2188
261   T03401L11807      34.0000     1.0000      34.0313     118.0000    7.0000      118.2188
262   T03400L11807      34.0000     0.0000      34.0000     118.0000    7.0000      118.2188
263   T03328L11807      33.0000     28.0000     33.8750     118.0000    7.0000      118.2188
264   T03327L11807      33.0000     27.0000     33.8438     118.0000    7.0000      118.2188
265   T03326L11807      33.0000     26.0000     33.8125     118.0000    7.0000      118.2188
266   T03325L11807      33.0000     25.0000     33.7813     118.0000    7.0000      118.2188
267   T03324L11807      33.0000     24.0000     33.7500     118.0000    7.0000      118.2188
268   T03408L11806      34.0000     8.0000      34.2500     118.0000    6.0000      118.1875
269   T03406L11806      34.0000     6.0000      34.1875     118.0000    6.0000      118.1875
270   T03405L11806      34.0000     5.0000      34.1563     118.0000    6.0000      118.1875
271   T03404L11806      34.0000     4.0000      34.1250     118.0000    6.0000      118.1875
272   T03403L11806      34.0000     3.0000      34.0938     118.0000    6.0000      118.1875
273   T03402L11806      34.0000     2.0000      34.0625     118.0000    6.0000      118.1875
274   T03401L11806      34.0000     1.0000      34.0313     118.0000    6.0000      118.1875
275   T03400L11806      34.0000     0.0000      34.0000     118.0000    6.0000      118.1875
276   T03330L11806      33.0000     30.0000     33.9375     118.0000    6.0000      118.1875
277   T03328L11806      33.0000     28.0000     33.8750     118.0000    6.0000      118.1875
278   T03327L11806      33.0000     27.0000     33.8438     118.0000    6.0000      118.1875
279   T03326L11806      33.0000     26.0000     33.8125     118.0000    6.0000      118.1875
280   T03325L11806      33.0000     25.0000     33.7813     118.0000    6.0000      118.1875
281   T03324L11806      33.0000     24.0000     33.7500     118.0000    6.0000      118.1875
282   T03406L11805      34.0000     6.0000      34.1875     118.0000    5.0000      118.1563
283   T03405L11805      34.0000     5.0000      34.1563     118.0000    5.0000      118.1563
284   T03404L11805      34.0000     4.0000      34.1250     118.0000    5.0000      118.1563
285   T03403L11805      34.0000     3.0000      34.0938     118.0000    5.0000      118.1563
286   T03402L11805      34.0000     2.0000      34.0625     118.0000    5.0000      118.1563
287   T03401L11805      34.0000     1.0000      34.0313     118.0000    5.0000      118.1563
288   T03400L11805      34.0000     0.0000      34.0000     118.0000    5.0000      118.1563
289   T03328L11805      33.0000     28.0000     33.8750     118.0000    5.0000      118.1563
290   T03327L11805      33.0000     27.0000     33.8438     118.0000    5.0000      118.1563
291   T03326L11805      33.0000     26.0000     33.8125     118.0000    5.0000      118.1563
292   T03325L11805      33.0000     25.0000     33.7813     118.0000    5.0000      118.1563
293   T03324L11805      33.0000     24.0000     33.7500     118.0000    5.0000      118.1563
294   T03408L11804      34.0000     8.0000      34.2500     118.0000    4.0000      118.1250
295   T03406L11804      34.0000     6.0000      34.1875     118.0000    4.0000      118.1250
296   T03405L11804      34.0000     5.0000      34.1563     118.0000    4.0000      118.1250
297   T03404L11804      34.0000     4.0000      34.1250     118.0000    4.0000      118.1250
298   T03403L11804      34.0000     3.0000      34.0938     118.0000    4.0000      118.1250
299   T03402L11804      34.0000     2.0000      34.0625     118.0000    4.0000      118.1250
300   T03401L11804      34.0000     1.0000      34.0313     118.0000    4.0000      118.1250
301   T03400L11804      34.0000     0.0000      34.0000     118.0000    4.0000      118.1250
302   T03330L11804      33.0000     30.0000     33.9375     118.0000    4.0000      118.1250
303   T03328L11804      33.0000     28.0000     33.8750     118.0000    4.0000      118.1250
304   T03327L11804      33.0000     27.0000     33.8438     118.0000    4.0000      118.1250
305   T03326L11804      33.0000     26.0000     33.8125     118.0000    4.0000      118.1250
306   T03325L11804      33.0000     25.0000     33.7813     118.0000    4.0000      118.1250
307   T03324L11804      33.0000     24.0000     33.7500     118.0000    4.0000      118.1250
308   T03406L11803      34.0000     6.0000      34.1875     118.0000    3.0000      118.0938
309   T03405L11803      34.0000     5.0000      34.1563     118.0000    3.0000      118.0938
310   T03404L11803      34.0000     4.0000      34.1250     118.0000    3.0000      118.0938
311   T03403L11803      34.0000     3.0000      34.0938     118.0000    3.0000      118.0938
312   T03402L11803      34.0000     2.0000      34.0625     118.0000    3.0000      118.0938
313   T03401L11803      34.0000     1.0000      34.0313     118.0000    3.0000      118.0938
314   T03400L11803      34.0000     0.0000      34.0000     118.0000    3.0000      118.0938
315   T03328L11803      33.0000     28.0000     33.8750     118.0000    3.0000      118.0938
316   T03327L11803      33.0000     27.0000     33.8438     118.0000    3.0000      118.0938
317   T03326L11803      33.0000     26.0000     33.8125     118.0000    3.0000      118.0938
318   T03325L11803      33.0000     25.0000     33.7813     118.0000    3.0000      118.0938
319   T03324L11803      33.0000     24.0000     33.7500     118.0000    3.0000      118.0938
320   T03408L11802      34.0000     8.0000      34.2500     118.0000    2.0000      118.0625
321   T03406L11802      34.0000     6.0000      34.1875     118.0000    2.0000      118.0625
322   T03405L11802      34.0000     5.0000      34.1563     118.0000    2.0000      118.0625
323   T03404L11802      34.0000     4.0000      34.1250     118.0000    2.0000      118.0625
324   T03403L11802      34.0000     3.0000      34.0938     118.0000    2.0000      118.0625
325   T03402L11802      34.0000     2.0000      34.0625     118.0000    2.0000      118.0625
326   T03401L11802      34.0000     1.0000      34.0313     118.0000    2.0000      118.0625
327   T03400L11802      34.0000     0.0000      34.0000     118.0000    2.0000      118.0625
328   T03330L11802      33.0000     30.0000     33.9375     118.0000    2.0000      118.0625
329   T03328L11802      33.0000     28.0000     33.8750     118.0000    2.0000      118.0625
330   T03327L11802      33.0000     27.0000     33.8438     118.0000    2.0000      118.0625
331   T03326L11802      33.0000     26.0000     33.8125     118.0000    2.0000      118.0625
332   T03325L11802      33.0000     25.0000     33.7813     118.0000    2.0000      118.0625
333   T03324L11802      33.0000     24.0000     33.7500     118.0000    2.0000      118.0625
334   T03323L11802      33.0000     23.0000     33.7188     118.0000    2.0000      118.0625
335   T03408L11800      34.0000     8.0000      34.2500     118.0000    0.0000      118.0000
336   T03406L11800      34.0000     6.0000      34.1875     118.0000    0.0000      118.0000
337   T03404L11800      34.0000     4.0000      34.1250     118.0000    0.0000      118.0000
338   T03402L11800      34.0000     2.0000      34.0625     118.0000    0.0000      118.0000
339   T03400L11800      34.0000     0.0000      34.0000     118.0000    0.0000      118.0000
340   T03330L11800      33.0000     30.0000     33.9375     118.0000    0.0000      118.0000
341   T03328L11800      33.0000     28.0000     33.8750     118.0000    0.0000      118.0000
342   T03326L11800      33.0000     26.0000     33.8125     118.0000    0.0000      118.0000
343   T03324L11800      33.0000     24.0000     33.7500     118.0000    0.0000      118.0000
344   T03322L11800      33.0000     22.0000     33.6875     118.0000    0.0000      118.0000
345   T03408L11730      34.0000     8.0000      34.2500     117.0000    30.0000     117.9375
346   T03406L11730      34.0000     6.0000      34.1875     117.0000    30.0000     117.9375
347   T03404L11730      34.0000     4.0000      34.1250     117.0000    30.0000     117.9375
348   T03402L11730      34.0000     2.0000      34.0625     117.0000    30.0000     117.9375
349   T03400L11730      34.0000     0.0000      34.0000     117.0000    30.0000     117.9375
350   T03330L11730      33.0000     30.0000     33.9375     117.0000    30.0000     117.9375
351   T03328L11730      33.0000     28.0000     33.8750     117.0000    30.0000     117.9375
352   T03326L11730      33.0000     26.0000     33.8125     117.0000    30.0000     117.9375
353   T03324L11730      33.0000     24.0000     33.7500     117.0000    30.0000     117.9375
354   T03322L11730      33.0000     22.0000     33.6875     117.0000    30.0000     117.9375
355   T03408L11728      34.0000     8.0000      34.2500     117.0000    28.0000     117.8750
356   T03406L11728      34.0000     6.0000      34.1875     117.0000    28.0000     117.8750
357   T03404L11728      34.0000     4.0000      34.1250     117.0000    28.0000     117.8750
358   T03402L11728      34.0000     2.0000      34.0625     117.0000    28.0000     117.8750
359   T03400L11728      34.0000     0.0000      34.0000     117.0000    28.0000     117.8750
360   T03330L11728      33.0000     30.0000     33.9375     117.0000    28.0000     117.8750
361   T03328L11728      33.0000     28.0000     33.8750     117.0000    28.0000     117.8750
362   T03326L11728      33.0000     26.0000     33.8125     117.0000    28.0000     117.8750
363   T03324L11728      33.0000     24.0000     33.7500     117.0000    28.0000     117.8750
364   T03322L11728      33.0000     22.0000     33.6875     117.0000    28.0000     117.8750
365   T03320L11728      33.0000     20.0000     33.6250     117.0000    28.0000     117.8750
366   T03408L11726      34.0000     8.0000      34.2500     117.0000    26.0000     117.8125
367   T03406L11726      34.0000     6.0000      34.1875     117.0000    26.0000     117.8125
368   T03404L11726      34.0000     4.0000      34.1250     117.0000    26.0000     117.8125
369   T03402L11726      34.0000     2.0000      34.0625     117.0000    26.0000     117.8125
370   T03400L11726      34.0000     0.0000      34.0000     117.0000    26.0000     117.8125
371   T03330L11726      33.0000     30.0000     33.9375     117.0000    26.0000     117.8125
372   T03328L11726      33.0000     28.0000     33.8750     117.0000    26.0000     117.8125
373   T03326L11726      33.0000     26.0000     33.8125     117.0000    26.0000     117.8125
374   T03324L11726      33.0000     24.0000     33.7500     117.0000    26.0000     117.8125
375   T03322L11726      33.0000     22.0000     33.6875     117.0000    26.0000     117.8125
376   T03320L11726      33.0000     20.0000     33.6250     117.0000    26.0000     117.8125
377   T03318L11726      33.0000     18.0000     33.5625     117.0000    26.0000     117.8125
378   T03408L11724      34.0000     8.0000      34.2500     117.0000    24.0000     117.7500
379   T03406L11724      34.0000     6.0000      34.1875     117.0000    24.0000     117.7500
380   T03404L11724      34.0000     4.0000      34.1250     117.0000    24.0000     117.7500
381   T03402L11724      34.0000     2.0000      34.0625     117.0000    24.0000     117.7500
382   T03400L11724      34.0000     0.0000      34.0000     117.0000    24.0000     117.7500
383   T03330L11724      33.0000     30.0000     33.9375     117.0000    24.0000     117.7500
384   T03328L11724      33.0000     28.0000     33.8750     117.0000    24.0000     117.7500
385   T03326L11724      33.0000     26.0000     33.8125     117.0000    24.0000     117.7500
386   T03324L11724      33.0000     24.0000     33.7500     117.0000    24.0000     117.7500
387   T03322L11724      33.0000     22.0000     33.6875     117.0000    24.0000     117.7500
388   T03320L11724      33.0000     20.0000     33.6250     117.0000    24.0000     117.7500
389   T03318L11724      33.0000     18.0000     33.5625     117.0000    24.0000     117.7500
390   T03400L11826      34.0000     0.0000      34.0000     118.0000    26.0000     118.8125
391   T03401L11826      34.0000     1.0000      34.0313     118.0000    26.0000     118.8125
392   T34015L11826      34.0000     1.5000      34.0469     118.0000    17.0000     118.5313
