       968
         1       1016       1017         36         35
         2       1591       1592       1017       1016
         3       2492       2493       1592       1591
         4       3079       3080       2493       2492
         5       4068       4069       3080       3079
         6       4643       4644       4069       4068
         7       5544       5545       4644       4643
         8       6130       6131       5545       5544
         9       7111       7112       6131       6130
        10       7686       7687       7112       7111
        11       8587       8588       7687       7686
        12       9174       9175       8588       8587
        13      10163      10164       9175       9174
        14      10738      10739      10164      10163
        15      11639      11640      10739      10738
        16      12225      12226      11640      11639
        17      13206      13207      12226      12225
        18      13781      13782      13207      13206
        19      14682      14683      13782      13781
        20      15269      15270      14683      14682
        21      16258      16259      15270      15269
        22      16833      16834      16259      16258
        23      17734      17735      16834      16833
        24      18320      18321      17735      17734
        25      19301      19302      18321      18320
        26      19876      19877      19302      19301
        27      20777      20778      19877      19876
        28      21364      21365      20778      20777
        29      22353      22354      21365      21364
        30      22928      22929      22354      22353
        31      23829      23830      22929      22928
        32      24415      24416      23830      23829
      1537       2491       2492       1591       1590
      1538       5543       5544       4643       4642
      1539       8586       8587       7686       7685
      1540      11638      11639      10738      10737
      1541      14681      14682      13781      13780
      1542      17733      17734      16833      16832
      1543      20776      20777      19876      19875
      1544      23828      23829      22928      22927
      1665       1590       1591       1016       1015
      1666       4642       4643       4068       4067
      1667       7685       7686       7111       7110
      1668      10737      10738      10163      10162
      1669      13780      13781      13206      13205
      1670      16832      16833      16258      16257
      1671      19875      19876      19301      19300
      1672      22927      22928      22353      22352
      1793       3078       3079       2492       2491
      1794       6129       6130       5544       5543
      1795       9173       9174       8587       8586
      1796      12224      12225      11639      11638
      1797      15268      15269      14682      14681
      1798      18319      18320      17734      17733
      1799      21363      21364      20777      20776
      1800      24414      24415      23829      23828
      1921       1015       1016         35         34
      1922       4067       4068       3079       3078
      1923       7110       7111       6130       6129
      1924      10162      10163       9174       9173
      1925      13205      13206      12225      12224
      1926      16257      16258      15269      15268
      1927      19300      19301      18320      18319
      1928      22352      22353      21364      21363
      2049       3078       2491       1590       1589
      2050       6129       5543       4642       4641
      2051       9173       8586       7685       7684
      2052      12224      11638      10737      10736
      2053      15268      14681      13780      13779
      2054      18319      17733      16832      16831
      2055      21363      20776      19875      19874
      2056      24414      23828      22927      22926
      2177       1589       1590       1015         34
      2178       4641       4642       4067       3078
      2179       7684       7685       7110       6129
      2180      10736      10737      10162       9173
      2181      13779      13780      13205      12224
      2182      16831      16832      16257      15268
      2183      19874      19875      19300      18319
      2184      22926      22927      22352      21363
      2305       1570       1571         16         15
      2306       3059       3060       1571       1570
      2307       4622       4623       3060       3059
      2308       6110       6111       4623       4622
      2309       7665       7666       6111       6110
      2310       9154       9155       7666       7665
      2311      10717      10718       9155       9154
      2312      12205      12206      10718      10717
      2313      13760      13761      12206      12205
      2314      15249      15250      13761      13760
      2315      16812      16813      15250      15249
      2316      18300      18301      16813      16812
      2317      19855      19856      18301      18300
      2318      21344      21345      19856      19855
      2319      22907      22908      21345      21344
      2320      24395      24396      22908      22907
      2561       1571       1572         17         16
      2562       3060       3061       1572       1571
      2563       4623       4624       3061       3060
      2564       6111       6112       4624       4623
      2565       7666       7667       6112       6111
      2566       9155       9156       7667       7666
      2567      10718      10719       9156       9155
      2568      12206      12207      10719      10718
      2569      13761      13762      12207      12206
      2570      15250      15251      13762      13761
      2571      16813      16814      15251      15250
      2572      18301      18302      16814      16813
      2573      19856      19857      18302      18301
      2574      21345      21346      19857      19856
      2575      22908      22909      21346      21345
      2576      24396      24397      22909      22908
      2817       1572       1573         18         17
      2818       3061       3062       1573       1572
      2819       4624       4625       3062       3061
      2820       6112       6113       4625       4624
      2821       7667       7668       6113       6112
      2822       9156       9157       7668       7667
      2823      10719      10720       9157       9156
      2824      12207      12208      10720      10719
      2825      13762      13763      12208      12207
      2826      15251      15252      13763      13762
      2827      16814      16815      15252      15251
      2828      18302      18303      16815      16814
      2829      19857      19858      18303      18302
      2830      21346      21347      19858      19857
      2831      22909      22910      21347      21346
      2832      24397      24398      22910      22909
      3073       1573       1574         19         18
      3074       3062       3063       1574       1573
      3075       4625       4626       3063       3062
      3076       6113       6114       4626       4625
      3077       7668       7669       6114       6113
      3078       9157       9158       7669       7668
      3079      10720      10721       9158       9157
      3080      12208      12209      10721      10720
      3081      13763      13764      12209      12208
      3082      15252      15253      13764      13763
      3083      16815      16816      15253      15252
      3084      18303      18304      16816      16815
      3085      19858      19859      18304      18303
      3086      21347      21348      19859      19858
      3087      22910      22911      21348      21347
      3088      24398      24399      22911      22910
      3329       1574       1575         20         19
      3330       3063       3064       1575       1574
      3331       4626       4627       3064       3063
      3332       6114       6115       4627       4626
      3333       7669       7670       6115       6114
      3334       9158       9159       7670       7669
      3335      10721      10722       9159       9158
      3336      12209      12210      10722      10721
      3337      13764      13765      12210      12209
      3338      15253      15254      13765      13764
      3339      16816      16817      15254      15253
      3340      18304      18305      16817      16816
      3341      19859      19860      18305      18304
      3342      21348      21349      19860      19859
      3343      22911      22912      21349      21348
      3344      24399      24400      22912      22911
      3585       1575       1576         21         20
      3586       3064       3065       1576       1575
      3587       4627       4628       3065       3064
      3588       6115       6116       4628       4627
      3589       7670       7671       6116       6115
      3590       9159       9160       7671       7670
      3591      10722      10723       9160       9159
      3592      12210      12211      10723      10722
      3593      13765      13766      12211      12210
      3594      15254      15255      13766      13765
      3595      16817      16818      15255      15254
      3596      18305      18306      16818      16817
      3597      19860      19861      18306      18305
      3598      21349      21350      19861      19860
      3599      22912      22913      21350      21349
      3600      24400      24401      22913      22912
      3841       1576       1577         22         21
      3842       3065       3066       1577       1576
      3843       4628       4629       3066       3065
      3844       6116       6117       4629       4628
      3845       7671       7672       6117       6116
      3846       9160       9161       7672       7671
      3847      10723      10724       9161       9160
      3848      12211      12212      10724      10723
      3849      13766      13767      12212      12211
      3850      15255      15256      13767      13766
      3851      16818      16819      15256      15255
      3852      18306      18307      16819      16818
      3853      19861      19862      18307      18306
      3854      21350      21351      19862      19861
      3855      22913      22914      21351      21350
      3856      24401      24402      22914      22913
      4097       1577       1578         23         22
      4098       3066       3067       1578       1577
      4099       4629       4630       3067       3066
      4100       6117       6118       4630       4629
      4101       7672       7673       6118       6117
      4102       9161       9162       7673       7672
      4103      10724      10725       9162       9161
      4104      12212      12213      10725      10724
      4105      13767      13768      12213      12212
      4106      15256      15257      13768      13767
      4107      16819      16820      15257      15256
      4108      18307      18308      16820      16819
      4109      19862      19863      18308      18307
      4110      21351      21352      19863      19862
      4111      22914      22915      21352      21351
      4112      24402      24403      22915      22914
      4353       1578       1579         24         23
      4354       3067       3068       1579       1578
      4355       4630       4631       3068       3067
      4356       6118       6119       4631       4630
      4357       7673       7674       6119       6118
      4358       9162       9163       7674       7673
      4359      10725      10726       9163       9162
      4360      12213      12214      10726      10725
      4361      13768      13769      12214      12213
      4362      15257      15258      13769      13768
      4363      16820      16821      15258      15257
      4364      18308      18309      16821      16820
      4365      19863      19864      18309      18308
      4366      21352      21353      19864      19863
      4367      22915      22916      21353      21352
      4368      24403      24404      22916      22915
      4609       1579       1580         25         24
      4610       3068       3069       1580       1579
      4611       4631       4632       3069       3068
      4612       6119       6120       4632       4631
      4613       7674       7675       6120       6119
      4614       9163       9164       7675       7674
      4615      10726      10727       9164       9163
      4616      12214      12215      10727      10726
      4617      13769      13770      12215      12214
      4618      15258      15259      13770      13769
      4619      16821      16822      15259      15258
      4620      18309      18310      16822      16821
      4621      19864      19865      18310      18309
      4622      21353      21354      19865      19864
      4623      22916      22917      21354      21353
      4624      24404      24405      22917      22916
      4865       1580       1581         26         25
      4866       3069       3070       1581       1580
      4867       4632       4633       3070       3069
      4868       6120       6121       4633       4632
      4869       7675       7676       6121       6120
      4870       9164       9165       7676       7675
      4871      10727      10728       9165       9164
      4872      12215      12216      10728      10727
      4873      13770      13771      12216      12215
      4874      15259      15260      13771      13770
      4875      16822      16823      15260      15259
      4876      18310      18311      16823      16822
      4877      19865      19866      18311      18310
      4878      21354      21355      19866      19865
      4879      22917      22918      21355      21354
      4880      24405      24406      22918      22917
      5121       1581       1582         27         26
      5122       3070       3071       1582       1581
      5123       4633       4634       3071       3070
      5124       6121       6122       4634       4633
      5125       7676       7677       6122       6121
      5126       9165       9166       7677       7676
      5127      10728      10729       9166       9165
      5128      12216      12217      10729      10728
      5129      13771      13772      12217      12216
      5130      15260      15261      13772      13771
      5131      16823      16824      15261      15260
      5132      18311      18312      16824      16823
      5133      19866      19867      18312      18311
      5134      21355      21356      19867      19866
      5135      22918      22919      21356      21355
      5136      24406      24407      22919      22918
      5377       1582       1583         28         27
      5378       3071       3072       1583       1582
      5379       4634       4635       3072       3071
      5380       6122       6123       4635       4634
      5381       7677       7678       6123       6122
      5382       9166       9167       7678       7677
      5383      10729      10730       9167       9166
      5384      12217      12218      10730      10729
      5385      13772      13773      12218      12217
      5386      15261      15262      13773      13772
      5387      16824      16825      15262      15261
      5388      18312      18313      16825      16824
      5389      19867      19868      18313      18312
      5390      21356      21357      19868      19867
      5391      22919      22920      21357      21356
      5392      24407      24408      22920      22919
      5633       1583       1584         29         28
      5634       3072       3073       1584       1583
      5635       4635       4636       3073       3072
      5636       6123       6124       4636       4635
      5637       7678       7679       6124       6123
      5638       9167       9168       7679       7678
      5639      10730      10731       9168       9167
      5640      12218      12219      10731      10730
      5641      13773      13774      12219      12218
      5642      15262      15263      13774      13773
      5643      16825      16826      15263      15262
      5644      18313      18314      16826      16825
      5645      19868      19869      18314      18313
      5646      21357      21358      19869      19868
      5647      22920      22921      21358      21357
      5648      24408      24409      22921      22920
      5889       1584       1585         30         29
      5890       3073       3074       1585       1584
      5891       4636       4637       3074       3073
      5892       6124       6125       4637       4636
      5893       7679       7680       6125       6124
      5894       9168       9169       7680       7679
      5895      10731      10732       9169       9168
      5896      12219      12220      10732      10731
      5897      13774      13775      12220      12219
      5898      15263      15264      13775      13774
      5899      16826      16827      15264      15263
      5900      18314      18315      16827      16826
      5901      19869      19870      18315      18314
      5902      21358      21359      19870      19869
      5903      22921      22922      21359      21358
      5904      24409      24410      22922      22921
      6145       1585       1586         31         30
      6146       3074       3075       1586       1585
      6147       4637       4638       3075       3074
      6148       6125       6126       4638       4637
      6149       7680       7681       6126       6125
      6150       9169       9170       7681       7680
      6151      10732      10733       9170       9169
      6152      12220      12221      10733      10732
      6153      13775      13776      12221      12220
      6154      15264      15265      13776      13775
      6155      16827      16828      15265      15264
      6156      18315      18316      16828      16827
      6157      19870      19871      18316      18315
      6158      21359      21360      19871      19870
      6159      22922      22923      21360      21359
      6160      24410      24411      22923      22922
      6401       1586       1587         32         31
      6402       3075       3076       1587       1586
      6403       4638       4639       3076       3075
      6404       6126       6127       4639       4638
      6405       7681       7682       6127       6126
      6406       9170       9171       7682       7681
      6407      10733      10734       9171       9170
      6408      12221      12222      10734      10733
      6409      13776      13777      12222      12221
      6410      15265      15266      13777      13776
      6411      16828      16829      15266      15265
      6412      18316      18317      16829      16828
      6413      19871      19872      18317      18316
      6414      21360      21361      19872      19871
      6415      22923      22924      21361      21360
      6416      24411      24412      22924      22923
      6657       1587       1588         33         32
      6658       3076       3077       1588       1587
      6659       4639       4640       3077       3076
      6660       6127       6128       4640       4639
      6661       7682       7683       6128       6127
      6662       9171       9172       7683       7682
      6663      10734      10735       9172       9171
      6664      12222      12223      10735      10734
      6665      13777      13778      12223      12222
      6666      15266      15267      13778      13777
      6667      16829      16830      15267      15266
      6668      18317      18318      16830      16829
      6669      19872      19873      18318      18317
      6670      21361      21362      19873      19872
      6671      22924      22925      21362      21361
      6672      24412      24413      22925      22924
      6913       1588       1589         34         33
      6914       3077       3078       1589       1588
      6915       4640       4641       3078       3077
      6916       6128       6129       4641       4640
      6917       7683       7684       6129       6128
      6918       9172       9173       7684       7683
      6919      10735      10736       9173       9172
      6920      12223      12224      10736      10735
      6921      13778      13779      12224      12223
      6922      15267      15268      13779      13778
      6923      16830      16831      15268      15267
      6924      18318      18319      16831      16830
      6925      19873      19874      18319      18318
      6926      21362      21363      19874      19873
      6927      22925      22926      21363      21362
      6928      24413      24414      22926      22925
      7169       3044       3045          2          1
      7170       6096       6097       3045       3044
      7171       9139       9140       6097       6096
      7172      12191      12192       9140       9139
      7173      15234      15235      12192      12191
      7174      18286      18287      15235      15234
      7175      21329      21330      18287      18286
      7176      24381      24382      21330      21329
      7233       3045       3046          3          2
      7234       6097       6098       3046       3045
      7235       9140       9141       6098       6097
      7236      12192      12193       9141       9140
      7237      15235      15236      12193      12192
      7238      18287      18288      15236      15235
      7239      21330      21331      18288      18287
      7240      24382      24383      21331      21330
      7297       3046       3047          4          3
      7298       6098       6099       3047       3046
      7299       9141       9142       6099       6098
      7300      12193      12194       9142       9141
      7301      15236      15237      12194      12193
      7302      18288      18289      15237      15236
      7303      21331      21332      18289      18288
      7304      24383      24384      21332      21331
      7361       3047       3048          5          4
      7362       6099       6100       3048       3047
      7363       9142       9143       6100       6099
      7364      12194      12195       9143       9142
      7365      15237      15238      12195      12194
      7366      18289      18290      15238      15237
      7367      21332      21333      18290      18289
      7368      24384      24385      21333      21332
      7425       3048       3049          6          5
      7426       6100       6101       3049       3048
      7427       9143       9144       6101       6100
      7428      12195      12196       9144       9143
      7429      15238      15239      12196      12195
      7430      18290      18291      15239      15238
      7431      21333      21334      18291      18290
      7432      24385      24386      21334      21333
      7489       3049       3050          7          6
      7490       6101       6102       3050       3049
      7491       9144       9145       6102       6101
      7492      12196      12197       9145       9144
      7493      15239      15240      12197      12196
      7494      18291      18292      15240      15239
      7495      21334      21335      18292      18291
      7496      24386      24387      21335      21334
      7553       3050       3051          8          7
      7554       6102       6103       3051       3050
      7555       9145       9146       6103       6102
      7556      12197      12198       9146       9145
      7557      15240      15241      12198      12197
      7558      18292      18293      15241      15240
      7559      21335      21336      18293      18292
      7560      24387      24388      21336      21335
      7617       3051       3052          9          8
      7618       6103       6104       3052       3051
      7619       9146       9147       6104       6103
      7620      12198      12199       9147       9146
      7621      15241      15242      12199      12198
      7622      18293      18294      15242      15241
      7623      21336      21337      18294      18293
      7624      24388      24389      21337      21336
      7681       3052       3053         10          9
      7682       6104       6105       3053       3052
      7683       9147       9148       6105       6104
      7684      12199      12200       9148       9147
      7685      15242      15243      12200      12199
      7686      18294      18295      15243      15242
      7687      21337      21338      18295      18294
      7688      24389      24390      21338      21337
      7745       3053       3054         11         10
      7746       6105       6106       3054       3053
      7747       9148       9149       6106       6105
      7748      12200      12201       9149       9148
      7749      15243      15244      12201      12200
      7750      18295      18296      15244      15243
      7751      21338      21339      18296      18295
      7752      24390      24391      21339      21338
      7809       3054       3055         12         11
      7810       6106       6107       3055       3054
      7811       9149       9150       6107       6106
      7812      12201      12202       9150       9149
      7813      15244      15245      12202      12201
      7814      18296      18297      15245      15244
      7815      21339      21340      18297      18296
      7816      24391      24392      21340      21339
      7873       3055       3056         13         12
      7874       6107       6108       3056       3055
      7875       9150       9151       6108       6107
      7876      12202      12203       9151       9150
      7877      15245      15246      12203      12202
      7878      18297      18298      15246      15245
      7879      21340      21341      18298      18297
      7880      24392      24393      21341      21340
      7937       1569       1570         15         14
      7938       3058       3059       1570       1569
      7939       4621       4622       3059       3058
      7940       6109       6110       4622       4621
      7941       7664       7665       6110       6109
      7942       9153       9154       7665       7664
      7943      10716      10717       9154       9153
      7944      12204      12205      10717      10716
      7945      13759      13760      12205      12204
      7946      15248      15249      13760      13759
      7947      16811      16812      15249      15248
      7948      18299      18300      16812      16811
      7949      19854      19855      18300      18299
      7950      21343      21344      19855      19854
      7951      22906      22907      21344      21343
      7952      24394      24395      22907      22906
      8321       4620       4621       3058       3057
      8322      10715      10716       9153       9152
      8323      16810      16811      15248      15247
      8324      22905      22906      21343      21342
      8353       3057       3058       1569       1568
      8354       9152       9153       7664       7663
      8355      15247      15248      13759      13758
      8356      21342      21343      19854      19853
      8385       6108       6109       4621       4620
      8386      12203      12204      10716      10715
      8387      18298      18299      16811      16810
      8388      24393      24394      22906      22905
      8417       1568       1569         14         13
      8418       7663       7664       6109       6108
      8419      13758      13759      12204      12203
      8420      19853      19854      18299      18298
      8449       6108       4620       3057       3056
      8450      12203      10715       9152       9151
      8451      18298      16810      15247      15246
      8452      24393      22905      21342      21341
      8481       3056       3057       1568         13
      8482       9151       9152       7663       6108
      8483      15246      15247      13758      12203
      8484      21341      21342      19853      18298
      8513       1030       1031         50         49
      8514       1605       1606       1031       1030
      8515       2506       2507       1606       1605
      8516       3093       3094       2507       2506
      8517       4082       4083       3094       3093
      8518       4657       4658       4083       4082
      8519       5558       5559       4658       4657
      8520       6144       6145       5559       5558
      8521       7125       7126       6145       6144
      8522       7700       7701       7126       7125
      8523       8601       8602       7701       7700
      8524       9188       9189       8602       8601
      8525      10177      10178       9189       9188
      8526      10752      10753      10178      10177
      8527      11653      11654      10753      10752
      8528      12239      12240      11654      11653
      8529      13220      13221      12240      12239
      8530      13795      13796      13221      13220
      8531      14696      14697      13796      13795
      8532      15283      15284      14697      14696
      8533      16272      16273      15284      15283
      8534      16847      16848      16273      16272
      8535      17748      17749      16848      16847
      8536      18334      18335      17749      17748
      8537      19315      19316      18335      18334
      8538      19890      19891      19316      19315
      8539      20791      20792      19891      19890
      8540      21378      21379      20792      20791
      8541      22367      22368      21379      21378
      8542      22942      22943      22368      22367
      8543      23843      23844      22943      22942
      8544      24429      24430      23844      23843
      9537       1017       1018         37         36
      9538       1592       1593       1018       1017
      9539       2493       2494       1593       1592
      9540       3080       3081       2494       2493
      9541       4069       4070       3081       3080
      9542       4644       4645       4070       4069
      9543       5545       5546       4645       4644
      9544       6131       6132       5546       5545
      9545       7112       7113       6132       6131
      9546       7687       7688       7113       7112
      9547       8588       8589       7688       7687
      9548       9175       9176       8589       8588
      9549      10164      10165       9176       9175
      9550      10739      10740      10165      10164
      9551      11640      11641      10740      10739
      9552      12226      12227      11641      11640
      9553      13207      13208      12227      12226
      9554      13782      13783      13208      13207
      9555      14683      14684      13783      13782
      9556      15270      15271      14684      14683
      9557      16259      16260      15271      15270
      9558      16834      16835      16260      16259
      9559      17735      17736      16835      16834
      9560      18321      18322      17736      17735
      9561      19302      19303      18322      18321
      9562      19877      19878      19303      19302
      9563      20778      20779      19878      19877
      9564      21365      21366      20779      20778
      9565      22354      22355      21366      21365
      9566      22929      22930      22355      22354
      9567      23830      23831      22930      22929
      9568      24416      24417      23831      23830
     10561       1018       1019         38         37
     10562       1593       1594       1019       1018
     10563       2494       2495       1594       1593
     10564       3081       3082       2495       2494
     10565       4070       4071       3082       3081
     10566       4645       4646       4071       4070
     10567       5546       5547       4646       4645
     10568       6132       6133       5547       5546
     10569       7113       7114       6133       6132
     10570       7688       7689       7114       7113
     10571       8589       8590       7689       7688
     10572       9176       9177       8590       8589
     10573      10165      10166       9177       9176
     10574      10740      10741      10166      10165
     10575      11641      11642      10741      10740
     10576      12227      12228      11642      11641
     10577      13208      13209      12228      12227
     10578      13783      13784      13209      13208
     10579      14684      14685      13784      13783
     10580      15271      15272      14685      14684
     10581      16260      16261      15272      15271
     10582      16835      16836      16261      16260
     10583      17736      17737      16836      16835
     10584      18322      18323      17737      17736
     10585      19303      19304      18323      18322
     10586      19878      19879      19304      19303
     10587      20779      20780      19879      19878
     10588      21366      21367      20780      20779
     10589      22355      22356      21367      21366
     10590      22930      22931      22356      22355
     10591      23831      23832      22931      22930
     10592      24417      24418      23832      23831
     11585       1019       1020         39         38
     11586       1594       1595       1020       1019
     11587       2495       2496       1595       1594
     11588       3082       3083       2496       2495
     11589       4071       4072       3083       3082
     11590       4646       4647       4072       4071
     11591       5547       5548       4647       4646
     11592       6133       6134       5548       5547
     11593       7114       7115       6134       6133
     11594       7689       7690       7115       7114
     11595       8590       8591       7690       7689
     11596       9177       9178       8591       8590
     11597      10166      10167       9178       9177
     11598      10741      10742      10167      10166
     11599      11642      11643      10742      10741
     11600      12228      12229      11643      11642
     11601      13209      13210      12229      12228
     11602      13784      13785      13210      13209
     11603      14685      14686      13785      13784
     11604      15272      15273      14686      14685
     11605      16261      16262      15273      15272
     11606      16836      16837      16262      16261
     11607      17737      17738      16837      16836
     11608      18323      18324      17738      17737
     11609      19304      19305      18324      18323
     11610      19879      19880      19305      19304
     11611      20780      20781      19880      19879
     11612      21367      21368      20781      20780
     11613      22356      22357      21368      21367
     11614      22931      22932      22357      22356
     11615      23832      23833      22932      22931
     11616      24418      24419      23833      23832
     12609       1020       1021         40         39
     12610       1595       1596       1021       1020
     12611       2496       2497       1596       1595
     12612       3083       3084       2497       2496
     12613       4072       4073       3084       3083
     12614       4647       4648       4073       4072
     12615       5548       5549       4648       4647
     12616       6134       6135       5549       5548
     12617       7115       7116       6135       6134
     12618       7690       7691       7116       7115
     12619       8591       8592       7691       7690
     12620       9178       9179       8592       8591
     12621      10167      10168       9179       9178
     12622      10742      10743      10168      10167
     12623      11643      11644      10743      10742
     12624      12229      12230      11644      11643
     12625      13210      13211      12230      12229
     12626      13785      13786      13211      13210
     12627      14686      14687      13786      13785
     12628      15273      15274      14687      14686
     12629      16262      16263      15274      15273
     12630      16837      16838      16263      16262
     12631      17738      17739      16838      16837
     12632      18324      18325      17739      17738
     12633      19305      19306      18325      18324
     12634      19880      19881      19306      19305
     12635      20781      20782      19881      19880
     12636      21368      21369      20782      20781
     12637      22357      22358      21369      21368
     12638      22932      22933      22358      22357
     12639      23833      23834      22933      22932
     12640      24419      24420      23834      23833
     13633       1021       1022         41         40
     13634       1596       1597       1022       1021
     13635       2497       2498       1597       1596
     13636       3084       3085       2498       2497
     13637       4073       4074       3085       3084
     13638       4648       4649       4074       4073
     13639       5549       5550       4649       4648
     13640       6135       6136       5550       5549
     13641       7116       7117       6136       6135
     13642       7691       7692       7117       7116
     13643       8592       8593       7692       7691
     13644       9179       9180       8593       8592
     13645      10168      10169       9180       9179
     13646      10743      10744      10169      10168
     13647      11644      11645      10744      10743
     13648      12230      12231      11645      11644
     13649      13211      13212      12231      12230
     13650      13786      13787      13212      13211
     13651      14687      14688      13787      13786
     13652      15274      15275      14688      14687
     13653      16263      16264      15275      15274
     13654      16838      16839      16264      16263
     13655      17739      17740      16839      16838
     13656      18325      18326      17740      17739
     13657      19306      19307      18326      18325
     13658      19881      19882      19307      19306
     13659      20782      20783      19882      19881
     13660      21369      21370      20783      20782
     13661      22358      22359      21370      21369
     13662      22933      22934      22359      22358
     13663      23834      23835      22934      22933
     13664      24420      24421      23835      23834
     14657       1022       1023         42         41
     14658       1597       1598       1023       1022
     14659       2498       2499       1598       1597
     14660       3085       3086       2499       2498
     14661       4074       4075       3086       3085
     14662       4649       4650       4075       4074
     14663       5550       5551       4650       4649
     14664       6136       6137       5551       5550
     14665       7117       7118       6137       6136
     14666       7692       7693       7118       7117
     14667       8593       8594       7693       7692
     14668       9180       9181       8594       8593
     14669      10169      10170       9181       9180
     14670      10744      10745      10170      10169
     14671      11645      11646      10745      10744
     14672      12231      12232      11646      11645
     14673      13212      13213      12232      12231
     14674      13787      13788      13213      13212
     14675      14688      14689      13788      13787
     14676      15275      15276      14689      14688
     14677      16264      16265      15276      15275
     14678      16839      16840      16265      16264
     14679      17740      17741      16840      16839
     14680      18326      18327      17741      17740
     14681      19307      19308      18327      18326
     14682      19882      19883      19308      19307
     14683      20783      20784      19883      19882
     14684      21370      21371      20784      20783
     14685      22359      22360      21371      21370
     14686      22934      22935      22360      22359
     14687      23835      23836      22935      22934
     14688      24421      24422      23836      23835
     15681       1023       1024         43         42
     15682       1598       1599       1024       1023
     15683       2499       2500       1599       1598
     15684       3086       3087       2500       2499
     15685       4075       4076       3087       3086
     15686       4650       4651       4076       4075
     15687       5551       5552       4651       4650
     15688       6137       6138       5552       5551
     15689       7118       7119       6138       6137
     15690       7693       7694       7119       7118
     15691       8594       8595       7694       7693
     15692       9181       9182       8595       8594
     15693      10170      10171       9182       9181
     15694      10745      10746      10171      10170
     15695      11646      11647      10746      10745
     15696      12232      12233      11647      11646
     15697      13213      13214      12233      12232
     15698      13788      13789      13214      13213
     15699      14689      14690      13789      13788
     15700      15276      15277      14690      14689
     15701      16265      16266      15277      15276
     15702      16840      16841      16266      16265
     15703      17741      17742      16841      16840
     15704      18327      18328      17742      17741
     15705      19308      19309      18328      18327
     15706      19883      19884      19309      19308
     15707      20784      20785      19884      19883
     15708      21371      21372      20785      20784
     15709      22360      22361      21372      21371
     15710      22935      22936      22361      22360
     15711      23836      23837      22936      22935
     15712      24422      24423      23837      23836
     16705       1024       1025         44         43
     16706       1599       1600       1025       1024
     16707       2500       2501       1600       1599
     16708       3087       3088       2501       2500
     16709       4076       4077       3088       3087
     16710       4651       4652       4077       4076
     16711       5552       5553       4652       4651
     16712       6138       6139       5553       5552
     16713       7119       7120       6139       6138
     16714       7694       7695       7120       7119
     16715       8595       8596       7695       7694
     16716       9182       9183       8596       8595
     16717      10171      10172       9183       9182
     16718      10746      10747      10172      10171
     16719      11647      11648      10747      10746
     16720      12233      12234      11648      11647
     16721      13214      13215      12234      12233
     16722      13789      13790      13215      13214
     16723      14690      14691      13790      13789
     16724      15277      15278      14691      14690
     16725      16266      16267      15278      15277
     16726      16841      16842      16267      16266
     16727      17742      17743      16842      16841
     16728      18328      18329      17743      17742
     16729      19309      19310      18329      18328
     16730      19884      19885      19310      19309
     16731      20785      20786      19885      19884
     16732      21372      21373      20786      20785
     16733      22361      22362      21373      21372
     16734      22936      22937      22362      22361
     16735      23837      23838      22937      22936
     16736      24423      24424      23838      23837
     17729       1025       1026         45         44
     17730       1600       1601       1026       1025
     17731       2501       2502       1601       1600
     17732       3088       3089       2502       2501
     17733       4077       4078       3089       3088
     17734       4652       4653       4078       4077
     17735       5553       5554       4653       4652
     17736       6139       6140       5554       5553
     17737       7120       7121       6140       6139
     17738       7695       7696       7121       7120
     17739       8596       8597       7696       7695
     17740       9183       9184       8597       8596
     17741      10172      10173       9184       9183
     17742      10747      10748      10173      10172
     17743      11648      11649      10748      10747
     17744      12234      12235      11649      11648
     17745      13215      13216      12235      12234
     17746      13790      13791      13216      13215
     17747      14691      14692      13791      13790
     17748      15278      15279      14692      14691
     17749      16267      16268      15279      15278
     17750      16842      16843      16268      16267
     17751      17743      17744      16843      16842
     17752      18329      18330      17744      17743
     17753      19310      19311      18330      18329
     17754      19885      19886      19311      19310
     17755      20786      20787      19886      19885
     17756      21373      21374      20787      20786
     17757      22362      22363      21374      21373
     17758      22937      22938      22363      22362
     17759      23838      23839      22938      22937
     17760      24424      24425      23839      23838
     18753       1026       1027         46         45
     18754       1601       1602       1027       1026
     18755       2502       2503       1602       1601
     18756       3089       3090       2503       2502
     18757       4078       4079       3090       3089
     18758       4653       4654       4079       4078
     18759       5554       5555       4654       4653
     18760       6140       6141       5555       5554
     18761       7121       7122       6141       6140
     18762       7696       7697       7122       7121
     18763       8597       8598       7697       7696
     18764       9184       9185       8598       8597
     18765      10173      10174       9185       9184
     18766      10748      10749      10174      10173
     18767      11649      11650      10749      10748
     18768      12235      12236      11650      11649
     18769      13216      13217      12236      12235
     18770      13791      13792      13217      13216
     18771      14692      14693      13792      13791
     18772      15279      15280      14693      14692
     18773      16268      16269      15280      15279
     18774      16843      16844      16269      16268
     18775      17744      17745      16844      16843
     18776      18330      18331      17745      17744
     18777      19311      19312      18331      18330
     18778      19886      19887      19312      19311
     18779      20787      20788      19887      19886
     18780      21374      21375      20788      20787
     18781      22363      22364      21375      21374
     18782      22938      22939      22364      22363
     18783      23839      23840      22939      22938
     18784      24425      24426      23840      23839
     19777       1027       1028         47         46
     19778       1602       1603       1028       1027
     19779       2503       2504       1603       1602
     19780       3090       3091       2504       2503
     19781       4079       4080       3091       3090
     19782       4654       4655       4080       4079
     19783       5555       5556       4655       4654
     19784       6141       6142       5556       5555
     19785       7122       7123       6142       6141
     19786       7697       7698       7123       7122
     19787       8598       8599       7698       7697
     19788       9185       9186       8599       8598
     19789      10174      10175       9186       9185
     19790      10749      10750      10175      10174
     19791      11650      11651      10750      10749
     19792      12236      12237      11651      11650
     19793      13217      13218      12237      12236
     19794      13792      13793      13218      13217
     19795      14693      14694      13793      13792
     19796      15280      15281      14694      14693
     19797      16269      16270      15281      15280
     19798      16844      16845      16270      16269
     19799      17745      17746      16845      16844
     19800      18331      18332      17746      17745
     19801      19312      19313      18332      18331
     19802      19887      19888      19313      19312
     19803      20788      20789      19888      19887
     19804      21375      21376      20789      20788
     19805      22364      22365      21376      21375
     19806      22939      22940      22365      22364
     19807      23840      23841      22940      22939
     19808      24426      24427      23841      23840
     20801       1028       1029         48         47
     20802       1603       1604       1029       1028
     20803       2504       2505       1604       1603
     20804       3091       3092       2505       2504
     20805       4080       4081       3092       3091
     20806       4655       4656       4081       4080
     20807       5556       5557       4656       4655
     20808       6142       6143       5557       5556
     20809       7123       7124       6143       6142
     20810       7698       7699       7124       7123
     20811       8599       8600       7699       7698
     20812       9186       9187       8600       8599
     20813      10175      10176       9187       9186
     20814      10750      10751      10176      10175
     20815      11651      11652      10751      10750
     20816      12237      12238      11652      11651
     20817      13218      13219      12238      12237
     20818      13793      13794      13219      13218
     20819      14694      14695      13794      13793
     20820      15281      15282      14695      14694
     20821      16270      16271      15282      15281
     20822      16845      16846      16271      16270
     20823      17746      17747      16846      16845
     20824      18332      18333      17747      17746
     20825      19313      19314      18333      18332
     20826      19888      19889      19314      19313
     20827      20789      20790      19889      19888
     20828      21376      21377      20790      20789
     20829      22365      22366      21377      21376
     20830      22940      22941      22366      22365
     20831      23841      23842      22941      22940
     20832      24427      24428      23842      23841
     21825       1029       1030         49         48
     21826       1604       1605       1030       1029
     21827       2505       2506       1605       1604
     21828       3092       3093       2506       2505
     21829       4081       4082       3093       3092
     21830       4656       4657       4082       4081
     21831       5557       5558       4657       4656
     21832       6143       6144       5558       5557
     21833       7124       7125       6144       6143
     21834       7699       7700       7125       7124
     21835       8600       8601       7700       7699
     21836       9187       9188       8601       8600
     21837      10176      10177       9188       9187
     21838      10751      10752      10177      10176
     21839      11652      11653      10752      10751
     21840      12238      12239      11653      11652
     21841      13219      13220      12239      12238
     21842      13794      13795      13220      13219
     21843      14695      14696      13795      13794
     21844      15282      15283      14696      14695
     21845      16271      16272      15283      15282
     21846      16846      16847      16272      16271
     21847      17747      17748      16847      16846
     21848      18333      18334      17748      17747
     21849      19314      19315      18334      18333
     21850      19889      19890      19315      19314
     21851      20790      20791      19890      19889
     21852      21377      21378      20791      20790
     21853      22366      22367      21378      21377
     21854      22941      22942      22367      22366
     21855      23842      23843      22942      22941
     21856      24428      24429      23843      23842
