      1024
      8513       1031       1047         66         50
      8514       1606       1622       1047       1031
      8515       2507       2523       1622       1606
      8516       3094       3110       2523       2507
      8517       4083       4099       3110       3094
      8518       4658       4674       4099       4083
      8519       5559       5575       4674       4658
      8520       6145       6161       5575       5559
      8521       7126       7142       6161       6145
      8522       7701       7717       7142       7126
      8523       8602       8618       7717       7701
      8524       9189       9205       8618       8602
      8525      10178      10194       9205       9189
      8526      10753      10769      10194      10178
      8527      11654      11670      10769      10753
      8528      12240      12256      11670      11654
      8529      13221      13237      12256      12240
      8530      13796      13812      13237      13221
      8531      14697      14713      13812      13796
      8532      15284      15300      14713      14697
      8533      16273      16289      15300      15284
      8534      16848      16864      16289      16273
      8535      17749      17765      16864      16848
      8536      18335      18351      17765      17749
      8537      19316      19332      18351      18335
      8538      19891      19907      19332      19316
      8539      20792      20808      19907      19891
      8540      21379      21395      20808      20792
      8541      22368      22384      21395      21379
      8542      22943      22959      22384      22368
      8543      23844      23860      22959      22943
      8544      24430      24446      23860      23844
      8545       1047       1065        104         66
      8546       1622       1661       1065       1047
      8547       2523       2541       1661       1622
      8548       3110       3148       2541       2523
      8549       4099       4117       3148       3110
      8550       4674       4713       4117       4099
      8551       5575       5593       4713       4674
      8552       6161       6199       5593       5575
      8553       7142       7160       6199       6161
      8554       7717       7756       7160       7142
      8555       8618       8636       7756       7717
      8556       9205       9243       8636       8618
      8557      10194      10212       9243       9205
      8558      10769      10808      10212      10194
      8559      11670      11688      10808      10769
      8560      12256      12294      11688      11670
      8561      13237      13255      12294      12256
      8562      13812      13851      13255      13237
      8563      14713      14731      13851      13812
      8564      15300      15338      14731      14713
      8565      16289      16307      15338      15300
      8566      16864      16903      16307      16289
      8567      17765      17783      16903      16864
      8568      18351      18389      17783      17765
      8569      19332      19350      18389      18351
      8570      19907      19946      19350      19332
      8571      20808      20826      19946      19907
      8572      21395      21433      20826      20808
      8573      22384      22402      21433      21395
      8574      22959      22998      22402      22384
      8575      23860      23878      22998      22959
      8576      24446      24484      23878      23860
      8577       1065       1081        120        104
      8578       1661       1677       1081       1065
      8579       2541       2557       1677       1661
      8580       3148       3164       2557       2541
      8581       4117       4133       3164       3148
      8582       4713       4729       4133       4117
      8583       5593       5609       4729       4713
      8584       6199       6215       5609       5593
      8585       7160       7176       6215       6199
      8586       7756       7772       7176       7160
      8587       8636       8652       7772       7756
      8588       9243       9259       8652       8636
      8589      10212      10228       9259       9243
      8590      10808      10824      10228      10212
      8591      11688      11704      10824      10808
      8592      12294      12310      11704      11688
      8593      13255      13271      12310      12294
      8594      13851      13867      13271      13255
      8595      14731      14747      13867      13851
      8596      15338      15354      14747      14731
      8597      16307      16323      15354      15338
      8598      16903      16919      16323      16307
      8599      17783      17799      16919      16903
      8600      18389      18405      17799      17783
      8601      19350      19366      18405      18389
      8602      19946      19962      19366      19350
      8603      20826      20842      19962      19946
      8604      21433      21449      20842      20826
      8605      22402      22418      21449      21433
      8606      22998      23014      22418      22402
      8607      23878      23894      23014      22998
      8608      24484      24500      23894      23878
      8609       1081       1098        171        120
      8610       1677       1717       1098       1081
      8611       2557       2574       1717       1677
      8612       3164       3216       2574       2557
      8613       4133       4150       3216       3164
      8614       4729       4769       4150       4133
      8615       5609       5626       4769       4729
      8616       6215       6266       5626       5609
      8617       7176       7193       6266       6215
      8618       7772       7812       7193       7176
      8619       8652       8669       7812       7772
      8620       9259       9311       8669       8652
      8621      10228      10245       9311       9259
      8622      10824      10864      10245      10228
      8623      11704      11721      10864      10824
      8624      12310      12361      11721      11704
      8625      13271      13288      12361      12310
      8626      13867      13907      13288      13271
      8627      14747      14764      13907      13867
      8628      15354      15406      14764      14747
      8629      16323      16340      15406      15354
      8630      16919      16959      16340      16323
      8631      17799      17816      16959      16919
      8632      18405      18456      17816      17799
      8633      19366      19383      18456      18405
      8634      19962      20002      19383      19366
      8635      20842      20859      20002      19962
      8636      21449      21501      20859      20842
      8637      22418      22435      21501      21449
      8638      23014      23054      22435      22418
      8639      23894      23911      23054      23014
      8640      24500      24551      23911      23894
      8641       1098       1114        187        171
      8642       1717       1733       1114       1098
      8643       2574       2590       1733       1717
      8644       3216       3232       2590       2574
      8645       4150       4166       3232       3216
      8646       4769       4785       4166       4150
      8647       5626       5642       4785       4769
      8648       6266       6282       5642       5626
      8649       7193       7209       6282       6266
      8650       7812       7828       7209       7193
      8651       8669       8685       7828       7812
      8652       9311       9327       8685       8669
      8653      10245      10261       9327       9311
      8654      10864      10880      10261      10245
      8655      11721      11737      10880      10864
      8656      12361      12377      11737      11721
      8657      13288      13304      12377      12361
      8658      13907      13923      13304      13288
      8659      14764      14780      13923      13907
      8660      15406      15422      14780      14764
      8661      16340      16356      15422      15406
      8662      16959      16975      16356      16340
      8663      17816      17832      16975      16959
      8664      18456      18472      17832      17816
      8665      19383      19399      18472      18456
      8666      20002      20018      19399      19383
      8667      20859      20875      20018      20002
      8668      21501      21517      20875      20859
      8669      22435      22451      21517      21501
      8670      23054      23070      22451      22435
      8671      23911      23927      23070      23054
      8672      24551      24567      23927      23911
      8673       1114       1132        225        187
      8674       1733       1772       1132       1114
      8675       2590       2608       1772       1733
      8676       3232       3270       2608       2590
      8677       4166       4184       3270       3232
      8678       4785       4824       4184       4166
      8679       5642       5660       4824       4785
      8680       6282       6320       5660       5642
      8681       7209       7227       6320       6282
      8682       7828       7867       7227       7209
      8683       8685       8703       7867       7828
      8684       9327       9365       8703       8685
      8685      10261      10279       9365       9327
      8686      10880      10919      10279      10261
      8687      11737      11755      10919      10880
      8688      12377      12415      11755      11737
      8689      13304      13322      12415      12377
      8690      13923      13962      13322      13304
      8691      14780      14798      13962      13923
      8692      15422      15460      14798      14780
      8693      16356      16374      15460      15422
      8694      16975      17014      16374      16356
      8695      17832      17850      17014      16975
      8696      18472      18510      17850      17832
      8697      19399      19417      18510      18472
      8698      20018      20057      19417      19399
      8699      20875      20893      20057      20018
      8700      21517      21555      20893      20875
      8701      22451      22469      21555      21517
      8702      23070      23109      22469      22451
      8703      23927      23945      23109      23070
      8704      24567      24605      23945      23927
      8705       1132       1148        241        225
      8706       1772       1788       1148       1132
      8707       2608       2624       1788       1772
      8708       3270       3286       2624       2608
      8709       4184       4200       3286       3270
      8710       4824       4840       4200       4184
      8711       5660       5676       4840       4824
      8712       6320       6336       5676       5660
      8713       7227       7243       6336       6320
      8714       7867       7883       7243       7227
      8715       8703       8719       7883       7867
      8716       9365       9381       8719       8703
      8717      10279      10295       9381       9365
      8718      10919      10935      10295      10279
      8719      11755      11771      10935      10919
      8720      12415      12431      11771      11755
      8721      13322      13338      12431      12415
      8722      13962      13978      13338      13322
      8723      14798      14814      13978      13962
      8724      15460      15476      14814      14798
      8725      16374      16390      15476      15460
      8726      17014      17030      16390      16374
      8727      17850      17866      17030      17014
      8728      18510      18526      17866      17850
      8729      19417      19433      18526      18510
      8730      20057      20073      19433      19417
      8731      20893      20909      20073      20057
      8732      21555      21571      20909      20893
      8733      22469      22485      21571      21555
      8734      23109      23125      22485      22469
      8735      23945      23961      23125      23109
      8736      24605      24621      23961      23945
      8737       1148       1165        291        241
      8738       1788       1827       1165       1148
      8739       2624       2641       1827       1788
      8740       3286       3337       2641       2624
      8741       4200       4217       3337       3286
      8742       4840       4879       4217       4200
      8743       5676       5693       4879       4840
      8744       6336       6386       5693       5676
      8745       7243       7260       6386       6336
      8746       7883       7922       7260       7243
      8747       8719       8736       7922       7883
      8748       9381       9432       8736       8719
      8749      10295      10312       9432       9381
      8750      10935      10974      10312      10295
      8751      11771      11788      10974      10935
      8752      12431      12481      11788      11771
      8753      13338      13355      12481      12431
      8754      13978      14017      13355      13338
      8755      14814      14831      14017      13978
      8756      15476      15527      14831      14814
      8757      16390      16407      15527      15476
      8758      17030      17069      16407      16390
      8759      17866      17883      17069      17030
      8760      18526      18576      17883      17866
      8761      19433      19450      18576      18526
      8762      20073      20112      19450      19433
      8763      20909      20926      20112      20073
      8764      21571      21622      20926      20909
      8765      22485      22502      21622      21571
      8766      23125      23164      22502      22485
      8767      23961      23978      23164      23125
      8768      24621      24671      23978      23961
      8769       1165       1181        307        291
      8770       1827       1843       1181       1165
      8771       2641       2657       1843       1827
      8772       3337       3353       2657       2641
      8773       4217       4233       3353       3337
      8774       4879       4895       4233       4217
      8775       5693       5709       4895       4879
      8776       6386       6402       5709       5693
      8777       7260       7276       6402       6386
      8778       7922       7938       7276       7260
      8779       8736       8752       7938       7922
      8780       9432       9448       8752       8736
      8781      10312      10328       9448       9432
      8782      10974      10990      10328      10312
      8783      11788      11804      10990      10974
      8784      12481      12497      11804      11788
      8785      13355      13371      12497      12481
      8786      14017      14033      13371      13355
      8787      14831      14847      14033      14017
      8788      15527      15543      14847      14831
      8789      16407      16423      15543      15527
      8790      17069      17085      16423      16407
      8791      17883      17899      17085      17069
      8792      18576      18592      17899      17883
      8793      19450      19466      18592      18576
      8794      20112      20128      19466      19450
      8795      20926      20942      20128      20112
      8796      21622      21638      20942      20926
      8797      22502      22518      21638      21622
      8798      23164      23180      22518      22502
      8799      23978      23994      23180      23164
      8800      24671      24687      23994      23978
      8801       1181       1199        345        307
      8802       1843       1882       1199       1181
      8803       2657       2675       1882       1843
      8804       3353       3391       2675       2657
      8805       4233       4251       3391       3353
      8806       4895       4934       4251       4233
      8807       5709       5727       4934       4895
      8808       6402       6440       5727       5709
      8809       7276       7294       6440       6402
      8810       7938       7977       7294       7276
      8811       8752       8770       7977       7938
      8812       9448       9486       8770       8752
      8813      10328      10346       9486       9448
      8814      10990      11029      10346      10328
      8815      11804      11822      11029      10990
      8816      12497      12535      11822      11804
      8817      13371      13389      12535      12497
      8818      14033      14072      13389      13371
      8819      14847      14865      14072      14033
      8820      15543      15581      14865      14847
      8821      16423      16441      15581      15543
      8822      17085      17124      16441      16423
      8823      17899      17917      17124      17085
      8824      18592      18630      17917      17899
      8825      19466      19484      18630      18592
      8826      20128      20167      19484      19466
      8827      20942      20960      20167      20128
      8828      21638      21676      20960      20942
      8829      22518      22536      21676      21638
      8830      23180      23219      22536      22518
      8831      23994      24012      23219      23180
      8832      24687      24725      24012      23994
      8833       1199       1215        361        345
      8834       1882       1898       1215       1199
      8835       2675       2691       1898       1882
      8836       3391       3407       2691       2675
      8837       4251       4267       3407       3391
      8838       4934       4950       4267       4251
      8839       5727       5743       4950       4934
      8840       6440       6456       5743       5727
      8841       7294       7310       6456       6440
      8842       7977       7993       7310       7294
      8843       8770       8786       7993       7977
      8844       9486       9502       8786       8770
      8845      10346      10362       9502       9486
      8846      11029      11045      10362      10346
      8847      11822      11838      11045      11029
      8848      12535      12551      11838      11822
      8849      13389      13405      12551      12535
      8850      14072      14088      13405      13389
      8851      14865      14881      14088      14072
      8852      15581      15597      14881      14865
      8853      16441      16457      15597      15581
      8854      17124      17140      16457      16441
      8855      17917      17933      17140      17124
      8856      18630      18646      17933      17917
      8857      19484      19500      18646      18630
      8858      20167      20183      19500      19484
      8859      20960      20976      20183      20167
      8860      21676      21692      20976      20960
      8861      22536      22552      21692      21676
      8862      23219      23235      22552      22536
      8863      24012      24028      23235      23219
      8864      24725      24741      24028      24012
      8865       1215       1232        412        361
      8866       1898       1938       1232       1215
      8867       2691       2708       1938       1898
      8868       3407       3459       2708       2691
      8869       4267       4284       3459       3407
      8870       4950       4990       4284       4267
      8871       5743       5760       4990       4950
      8872       6456       6507       5760       5743
      8873       7310       7327       6507       6456
      8874       7993       8033       7327       7310
      8875       8786       8803       8033       7993
      8876       9502       9554       8803       8786
      8877      10362      10379       9554       9502
      8878      11045      11085      10379      10362
      8879      11838      11855      11085      11045
      8880      12551      12602      11855      11838
      8881      13405      13422      12602      12551
      8882      14088      14128      13422      13405
      8883      14881      14898      14128      14088
      8884      15597      15649      14898      14881
      8885      16457      16474      15649      15597
      8886      17140      17180      16474      16457
      8887      17933      17950      17180      17140
      8888      18646      18697      17950      17933
      8889      19500      19517      18697      18646
      8890      20183      20223      19517      19500
      8891      20976      20993      20223      20183
      8892      21692      21744      20993      20976
      8893      22552      22569      21744      21692
      8894      23235      23275      22569      22552
      8895      24028      24045      23275      23235
      8896      24741      24792      24045      24028
      8897       1232       1248        428        412
      8898       1938       1954       1248       1232
      8899       2708       2724       1954       1938
      8900       3459       3475       2724       2708
      8901       4284       4300       3475       3459
      8902       4990       5006       4300       4284
      8903       5760       5776       5006       4990
      8904       6507       6523       5776       5760
      8905       7327       7343       6523       6507
      8906       8033       8049       7343       7327
      8907       8803       8819       8049       8033
      8908       9554       9570       8819       8803
      8909      10379      10395       9570       9554
      8910      11085      11101      10395      10379
      8911      11855      11871      11101      11085
      8912      12602      12618      11871      11855
      8913      13422      13438      12618      12602
      8914      14128      14144      13438      13422
      8915      14898      14914      14144      14128
      8916      15649      15665      14914      14898
      8917      16474      16490      15665      15649
      8918      17180      17196      16490      16474
      8919      17950      17966      17196      17180
      8920      18697      18713      17966      17950
      8921      19517      19533      18713      18697
      8922      20223      20239      19533      19517
      8923      20993      21009      20239      20223
      8924      21744      21760      21009      20993
      8925      22569      22585      21760      21744
      8926      23275      23291      22585      22569
      8927      24045      24061      23291      23275
      8928      24792      24808      24061      24045
      8929       1248       1266        466        428
      8930       1954       1993       1266       1248
      8931       2724       2742       1993       1954
      8932       3475       3513       2742       2724
      8933       4300       4318       3513       3475
      8934       5006       5045       4318       4300
      8935       5776       5794       5045       5006
      8936       6523       6561       5794       5776
      8937       7343       7361       6561       6523
      8938       8049       8088       7361       7343
      8939       8819       8837       8088       8049
      8940       9570       9608       8837       8819
      8941      10395      10413       9608       9570
      8942      11101      11140      10413      10395
      8943      11871      11889      11140      11101
      8944      12618      12656      11889      11871
      8945      13438      13456      12656      12618
      8946      14144      14183      13456      13438
      8947      14914      14932      14183      14144
      8948      15665      15703      14932      14914
      8949      16490      16508      15703      15665
      8950      17196      17235      16508      16490
      8951      17966      17984      17235      17196
      8952      18713      18751      17984      17966
      8953      19533      19551      18751      18713
      8954      20239      20278      19551      19533
      8955      21009      21027      20278      20239
      8956      21760      21798      21027      21009
      8957      22585      22603      21798      21760
      8958      23291      23330      22603      22585
      8959      24061      24079      23330      23291
      8960      24808      24846      24079      24061
      8961       1266       1282        482        466
      8962       1993       2009       1282       1266
      8963       2742       2758       2009       1993
      8964       3513       3529       2758       2742
      8965       4318       4334       3529       3513
      8966       5045       5061       4334       4318
      8967       5794       5810       5061       5045
      8968       6561       6577       5810       5794
      8969       7361       7377       6577       6561
      8970       8088       8104       7377       7361
      8971       8837       8853       8104       8088
      8972       9608       9624       8853       8837
      8973      10413      10429       9624       9608
      8974      11140      11156      10429      10413
      8975      11889      11905      11156      11140
      8976      12656      12672      11905      11889
      8977      13456      13472      12672      12656
      8978      14183      14199      13472      13456
      8979      14932      14948      14199      14183
      8980      15703      15719      14948      14932
      8981      16508      16524      15719      15703
      8982      17235      17251      16524      16508
      8983      17984      18000      17251      17235
      8984      18751      18767      18000      17984
      8985      19551      19567      18767      18751
      8986      20278      20294      19567      19551
      8987      21027      21043      20294      20278
      8988      21798      21814      21043      21027
      8989      22603      22619      21814      21798
      8990      23330      23346      22619      22603
      8991      24079      24095      23346      23330
      8992      24846      24862      24095      24079
      8993       1282       1299        532        482
      8994       2009       2048       1299       1282
      8995       2758       2775       2048       2009
      8996       3529       3580       2775       2758
      8997       4334       4351       3580       3529
      8998       5061       5100       4351       4334
      8999       5810       5827       5100       5061
      9000       6577       6627       5827       5810
      9001       7377       7394       6627       6577
      9002       8104       8143       7394       7377
      9003       8853       8870       8143       8104
      9004       9624       9675       8870       8853
      9005      10429      10446       9675       9624
      9006      11156      11195      10446      10429
      9007      11905      11922      11195      11156
      9008      12672      12722      11922      11905
      9009      13472      13489      12722      12672
      9010      14199      14238      13489      13472
      9011      14948      14965      14238      14199
      9012      15719      15770      14965      14948
      9013      16524      16541      15770      15719
      9014      17251      17290      16541      16524
      9015      18000      18017      17290      17251
      9016      18767      18817      18017      18000
      9017      19567      19584      18817      18767
      9018      20294      20333      19584      19567
      9019      21043      21060      20333      20294
      9020      21814      21865      21060      21043
      9021      22619      22636      21865      21814
      9022      23346      23385      22636      22619
      9023      24095      24112      23385      23346
      9024      24862      24912      24112      24095
      9025       1299       1315        548        532
      9026       2048       2064       1315       1299
      9027       2775       2791       2064       2048
      9028       3580       3596       2791       2775
      9029       4351       4367       3596       3580
      9030       5100       5116       4367       4351
      9031       5827       5843       5116       5100
      9032       6627       6643       5843       5827
      9033       7394       7410       6643       6627
      9034       8143       8159       7410       7394
      9035       8870       8886       8159       8143
      9036       9675       9691       8886       8870
      9037      10446      10462       9691       9675
      9038      11195      11211      10462      10446
      9039      11922      11938      11211      11195
      9040      12722      12738      11938      11922
      9041      13489      13505      12738      12722
      9042      14238      14254      13505      13489
      9043      14965      14981      14254      14238
      9044      15770      15786      14981      14965
      9045      16541      16557      15786      15770
      9046      17290      17306      16557      16541
      9047      18017      18033      17306      17290
      9048      18817      18833      18033      18017
      9049      19584      19600      18833      18817
      9050      20333      20349      19600      19584
      9051      21060      21076      20349      20333
      9052      21865      21881      21076      21060
      9053      22636      22652      21881      21865
      9054      23385      23401      22652      22636
      9055      24112      24128      23401      23385
      9056      24912      24928      24128      24112
      9057       1315       1333        586        548
      9058       2064       2103       1333       1315
      9059       2791       2809       2103       2064
      9060       3596       3634       2809       2791
      9061       4367       4385       3634       3596
      9062       5116       5155       4385       4367
      9063       5843       5861       5155       5116
      9064       6643       6681       5861       5843
      9065       7410       7428       6681       6643
      9066       8159       8198       7428       7410
      9067       8886       8904       8198       8159
      9068       9691       9729       8904       8886
      9069      10462      10480       9729       9691
      9070      11211      11250      10480      10462
      9071      11938      11956      11250      11211
      9072      12738      12776      11956      11938
      9073      13505      13523      12776      12738
      9074      14254      14293      13523      13505
      9075      14981      14999      14293      14254
      9076      15786      15824      14999      14981
      9077      16557      16575      15824      15786
      9078      17306      17345      16575      16557
      9079      18033      18051      17345      17306
      9080      18833      18871      18051      18033
      9081      19600      19618      18871      18833
      9082      20349      20388      19618      19600
      9083      21076      21094      20388      20349
      9084      21881      21919      21094      21076
      9085      22652      22670      21919      21881
      9086      23401      23440      22670      22652
      9087      24128      24146      23440      23401
      9088      24928      24966      24146      24128
      9089       1333       1349        602        586
      9090       2103       2119       1349       1333
      9091       2809       2825       2119       2103
      9092       3634       3650       2825       2809
      9093       4385       4401       3650       3634
      9094       5155       5171       4401       4385
      9095       5861       5877       5171       5155
      9096       6681       6697       5877       5861
      9097       7428       7444       6697       6681
      9098       8198       8214       7444       7428
      9099       8904       8920       8214       8198
      9100       9729       9745       8920       8904
      9101      10480      10496       9745       9729
      9102      11250      11266      10496      10480
      9103      11956      11972      11266      11250
      9104      12776      12792      11972      11956
      9105      13523      13539      12792      12776
      9106      14293      14309      13539      13523
      9107      14999      15015      14309      14293
      9108      15824      15840      15015      14999
      9109      16575      16591      15840      15824
      9110      17345      17361      16591      16575
      9111      18051      18067      17361      17345
      9112      18871      18887      18067      18051
      9113      19618      19634      18887      18871
      9114      20388      20404      19634      19618
      9115      21094      21110      20404      20388
      9116      21919      21935      21110      21094
      9117      22670      22686      21935      21919
      9118      23440      23456      22686      22670
      9119      24146      24162      23456      23440
      9120      24966      24982      24162      24146
      9121       1349       1366        653        602
      9122       2119       2159       1366       1349
      9123       2825       2842       2159       2119
      9124       3650       3702       2842       2825
      9125       4401       4418       3702       3650
      9126       5171       5211       4418       4401
      9127       5877       5894       5211       5171
      9128       6697       6748       5894       5877
      9129       7444       7461       6748       6697
      9130       8214       8254       7461       7444
      9131       8920       8937       8254       8214
      9132       9745       9797       8937       8920
      9133      10496      10513       9797       9745
      9134      11266      11306      10513      10496
      9135      11972      11989      11306      11266
      9136      12792      12843      11989      11972
      9137      13539      13556      12843      12792
      9138      14309      14349      13556      13539
      9139      15015      15032      14349      14309
      9140      15840      15892      15032      15015
      9141      16591      16608      15892      15840
      9142      17361      17401      16608      16591
      9143      18067      18084      17401      17361
      9144      18887      18938      18084      18067
      9145      19634      19651      18938      18887
      9146      20404      20444      19651      19634
      9147      21110      21127      20444      20404
      9148      21935      21987      21127      21110
      9149      22686      22703      21987      21935
      9150      23456      23496      22703      22686
      9151      24162      24179      23496      23456
      9152      24982      25033      24179      24162
      9153       1366       1382        669        653
      9154       2159       2175       1382       1366
      9155       2842       2858       2175       2159
      9156       3702       3718       2858       2842
      9157       4418       4434       3718       3702
      9158       5211       5227       4434       4418
      9159       5894       5910       5227       5211
      9160       6748       6764       5910       5894
      9161       7461       7477       6764       6748
      9162       8254       8270       7477       7461
      9163       8937       8953       8270       8254
      9164       9797       9813       8953       8937
      9165      10513      10529       9813       9797
      9166      11306      11322      10529      10513
      9167      11989      12005      11322      11306
      9168      12843      12859      12005      11989
      9169      13556      13572      12859      12843
      9170      14349      14365      13572      13556
      9171      15032      15048      14365      14349
      9172      15892      15908      15048      15032
      9173      16608      16624      15908      15892
      9174      17401      17417      16624      16608
      9175      18084      18100      17417      17401
      9176      18938      18954      18100      18084
      9177      19651      19667      18954      18938
      9178      20444      20460      19667      19651
      9179      21127      21143      20460      20444
      9180      21987      22003      21143      21127
      9181      22703      22719      22003      21987
      9182      23496      23512      22719      22703
      9183      24179      24195      23512      23496
      9184      25033      25049      24195      24179
      9185       1382       1400        707        669
      9186       2175       2214       1400       1382
      9187       2858       2876       2214       2175
      9188       3718       3756       2876       2858
      9189       4434       4452       3756       3718
      9190       5227       5266       4452       4434
      9191       5910       5928       5266       5227
      9192       6764       6802       5928       5910
      9193       7477       7495       6802       6764
      9194       8270       8309       7495       7477
      9195       8953       8971       8309       8270
      9196       9813       9851       8971       8953
      9197      10529      10547       9851       9813
      9198      11322      11361      10547      10529
      9199      12005      12023      11361      11322
      9200      12859      12897      12023      12005
      9201      13572      13590      12897      12859
      9202      14365      14404      13590      13572
      9203      15048      15066      14404      14365
      9204      15908      15946      15066      15048
      9205      16624      16642      15946      15908
      9206      17417      17456      16642      16624
      9207      18100      18118      17456      17417
      9208      18954      18992      18118      18100
      9209      19667      19685      18992      18954
      9210      20460      20499      19685      19667
      9211      21143      21161      20499      20460
      9212      22003      22041      21161      21143
      9213      22719      22737      22041      22003
      9214      23512      23551      22737      22719
      9215      24195      24213      23551      23512
      9216      25049      25087      24213      24195
      9217       1400       1416        723        707
      9218       2214       2230       1416       1400
      9219       2876       2892       2230       2214
      9220       3756       3772       2892       2876
      9221       4452       4468       3772       3756
      9222       5266       5282       4468       4452
      9223       5928       5944       5282       5266
      9224       6802       6818       5944       5928
      9225       7495       7511       6818       6802
      9226       8309       8325       7511       7495
      9227       8971       8987       8325       8309
      9228       9851       9867       8987       8971
      9229      10547      10563       9867       9851
      9230      11361      11377      10563      10547
      9231      12023      12039      11377      11361
      9232      12897      12913      12039      12023
      9233      13590      13606      12913      12897
      9234      14404      14420      13606      13590
      9235      15066      15082      14420      14404
      9236      15946      15962      15082      15066
      9237      16642      16658      15962      15946
      9238      17456      17472      16658      16642
      9239      18118      18134      17472      17456
      9240      18992      19008      18134      18118
      9241      19685      19701      19008      18992
      9242      20499      20515      19701      19685
      9243      21161      21177      20515      20499
      9244      22041      22057      21177      21161
      9245      22737      22753      22057      22041
      9246      23551      23567      22753      22737
      9247      24213      24229      23567      23551
      9248      25087      25103      24229      24213
      9249       1416       1433        773        723
      9250       2230       2269       1433       1416
      9251       2892       2909       2269       2230
      9252       3772       3823       2909       2892
      9253       4468       4485       3823       3772
      9254       5282       5321       4485       4468
      9255       5944       5961       5321       5282
      9256       6818       6868       5961       5944
      9257       7511       7528       6868       6818
      9258       8325       8364       7528       7511
      9259       8987       9004       8364       8325
      9260       9867       9918       9004       8987
      9261      10563      10580       9918       9867
      9262      11377      11416      10580      10563
      9263      12039      12056      11416      11377
      9264      12913      12963      12056      12039
      9265      13606      13623      12963      12913
      9266      14420      14459      13623      13606
      9267      15082      15099      14459      14420
      9268      15962      16013      15099      15082
      9269      16658      16675      16013      15962
      9270      17472      17511      16675      16658
      9271      18134      18151      17511      17472
      9272      19008      19058      18151      18134
      9273      19701      19718      19058      19008
      9274      20515      20554      19718      19701
      9275      21177      21194      20554      20515
      9276      22057      22108      21194      21177
      9277      22753      22770      22108      22057
      9278      23567      23606      22770      22753
      9279      24229      24246      23606      23567
      9280      25103      25153      24246      24229
      9281       1433       1449        789        773
      9282       2269       2285       1449       1433
      9283       2909       2925       2285       2269
      9284       3823       3839       2925       2909
      9285       4485       4501       3839       3823
      9286       5321       5337       4501       4485
      9287       5961       5977       5337       5321
      9288       6868       6884       5977       5961
      9289       7528       7544       6884       6868
      9290       8364       8380       7544       7528
      9291       9004       9020       8380       8364
      9292       9918       9934       9020       9004
      9293      10580      10596       9934       9918
      9294      11416      11432      10596      10580
      9295      12056      12072      11432      11416
      9296      12963      12979      12072      12056
      9297      13623      13639      12979      12963
      9298      14459      14475      13639      13623
      9299      15099      15115      14475      14459
      9300      16013      16029      15115      15099
      9301      16675      16691      16029      16013
      9302      17511      17527      16691      16675
      9303      18151      18167      17527      17511
      9304      19058      19074      18167      18151
      9305      19718      19734      19074      19058
      9306      20554      20570      19734      19718
      9307      21194      21210      20570      20554
      9308      22108      22124      21210      21194
      9309      22770      22786      22124      22108
      9310      23606      23622      22786      22770
      9311      24246      24262      23622      23606
      9312      25153      25169      24262      24246
      9313       1449       1467        827        789
      9314       2285       2324       1467       1449
      9315       2925       2943       2324       2285
      9316       3839       3877       2943       2925
      9317       4501       4519       3877       3839
      9318       5337       5376       4519       4501
      9319       5977       5995       5376       5337
      9320       6884       6922       5995       5977
      9321       7544       7562       6922       6884
      9322       8380       8419       7562       7544
      9323       9020       9038       8419       8380
      9324       9934       9972       9038       9020
      9325      10596      10614       9972       9934
      9326      11432      11471      10614      10596
      9327      12072      12090      11471      11432
      9328      12979      13017      12090      12072
      9329      13639      13657      13017      12979
      9330      14475      14514      13657      13639
      9331      15115      15133      14514      14475
      9332      16029      16067      15133      15115
      9333      16691      16709      16067      16029
      9334      17527      17566      16709      16691
      9335      18167      18185      17566      17527
      9336      19074      19112      18185      18167
      9337      19734      19752      19112      19074
      9338      20570      20609      19752      19734
      9339      21210      21228      20609      20570
      9340      22124      22162      21228      21210
      9341      22786      22804      22162      22124
      9342      23622      23661      22804      22786
      9343      24262      24280      23661      23622
      9344      25169      25207      24280      24262
      9345       1467       1483        843        827
      9346       2324       2340       1483       1467
      9347       2943       2959       2340       2324
      9348       3877       3893       2959       2943
      9349       4519       4535       3893       3877
      9350       5376       5392       4535       4519
      9351       5995       6011       5392       5376
      9352       6922       6938       6011       5995
      9353       7562       7578       6938       6922
      9354       8419       8435       7578       7562
      9355       9038       9054       8435       8419
      9356       9972       9988       9054       9038
      9357      10614      10630       9988       9972
      9358      11471      11487      10630      10614
      9359      12090      12106      11487      11471
      9360      13017      13033      12106      12090
      9361      13657      13673      13033      13017
      9362      14514      14530      13673      13657
      9363      15133      15149      14530      14514
      9364      16067      16083      15149      15133
      9365      16709      16725      16083      16067
      9366      17566      17582      16725      16709
      9367      18185      18201      17582      17566
      9368      19112      19128      18201      18185
      9369      19752      19768      19128      19112
      9370      20609      20625      19768      19752
      9371      21228      21244      20625      20609
      9372      22162      22178      21244      21228
      9373      22804      22820      22178      22162
      9374      23661      23677      22820      22804
      9375      24280      24296      23677      23661
      9376      25207      25223      24296      24280
      9377       1483       1500        894        843
      9378       2340       2380       1500       1483
      9379       2959       2976       2380       2340
      9380       3893       3945       2976       2959
      9381       4535       4552       3945       3893
      9382       5392       5432       4552       4535
      9383       6011       6028       5432       5392
      9384       6938       6989       6028       6011
      9385       7578       7595       6989       6938
      9386       8435       8475       7595       7578
      9387       9054       9071       8475       8435
      9388       9988      10040       9071       9054
      9389      10630      10647      10040       9988
      9390      11487      11527      10647      10630
      9391      12106      12123      11527      11487
      9392      13033      13084      12123      12106
      9393      13673      13690      13084      13033
      9394      14530      14570      13690      13673
      9395      15149      15166      14570      14530
      9396      16083      16135      15166      15149
      9397      16725      16742      16135      16083
      9398      17582      17622      16742      16725
      9399      18201      18218      17622      17582
      9400      19128      19179      18218      18201
      9401      19768      19785      19179      19128
      9402      20625      20665      19785      19768
      9403      21244      21261      20665      20625
      9404      22178      22230      21261      21244
      9405      22820      22837      22230      22178
      9406      23677      23717      22837      22820
      9407      24296      24313      23717      23677
      9408      25223      25274      24313      24296
      9409       1500       1516        910        894
      9410       2380       2396       1516       1500
      9411       2976       2992       2396       2380
      9412       3945       3961       2992       2976
      9413       4552       4568       3961       3945
      9414       5432       5448       4568       4552
      9415       6028       6044       5448       5432
      9416       6989       7005       6044       6028
      9417       7595       7611       7005       6989
      9418       8475       8491       7611       7595
      9419       9071       9087       8491       8475
      9420      10040      10056       9087       9071
      9421      10647      10663      10056      10040
      9422      11527      11543      10663      10647
      9423      12123      12139      11543      11527
      9424      13084      13100      12139      12123
      9425      13690      13706      13100      13084
      9426      14570      14586      13706      13690
      9427      15166      15182      14586      14570
      9428      16135      16151      15182      15166
      9429      16742      16758      16151      16135
      9430      17622      17638      16758      16742
      9431      18218      18234      17638      17622
      9432      19179      19195      18234      18218
      9433      19785      19801      19195      19179
      9434      20665      20681      19801      19785
      9435      21261      21277      20681      20665
      9436      22230      22246      21277      21261
      9437      22837      22853      22246      22230
      9438      23717      23733      22853      22837
      9439      24313      24329      23733      23717
      9440      25274      25290      24329      24313
      9441       1516       1534        948        910
      9442       2396       2435       1534       1516
      9443       2992       3010       2435       2396
      9444       3961       3999       3010       2992
      9445       4568       4586       3999       3961
      9446       5448       5487       4586       4568
      9447       6044       6062       5487       5448
      9448       7005       7043       6062       6044
      9449       7611       7629       7043       7005
      9450       8491       8530       7629       7611
      9451       9087       9105       8530       8491
      9452      10056      10094       9105       9087
      9453      10663      10681      10094      10056
      9454      11543      11582      10681      10663
      9455      12139      12157      11582      11543
      9456      13100      13138      12157      12139
      9457      13706      13724      13138      13100
      9458      14586      14625      13724      13706
      9459      15182      15200      14625      14586
      9460      16151      16189      15200      15182
      9461      16758      16776      16189      16151
      9462      17638      17677      16776      16758
      9463      18234      18252      17677      17638
      9464      19195      19233      18252      18234
      9465      19801      19819      19233      19195
      9466      20681      20720      19819      19801
      9467      21277      21295      20720      20681
      9468      22246      22284      21295      21277
      9469      22853      22871      22284      22246
      9470      23733      23772      22871      22853
      9471      24329      24347      23772      23733
      9472      25290      25328      24347      24329
      9473       1534       1550        964        948
      9474       2435       2451       1550       1534
      9475       3010       3026       2451       2435
      9476       3999       4015       3026       3010
      9477       4586       4602       4015       3999
      9478       5487       5503       4602       4586
      9479       6062       6078       5503       5487
      9480       7043       7059       6078       6062
      9481       7629       7645       7059       7043
      9482       8530       8546       7645       7629
      9483       9105       9121       8546       8530
      9484      10094      10110       9121       9105
      9485      10681      10697      10110      10094
      9486      11582      11598      10697      10681
      9487      12157      12173      11598      11582
      9488      13138      13154      12173      12157
      9489      13724      13740      13154      13138
      9490      14625      14641      13740      13724
      9491      15200      15216      14641      14625
      9492      16189      16205      15216      15200
      9493      16776      16792      16205      16189
      9494      17677      17693      16792      16776
      9495      18252      18268      17693      17677
      9496      19233      19249      18268      18252
      9497      19819      19835      19249      19233
      9498      20720      20736      19835      19819
      9499      21295      21311      20736      20720
      9500      22284      22300      21311      21295
      9501      22871      22887      22300      22284
      9502      23772      23788      22887      22871
      9503      24347      24363      23788      23772
      9504      25328      25344      24363      24347
      9505       1550       1567       1014        964
      9506       2451       2490       1567       1550
      9507       3026       3043       2490       2451
      9508       4015       4066       3043       3026
      9509       4602       4619       4066       4015
      9510       5503       5542       4619       4602
      9511       6078       6095       5542       5503
      9512       7059       7109       6095       6078
      9513       7645       7662       7109       7059
      9514       8546       8585       7662       7645
      9515       9121       9138       8585       8546
      9516      10110      10161       9138       9121
      9517      10697      10714      10161      10110
      9518      11598      11637      10714      10697
      9519      12173      12190      11637      11598
      9520      13154      13204      12190      12173
      9521      13740      13757      13204      13154
      9522      14641      14680      13757      13740
      9523      15216      15233      14680      14641
      9524      16205      16256      15233      15216
      9525      16792      16809      16256      16205
      9526      17693      17732      16809      16792
      9527      18268      18285      17732      17693
      9528      19249      19299      18285      18268
      9529      19835      19852      19299      19249
      9530      20736      20775      19852      19835
      9531      21311      21328      20775      20736
      9532      22300      22351      21328      21311
      9533      22887      22904      22351      22300
      9534      23788      23827      22904      22887
      9535      24363      24380      23827      23788
      9536      25344      25394      24380      24363
