12
2.946777723294438e-65   4.026489500127050e-65     12
-5.434038748449379e-59  -7.435011854866130e-59    11
4.356242894029383e-53   5.968202350993352e-53    10
-1.993533457487435e-47  -2.734378818271312e-47     9
5.748725111922005e-42    7.890893423075973e-42      8
-1.087255584710415e-36  -1.492130632963940e-36     7
1.358537954335864e-31   1.860618893581218e-31      6
-1.097792898961101e-26  -1.494682971698622e-26     5
5.395625089541141e-22   7.239356008308526e-22     4
 -1.391862070268262e-17 -1.792156833397704e-17     3
1.191229321378009e-13   1.240056698151621e-13      2
-2.038761713260845e-10  2.095893447997195e-11     1
1.724793970981217e-04    2.975715709982426e-04     0
