  -5.00000000000000
 -0.500000000000000
  1.000000000000000E-002
  1.000000000000000E-002
  1.000000000000000E-002
  -1.24099025303098
 -0.675650248872424
  5.444444444444444E-002
  5.444444444444444E-002
  5.444444444444444E-002
  0.375000000000000
  0.266666666666667
  7.111111111111111E-002
  7.111111111111111E-002
  7.111111111111111E-002
 -0.259009746969017
 -0.141016417794243
  5.444444444444444E-002
  5.444444444444444E-002
  5.444444444444444E-002
  0.500000000000000
  5.000000000000000E-002
  1.000000000000000E-002
  1.000000000000000E-002
  1.000000000000000E-002
   6.75650248872424
  0.675650248872424
  5.444444444444444E-002
  5.444444444444444E-002
  5.444444444444444E-002
   0.00000000000000
   0.00000000000000
  0.296419753086420
  0.296419753086420
  0.296419753086420
  -1.33658457769545
 -0.950460144138989
  0.387160493827160
  0.387160493827160
  0.387160493827160
  0.763762615825973
  0.415826313060808
  0.296419753086420
  0.296419753086420
  0.296419753086420
  -1.41016417794243
 -0.141016417794243
  5.444444444444444E-002
  5.444444444444444E-002
  5.444444444444444E-002
  -2.66666666666667
 -0.266666666666667
  7.111111111111111E-002
  7.111111111111111E-002
  7.111111111111111E-002
   1.74574312188794
  0.950460144138989
  0.387160493827160
  0.387160493827160
  0.387160493827160
   0.00000000000000
   0.00000000000000
  0.505679012345679
  0.505679012345679
  0.505679012345679
  -1.74574312188794
 -0.950460144138989
  0.387160493827160
  0.387160493827160
  0.387160493827160
   2.66666666666667
  0.266666666666667
  7.111111111111111E-002
  7.111111111111111E-002
  7.111111111111111E-002
   1.41016417794243
  0.141016417794243
  5.444444444444444E-002
  5.444444444444444E-002
  5.444444444444444E-002
 -0.763762615825973
 -0.415826313060808
  0.296419753086420
  0.296419753086420
  0.296419753086420
   1.33658457769545
  0.950460144138989
  0.387160493827160
  0.387160493827160
  0.387160493827160
   0.00000000000000
   0.00000000000000
  0.296419753086420
  0.296419753086420
  0.296419753086420
  -6.75650248872424
 -0.675650248872424
  5.444444444444444E-002
  5.444444444444444E-002
  5.444444444444444E-002
 -0.500000000000000
 -5.000000000000000E-002
  1.000000000000000E-002
  1.000000000000000E-002
  1.000000000000000E-002
  0.259009746969017
  0.141016417794243
  5.444444444444444E-002
  5.444444444444444E-002
  5.444444444444444E-002
 -0.375000000000000
 -0.266666666666667
  7.111111111111111E-002
  7.111111111111111E-002
  7.111111111111111E-002
   1.24099025303098
  0.675650248872424
  5.444444444444444E-002
  5.444444444444444E-002
  5.444444444444444E-002
   5.00000000000000
  0.500000000000000
  1.000000000000000E-002
  1.000000000000000E-002
  1.000000000000000E-002
