       900
1 47 136 4417 4416
2 4416 4417 4461 4415
3 4415 4461 2434 2390
4 136 135 4418 4417
5 4417 4418 4462 4461
6 4461 4462 2433 2434
7 135 134 4419 4418
8 4418 4419 4463 4462
9 4462 4463 2432 2433
10 134 133 4420 4419
11 4419 4420 4464 4463
12 4463 4464 2431 2432
13 133 132 4421 4420
14 4420 4421 4465 4464
15 4464 4465 2430 2431
16 132 131 4422 4421
17 4421 4422 4466 4465
18 4465 4466 2429 2430
19 131 130 4423 4422
20 4422 4423 4467 4466
21 4466 4467 2428 2429
22 130 129 4424 4423
23 4423 4424 4468 4467
24 4467 4468 2427 2428
25 129 128 4425 4424
26 4424 4425 4469 4468
27 4468 4469 2426 2427
28 128 127 4426 4425
29 4425 4426 4470 4469
30 4469 4470 2425 2426
31 127 126 4427 4426
32 4426 4427 4471 4470
33 4470 4471 2424 2425
34 126 125 4428 4427
35 4427 4428 4472 4471
36 4471 4472 2423 2424
37 125 124 4429 4428
38 4428 4429 4473 4472
39 4472 4473 2422 2423
40 124 123 4430 4429
41 4429 4430 4474 4473
42 4473 4474 2421 2422
43 123 122 4431 4430
44 4430 4431 4475 4474
45 4474 4475 2420 2421
46 122 121 4432 4431
47 4431 4432 4476 4475
48 4475 4476 2419 2420
49 121 120 4433 4432
50 4432 4433 4477 4476
51 4476 4477 2418 2419
52 120 119 4434 4433
53 4433 4434 4478 4477
54 4477 4478 2417 2418
55 119 118 4435 4434
56 4434 4435 4479 4478
57 4478 4479 2416 2417
58 118 117 4436 4435
59 4435 4436 4480 4479
60 4479 4480 2415 2416
61 117 116 4437 4436
62 4436 4437 4481 4480
63 4480 4481 2414 2415
64 116 115 4438 4437
65 4437 4438 4482 4481
66 4481 4482 2413 2414
67 115 114 4439 4438
68 4438 4439 4483 4482
69 4482 4483 2412 2413
70 114 113 4440 4439
71 4439 4440 4484 4483
72 4483 4484 2411 2412
73 113 112 4441 4440
74 4440 4441 4485 4484
75 4484 4485 2410 2411
76 112 111 4442 4441
77 4441 4442 4486 4485
78 4485 4486 2409 2410
79 111 110 4443 4442
80 4442 4443 4487 4486
81 4486 4487 2408 2409
82 110 109 4444 4443
83 4443 4444 4488 4487
84 4487 4488 2407 2408
85 109 108 4445 4444
86 4444 4445 4489 4488
87 4488 4489 2406 2407
88 108 107 4446 4445
89 4445 4446 4490 4489
90 4489 4490 2405 2406
91 107 106 4447 4446
92 4446 4447 4491 4490
93 4490 4491 2404 2405
94 106 105 4448 4447
95 4447 4448 4492 4491
96 4491 4492 2403 2404
97 105 104 4449 4448
98 4448 4449 4493 4492
99 4492 4493 2402 2403
100 104 103 4450 4449
101 4449 4450 4494 4493
102 4493 4494 2401 2402
103 103 102 4451 4450
104 4450 4451 4495 4494
105 4494 4495 2400 2401
106 102 101 4452 4451
107 4451 4452 4496 4495
108 4495 4496 2399 2400
109 101 100 4453 4452
110 4452 4453 4497 4496
111 4496 4497 2398 2399
112 100 99 4454 4453
113 4453 4454 4498 4497
114 4497 4498 2397 2398
115 99 98 4455 4454
116 4454 4455 4499 4498
117 4498 4499 2396 2397
118 98 97 4456 4455
119 4455 4456 4500 4499
120 4499 4500 2395 2396
121 97 96 4457 4456
122 4456 4457 4501 4500
123 4500 4501 2394 2395
124 96 95 4458 4457
125 4457 4458 4502 4501
126 4501 4502 2393 2394
127 95 94 4459 4458
128 4458 4459 4503 4502
129 4502 4503 2392 2393
130 94 93 4460 4459
131 4459 4460 4504 4503
132 4503 4504 2391 2392
133 93 92 2166 4460
134 4460 2166 2165 4504
135 4504 2165 2120 2391
6076 2391 2120 8511 8555
6077 2392 2391 8555 8554
6078 2393 2392 8554 8553
6079 2394 2393 8553 8552
6080 2395 2394 8552 8551
6081 2396 2395 8551 8550
6082 2397 2396 8550 8549
6083 2398 2397 8549 8548
6084 2399 2398 8548 8547
6085 2400 2399 8547 8546
6086 2401 2400 8546 8545
6087 2402 2401 8545 8544
6088 2403 2402 8544 8543
6089 2404 2403 8543 8542
6090 2405 2404 8542 8541
6091 2406 2405 8541 8540
6092 2407 2406 8540 8539
6093 2408 2407 8539 8538
6094 2409 2408 8538 8537
6095 2410 2409 8537 8536
6096 2411 2410 8536 8535
6097 2412 2411 8535 8534
6098 2413 2412 8534 8533
6099 2414 2413 8533 8532
6100 2415 2414 8532 8531
6101 2416 2415 8531 8530
6102 2417 2416 8530 8529
6103 2418 2417 8529 8528
6104 2419 2418 8528 8527
6105 2420 2419 8527 8526
6106 2421 2420 8526 8525
6107 2422 2421 8525 8524
6108 2423 2422 8524 8523
6109 2424 2423 8523 8522
6110 2425 2424 8522 8521
6111 2426 2425 8521 8520
6112 2427 2426 8520 8519
6113 2428 2427 8519 8518
6114 2429 2428 8518 8517
6115 2430 2429 8517 8516
6116 2431 2430 8516 8515
6117 2432 2431 8515 8514
6118 2433 2432 8514 8513
6119 2434 2433 8513 8512
6120 2390 2434 8512 8465
8145 11316 10596 10581 10641
8190 11315 11316 10641 10640
8235 11314 11315 10640 10639
8280 11313 11314 10639 10638
8325 11312 11313 10638 10637
8370 11311 11312 10637 10636
8415 11310 11311 10636 10635
8460 11309 11310 10635 10634
8505 11308 11309 10634 10633
8550 11307 11308 10633 10632
8595 11306 11307 10632 10631
8640 11305 11306 10631 10630
8685 11304 11305 10630 10629
8730 11303 11304 10629 10628
8775 11302 11303 10628 10627
8820 11301 11302 10627 10626
8865 11300 11301 10626 10625
8910 11299 11300 10625 10624
8955 11298 11299 10624 10623
9000 11297 11298 10623 10622
9045 11296 11297 10622 10621
9090 11295 11296 10621 10620
9135 11294 11295 10620 10619
9180 11293 11294 10619 10618
9225 11292 11293 10618 10617
9270 11291 11292 10617 10616
9315 11290 11291 10616 10615
9360 11289 11290 10615 10614
9405 11288 11289 10614 10613
9450 11287 11288 10613 10612
9495 11286 11287 10612 10611
9540 11285 11286 10611 10610
9585 11284 11285 10610 10609
9630 11283 11284 10609 10608
9675 11282 11283 10608 10607
9720 11281 11282 10607 10606
9765 11280 11281 10606 10605
9810 11279 11280 10605 10604
9855 11278 11279 10604 10603
9900 11277 11278 10603 10602
9945 11276 11277 10602 10601
9990 11275 11276 10601 10600
10035 11274 11275 10600 10599
10080 11273 11274 10599 10598
10125 10656 11273 10598 10597
10170 11272 10595 10596 11316
10215 11271 11272 11316 11315
10260 11270 11271 11315 11314
10305 11269 11270 11314 11313
10350 11268 11269 11313 11312
10395 11267 11268 11312 11311
10440 11266 11267 11311 11310
10485 11265 11266 11310 11309
10530 11264 11265 11309 11308
10575 11263 11264 11308 11307
10620 11262 11263 11307 11306
10665 11261 11262 11306 11305
10710 11260 11261 11305 11304
10755 11259 11260 11304 11303
10800 11258 11259 11303 11302
10845 11257 11258 11302 11301
10890 11256 11257 11301 11300
10935 11255 11256 11300 11299
10980 11254 11255 11299 11298
11025 11253 11254 11298 11297
11070 11252 11253 11297 11296
11115 11251 11252 11296 11295
11160 11250 11251 11295 11294
11205 11249 11250 11294 11293
11250 11248 11249 11293 11292
11295 11247 11248 11292 11291
11340 11246 11247 11291 11290
11385 11245 11246 11290 11289
11430 11244 11245 11289 11288
11475 11243 11244 11288 11287
11520 11242 11243 11287 11286
11565 11241 11242 11286 11285
11610 11240 11241 11285 11284
11655 11239 11240 11284 11283
11700 11238 11239 11283 11282
11745 11237 11238 11282 11281
11790 11236 11237 11281 11280
11835 11235 11236 11280 11279
11880 11234 11235 11279 11278
11925 11233 11234 11278 11277
11970 11232 11233 11277 11276
12015 11231 11232 11276 11275
12060 11230 11231 11275 11274
12105 11229 11230 11274 11273
12150 10655 11229 11273 10656
12195 11228 10594 10595 11272
12240 11227 11228 11272 11271
12285 11226 11227 11271 11270
12330 11225 11226 11270 11269
12375 11224 11225 11269 11268
12420 11223 11224 11268 11267
12465 11222 11223 11267 11266
12510 11221 11222 11266 11265
12555 11220 11221 11265 11264
12600 11219 11220 11264 11263
12645 11218 11219 11263 11262
12690 11217 11218 11262 11261
12735 11216 11217 11261 11260
12780 11215 11216 11260 11259
12825 11214 11215 11259 11258
12870 11213 11214 11258 11257
12915 11212 11213 11257 11256
12960 11211 11212 11256 11255
13005 11210 11211 11255 11254
13050 11209 11210 11254 11253
13095 11208 11209 11253 11252
13140 11207 11208 11252 11251
13185 11206 11207 11251 11250
13230 11205 11206 11250 11249
13275 11204 11205 11249 11248
13320 11203 11204 11248 11247
13365 11202 11203 11247 11246
13410 11201 11202 11246 11245
13455 11200 11201 11245 11244
13500 11199 11200 11244 11243
13545 11198 11199 11243 11242
13590 11197 11198 11242 11241
13635 11196 11197 11241 11240
13680 11195 11196 11240 11239
13725 11194 11195 11239 11238
13770 11193 11194 11238 11237
13815 11192 11193 11237 11236
13860 11191 11192 11236 11235
13905 11190 11191 11235 11234
13950 11189 11190 11234 11233
13995 11188 11189 11233 11232
14040 11187 11188 11232 11231
14085 11186 11187 11231 11230
14130 11185 11186 11230 11229
14175 10654 11185 11229 10655
14220 11184 10593 10594 11228
14265 11183 11184 11228 11227
14310 11182 11183 11227 11226
14355 11181 11182 11226 11225
14400 11180 11181 11225 11224
14445 11179 11180 11224 11223
14490 11178 11179 11223 11222
14535 11177 11178 11222 11221
14580 11176 11177 11221 11220
14625 11175 11176 11220 11219
14670 11174 11175 11219 11218
14715 11173 11174 11218 11217
14760 11172 11173 11217 11216
14805 11171 11172 11216 11215
14850 11170 11171 11215 11214
14895 11169 11170 11214 11213
14940 11168 11169 11213 11212
14985 11167 11168 11212 11211
15030 11166 11167 11211 11210
15075 11165 11166 11210 11209
15120 11164 11165 11209 11208
15165 11163 11164 11208 11207
15210 11162 11163 11207 11206
15255 11161 11162 11206 11205
15300 11160 11161 11205 11204
15345 11159 11160 11204 11203
15390 11158 11159 11203 11202
15435 11157 11158 11202 11201
15480 11156 11157 11201 11200
15525 11155 11156 11200 11199
15570 11154 11155 11199 11198
15615 11153 11154 11198 11197
15660 11152 11153 11197 11196
15705 11151 11152 11196 11195
15750 11150 11151 11195 11194
15795 11149 11150 11194 11193
15840 11148 11149 11193 11192
15885 11147 11148 11192 11191
15930 11146 11147 11191 11190
15975 11145 11146 11190 11189
16020 11144 11145 11189 11188
16065 11143 11144 11188 11187
16110 11142 11143 11187 11186
16155 11141 11142 11186 11185
16200 10653 11141 11185 10654
16245 11140 10592 10593 11184
16290 11139 11140 11184 11183
16335 11138 11139 11183 11182
16380 11137 11138 11182 11181
16425 11136 11137 11181 11180
16470 11135 11136 11180 11179
16515 11134 11135 11179 11178
16560 11133 11134 11178 11177
16605 11132 11133 11177 11176
16650 11131 11132 11176 11175
16695 11130 11131 11175 11174
16740 11129 11130 11174 11173
16785 11128 11129 11173 11172
16830 11127 11128 11172 11171
16875 11126 11127 11171 11170
16920 11125 11126 11170 11169
16965 11124 11125 11169 11168
17010 11123 11124 11168 11167
17055 11122 11123 11167 11166
17100 11121 11122 11166 11165
17145 11120 11121 11165 11164
17190 11119 11120 11164 11163
17235 11118 11119 11163 11162
17280 11117 11118 11162 11161
17325 11116 11117 11161 11160
17370 11115 11116 11160 11159
17415 11114 11115 11159 11158
17460 11113 11114 11158 11157
17505 11112 11113 11157 11156
17550 11111 11112 11156 11155
17595 11110 11111 11155 11154
17640 11109 11110 11154 11153
17685 11108 11109 11153 11152
17730 11107 11108 11152 11151
17775 11106 11107 11151 11150
17820 11105 11106 11150 11149
17865 11104 11105 11149 11148
17910 11103 11104 11148 11147
17955 11102 11103 11147 11146
18000 11101 11102 11146 11145
18045 11100 11101 11145 11144
18090 11099 11100 11144 11143
18135 11098 11099 11143 11142
18180 11097 11098 11142 11141
18225 10652 11097 11141 10653
18270 11096 10591 10592 11140
18315 11095 11096 11140 11139
18360 11094 11095 11139 11138
18405 11093 11094 11138 11137
18450 11092 11093 11137 11136
18495 11091 11092 11136 11135
18540 11090 11091 11135 11134
18585 11089 11090 11134 11133
18630 11088 11089 11133 11132
18675 11087 11088 11132 11131
18720 11086 11087 11131 11130
18765 11085 11086 11130 11129
18810 11084 11085 11129 11128
18855 11083 11084 11128 11127
18900 11082 11083 11127 11126
18945 11081 11082 11126 11125
18990 11080 11081 11125 11124
19035 11079 11080 11124 11123
19080 11078 11079 11123 11122
19125 11077 11078 11122 11121
19170 11076 11077 11121 11120
19215 11075 11076 11120 11119
19260 11074 11075 11119 11118
19305 11073 11074 11118 11117
19350 11072 11073 11117 11116
19395 11071 11072 11116 11115
19440 11070 11071 11115 11114
19485 11069 11070 11114 11113
19530 11068 11069 11113 11112
19575 11067 11068 11112 11111
19620 11066 11067 11111 11110
19665 11065 11066 11110 11109
19710 11064 11065 11109 11108
19755 11063 11064 11108 11107
19800 11062 11063 11107 11106
19845 11061 11062 11106 11105
19890 11060 11061 11105 11104
19935 11059 11060 11104 11103
19980 11058 11059 11103 11102
20025 11057 11058 11102 11101
20070 11056 11057 11101 11100
20115 11055 11056 11100 11099
20160 11054 11055 11099 11098
20205 11053 11054 11098 11097
20250 10651 11053 11097 10652
20295 11052 10590 10591 11096
20340 11051 11052 11096 11095
20385 11050 11051 11095 11094
20430 11049 11050 11094 11093
20475 11048 11049 11093 11092
20520 11047 11048 11092 11091
20565 11046 11047 11091 11090
20610 11045 11046 11090 11089
20655 11044 11045 11089 11088
20700 11043 11044 11088 11087
20745 11042 11043 11087 11086
20790 11041 11042 11086 11085
20835 11040 11041 11085 11084
20880 11039 11040 11084 11083
20925 11038 11039 11083 11082
20970 11037 11038 11082 11081
21015 11036 11037 11081 11080
21060 11035 11036 11080 11079
21105 11034 11035 11079 11078
21150 11033 11034 11078 11077
21195 11032 11033 11077 11076
21240 11031 11032 11076 11075
21285 11030 11031 11075 11074
21330 11029 11030 11074 11073
21375 11028 11029 11073 11072
21420 11027 11028 11072 11071
21465 11026 11027 11071 11070
21510 11025 11026 11070 11069
21555 11024 11025 11069 11068
21600 11023 11024 11068 11067
21645 11022 11023 11067 11066
21690 11021 11022 11066 11065
21735 11020 11021 11065 11064
21780 11019 11020 11064 11063
21825 11018 11019 11063 11062
21870 11017 11018 11062 11061
21915 11016 11017 11061 11060
21960 11015 11016 11060 11059
22005 11014 11015 11059 11058
22050 11013 11014 11058 11057
22095 11012 11013 11057 11056
22140 11011 11012 11056 11055
22185 11010 11011 11055 11054
22230 11009 11010 11054 11053
22275 10650 11009 11053 10651
22320 11008 10589 10590 11052
22365 11007 11008 11052 11051
22410 11006 11007 11051 11050
22455 11005 11006 11050 11049
22500 11004 11005 11049 11048
22545 11003 11004 11048 11047
22590 11002 11003 11047 11046
22635 11001 11002 11046 11045
22680 11000 11001 11045 11044
22725 10999 11000 11044 11043
22770 10998 10999 11043 11042
22815 10997 10998 11042 11041
22860 10996 10997 11041 11040
22905 10995 10996 11040 11039
22950 10994 10995 11039 11038
22995 10993 10994 11038 11037
23040 10992 10993 11037 11036
23085 10991 10992 11036 11035
23130 10990 10991 11035 11034
23175 10989 10990 11034 11033
23220 10988 10989 11033 11032
23265 10987 10988 11032 11031
23310 10986 10987 11031 11030
23355 10985 10986 11030 11029
23400 10984 10985 11029 11028
23445 10983 10984 11028 11027
23490 10982 10983 11027 11026
23535 10981 10982 11026 11025
23580 10980 10981 11025 11024
23625 10979 10980 11024 11023
23670 10978 10979 11023 11022
23715 10977 10978 11022 11021
23760 10976 10977 11021 11020
23805 10975 10976 11020 11019
23850 10974 10975 11019 11018
23895 10973 10974 11018 11017
23940 10972 10973 11017 11016
23985 10971 10972 11016 11015
24030 10970 10971 11015 11014
24075 10969 10970 11014 11013
24120 10968 10969 11013 11012
24165 10967 10968 11012 11011
24210 10966 10967 11011 11010
24255 10965 10966 11010 11009
24300 10649 10965 11009 10650
24345 10964 10588 10589 11008
24390 10963 10964 11008 11007
24435 10962 10963 11007 11006
24480 10961 10962 11006 11005
24525 10960 10961 11005 11004
24570 10959 10960 11004 11003
24615 10958 10959 11003 11002
24660 10957 10958 11002 11001
24705 10956 10957 11001 11000
24750 10955 10956 11000 10999
24795 10954 10955 10999 10998
24840 10953 10954 10998 10997
24885 10952 10953 10997 10996
24930 10951 10952 10996 10995
24975 10950 10951 10995 10994
25020 10949 10950 10994 10993
25065 10948 10949 10993 10992
25110 10947 10948 10992 10991
25155 10946 10947 10991 10990
25200 10945 10946 10990 10989
25245 10944 10945 10989 10988
25290 10943 10944 10988 10987
25335 10942 10943 10987 10986
25380 10941 10942 10986 10985
25425 10940 10941 10985 10984
25470 10939 10940 10984 10983
25515 10938 10939 10983 10982
25560 10937 10938 10982 10981
25605 10936 10937 10981 10980
25650 10935 10936 10980 10979
25695 10934 10935 10979 10978
25740 10933 10934 10978 10977
25785 10932 10933 10977 10976
25830 10931 10932 10976 10975
25875 10930 10931 10975 10974
25920 10929 10930 10974 10973
25965 10928 10929 10973 10972
26010 10927 10928 10972 10971
26055 10926 10927 10971 10970
26100 10925 10926 10970 10969
26145 10924 10925 10969 10968
26190 10923 10924 10968 10967
26235 10922 10923 10967 10966
26280 10921 10922 10966 10965
26325 10648 10921 10965 10649
26370 10920 10587 10588 10964
26415 10919 10920 10964 10963
26460 10918 10919 10963 10962
26505 10917 10918 10962 10961
26550 10916 10917 10961 10960
26595 10915 10916 10960 10959
26640 10914 10915 10959 10958
26685 10913 10914 10958 10957
26730 10912 10913 10957 10956
26775 10911 10912 10956 10955
26820 10910 10911 10955 10954
26865 10909 10910 10954 10953
26910 10908 10909 10953 10952
26955 10907 10908 10952 10951
27000 10906 10907 10951 10950
27045 10905 10906 10950 10949
27090 10904 10905 10949 10948
27135 10903 10904 10948 10947
27180 10902 10903 10947 10946
27225 10901 10902 10946 10945
27270 10900 10901 10945 10944
27315 10899 10900 10944 10943
27360 10898 10899 10943 10942
27405 10897 10898 10942 10941
27450 10896 10897 10941 10940
27495 10895 10896 10940 10939
27540 10894 10895 10939 10938
27585 10893 10894 10938 10937
27630 10892 10893 10937 10936
27675 10891 10892 10936 10935
27720 10890 10891 10935 10934
27765 10889 10890 10934 10933
27810 10888 10889 10933 10932
27855 10887 10888 10932 10931
27900 10886 10887 10931 10930
27945 10885 10886 10930 10929
27990 10884 10885 10929 10928
28035 10883 10884 10928 10927
28080 10882 10883 10927 10926
28125 10881 10882 10926 10925
28170 10880 10881 10925 10924
28215 10879 10880 10924 10923
28260 10878 10879 10923 10922
28305 10877 10878 10922 10921
28350 10647 10877 10921 10648
28395 10876 10586 10587 10920
28440 10875 10876 10920 10919
28485 10874 10875 10919 10918
28530 10873 10874 10918 10917
28575 10872 10873 10917 10916
28620 10871 10872 10916 10915
28665 10870 10871 10915 10914
28710 10869 10870 10914 10913
28755 10868 10869 10913 10912
28800 10867 10868 10912 10911
28845 10866 10867 10911 10910
28890 10865 10866 10910 10909
28935 10864 10865 10909 10908
28980 10863 10864 10908 10907
29025 10862 10863 10907 10906
29070 10861 10862 10906 10905
29115 10860 10861 10905 10904
29160 10859 10860 10904 10903
29205 10858 10859 10903 10902
29250 10857 10858 10902 10901
29295 10856 10857 10901 10900
29340 10855 10856 10900 10899
29385 10854 10855 10899 10898
29430 10853 10854 10898 10897
29475 10852 10853 10897 10896
29520 10851 10852 10896 10895
29565 10850 10851 10895 10894
29610 10849 10850 10894 10893
29655 10848 10849 10893 10892
29700 10847 10848 10892 10891
29745 10846 10847 10891 10890
29790 10845 10846 10890 10889
29835 10844 10845 10889 10888
29880 10843 10844 10888 10887
29925 10842 10843 10887 10886
29970 10841 10842 10886 10885
30015 10840 10841 10885 10884
30060 10839 10840 10884 10883
30105 10838 10839 10883 10882
30150 10837 10838 10882 10881
30195 10836 10837 10881 10880
30240 10835 10836 10880 10879
30285 10834 10835 10879 10878
30330 10833 10834 10878 10877
30375 10646 10833 10877 10647
30420 10832 10585 10586 10876
30465 10831 10832 10876 10875
30510 10830 10831 10875 10874
30555 10829 10830 10874 10873
30600 10828 10829 10873 10872
30645 10827 10828 10872 10871
30690 10826 10827 10871 10870
30735 10825 10826 10870 10869
30780 10824 10825 10869 10868
30825 10823 10824 10868 10867
30870 10822 10823 10867 10866
30915 10821 10822 10866 10865
30960 10820 10821 10865 10864
31005 10819 10820 10864 10863
31050 10818 10819 10863 10862
31095 10817 10818 10862 10861
31140 10816 10817 10861 10860
31185 10815 10816 10860 10859
31230 10814 10815 10859 10858
31275 10813 10814 10858 10857
31320 10812 10813 10857 10856
31365 10811 10812 10856 10855
31410 10810 10811 10855 10854
31455 10809 10810 10854 10853
31500 10808 10809 10853 10852
31545 10807 10808 10852 10851
31590 10806 10807 10851 10850
31635 10805 10806 10850 10849
31680 10804 10805 10849 10848
31725 10803 10804 10848 10847
31770 10802 10803 10847 10846
31815 10801 10802 10846 10845
31860 10800 10801 10845 10844
31905 10799 10800 10844 10843
31950 10798 10799 10843 10842
31995 10797 10798 10842 10841
32040 10796 10797 10841 10840
32085 10795 10796 10840 10839
32130 10794 10795 10839 10838
32175 10793 10794 10838 10837
32220 10792 10793 10837 10836
32265 10791 10792 10836 10835
32310 10790 10791 10835 10834
32355 10789 10790 10834 10833
32400 10645 10789 10833 10646
32445 10788 10584 10585 10832
32490 10787 10788 10832 10831
32535 10786 10787 10831 10830
32580 10785 10786 10830 10829
32625 10784 10785 10829 10828
32670 10783 10784 10828 10827
32715 10782 10783 10827 10826
32760 10781 10782 10826 10825
32805 10780 10781 10825 10824
32850 10779 10780 10824 10823
32895 10778 10779 10823 10822
32940 10777 10778 10822 10821
32985 10776 10777 10821 10820
33030 10775 10776 10820 10819
33075 10774 10775 10819 10818
33120 10773 10774 10818 10817
33165 10772 10773 10817 10816
33210 10771 10772 10816 10815
33255 10770 10771 10815 10814
33300 10769 10770 10814 10813
33345 10768 10769 10813 10812
33390 10767 10768 10812 10811
33435 10766 10767 10811 10810
33480 10765 10766 10810 10809
33525 10764 10765 10809 10808
33570 10763 10764 10808 10807
33615 10762 10763 10807 10806
33660 10761 10762 10806 10805
33705 10760 10761 10805 10804
33750 10759 10760 10804 10803
33795 10758 10759 10803 10802
33840 10757 10758 10802 10801
33885 10756 10757 10801 10800
33930 10755 10756 10800 10799
33975 10754 10755 10799 10798
34020 10753 10754 10798 10797
34065 10752 10753 10797 10796
34110 10751 10752 10796 10795
34155 10750 10751 10795 10794
34200 10749 10750 10794 10793
34245 10748 10749 10793 10792
34290 10747 10748 10792 10791
34335 10746 10747 10791 10790
34380 10745 10746 10790 10789
34425 10644 10745 10789 10645
34470 10744 10583 10584 10788
34515 10743 10744 10788 10787
34560 10742 10743 10787 10786
34605 10741 10742 10786 10785
34650 10740 10741 10785 10784
34695 10739 10740 10784 10783
34740 10738 10739 10783 10782
34785 10737 10738 10782 10781
34830 10736 10737 10781 10780
34875 10735 10736 10780 10779
34920 10734 10735 10779 10778
34965 10733 10734 10778 10777
35010 10732 10733 10777 10776
35055 10731 10732 10776 10775
35100 10730 10731 10775 10774
35145 10729 10730 10774 10773
35190 10728 10729 10773 10772
35235 10727 10728 10772 10771
35280 10726 10727 10771 10770
35325 10725 10726 10770 10769
35370 10724 10725 10769 10768
35415 10723 10724 10768 10767
35460 10722 10723 10767 10766
35505 10721 10722 10766 10765
35550 10720 10721 10765 10764
35595 10719 10720 10764 10763
35640 10718 10719 10763 10762
35685 10717 10718 10762 10761
35730 10716 10717 10761 10760
35775 10715 10716 10760 10759
35820 10714 10715 10759 10758
35865 10713 10714 10758 10757
35910 10712 10713 10757 10756
35955 10711 10712 10756 10755
36000 10710 10711 10755 10754
36045 10709 10710 10754 10753
36090 10708 10709 10753 10752
36135 10707 10708 10752 10751
36180 10706 10707 10751 10750
36225 10705 10706 10750 10749
36270 10704 10705 10749 10748
36315 10703 10704 10748 10747
36360 10702 10703 10747 10746
36405 10701 10702 10746 10745
36450 10643 10701 10745 10644
36495 10700 10582 10583 10744
36540 10699 10700 10744 10743
36585 10698 10699 10743 10742
36630 10697 10698 10742 10741
36675 10696 10697 10741 10740
36720 10695 10696 10740 10739
36765 10694 10695 10739 10738
36810 10693 10694 10738 10737
36855 10692 10693 10737 10736
36900 10691 10692 10736 10735
36945 10690 10691 10735 10734
36990 10689 10690 10734 10733
37035 10688 10689 10733 10732
37080 10687 10688 10732 10731
37125 10686 10687 10731 10730
37170 10685 10686 10730 10729
37215 10684 10685 10729 10728
37260 10683 10684 10728 10727
37305 10682 10683 10727 10726
37350 10681 10682 10726 10725
37395 10680 10681 10725 10724
37440 10679 10680 10724 10723
37485 10678 10679 10723 10722
37530 10677 10678 10722 10721
37575 10676 10677 10721 10720
37620 10675 10676 10720 10719
37665 10674 10675 10719 10718
37710 10673 10674 10718 10717
37755 10672 10673 10717 10716
37800 10671 10672 10716 10715
37845 10670 10671 10715 10714
37890 10669 10670 10714 10713
37935 10668 10669 10713 10712
37980 10667 10668 10712 10711
38025 10666 10667 10711 10710
38070 10665 10666 10710 10709
38115 10664 10665 10709 10708
38160 10663 10664 10708 10707
38205 10662 10663 10707 10706
38250 10661 10662 10706 10705
38295 10660 10661 10705 10704
38340 10659 10660 10704 10703
38385 10658 10659 10703 10702
38430 10657 10658 10702 10701
38475 10642 10657 10701 10643
38520 136 47 10582 10700
38565 135 136 10700 10699
38610 134 135 10699 10698
38655 133 134 10698 10697
38700 132 133 10697 10696
38745 131 132 10696 10695
38790 130 131 10695 10694
38835 129 130 10694 10693
38880 128 129 10693 10692
38925 127 128 10692 10691
38970 126 127 10691 10690
39015 125 126 10690 10689
39060 124 125 10689 10688
39105 123 124 10688 10687
39150 122 123 10687 10686
39195 121 122 10686 10685
39240 120 121 10685 10684
39285 119 120 10684 10683
39330 118 119 10683 10682
39375 117 118 10682 10681
39420 116 117 10681 10680
39465 115 116 10680 10679
39510 114 115 10679 10678
39555 113 114 10678 10677
39600 112 113 10677 10676
39645 111 112 10676 10675
39690 110 111 10675 10674
39735 109 110 10674 10673
39780 108 109 10673 10672
39825 107 108 10672 10671
39870 106 107 10671 10670
39915 105 106 10670 10669
39960 104 105 10669 10668
40005 103 104 10668 10667
40050 102 103 10667 10666
40095 101 102 10666 10665
40140 100 101 10665 10664
40185 99 100 10664 10663
40230 98 99 10663 10662
40275 97 98 10662 10661
40320 96 97 10661 10660
40365 95 96 10660 10659
40410 94 95 10659 10658
40455 93 94 10658 10657
40500 92 93 10657 10642
