      2025
8101 12053 15353 11376 11317
8102 15353 15354 11375 11376
8103 15354 15355 11374 11375
8104 15355 15356 11373 11374
8105 15356 15357 11372 11373
8106 15357 15358 11371 11372
8107 15358 15359 11370 11371
8108 15359 15360 11369 11370
8109 15360 15361 11368 11369
8110 15361 15362 11367 11368
8111 15362 15363 11366 11367
8112 15363 15364 11365 11366
8113 15364 15365 11364 11365
8114 15365 15366 11363 11364
8115 15366 15367 11362 11363
8116 15367 15368 11361 11362
8117 15368 15369 11360 11361
8118 15369 15370 11359 11360
8119 15370 15371 11358 11359
8120 15371 15372 11357 11358
8121 15372 15373 11356 11357
8122 15373 15374 11355 11356
8123 15374 15375 11354 11355
8124 15375 15376 11353 11354
8125 15376 15377 11352 11353
8126 15377 15378 11351 11352
8127 15378 15379 11350 11351
8128 15379 15380 11349 11350
8129 15380 15381 11348 11349
8130 15381 15382 11347 11348
8131 15382 15383 11346 11347
8132 15383 15384 11345 11346
8133 15384 15385 11344 11345
8134 15385 15386 11343 11344
8135 15386 15387 11342 11343
8136 15387 15388 11341 11342
8137 15388 15389 11340 11341
8138 15389 15390 11339 11340
8139 15390 15391 11338 11339
8140 15391 15392 11337 11338
8141 15392 15393 11336 11337
8142 15393 15394 11335 11336
8143 15394 15395 11334 11335
8144 15395 15396 11333 11334
8145 15396 10641 10581 11333
8146 12054 15309 15353 12053
8147 15309 15310 15354 15353
8148 15310 15311 15355 15354
8149 15311 15312 15356 15355
8150 15312 15313 15357 15356
8151 15313 15314 15358 15357
8152 15314 15315 15359 15358
8153 15315 15316 15360 15359
8154 15316 15317 15361 15360
8155 15317 15318 15362 15361
8156 15318 15319 15363 15362
8157 15319 15320 15364 15363
8158 15320 15321 15365 15364
8159 15321 15322 15366 15365
8160 15322 15323 15367 15366
8161 15323 15324 15368 15367
8162 15324 15325 15369 15368
8163 15325 15326 15370 15369
8164 15326 15327 15371 15370
8165 15327 15328 15372 15371
8166 15328 15329 15373 15372
8167 15329 15330 15374 15373
8168 15330 15331 15375 15374
8169 15331 15332 15376 15375
8170 15332 15333 15377 15376
8171 15333 15334 15378 15377
8172 15334 15335 15379 15378
8173 15335 15336 15380 15379
8174 15336 15337 15381 15380
8175 15337 15338 15382 15381
8176 15338 15339 15383 15382
8177 15339 15340 15384 15383
8178 15340 15341 15385 15384
8179 15341 15342 15386 15385
8180 15342 15343 15387 15386
8181 15343 15344 15388 15387
8182 15344 15345 15389 15388
8183 15345 15346 15390 15389
8184 15346 15347 15391 15390
8185 15347 15348 15392 15391
8186 15348 15349 15393 15392
8187 15349 15350 15394 15393
8188 15350 15351 15395 15394
8189 15351 15352 15396 15395
8190 15352 10640 10641 15396
8191 12055 15265 15309 12054
8192 15265 15266 15310 15309
8193 15266 15267 15311 15310
8194 15267 15268 15312 15311
8195 15268 15269 15313 15312
8196 15269 15270 15314 15313
8197 15270 15271 15315 15314
8198 15271 15272 15316 15315
8199 15272 15273 15317 15316
8200 15273 15274 15318 15317
8201 15274 15275 15319 15318
8202 15275 15276 15320 15319
8203 15276 15277 15321 15320
8204 15277 15278 15322 15321
8205 15278 15279 15323 15322
8206 15279 15280 15324 15323
8207 15280 15281 15325 15324
8208 15281 15282 15326 15325
8209 15282 15283 15327 15326
8210 15283 15284 15328 15327
8211 15284 15285 15329 15328
8212 15285 15286 15330 15329
8213 15286 15287 15331 15330
8214 15287 15288 15332 15331
8215 15288 15289 15333 15332
8216 15289 15290 15334 15333
8217 15290 15291 15335 15334
8218 15291 15292 15336 15335
8219 15292 15293 15337 15336
8220 15293 15294 15338 15337
8221 15294 15295 15339 15338
8222 15295 15296 15340 15339
8223 15296 15297 15341 15340
8224 15297 15298 15342 15341
8225 15298 15299 15343 15342
8226 15299 15300 15344 15343
8227 15300 15301 15345 15344
8228 15301 15302 15346 15345
8229 15302 15303 15347 15346
8230 15303 15304 15348 15347
8231 15304 15305 15349 15348
8232 15305 15306 15350 15349
8233 15306 15307 15351 15350
8234 15307 15308 15352 15351
8235 15308 10639 10640 15352
8236 12056 15221 15265 12055
8237 15221 15222 15266 15265
8238 15222 15223 15267 15266
8239 15223 15224 15268 15267
8240 15224 15225 15269 15268
8241 15225 15226 15270 15269
8242 15226 15227 15271 15270
8243 15227 15228 15272 15271
8244 15228 15229 15273 15272
8245 15229 15230 15274 15273
8246 15230 15231 15275 15274
8247 15231 15232 15276 15275
8248 15232 15233 15277 15276
8249 15233 15234 15278 15277
8250 15234 15235 15279 15278
8251 15235 15236 15280 15279
8252 15236 15237 15281 15280
8253 15237 15238 15282 15281
8254 15238 15239 15283 15282
8255 15239 15240 15284 15283
8256 15240 15241 15285 15284
8257 15241 15242 15286 15285
8258 15242 15243 15287 15286
8259 15243 15244 15288 15287
8260 15244 15245 15289 15288
8261 15245 15246 15290 15289
8262 15246 15247 15291 15290
8263 15247 15248 15292 15291
8264 15248 15249 15293 15292
8265 15249 15250 15294 15293
8266 15250 15251 15295 15294
8267 15251 15252 15296 15295
8268 15252 15253 15297 15296
8269 15253 15254 15298 15297
8270 15254 15255 15299 15298
8271 15255 15256 15300 15299
8272 15256 15257 15301 15300
8273 15257 15258 15302 15301
8274 15258 15259 15303 15302
8275 15259 15260 15304 15303
8276 15260 15261 15305 15304
8277 15261 15262 15306 15305
8278 15262 15263 15307 15306
8279 15263 15264 15308 15307
8280 15264 10638 10639 15308
8281 12057 15177 15221 12056
8282 15177 15178 15222 15221
8283 15178 15179 15223 15222
8284 15179 15180 15224 15223
8285 15180 15181 15225 15224
8286 15181 15182 15226 15225
8287 15182 15183 15227 15226
8288 15183 15184 15228 15227
8289 15184 15185 15229 15228
8290 15185 15186 15230 15229
8291 15186 15187 15231 15230
8292 15187 15188 15232 15231
8293 15188 15189 15233 15232
8294 15189 15190 15234 15233
8295 15190 15191 15235 15234
8296 15191 15192 15236 15235
8297 15192 15193 15237 15236
8298 15193 15194 15238 15237
8299 15194 15195 15239 15238
8300 15195 15196 15240 15239
8301 15196 15197 15241 15240
8302 15197 15198 15242 15241
8303 15198 15199 15243 15242
8304 15199 15200 15244 15243
8305 15200 15201 15245 15244
8306 15201 15202 15246 15245
8307 15202 15203 15247 15246
8308 15203 15204 15248 15247
8309 15204 15205 15249 15248
8310 15205 15206 15250 15249
8311 15206 15207 15251 15250
8312 15207 15208 15252 15251
8313 15208 15209 15253 15252
8314 15209 15210 15254 15253
8315 15210 15211 15255 15254
8316 15211 15212 15256 15255
8317 15212 15213 15257 15256
8318 15213 15214 15258 15257
8319 15214 15215 15259 15258
8320 15215 15216 15260 15259
8321 15216 15217 15261 15260
8322 15217 15218 15262 15261
8323 15218 15219 15263 15262
8324 15219 15220 15264 15263
8325 15220 10637 10638 15264
8326 12058 15133 15177 12057
8327 15133 15134 15178 15177
8328 15134 15135 15179 15178
8329 15135 15136 15180 15179
8330 15136 15137 15181 15180
8331 15137 15138 15182 15181
8332 15138 15139 15183 15182
8333 15139 15140 15184 15183
8334 15140 15141 15185 15184
8335 15141 15142 15186 15185
8336 15142 15143 15187 15186
8337 15143 15144 15188 15187
8338 15144 15145 15189 15188
8339 15145 15146 15190 15189
8340 15146 15147 15191 15190
8341 15147 15148 15192 15191
8342 15148 15149 15193 15192
8343 15149 15150 15194 15193
8344 15150 15151 15195 15194
8345 15151 15152 15196 15195
8346 15152 15153 15197 15196
8347 15153 15154 15198 15197
8348 15154 15155 15199 15198
8349 15155 15156 15200 15199
8350 15156 15157 15201 15200
8351 15157 15158 15202 15201
8352 15158 15159 15203 15202
8353 15159 15160 15204 15203
8354 15160 15161 15205 15204
8355 15161 15162 15206 15205
8356 15162 15163 15207 15206
8357 15163 15164 15208 15207
8358 15164 15165 15209 15208
8359 15165 15166 15210 15209
8360 15166 15167 15211 15210
8361 15167 15168 15212 15211
8362 15168 15169 15213 15212
8363 15169 15170 15214 15213
8364 15170 15171 15215 15214
8365 15171 15172 15216 15215
8366 15172 15173 15217 15216
8367 15173 15174 15218 15217
8368 15174 15175 15219 15218
8369 15175 15176 15220 15219
8370 15176 10636 10637 15220
8371 12059 15089 15133 12058
8372 15089 15090 15134 15133
8373 15090 15091 15135 15134
8374 15091 15092 15136 15135
8375 15092 15093 15137 15136
8376 15093 15094 15138 15137
8377 15094 15095 15139 15138
8378 15095 15096 15140 15139
8379 15096 15097 15141 15140
8380 15097 15098 15142 15141
8381 15098 15099 15143 15142
8382 15099 15100 15144 15143
8383 15100 15101 15145 15144
8384 15101 15102 15146 15145
8385 15102 15103 15147 15146
8386 15103 15104 15148 15147
8387 15104 15105 15149 15148
8388 15105 15106 15150 15149
8389 15106 15107 15151 15150
8390 15107 15108 15152 15151
8391 15108 15109 15153 15152
8392 15109 15110 15154 15153
8393 15110 15111 15155 15154
8394 15111 15112 15156 15155
8395 15112 15113 15157 15156
8396 15113 15114 15158 15157
8397 15114 15115 15159 15158
8398 15115 15116 15160 15159
8399 15116 15117 15161 15160
8400 15117 15118 15162 15161
8401 15118 15119 15163 15162
8402 15119 15120 15164 15163
8403 15120 15121 15165 15164
8404 15121 15122 15166 15165
8405 15122 15123 15167 15166
8406 15123 15124 15168 15167
8407 15124 15125 15169 15168
8408 15125 15126 15170 15169
8409 15126 15127 15171 15170
8410 15127 15128 15172 15171
8411 15128 15129 15173 15172
8412 15129 15130 15174 15173
8413 15130 15131 15175 15174
8414 15131 15132 15176 15175
8415 15132 10635 10636 15176
8416 12060 15045 15089 12059
8417 15045 15046 15090 15089
8418 15046 15047 15091 15090
8419 15047 15048 15092 15091
8420 15048 15049 15093 15092
8421 15049 15050 15094 15093
8422 15050 15051 15095 15094
8423 15051 15052 15096 15095
8424 15052 15053 15097 15096
8425 15053 15054 15098 15097
8426 15054 15055 15099 15098
8427 15055 15056 15100 15099
8428 15056 15057 15101 15100
8429 15057 15058 15102 15101
8430 15058 15059 15103 15102
8431 15059 15060 15104 15103
8432 15060 15061 15105 15104
8433 15061 15062 15106 15105
8434 15062 15063 15107 15106
8435 15063 15064 15108 15107
8436 15064 15065 15109 15108
8437 15065 15066 15110 15109
8438 15066 15067 15111 15110
8439 15067 15068 15112 15111
8440 15068 15069 15113 15112
8441 15069 15070 15114 15113
8442 15070 15071 15115 15114
8443 15071 15072 15116 15115
8444 15072 15073 15117 15116
8445 15073 15074 15118 15117
8446 15074 15075 15119 15118
8447 15075 15076 15120 15119
8448 15076 15077 15121 15120
8449 15077 15078 15122 15121
8450 15078 15079 15123 15122
8451 15079 15080 15124 15123
8452 15080 15081 15125 15124
8453 15081 15082 15126 15125
8454 15082 15083 15127 15126
8455 15083 15084 15128 15127
8456 15084 15085 15129 15128
8457 15085 15086 15130 15129
8458 15086 15087 15131 15130
8459 15087 15088 15132 15131
8460 15088 10634 10635 15132
8461 12061 15001 15045 12060
8462 15001 15002 15046 15045
8463 15002 15003 15047 15046
8464 15003 15004 15048 15047
8465 15004 15005 15049 15048
8466 15005 15006 15050 15049
8467 15006 15007 15051 15050
8468 15007 15008 15052 15051
8469 15008 15009 15053 15052
8470 15009 15010 15054 15053
8471 15010 15011 15055 15054
8472 15011 15012 15056 15055
8473 15012 15013 15057 15056
8474 15013 15014 15058 15057
8475 15014 15015 15059 15058
8476 15015 15016 15060 15059
8477 15016 15017 15061 15060
8478 15017 15018 15062 15061
8479 15018 15019 15063 15062
8480 15019 15020 15064 15063
8481 15020 15021 15065 15064
8482 15021 15022 15066 15065
8483 15022 15023 15067 15066
8484 15023 15024 15068 15067
8485 15024 15025 15069 15068
8486 15025 15026 15070 15069
8487 15026 15027 15071 15070
8488 15027 15028 15072 15071
8489 15028 15029 15073 15072
8490 15029 15030 15074 15073
8491 15030 15031 15075 15074
8492 15031 15032 15076 15075
8493 15032 15033 15077 15076
8494 15033 15034 15078 15077
8495 15034 15035 15079 15078
8496 15035 15036 15080 15079
8497 15036 15037 15081 15080
8498 15037 15038 15082 15081
8499 15038 15039 15083 15082
8500 15039 15040 15084 15083
8501 15040 15041 15085 15084
8502 15041 15042 15086 15085
8503 15042 15043 15087 15086
8504 15043 15044 15088 15087
8505 15044 10633 10634 15088
8506 12062 14957 15001 12061
8507 14957 14958 15002 15001
8508 14958 14959 15003 15002
8509 14959 14960 15004 15003
8510 14960 14961 15005 15004
8511 14961 14962 15006 15005
8512 14962 14963 15007 15006
8513 14963 14964 15008 15007
8514 14964 14965 15009 15008
8515 14965 14966 15010 15009
8516 14966 14967 15011 15010
8517 14967 14968 15012 15011
8518 14968 14969 15013 15012
8519 14969 14970 15014 15013
8520 14970 14971 15015 15014
8521 14971 14972 15016 15015
8522 14972 14973 15017 15016
8523 14973 14974 15018 15017
8524 14974 14975 15019 15018
8525 14975 14976 15020 15019
8526 14976 14977 15021 15020
8527 14977 14978 15022 15021
8528 14978 14979 15023 15022
8529 14979 14980 15024 15023
8530 14980 14981 15025 15024
8531 14981 14982 15026 15025
8532 14982 14983 15027 15026
8533 14983 14984 15028 15027
8534 14984 14985 15029 15028
8535 14985 14986 15030 15029
8536 14986 14987 15031 15030
8537 14987 14988 15032 15031
8538 14988 14989 15033 15032
8539 14989 14990 15034 15033
8540 14990 14991 15035 15034
8541 14991 14992 15036 15035
8542 14992 14993 15037 15036
8543 14993 14994 15038 15037
8544 14994 14995 15039 15038
8545 14995 14996 15040 15039
8546 14996 14997 15041 15040
8547 14997 14998 15042 15041
8548 14998 14999 15043 15042
8549 14999 15000 15044 15043
8550 15000 10632 10633 15044
8551 12063 14913 14957 12062
8552 14913 14914 14958 14957
8553 14914 14915 14959 14958
8554 14915 14916 14960 14959
8555 14916 14917 14961 14960
8556 14917 14918 14962 14961
8557 14918 14919 14963 14962
8558 14919 14920 14964 14963
8559 14920 14921 14965 14964
8560 14921 14922 14966 14965
8561 14922 14923 14967 14966
8562 14923 14924 14968 14967
8563 14924 14925 14969 14968
8564 14925 14926 14970 14969
8565 14926 14927 14971 14970
8566 14927 14928 14972 14971
8567 14928 14929 14973 14972
8568 14929 14930 14974 14973
8569 14930 14931 14975 14974
8570 14931 14932 14976 14975
8571 14932 14933 14977 14976
8572 14933 14934 14978 14977
8573 14934 14935 14979 14978
8574 14935 14936 14980 14979
8575 14936 14937 14981 14980
8576 14937 14938 14982 14981
8577 14938 14939 14983 14982
8578 14939 14940 14984 14983
8579 14940 14941 14985 14984
8580 14941 14942 14986 14985
8581 14942 14943 14987 14986
8582 14943 14944 14988 14987
8583 14944 14945 14989 14988
8584 14945 14946 14990 14989
8585 14946 14947 14991 14990
8586 14947 14948 14992 14991
8587 14948 14949 14993 14992
8588 14949 14950 14994 14993
8589 14950 14951 14995 14994
8590 14951 14952 14996 14995
8591 14952 14953 14997 14996
8592 14953 14954 14998 14997
8593 14954 14955 14999 14998
8594 14955 14956 15000 14999
8595 14956 10631 10632 15000
8596 12064 14869 14913 12063
8597 14869 14870 14914 14913
8598 14870 14871 14915 14914
8599 14871 14872 14916 14915
8600 14872 14873 14917 14916
8601 14873 14874 14918 14917
8602 14874 14875 14919 14918
8603 14875 14876 14920 14919
8604 14876 14877 14921 14920
8605 14877 14878 14922 14921
8606 14878 14879 14923 14922
8607 14879 14880 14924 14923
8608 14880 14881 14925 14924
8609 14881 14882 14926 14925
8610 14882 14883 14927 14926
8611 14883 14884 14928 14927
8612 14884 14885 14929 14928
8613 14885 14886 14930 14929
8614 14886 14887 14931 14930
8615 14887 14888 14932 14931
8616 14888 14889 14933 14932
8617 14889 14890 14934 14933
8618 14890 14891 14935 14934
8619 14891 14892 14936 14935
8620 14892 14893 14937 14936
8621 14893 14894 14938 14937
8622 14894 14895 14939 14938
8623 14895 14896 14940 14939
8624 14896 14897 14941 14940
8625 14897 14898 14942 14941
8626 14898 14899 14943 14942
8627 14899 14900 14944 14943
8628 14900 14901 14945 14944
8629 14901 14902 14946 14945
8630 14902 14903 14947 14946
8631 14903 14904 14948 14947
8632 14904 14905 14949 14948
8633 14905 14906 14950 14949
8634 14906 14907 14951 14950
8635 14907 14908 14952 14951
8636 14908 14909 14953 14952
8637 14909 14910 14954 14953
8638 14910 14911 14955 14954
8639 14911 14912 14956 14955
8640 14912 10630 10631 14956
8641 12065 14825 14869 12064
8642 14825 14826 14870 14869
8643 14826 14827 14871 14870
8644 14827 14828 14872 14871
8645 14828 14829 14873 14872
8646 14829 14830 14874 14873
8647 14830 14831 14875 14874
8648 14831 14832 14876 14875
8649 14832 14833 14877 14876
8650 14833 14834 14878 14877
8651 14834 14835 14879 14878
8652 14835 14836 14880 14879
8653 14836 14837 14881 14880
8654 14837 14838 14882 14881
8655 14838 14839 14883 14882
8656 14839 14840 14884 14883
8657 14840 14841 14885 14884
8658 14841 14842 14886 14885
8659 14842 14843 14887 14886
8660 14843 14844 14888 14887
8661 14844 14845 14889 14888
8662 14845 14846 14890 14889
8663 14846 14847 14891 14890
8664 14847 14848 14892 14891
8665 14848 14849 14893 14892
8666 14849 14850 14894 14893
8667 14850 14851 14895 14894
8668 14851 14852 14896 14895
8669 14852 14853 14897 14896
8670 14853 14854 14898 14897
8671 14854 14855 14899 14898
8672 14855 14856 14900 14899
8673 14856 14857 14901 14900
8674 14857 14858 14902 14901
8675 14858 14859 14903 14902
8676 14859 14860 14904 14903
8677 14860 14861 14905 14904
8678 14861 14862 14906 14905
8679 14862 14863 14907 14906
8680 14863 14864 14908 14907
8681 14864 14865 14909 14908
8682 14865 14866 14910 14909
8683 14866 14867 14911 14910
8684 14867 14868 14912 14911
8685 14868 10629 10630 14912
8686 12066 14781 14825 12065
8687 14781 14782 14826 14825
8688 14782 14783 14827 14826
8689 14783 14784 14828 14827
8690 14784 14785 14829 14828
8691 14785 14786 14830 14829
8692 14786 14787 14831 14830
8693 14787 14788 14832 14831
8694 14788 14789 14833 14832
8695 14789 14790 14834 14833
8696 14790 14791 14835 14834
8697 14791 14792 14836 14835
8698 14792 14793 14837 14836
8699 14793 14794 14838 14837
8700 14794 14795 14839 14838
8701 14795 14796 14840 14839
8702 14796 14797 14841 14840
8703 14797 14798 14842 14841
8704 14798 14799 14843 14842
8705 14799 14800 14844 14843
8706 14800 14801 14845 14844
8707 14801 14802 14846 14845
8708 14802 14803 14847 14846
8709 14803 14804 14848 14847
8710 14804 14805 14849 14848
8711 14805 14806 14850 14849
8712 14806 14807 14851 14850
8713 14807 14808 14852 14851
8714 14808 14809 14853 14852
8715 14809 14810 14854 14853
8716 14810 14811 14855 14854
8717 14811 14812 14856 14855
8718 14812 14813 14857 14856
8719 14813 14814 14858 14857
8720 14814 14815 14859 14858
8721 14815 14816 14860 14859
8722 14816 14817 14861 14860
8723 14817 14818 14862 14861
8724 14818 14819 14863 14862
8725 14819 14820 14864 14863
8726 14820 14821 14865 14864
8727 14821 14822 14866 14865
8728 14822 14823 14867 14866
8729 14823 14824 14868 14867
8730 14824 10628 10629 14868
8731 12067 14737 14781 12066
8732 14737 14738 14782 14781
8733 14738 14739 14783 14782
8734 14739 14740 14784 14783
8735 14740 14741 14785 14784
8736 14741 14742 14786 14785
8737 14742 14743 14787 14786
8738 14743 14744 14788 14787
8739 14744 14745 14789 14788
8740 14745 14746 14790 14789
8741 14746 14747 14791 14790
8742 14747 14748 14792 14791
8743 14748 14749 14793 14792
8744 14749 14750 14794 14793
8745 14750 14751 14795 14794
8746 14751 14752 14796 14795
8747 14752 14753 14797 14796
8748 14753 14754 14798 14797
8749 14754 14755 14799 14798
8750 14755 14756 14800 14799
8751 14756 14757 14801 14800
8752 14757 14758 14802 14801
8753 14758 14759 14803 14802
8754 14759 14760 14804 14803
8755 14760 14761 14805 14804
8756 14761 14762 14806 14805
8757 14762 14763 14807 14806
8758 14763 14764 14808 14807
8759 14764 14765 14809 14808
8760 14765 14766 14810 14809
8761 14766 14767 14811 14810
8762 14767 14768 14812 14811
8763 14768 14769 14813 14812
8764 14769 14770 14814 14813
8765 14770 14771 14815 14814
8766 14771 14772 14816 14815
8767 14772 14773 14817 14816
8768 14773 14774 14818 14817
8769 14774 14775 14819 14818
8770 14775 14776 14820 14819
8771 14776 14777 14821 14820
8772 14777 14778 14822 14821
8773 14778 14779 14823 14822
8774 14779 14780 14824 14823
8775 14780 10627 10628 14824
8776 12068 14693 14737 12067
8777 14693 14694 14738 14737
8778 14694 14695 14739 14738
8779 14695 14696 14740 14739
8780 14696 14697 14741 14740
8781 14697 14698 14742 14741
8782 14698 14699 14743 14742
8783 14699 14700 14744 14743
8784 14700 14701 14745 14744
8785 14701 14702 14746 14745
8786 14702 14703 14747 14746
8787 14703 14704 14748 14747
8788 14704 14705 14749 14748
8789 14705 14706 14750 14749
8790 14706 14707 14751 14750
8791 14707 14708 14752 14751
8792 14708 14709 14753 14752
8793 14709 14710 14754 14753
8794 14710 14711 14755 14754
8795 14711 14712 14756 14755
8796 14712 14713 14757 14756
8797 14713 14714 14758 14757
8798 14714 14715 14759 14758
8799 14715 14716 14760 14759
8800 14716 14717 14761 14760
8801 14717 14718 14762 14761
8802 14718 14719 14763 14762
8803 14719 14720 14764 14763
8804 14720 14721 14765 14764
8805 14721 14722 14766 14765
8806 14722 14723 14767 14766
8807 14723 14724 14768 14767
8808 14724 14725 14769 14768
8809 14725 14726 14770 14769
8810 14726 14727 14771 14770
8811 14727 14728 14772 14771
8812 14728 14729 14773 14772
8813 14729 14730 14774 14773
8814 14730 14731 14775 14774
8815 14731 14732 14776 14775
8816 14732 14733 14777 14776
8817 14733 14734 14778 14777
8818 14734 14735 14779 14778
8819 14735 14736 14780 14779
8820 14736 10626 10627 14780
8821 12069 14649 14693 12068
8822 14649 14650 14694 14693
8823 14650 14651 14695 14694
8824 14651 14652 14696 14695
8825 14652 14653 14697 14696
8826 14653 14654 14698 14697
8827 14654 14655 14699 14698
8828 14655 14656 14700 14699
8829 14656 14657 14701 14700
8830 14657 14658 14702 14701
8831 14658 14659 14703 14702
8832 14659 14660 14704 14703
8833 14660 14661 14705 14704
8834 14661 14662 14706 14705
8835 14662 14663 14707 14706
8836 14663 14664 14708 14707
8837 14664 14665 14709 14708
8838 14665 14666 14710 14709
8839 14666 14667 14711 14710
8840 14667 14668 14712 14711
8841 14668 14669 14713 14712
8842 14669 14670 14714 14713
8843 14670 14671 14715 14714
8844 14671 14672 14716 14715
8845 14672 14673 14717 14716
8846 14673 14674 14718 14717
8847 14674 14675 14719 14718
8848 14675 14676 14720 14719
8849 14676 14677 14721 14720
8850 14677 14678 14722 14721
8851 14678 14679 14723 14722
8852 14679 14680 14724 14723
8853 14680 14681 14725 14724
8854 14681 14682 14726 14725
8855 14682 14683 14727 14726
8856 14683 14684 14728 14727
8857 14684 14685 14729 14728
8858 14685 14686 14730 14729
8859 14686 14687 14731 14730
8860 14687 14688 14732 14731
8861 14688 14689 14733 14732
8862 14689 14690 14734 14733
8863 14690 14691 14735 14734
8864 14691 14692 14736 14735
8865 14692 10625 10626 14736
8866 12070 14605 14649 12069
8867 14605 14606 14650 14649
8868 14606 14607 14651 14650
8869 14607 14608 14652 14651
8870 14608 14609 14653 14652
8871 14609 14610 14654 14653
8872 14610 14611 14655 14654
8873 14611 14612 14656 14655
8874 14612 14613 14657 14656
8875 14613 14614 14658 14657
8876 14614 14615 14659 14658
8877 14615 14616 14660 14659
8878 14616 14617 14661 14660
8879 14617 14618 14662 14661
8880 14618 14619 14663 14662
8881 14619 14620 14664 14663
8882 14620 14621 14665 14664
8883 14621 14622 14666 14665
8884 14622 14623 14667 14666
8885 14623 14624 14668 14667
8886 14624 14625 14669 14668
8887 14625 14626 14670 14669
8888 14626 14627 14671 14670
8889 14627 14628 14672 14671
8890 14628 14629 14673 14672
8891 14629 14630 14674 14673
8892 14630 14631 14675 14674
8893 14631 14632 14676 14675
8894 14632 14633 14677 14676
8895 14633 14634 14678 14677
8896 14634 14635 14679 14678
8897 14635 14636 14680 14679
8898 14636 14637 14681 14680
8899 14637 14638 14682 14681
8900 14638 14639 14683 14682
8901 14639 14640 14684 14683
8902 14640 14641 14685 14684
8903 14641 14642 14686 14685
8904 14642 14643 14687 14686
8905 14643 14644 14688 14687
8906 14644 14645 14689 14688
8907 14645 14646 14690 14689
8908 14646 14647 14691 14690
8909 14647 14648 14692 14691
8910 14648 10624 10625 14692
8911 12071 14561 14605 12070
8912 14561 14562 14606 14605
8913 14562 14563 14607 14606
8914 14563 14564 14608 14607
8915 14564 14565 14609 14608
8916 14565 14566 14610 14609
8917 14566 14567 14611 14610
8918 14567 14568 14612 14611
8919 14568 14569 14613 14612
8920 14569 14570 14614 14613
8921 14570 14571 14615 14614
8922 14571 14572 14616 14615
8923 14572 14573 14617 14616
8924 14573 14574 14618 14617
8925 14574 14575 14619 14618
8926 14575 14576 14620 14619
8927 14576 14577 14621 14620
8928 14577 14578 14622 14621
8929 14578 14579 14623 14622
8930 14579 14580 14624 14623
8931 14580 14581 14625 14624
8932 14581 14582 14626 14625
8933 14582 14583 14627 14626
8934 14583 14584 14628 14627
8935 14584 14585 14629 14628
8936 14585 14586 14630 14629
8937 14586 14587 14631 14630
8938 14587 14588 14632 14631
8939 14588 14589 14633 14632
8940 14589 14590 14634 14633
8941 14590 14591 14635 14634
8942 14591 14592 14636 14635
8943 14592 14593 14637 14636
8944 14593 14594 14638 14637
8945 14594 14595 14639 14638
8946 14595 14596 14640 14639
8947 14596 14597 14641 14640
8948 14597 14598 14642 14641
8949 14598 14599 14643 14642
8950 14599 14600 14644 14643
8951 14600 14601 14645 14644
8952 14601 14602 14646 14645
8953 14602 14603 14647 14646
8954 14603 14604 14648 14647
8955 14604 10623 10624 14648
8956 12072 14517 14561 12071
8957 14517 14518 14562 14561
8958 14518 14519 14563 14562
8959 14519 14520 14564 14563
8960 14520 14521 14565 14564
8961 14521 14522 14566 14565
8962 14522 14523 14567 14566
8963 14523 14524 14568 14567
8964 14524 14525 14569 14568
8965 14525 14526 14570 14569
8966 14526 14527 14571 14570
8967 14527 14528 14572 14571
8968 14528 14529 14573 14572
8969 14529 14530 14574 14573
8970 14530 14531 14575 14574
8971 14531 14532 14576 14575
8972 14532 14533 14577 14576
8973 14533 14534 14578 14577
8974 14534 14535 14579 14578
8975 14535 14536 14580 14579
8976 14536 14537 14581 14580
8977 14537 14538 14582 14581
8978 14538 14539 14583 14582
8979 14539 14540 14584 14583
8980 14540 14541 14585 14584
8981 14541 14542 14586 14585
8982 14542 14543 14587 14586
8983 14543 14544 14588 14587
8984 14544 14545 14589 14588
8985 14545 14546 14590 14589
8986 14546 14547 14591 14590
8987 14547 14548 14592 14591
8988 14548 14549 14593 14592
8989 14549 14550 14594 14593
8990 14550 14551 14595 14594
8991 14551 14552 14596 14595
8992 14552 14553 14597 14596
8993 14553 14554 14598 14597
8994 14554 14555 14599 14598
8995 14555 14556 14600 14599
8996 14556 14557 14601 14600
8997 14557 14558 14602 14601
8998 14558 14559 14603 14602
8999 14559 14560 14604 14603
9000 14560 10622 10623 14604
9001 12073 14473 14517 12072
9002 14473 14474 14518 14517
9003 14474 14475 14519 14518
9004 14475 14476 14520 14519
9005 14476 14477 14521 14520
9006 14477 14478 14522 14521
9007 14478 14479 14523 14522
9008 14479 14480 14524 14523
9009 14480 14481 14525 14524
9010 14481 14482 14526 14525
9011 14482 14483 14527 14526
9012 14483 14484 14528 14527
9013 14484 14485 14529 14528
9014 14485 14486 14530 14529
9015 14486 14487 14531 14530
9016 14487 14488 14532 14531
9017 14488 14489 14533 14532
9018 14489 14490 14534 14533
9019 14490 14491 14535 14534
9020 14491 14492 14536 14535
9021 14492 14493 14537 14536
9022 14493 14494 14538 14537
9023 14494 14495 14539 14538
9024 14495 14496 14540 14539
9025 14496 14497 14541 14540
9026 14497 14498 14542 14541
9027 14498 14499 14543 14542
9028 14499 14500 14544 14543
9029 14500 14501 14545 14544
9030 14501 14502 14546 14545
9031 14502 14503 14547 14546
9032 14503 14504 14548 14547
9033 14504 14505 14549 14548
9034 14505 14506 14550 14549
9035 14506 14507 14551 14550
9036 14507 14508 14552 14551
9037 14508 14509 14553 14552
9038 14509 14510 14554 14553
9039 14510 14511 14555 14554
9040 14511 14512 14556 14555
9041 14512 14513 14557 14556
9042 14513 14514 14558 14557
9043 14514 14515 14559 14558
9044 14515 14516 14560 14559
9045 14516 10621 10622 14560
9046 12074 14429 14473 12073
9047 14429 14430 14474 14473
9048 14430 14431 14475 14474
9049 14431 14432 14476 14475
9050 14432 14433 14477 14476
9051 14433 14434 14478 14477
9052 14434 14435 14479 14478
9053 14435 14436 14480 14479
9054 14436 14437 14481 14480
9055 14437 14438 14482 14481
9056 14438 14439 14483 14482
9057 14439 14440 14484 14483
9058 14440 14441 14485 14484
9059 14441 14442 14486 14485
9060 14442 14443 14487 14486
9061 14443 14444 14488 14487
9062 14444 14445 14489 14488
9063 14445 14446 14490 14489
9064 14446 14447 14491 14490
9065 14447 14448 14492 14491
9066 14448 14449 14493 14492
9067 14449 14450 14494 14493
9068 14450 14451 14495 14494
9069 14451 14452 14496 14495
9070 14452 14453 14497 14496
9071 14453 14454 14498 14497
9072 14454 14455 14499 14498
9073 14455 14456 14500 14499
9074 14456 14457 14501 14500
9075 14457 14458 14502 14501
9076 14458 14459 14503 14502
9077 14459 14460 14504 14503
9078 14460 14461 14505 14504
9079 14461 14462 14506 14505
9080 14462 14463 14507 14506
9081 14463 14464 14508 14507
9082 14464 14465 14509 14508
9083 14465 14466 14510 14509
9084 14466 14467 14511 14510
9085 14467 14468 14512 14511
9086 14468 14469 14513 14512
9087 14469 14470 14514 14513
9088 14470 14471 14515 14514
9089 14471 14472 14516 14515
9090 14472 10620 10621 14516
9091 12075 14385 14429 12074
9092 14385 14386 14430 14429
9093 14386 14387 14431 14430
9094 14387 14388 14432 14431
9095 14388 14389 14433 14432
9096 14389 14390 14434 14433
9097 14390 14391 14435 14434
9098 14391 14392 14436 14435
9099 14392 14393 14437 14436
9100 14393 14394 14438 14437
9101 14394 14395 14439 14438
9102 14395 14396 14440 14439
9103 14396 14397 14441 14440
9104 14397 14398 14442 14441
9105 14398 14399 14443 14442
9106 14399 14400 14444 14443
9107 14400 14401 14445 14444
9108 14401 14402 14446 14445
9109 14402 14403 14447 14446
9110 14403 14404 14448 14447
9111 14404 14405 14449 14448
9112 14405 14406 14450 14449
9113 14406 14407 14451 14450
9114 14407 14408 14452 14451
9115 14408 14409 14453 14452
9116 14409 14410 14454 14453
9117 14410 14411 14455 14454
9118 14411 14412 14456 14455
9119 14412 14413 14457 14456
9120 14413 14414 14458 14457
9121 14414 14415 14459 14458
9122 14415 14416 14460 14459
9123 14416 14417 14461 14460
9124 14417 14418 14462 14461
9125 14418 14419 14463 14462
9126 14419 14420 14464 14463
9127 14420 14421 14465 14464
9128 14421 14422 14466 14465
9129 14422 14423 14467 14466
9130 14423 14424 14468 14467
9131 14424 14425 14469 14468
9132 14425 14426 14470 14469
9133 14426 14427 14471 14470
9134 14427 14428 14472 14471
9135 14428 10619 10620 14472
9136 12076 14341 14385 12075
9137 14341 14342 14386 14385
9138 14342 14343 14387 14386
9139 14343 14344 14388 14387
9140 14344 14345 14389 14388
9141 14345 14346 14390 14389
9142 14346 14347 14391 14390
9143 14347 14348 14392 14391
9144 14348 14349 14393 14392
9145 14349 14350 14394 14393
9146 14350 14351 14395 14394
9147 14351 14352 14396 14395
9148 14352 14353 14397 14396
9149 14353 14354 14398 14397
9150 14354 14355 14399 14398
9151 14355 14356 14400 14399
9152 14356 14357 14401 14400
9153 14357 14358 14402 14401
9154 14358 14359 14403 14402
9155 14359 14360 14404 14403
9156 14360 14361 14405 14404
9157 14361 14362 14406 14405
9158 14362 14363 14407 14406
9159 14363 14364 14408 14407
9160 14364 14365 14409 14408
9161 14365 14366 14410 14409
9162 14366 14367 14411 14410
9163 14367 14368 14412 14411
9164 14368 14369 14413 14412
9165 14369 14370 14414 14413
9166 14370 14371 14415 14414
9167 14371 14372 14416 14415
9168 14372 14373 14417 14416
9169 14373 14374 14418 14417
9170 14374 14375 14419 14418
9171 14375 14376 14420 14419
9172 14376 14377 14421 14420
9173 14377 14378 14422 14421
9174 14378 14379 14423 14422
9175 14379 14380 14424 14423
9176 14380 14381 14425 14424
9177 14381 14382 14426 14425
9178 14382 14383 14427 14426
9179 14383 14384 14428 14427
9180 14384 10618 10619 14428
9181 12077 14297 14341 12076
9182 14297 14298 14342 14341
9183 14298 14299 14343 14342
9184 14299 14300 14344 14343
9185 14300 14301 14345 14344
9186 14301 14302 14346 14345
9187 14302 14303 14347 14346
9188 14303 14304 14348 14347
9189 14304 14305 14349 14348
9190 14305 14306 14350 14349
9191 14306 14307 14351 14350
9192 14307 14308 14352 14351
9193 14308 14309 14353 14352
9194 14309 14310 14354 14353
9195 14310 14311 14355 14354
9196 14311 14312 14356 14355
9197 14312 14313 14357 14356
9198 14313 14314 14358 14357
9199 14314 14315 14359 14358
9200 14315 14316 14360 14359
9201 14316 14317 14361 14360
9202 14317 14318 14362 14361
9203 14318 14319 14363 14362
9204 14319 14320 14364 14363
9205 14320 14321 14365 14364
9206 14321 14322 14366 14365
9207 14322 14323 14367 14366
9208 14323 14324 14368 14367
9209 14324 14325 14369 14368
9210 14325 14326 14370 14369
9211 14326 14327 14371 14370
9212 14327 14328 14372 14371
9213 14328 14329 14373 14372
9214 14329 14330 14374 14373
9215 14330 14331 14375 14374
9216 14331 14332 14376 14375
9217 14332 14333 14377 14376
9218 14333 14334 14378 14377
9219 14334 14335 14379 14378
9220 14335 14336 14380 14379
9221 14336 14337 14381 14380
9222 14337 14338 14382 14381
9223 14338 14339 14383 14382
9224 14339 14340 14384 14383
9225 14340 10617 10618 14384
9226 12078 14253 14297 12077
9227 14253 14254 14298 14297
9228 14254 14255 14299 14298
9229 14255 14256 14300 14299
9230 14256 14257 14301 14300
9231 14257 14258 14302 14301
9232 14258 14259 14303 14302
9233 14259 14260 14304 14303
9234 14260 14261 14305 14304
9235 14261 14262 14306 14305
9236 14262 14263 14307 14306
9237 14263 14264 14308 14307
9238 14264 14265 14309 14308
9239 14265 14266 14310 14309
9240 14266 14267 14311 14310
9241 14267 14268 14312 14311
9242 14268 14269 14313 14312
9243 14269 14270 14314 14313
9244 14270 14271 14315 14314
9245 14271 14272 14316 14315
9246 14272 14273 14317 14316
9247 14273 14274 14318 14317
9248 14274 14275 14319 14318
9249 14275 14276 14320 14319
9250 14276 14277 14321 14320
9251 14277 14278 14322 14321
9252 14278 14279 14323 14322
9253 14279 14280 14324 14323
9254 14280 14281 14325 14324
9255 14281 14282 14326 14325
9256 14282 14283 14327 14326
9257 14283 14284 14328 14327
9258 14284 14285 14329 14328
9259 14285 14286 14330 14329
9260 14286 14287 14331 14330
9261 14287 14288 14332 14331
9262 14288 14289 14333 14332
9263 14289 14290 14334 14333
9264 14290 14291 14335 14334
9265 14291 14292 14336 14335
9266 14292 14293 14337 14336
9267 14293 14294 14338 14337
9268 14294 14295 14339 14338
9269 14295 14296 14340 14339
9270 14296 10616 10617 14340
9271 12079 14209 14253 12078
9272 14209 14210 14254 14253
9273 14210 14211 14255 14254
9274 14211 14212 14256 14255
9275 14212 14213 14257 14256
9276 14213 14214 14258 14257
9277 14214 14215 14259 14258
9278 14215 14216 14260 14259
9279 14216 14217 14261 14260
9280 14217 14218 14262 14261
9281 14218 14219 14263 14262
9282 14219 14220 14264 14263
9283 14220 14221 14265 14264
9284 14221 14222 14266 14265
9285 14222 14223 14267 14266
9286 14223 14224 14268 14267
9287 14224 14225 14269 14268
9288 14225 14226 14270 14269
9289 14226 14227 14271 14270
9290 14227 14228 14272 14271
9291 14228 14229 14273 14272
9292 14229 14230 14274 14273
9293 14230 14231 14275 14274
9294 14231 14232 14276 14275
9295 14232 14233 14277 14276
9296 14233 14234 14278 14277
9297 14234 14235 14279 14278
9298 14235 14236 14280 14279
9299 14236 14237 14281 14280
9300 14237 14238 14282 14281
9301 14238 14239 14283 14282
9302 14239 14240 14284 14283
9303 14240 14241 14285 14284
9304 14241 14242 14286 14285
9305 14242 14243 14287 14286
9306 14243 14244 14288 14287
9307 14244 14245 14289 14288
9308 14245 14246 14290 14289
9309 14246 14247 14291 14290
9310 14247 14248 14292 14291
9311 14248 14249 14293 14292
9312 14249 14250 14294 14293
9313 14250 14251 14295 14294
9314 14251 14252 14296 14295
9315 14252 10615 10616 14296
9316 12080 14165 14209 12079
9317 14165 14166 14210 14209
9318 14166 14167 14211 14210
9319 14167 14168 14212 14211
9320 14168 14169 14213 14212
9321 14169 14170 14214 14213
9322 14170 14171 14215 14214
9323 14171 14172 14216 14215
9324 14172 14173 14217 14216
9325 14173 14174 14218 14217
9326 14174 14175 14219 14218
9327 14175 14176 14220 14219
9328 14176 14177 14221 14220
9329 14177 14178 14222 14221
9330 14178 14179 14223 14222
9331 14179 14180 14224 14223
9332 14180 14181 14225 14224
9333 14181 14182 14226 14225
9334 14182 14183 14227 14226
9335 14183 14184 14228 14227
9336 14184 14185 14229 14228
9337 14185 14186 14230 14229
9338 14186 14187 14231 14230
9339 14187 14188 14232 14231
9340 14188 14189 14233 14232
9341 14189 14190 14234 14233
9342 14190 14191 14235 14234
9343 14191 14192 14236 14235
9344 14192 14193 14237 14236
9345 14193 14194 14238 14237
9346 14194 14195 14239 14238
9347 14195 14196 14240 14239
9348 14196 14197 14241 14240
9349 14197 14198 14242 14241
9350 14198 14199 14243 14242
9351 14199 14200 14244 14243
9352 14200 14201 14245 14244
9353 14201 14202 14246 14245
9354 14202 14203 14247 14246
9355 14203 14204 14248 14247
9356 14204 14205 14249 14248
9357 14205 14206 14250 14249
9358 14206 14207 14251 14250
9359 14207 14208 14252 14251
9360 14208 10614 10615 14252
9361 12081 14121 14165 12080
9362 14121 14122 14166 14165
9363 14122 14123 14167 14166
9364 14123 14124 14168 14167
9365 14124 14125 14169 14168
9366 14125 14126 14170 14169
9367 14126 14127 14171 14170
9368 14127 14128 14172 14171
9369 14128 14129 14173 14172
9370 14129 14130 14174 14173
9371 14130 14131 14175 14174
9372 14131 14132 14176 14175
9373 14132 14133 14177 14176
9374 14133 14134 14178 14177
9375 14134 14135 14179 14178
9376 14135 14136 14180 14179
9377 14136 14137 14181 14180
9378 14137 14138 14182 14181
9379 14138 14139 14183 14182
9380 14139 14140 14184 14183
9381 14140 14141 14185 14184
9382 14141 14142 14186 14185
9383 14142 14143 14187 14186
9384 14143 14144 14188 14187
9385 14144 14145 14189 14188
9386 14145 14146 14190 14189
9387 14146 14147 14191 14190
9388 14147 14148 14192 14191
9389 14148 14149 14193 14192
9390 14149 14150 14194 14193
9391 14150 14151 14195 14194
9392 14151 14152 14196 14195
9393 14152 14153 14197 14196
9394 14153 14154 14198 14197
9395 14154 14155 14199 14198
9396 14155 14156 14200 14199
9397 14156 14157 14201 14200
9398 14157 14158 14202 14201
9399 14158 14159 14203 14202
9400 14159 14160 14204 14203
9401 14160 14161 14205 14204
9402 14161 14162 14206 14205
9403 14162 14163 14207 14206
9404 14163 14164 14208 14207
9405 14164 10613 10614 14208
9406 12082 14077 14121 12081
9407 14077 14078 14122 14121
9408 14078 14079 14123 14122
9409 14079 14080 14124 14123
9410 14080 14081 14125 14124
9411 14081 14082 14126 14125
9412 14082 14083 14127 14126
9413 14083 14084 14128 14127
9414 14084 14085 14129 14128
9415 14085 14086 14130 14129
9416 14086 14087 14131 14130
9417 14087 14088 14132 14131
9418 14088 14089 14133 14132
9419 14089 14090 14134 14133
9420 14090 14091 14135 14134
9421 14091 14092 14136 14135
9422 14092 14093 14137 14136
9423 14093 14094 14138 14137
9424 14094 14095 14139 14138
9425 14095 14096 14140 14139
9426 14096 14097 14141 14140
9427 14097 14098 14142 14141
9428 14098 14099 14143 14142
9429 14099 14100 14144 14143
9430 14100 14101 14145 14144
9431 14101 14102 14146 14145
9432 14102 14103 14147 14146
9433 14103 14104 14148 14147
9434 14104 14105 14149 14148
9435 14105 14106 14150 14149
9436 14106 14107 14151 14150
9437 14107 14108 14152 14151
9438 14108 14109 14153 14152
9439 14109 14110 14154 14153
9440 14110 14111 14155 14154
9441 14111 14112 14156 14155
9442 14112 14113 14157 14156
9443 14113 14114 14158 14157
9444 14114 14115 14159 14158
9445 14115 14116 14160 14159
9446 14116 14117 14161 14160
9447 14117 14118 14162 14161
9448 14118 14119 14163 14162
9449 14119 14120 14164 14163
9450 14120 10612 10613 14164
9451 12083 14033 14077 12082
9452 14033 14034 14078 14077
9453 14034 14035 14079 14078
9454 14035 14036 14080 14079
9455 14036 14037 14081 14080
9456 14037 14038 14082 14081
9457 14038 14039 14083 14082
9458 14039 14040 14084 14083
9459 14040 14041 14085 14084
9460 14041 14042 14086 14085
9461 14042 14043 14087 14086
9462 14043 14044 14088 14087
9463 14044 14045 14089 14088
9464 14045 14046 14090 14089
9465 14046 14047 14091 14090
9466 14047 14048 14092 14091
9467 14048 14049 14093 14092
9468 14049 14050 14094 14093
9469 14050 14051 14095 14094
9470 14051 14052 14096 14095
9471 14052 14053 14097 14096
9472 14053 14054 14098 14097
9473 14054 14055 14099 14098
9474 14055 14056 14100 14099
9475 14056 14057 14101 14100
9476 14057 14058 14102 14101
9477 14058 14059 14103 14102
9478 14059 14060 14104 14103
9479 14060 14061 14105 14104
9480 14061 14062 14106 14105
9481 14062 14063 14107 14106
9482 14063 14064 14108 14107
9483 14064 14065 14109 14108
9484 14065 14066 14110 14109
9485 14066 14067 14111 14110
9486 14067 14068 14112 14111
9487 14068 14069 14113 14112
9488 14069 14070 14114 14113
9489 14070 14071 14115 14114
9490 14071 14072 14116 14115
9491 14072 14073 14117 14116
9492 14073 14074 14118 14117
9493 14074 14075 14119 14118
9494 14075 14076 14120 14119
9495 14076 10611 10612 14120
9496 12084 13989 14033 12083
9497 13989 13990 14034 14033
9498 13990 13991 14035 14034
9499 13991 13992 14036 14035
9500 13992 13993 14037 14036
9501 13993 13994 14038 14037
9502 13994 13995 14039 14038
9503 13995 13996 14040 14039
9504 13996 13997 14041 14040
9505 13997 13998 14042 14041
9506 13998 13999 14043 14042
9507 13999 14000 14044 14043
9508 14000 14001 14045 14044
9509 14001 14002 14046 14045
9510 14002 14003 14047 14046
9511 14003 14004 14048 14047
9512 14004 14005 14049 14048
9513 14005 14006 14050 14049
9514 14006 14007 14051 14050
9515 14007 14008 14052 14051
9516 14008 14009 14053 14052
9517 14009 14010 14054 14053
9518 14010 14011 14055 14054
9519 14011 14012 14056 14055
9520 14012 14013 14057 14056
9521 14013 14014 14058 14057
9522 14014 14015 14059 14058
9523 14015 14016 14060 14059
9524 14016 14017 14061 14060
9525 14017 14018 14062 14061
9526 14018 14019 14063 14062
9527 14019 14020 14064 14063
9528 14020 14021 14065 14064
9529 14021 14022 14066 14065
9530 14022 14023 14067 14066
9531 14023 14024 14068 14067
9532 14024 14025 14069 14068
9533 14025 14026 14070 14069
9534 14026 14027 14071 14070
9535 14027 14028 14072 14071
9536 14028 14029 14073 14072
9537 14029 14030 14074 14073
9538 14030 14031 14075 14074
9539 14031 14032 14076 14075
9540 14032 10610 10611 14076
9541 12085 13945 13989 12084
9542 13945 13946 13990 13989
9543 13946 13947 13991 13990
9544 13947 13948 13992 13991
9545 13948 13949 13993 13992
9546 13949 13950 13994 13993
9547 13950 13951 13995 13994
9548 13951 13952 13996 13995
9549 13952 13953 13997 13996
9550 13953 13954 13998 13997
9551 13954 13955 13999 13998
9552 13955 13956 14000 13999
9553 13956 13957 14001 14000
9554 13957 13958 14002 14001
9555 13958 13959 14003 14002
9556 13959 13960 14004 14003
9557 13960 13961 14005 14004
9558 13961 13962 14006 14005
9559 13962 13963 14007 14006
9560 13963 13964 14008 14007
9561 13964 13965 14009 14008
9562 13965 13966 14010 14009
9563 13966 13967 14011 14010
9564 13967 13968 14012 14011
9565 13968 13969 14013 14012
9566 13969 13970 14014 14013
9567 13970 13971 14015 14014
9568 13971 13972 14016 14015
9569 13972 13973 14017 14016
9570 13973 13974 14018 14017
9571 13974 13975 14019 14018
9572 13975 13976 14020 14019
9573 13976 13977 14021 14020
9574 13977 13978 14022 14021
9575 13978 13979 14023 14022
9576 13979 13980 14024 14023
9577 13980 13981 14025 14024
9578 13981 13982 14026 14025
9579 13982 13983 14027 14026
9580 13983 13984 14028 14027
9581 13984 13985 14029 14028
9582 13985 13986 14030 14029
9583 13986 13987 14031 14030
9584 13987 13988 14032 14031
9585 13988 10609 10610 14032
9586 12086 13901 13945 12085
9587 13901 13902 13946 13945
9588 13902 13903 13947 13946
9589 13903 13904 13948 13947
9590 13904 13905 13949 13948
9591 13905 13906 13950 13949
9592 13906 13907 13951 13950
9593 13907 13908 13952 13951
9594 13908 13909 13953 13952
9595 13909 13910 13954 13953
9596 13910 13911 13955 13954
9597 13911 13912 13956 13955
9598 13912 13913 13957 13956
9599 13913 13914 13958 13957
9600 13914 13915 13959 13958
9601 13915 13916 13960 13959
9602 13916 13917 13961 13960
9603 13917 13918 13962 13961
9604 13918 13919 13963 13962
9605 13919 13920 13964 13963
9606 13920 13921 13965 13964
9607 13921 13922 13966 13965
9608 13922 13923 13967 13966
9609 13923 13924 13968 13967
9610 13924 13925 13969 13968
9611 13925 13926 13970 13969
9612 13926 13927 13971 13970
9613 13927 13928 13972 13971
9614 13928 13929 13973 13972
9615 13929 13930 13974 13973
9616 13930 13931 13975 13974
9617 13931 13932 13976 13975
9618 13932 13933 13977 13976
9619 13933 13934 13978 13977
9620 13934 13935 13979 13978
9621 13935 13936 13980 13979
9622 13936 13937 13981 13980
9623 13937 13938 13982 13981
9624 13938 13939 13983 13982
9625 13939 13940 13984 13983
9626 13940 13941 13985 13984
9627 13941 13942 13986 13985
9628 13942 13943 13987 13986
9629 13943 13944 13988 13987
9630 13944 10608 10609 13988
9631 12087 13857 13901 12086
9632 13857 13858 13902 13901
9633 13858 13859 13903 13902
9634 13859 13860 13904 13903
9635 13860 13861 13905 13904
9636 13861 13862 13906 13905
9637 13862 13863 13907 13906
9638 13863 13864 13908 13907
9639 13864 13865 13909 13908
9640 13865 13866 13910 13909
9641 13866 13867 13911 13910
9642 13867 13868 13912 13911
9643 13868 13869 13913 13912
9644 13869 13870 13914 13913
9645 13870 13871 13915 13914
9646 13871 13872 13916 13915
9647 13872 13873 13917 13916
9648 13873 13874 13918 13917
9649 13874 13875 13919 13918
9650 13875 13876 13920 13919
9651 13876 13877 13921 13920
9652 13877 13878 13922 13921
9653 13878 13879 13923 13922
9654 13879 13880 13924 13923
9655 13880 13881 13925 13924
9656 13881 13882 13926 13925
9657 13882 13883 13927 13926
9658 13883 13884 13928 13927
9659 13884 13885 13929 13928
9660 13885 13886 13930 13929
9661 13886 13887 13931 13930
9662 13887 13888 13932 13931
9663 13888 13889 13933 13932
9664 13889 13890 13934 13933
9665 13890 13891 13935 13934
9666 13891 13892 13936 13935
9667 13892 13893 13937 13936
9668 13893 13894 13938 13937
9669 13894 13895 13939 13938
9670 13895 13896 13940 13939
9671 13896 13897 13941 13940
9672 13897 13898 13942 13941
9673 13898 13899 13943 13942
9674 13899 13900 13944 13943
9675 13900 10607 10608 13944
9676 12088 13813 13857 12087
9677 13813 13814 13858 13857
9678 13814 13815 13859 13858
9679 13815 13816 13860 13859
9680 13816 13817 13861 13860
9681 13817 13818 13862 13861
9682 13818 13819 13863 13862
9683 13819 13820 13864 13863
9684 13820 13821 13865 13864
9685 13821 13822 13866 13865
9686 13822 13823 13867 13866
9687 13823 13824 13868 13867
9688 13824 13825 13869 13868
9689 13825 13826 13870 13869
9690 13826 13827 13871 13870
9691 13827 13828 13872 13871
9692 13828 13829 13873 13872
9693 13829 13830 13874 13873
9694 13830 13831 13875 13874
9695 13831 13832 13876 13875
9696 13832 13833 13877 13876
9697 13833 13834 13878 13877
9698 13834 13835 13879 13878
9699 13835 13836 13880 13879
9700 13836 13837 13881 13880
9701 13837 13838 13882 13881
9702 13838 13839 13883 13882
9703 13839 13840 13884 13883
9704 13840 13841 13885 13884
9705 13841 13842 13886 13885
9706 13842 13843 13887 13886
9707 13843 13844 13888 13887
9708 13844 13845 13889 13888
9709 13845 13846 13890 13889
9710 13846 13847 13891 13890
9711 13847 13848 13892 13891
9712 13848 13849 13893 13892
9713 13849 13850 13894 13893
9714 13850 13851 13895 13894
9715 13851 13852 13896 13895
9716 13852 13853 13897 13896
9717 13853 13854 13898 13897
9718 13854 13855 13899 13898
9719 13855 13856 13900 13899
9720 13856 10606 10607 13900
9721 12089 13769 13813 12088
9722 13769 13770 13814 13813
9723 13770 13771 13815 13814
9724 13771 13772 13816 13815
9725 13772 13773 13817 13816
9726 13773 13774 13818 13817
9727 13774 13775 13819 13818
9728 13775 13776 13820 13819
9729 13776 13777 13821 13820
9730 13777 13778 13822 13821
9731 13778 13779 13823 13822
9732 13779 13780 13824 13823
9733 13780 13781 13825 13824
9734 13781 13782 13826 13825
9735 13782 13783 13827 13826
9736 13783 13784 13828 13827
9737 13784 13785 13829 13828
9738 13785 13786 13830 13829
9739 13786 13787 13831 13830
9740 13787 13788 13832 13831
9741 13788 13789 13833 13832
9742 13789 13790 13834 13833
9743 13790 13791 13835 13834
9744 13791 13792 13836 13835
9745 13792 13793 13837 13836
9746 13793 13794 13838 13837
9747 13794 13795 13839 13838
9748 13795 13796 13840 13839
9749 13796 13797 13841 13840
9750 13797 13798 13842 13841
9751 13798 13799 13843 13842
9752 13799 13800 13844 13843
9753 13800 13801 13845 13844
9754 13801 13802 13846 13845
9755 13802 13803 13847 13846
9756 13803 13804 13848 13847
9757 13804 13805 13849 13848
9758 13805 13806 13850 13849
9759 13806 13807 13851 13850
9760 13807 13808 13852 13851
9761 13808 13809 13853 13852
9762 13809 13810 13854 13853
9763 13810 13811 13855 13854
9764 13811 13812 13856 13855
9765 13812 10605 10606 13856
9766 12090 13725 13769 12089
9767 13725 13726 13770 13769
9768 13726 13727 13771 13770
9769 13727 13728 13772 13771
9770 13728 13729 13773 13772
9771 13729 13730 13774 13773
9772 13730 13731 13775 13774
9773 13731 13732 13776 13775
9774 13732 13733 13777 13776
9775 13733 13734 13778 13777
9776 13734 13735 13779 13778
9777 13735 13736 13780 13779
9778 13736 13737 13781 13780
9779 13737 13738 13782 13781
9780 13738 13739 13783 13782
9781 13739 13740 13784 13783
9782 13740 13741 13785 13784
9783 13741 13742 13786 13785
9784 13742 13743 13787 13786
9785 13743 13744 13788 13787
9786 13744 13745 13789 13788
9787 13745 13746 13790 13789
9788 13746 13747 13791 13790
9789 13747 13748 13792 13791
9790 13748 13749 13793 13792
9791 13749 13750 13794 13793
9792 13750 13751 13795 13794
9793 13751 13752 13796 13795
9794 13752 13753 13797 13796
9795 13753 13754 13798 13797
9796 13754 13755 13799 13798
9797 13755 13756 13800 13799
9798 13756 13757 13801 13800
9799 13757 13758 13802 13801
9800 13758 13759 13803 13802
9801 13759 13760 13804 13803
9802 13760 13761 13805 13804
9803 13761 13762 13806 13805
9804 13762 13763 13807 13806
9805 13763 13764 13808 13807
9806 13764 13765 13809 13808
9807 13765 13766 13810 13809
9808 13766 13767 13811 13810
9809 13767 13768 13812 13811
9810 13768 10604 10605 13812
9811 12091 13681 13725 12090
9812 13681 13682 13726 13725
9813 13682 13683 13727 13726
9814 13683 13684 13728 13727
9815 13684 13685 13729 13728
9816 13685 13686 13730 13729
9817 13686 13687 13731 13730
9818 13687 13688 13732 13731
9819 13688 13689 13733 13732
9820 13689 13690 13734 13733
9821 13690 13691 13735 13734
9822 13691 13692 13736 13735
9823 13692 13693 13737 13736
9824 13693 13694 13738 13737
9825 13694 13695 13739 13738
9826 13695 13696 13740 13739
9827 13696 13697 13741 13740
9828 13697 13698 13742 13741
9829 13698 13699 13743 13742
9830 13699 13700 13744 13743
9831 13700 13701 13745 13744
9832 13701 13702 13746 13745
9833 13702 13703 13747 13746
9834 13703 13704 13748 13747
9835 13704 13705 13749 13748
9836 13705 13706 13750 13749
9837 13706 13707 13751 13750
9838 13707 13708 13752 13751
9839 13708 13709 13753 13752
9840 13709 13710 13754 13753
9841 13710 13711 13755 13754
9842 13711 13712 13756 13755
9843 13712 13713 13757 13756
9844 13713 13714 13758 13757
9845 13714 13715 13759 13758
9846 13715 13716 13760 13759
9847 13716 13717 13761 13760
9848 13717 13718 13762 13761
9849 13718 13719 13763 13762
9850 13719 13720 13764 13763
9851 13720 13721 13765 13764
9852 13721 13722 13766 13765
9853 13722 13723 13767 13766
9854 13723 13724 13768 13767
9855 13724 10603 10604 13768
9856 12092 13637 13681 12091
9857 13637 13638 13682 13681
9858 13638 13639 13683 13682
9859 13639 13640 13684 13683
9860 13640 13641 13685 13684
9861 13641 13642 13686 13685
9862 13642 13643 13687 13686
9863 13643 13644 13688 13687
9864 13644 13645 13689 13688
9865 13645 13646 13690 13689
9866 13646 13647 13691 13690
9867 13647 13648 13692 13691
9868 13648 13649 13693 13692
9869 13649 13650 13694 13693
9870 13650 13651 13695 13694
9871 13651 13652 13696 13695
9872 13652 13653 13697 13696
9873 13653 13654 13698 13697
9874 13654 13655 13699 13698
9875 13655 13656 13700 13699
9876 13656 13657 13701 13700
9877 13657 13658 13702 13701
9878 13658 13659 13703 13702
9879 13659 13660 13704 13703
9880 13660 13661 13705 13704
9881 13661 13662 13706 13705
9882 13662 13663 13707 13706
9883 13663 13664 13708 13707
9884 13664 13665 13709 13708
9885 13665 13666 13710 13709
9886 13666 13667 13711 13710
9887 13667 13668 13712 13711
9888 13668 13669 13713 13712
9889 13669 13670 13714 13713
9890 13670 13671 13715 13714
9891 13671 13672 13716 13715
9892 13672 13673 13717 13716
9893 13673 13674 13718 13717
9894 13674 13675 13719 13718
9895 13675 13676 13720 13719
9896 13676 13677 13721 13720
9897 13677 13678 13722 13721
9898 13678 13679 13723 13722
9899 13679 13680 13724 13723
9900 13680 10602 10603 13724
9901 12093 13593 13637 12092
9902 13593 13594 13638 13637
9903 13594 13595 13639 13638
9904 13595 13596 13640 13639
9905 13596 13597 13641 13640
9906 13597 13598 13642 13641
9907 13598 13599 13643 13642
9908 13599 13600 13644 13643
9909 13600 13601 13645 13644
9910 13601 13602 13646 13645
9911 13602 13603 13647 13646
9912 13603 13604 13648 13647
9913 13604 13605 13649 13648
9914 13605 13606 13650 13649
9915 13606 13607 13651 13650
9916 13607 13608 13652 13651
9917 13608 13609 13653 13652
9918 13609 13610 13654 13653
9919 13610 13611 13655 13654
9920 13611 13612 13656 13655
9921 13612 13613 13657 13656
9922 13613 13614 13658 13657
9923 13614 13615 13659 13658
9924 13615 13616 13660 13659
9925 13616 13617 13661 13660
9926 13617 13618 13662 13661
9927 13618 13619 13663 13662
9928 13619 13620 13664 13663
9929 13620 13621 13665 13664
9930 13621 13622 13666 13665
9931 13622 13623 13667 13666
9932 13623 13624 13668 13667
9933 13624 13625 13669 13668
9934 13625 13626 13670 13669
9935 13626 13627 13671 13670
9936 13627 13628 13672 13671
9937 13628 13629 13673 13672
9938 13629 13630 13674 13673
9939 13630 13631 13675 13674
9940 13631 13632 13676 13675
9941 13632 13633 13677 13676
9942 13633 13634 13678 13677
9943 13634 13635 13679 13678
9944 13635 13636 13680 13679
9945 13636 10601 10602 13680
9946 12094 13549 13593 12093
9947 13549 13550 13594 13593
9948 13550 13551 13595 13594
9949 13551 13552 13596 13595
9950 13552 13553 13597 13596
9951 13553 13554 13598 13597
9952 13554 13555 13599 13598
9953 13555 13556 13600 13599
9954 13556 13557 13601 13600
9955 13557 13558 13602 13601
9956 13558 13559 13603 13602
9957 13559 13560 13604 13603
9958 13560 13561 13605 13604
9959 13561 13562 13606 13605
9960 13562 13563 13607 13606
9961 13563 13564 13608 13607
9962 13564 13565 13609 13608
9963 13565 13566 13610 13609
9964 13566 13567 13611 13610
9965 13567 13568 13612 13611
9966 13568 13569 13613 13612
9967 13569 13570 13614 13613
9968 13570 13571 13615 13614
9969 13571 13572 13616 13615
9970 13572 13573 13617 13616
9971 13573 13574 13618 13617
9972 13574 13575 13619 13618
9973 13575 13576 13620 13619
9974 13576 13577 13621 13620
9975 13577 13578 13622 13621
9976 13578 13579 13623 13622
9977 13579 13580 13624 13623
9978 13580 13581 13625 13624
9979 13581 13582 13626 13625
9980 13582 13583 13627 13626
9981 13583 13584 13628 13627
9982 13584 13585 13629 13628
9983 13585 13586 13630 13629
9984 13586 13587 13631 13630
9985 13587 13588 13632 13631
9986 13588 13589 13633 13632
9987 13589 13590 13634 13633
9988 13590 13591 13635 13634
9989 13591 13592 13636 13635
9990 13592 10600 10601 13636
9991 12095 13505 13549 12094
9992 13505 13506 13550 13549
9993 13506 13507 13551 13550
9994 13507 13508 13552 13551
9995 13508 13509 13553 13552
9996 13509 13510 13554 13553
9997 13510 13511 13555 13554
9998 13511 13512 13556 13555
9999 13512 13513 13557 13556
10000 13513 13514 13558 13557
10001 13514 13515 13559 13558
10002 13515 13516 13560 13559
10003 13516 13517 13561 13560
10004 13517 13518 13562 13561
10005 13518 13519 13563 13562
10006 13519 13520 13564 13563
10007 13520 13521 13565 13564
10008 13521 13522 13566 13565
10009 13522 13523 13567 13566
10010 13523 13524 13568 13567
10011 13524 13525 13569 13568
10012 13525 13526 13570 13569
10013 13526 13527 13571 13570
10014 13527 13528 13572 13571
10015 13528 13529 13573 13572
10016 13529 13530 13574 13573
10017 13530 13531 13575 13574
10018 13531 13532 13576 13575
10019 13532 13533 13577 13576
10020 13533 13534 13578 13577
10021 13534 13535 13579 13578
10022 13535 13536 13580 13579
10023 13536 13537 13581 13580
10024 13537 13538 13582 13581
10025 13538 13539 13583 13582
10026 13539 13540 13584 13583
10027 13540 13541 13585 13584
10028 13541 13542 13586 13585
10029 13542 13543 13587 13586
10030 13543 13544 13588 13587
10031 13544 13545 13589 13588
10032 13545 13546 13590 13589
10033 13546 13547 13591 13590
10034 13547 13548 13592 13591
10035 13548 10599 10600 13592
10036 12096 13461 13505 12095
10037 13461 13462 13506 13505
10038 13462 13463 13507 13506
10039 13463 13464 13508 13507
10040 13464 13465 13509 13508
10041 13465 13466 13510 13509
10042 13466 13467 13511 13510
10043 13467 13468 13512 13511
10044 13468 13469 13513 13512
10045 13469 13470 13514 13513
10046 13470 13471 13515 13514
10047 13471 13472 13516 13515
10048 13472 13473 13517 13516
10049 13473 13474 13518 13517
10050 13474 13475 13519 13518
10051 13475 13476 13520 13519
10052 13476 13477 13521 13520
10053 13477 13478 13522 13521
10054 13478 13479 13523 13522
10055 13479 13480 13524 13523
10056 13480 13481 13525 13524
10057 13481 13482 13526 13525
10058 13482 13483 13527 13526
10059 13483 13484 13528 13527
10060 13484 13485 13529 13528
10061 13485 13486 13530 13529
10062 13486 13487 13531 13530
10063 13487 13488 13532 13531
10064 13488 13489 13533 13532
10065 13489 13490 13534 13533
10066 13490 13491 13535 13534
10067 13491 13492 13536 13535
10068 13492 13493 13537 13536
10069 13493 13494 13538 13537
10070 13494 13495 13539 13538
10071 13495 13496 13540 13539
10072 13496 13497 13541 13540
10073 13497 13498 13542 13541
10074 13498 13499 13543 13542
10075 13499 13500 13544 13543
10076 13500 13501 13545 13544
10077 13501 13502 13546 13545
10078 13502 13503 13547 13546
10079 13503 13504 13548 13547
10080 13504 10598 10599 13548
10081 12037 12757 13461 12096
10082 12757 12758 13462 13461
10083 12758 12759 13463 13462
10084 12759 12760 13464 13463
10085 12760 12761 13465 13464
10086 12761 12762 13466 13465
10087 12762 12763 13467 13466
10088 12763 12764 13468 13467
10089 12764 12765 13469 13468
10090 12765 12766 13470 13469
10091 12766 12767 13471 13470
10092 12767 12768 13472 13471
10093 12768 12769 13473 13472
10094 12769 12770 13474 13473
10095 12770 12771 13475 13474
10096 12771 12772 13476 13475
10097 12772 12773 13477 13476
10098 12773 12774 13478 13477
10099 12774 12775 13479 13478
10100 12775 12776 13480 13479
10101 12776 12777 13481 13480
10102 12777 12778 13482 13481
10103 12778 12779 13483 13482
10104 12779 12780 13484 13483
10105 12780 12781 13485 13484
10106 12781 12782 13486 13485
10107 12782 12783 13487 13486
10108 12783 12784 13488 13487
10109 12784 12785 13489 13488
10110 12785 12786 13490 13489
10111 12786 12787 13491 13490
10112 12787 12788 13492 13491
10113 12788 12789 13493 13492
10114 12789 12790 13494 13493
10115 12790 12791 13495 13494
10116 12791 12792 13496 13495
10117 12792 12793 13497 13496
10118 12793 12794 13498 13497
10119 12794 12795 13499 13498
10120 12795 12796 13500 13499
10121 12796 12797 13501 13500
10122 12797 12798 13502 13501
10123 12798 12799 13503 13502
10124 12799 12800 13504 13503
10125 12800 10597 10598 13504
