       900
133 92 180 2167 2166
134 2166 2167 2211 2165
135 2165 2211 2164 2120
268 180 179 2168 2167
269 2167 2168 2212 2211
270 2211 2212 2163 2164
403 179 178 2169 2168
404 2168 2169 2213 2212
405 2212 2213 2162 2163
538 178 177 2170 2169
539 2169 2170 2214 2213
540 2213 2214 2161 2162
673 177 176 2171 2170
674 2170 2171 2215 2214
675 2214 2215 2160 2161
808 176 175 2172 2171
809 2171 2172 2216 2215
810 2215 2216 2159 2160
943 175 174 2173 2172
944 2172 2173 2217 2216
945 2216 2217 2158 2159
1078 174 173 2174 2173
1079 2173 2174 2218 2217
1080 2217 2218 2157 2158
1213 173 172 2175 2174
1214 2174 2175 2219 2218
1215 2218 2219 2156 2157
1348 172 171 2176 2175
1349 2175 2176 2220 2219
1350 2219 2220 2155 2156
1483 171 170 2177 2176
1484 2176 2177 2221 2220
1485 2220 2221 2154 2155
1618 170 169 2178 2177
1619 2177 2178 2222 2221
1620 2221 2222 2153 2154
1753 169 168 2179 2178
1754 2178 2179 2223 2222
1755 2222 2223 2152 2153
1888 168 167 2180 2179
1889 2179 2180 2224 2223
1890 2223 2224 2151 2152
2023 167 166 2181 2180
2024 2180 2181 2225 2224
2025 2224 2225 2150 2151
2158 166 165 2182 2181
2159 2181 2182 2226 2225
2160 2225 2226 2149 2150
2293 165 164 2183 2182
2294 2182 2183 2227 2226
2295 2226 2227 2148 2149
2428 164 163 2184 2183
2429 2183 2184 2228 2227
2430 2227 2228 2147 2148
2563 163 162 2185 2184
2564 2184 2185 2229 2228
2565 2228 2229 2146 2147
2698 162 161 2186 2185
2699 2185 2186 2230 2229
2700 2229 2230 2145 2146
2833 161 160 2187 2186
2834 2186 2187 2231 2230
2835 2230 2231 2144 2145
2968 160 159 2188 2187
2969 2187 2188 2232 2231
2970 2231 2232 2143 2144
3103 159 158 2189 2188
3104 2188 2189 2233 2232
3105 2232 2233 2142 2143
3238 158 157 2190 2189
3239 2189 2190 2234 2233
3240 2233 2234 2141 2142
3373 157 156 2191 2190
3374 2190 2191 2235 2234
3375 2234 2235 2140 2141
3508 156 155 2192 2191
3509 2191 2192 2236 2235
3510 2235 2236 2139 2140
3643 155 154 2193 2192
3644 2192 2193 2237 2236
3645 2236 2237 2138 2139
3778 154 153 2194 2193
3779 2193 2194 2238 2237
3780 2237 2238 2137 2138
3913 153 152 2195 2194
3914 2194 2195 2239 2238
3915 2238 2239 2136 2137
4048 152 151 2196 2195
4049 2195 2196 2240 2239
4050 2239 2240 2135 2136
4183 151 150 2197 2196
4184 2196 2197 2241 2240
4185 2240 2241 2134 2135
4318 150 149 2198 2197
4319 2197 2198 2242 2241
4320 2241 2242 2133 2134
4453 149 148 2199 2198
4454 2198 2199 2243 2242
4455 2242 2243 2132 2133
4588 148 147 2200 2199
4589 2199 2200 2244 2243
4590 2243 2244 2131 2132
4723 147 146 2201 2200
4724 2200 2201 2245 2244
4725 2244 2245 2130 2131
4858 146 145 2202 2201
4859 2201 2202 2246 2245
4860 2245 2246 2129 2130
4993 145 144 2203 2202
4994 2202 2203 2247 2246
4995 2246 2247 2128 2129
5128 144 143 2204 2203
5129 2203 2204 2248 2247
5130 2247 2248 2127 2128
5263 143 142 2205 2204
5264 2204 2205 2249 2248
5265 2248 2249 2126 2127
5398 142 141 2206 2205
5399 2205 2206 2250 2249
5400 2249 2250 2125 2126
5533 141 140 2207 2206
5534 2206 2207 2251 2250
5535 2250 2251 2124 2125
5668 140 139 2208 2207
5669 2207 2208 2252 2251
5670 2251 2252 2123 2124
5803 139 138 2209 2208
5804 2208 2209 2253 2252
5805 2252 2253 2122 2123
5938 138 137 2210 2209
5939 2209 2210 2254 2253
5940 2253 2254 2121 2122
6073 137 2 2119 2210
6074 2210 2119 2118 2254
6075 2254 2118 2117 2121
6076 2120 2164 8557 8511
6121 2164 2163 8558 8557
6166 2163 2162 8559 8558
6211 2162 2161 8560 8559
6256 2161 2160 8561 8560
6301 2160 2159 8562 8561
6346 2159 2158 8563 8562
6391 2158 2157 8564 8563
6436 2157 2156 8565 8564
6481 2156 2155 8566 8565
6526 2155 2154 8567 8566
6571 2154 2153 8568 8567
6616 2153 2152 8569 8568
6661 2152 2151 8570 8569
6706 2151 2150 8571 8570
6751 2150 2149 8572 8571
6796 2149 2148 8573 8572
6841 2148 2147 8574 8573
6886 2147 2146 8575 8574
6931 2146 2145 8576 8575
6976 2145 2144 8577 8576
7021 2144 2143 8578 8577
7066 2143 2142 8579 8578
7111 2142 2141 8580 8579
7156 2141 2140 8581 8580
7201 2140 2139 8582 8581
7246 2139 2138 8583 8582
7291 2138 2137 8584 8583
7336 2137 2136 8585 8584
7381 2136 2135 8586 8585
7426 2135 2134 8587 8586
7471 2134 2133 8588 8587
7516 2133 2132 8589 8588
7561 2132 2131 8590 8589
7606 2131 2130 8591 8590
7651 2130 2129 8592 8591
7696 2129 2128 8593 8592
7741 2128 2127 8594 8593
7786 2127 2126 8595 8594
7831 2126 2125 8596 8595
7876 2125 2124 8597 8596
7921 2124 2123 8598 8597
7966 2123 2122 8599 8598
8011 2122 2121 8600 8599
8056 2121 2117 8556 8600
10081 12052 13417 12757 12037
10082 13417 13418 12758 12757
10083 13418 13419 12759 12758
10084 13419 13420 12760 12759
10085 13420 13421 12761 12760
10086 13421 13422 12762 12761
10087 13422 13423 12763 12762
10088 13423 13424 12764 12763
10089 13424 13425 12765 12764
10090 13425 13426 12766 12765
10091 13426 13427 12767 12766
10092 13427 13428 12768 12767
10093 13428 13429 12769 12768
10094 13429 13430 12770 12769
10095 13430 13431 12771 12770
10096 13431 13432 12772 12771
10097 13432 13433 12773 12772
10098 13433 13434 12774 12773
10099 13434 13435 12775 12774
10100 13435 13436 12776 12775
10101 13436 13437 12777 12776
10102 13437 13438 12778 12777
10103 13438 13439 12779 12778
10104 13439 13440 12780 12779
10105 13440 13441 12781 12780
10106 13441 13442 12782 12781
10107 13442 13443 12783 12782
10108 13443 13444 12784 12783
10109 13444 13445 12785 12784
10110 13445 13446 12786 12785
10111 13446 13447 12787 12786
10112 13447 13448 12788 12787
10113 13448 13449 12789 12788
10114 13449 13450 12790 12789
10115 13450 13451 12791 12790
10116 13451 13452 12792 12791
10117 13452 13453 12793 12792
10118 13453 13454 12794 12793
10119 13454 13455 12795 12794
10120 13455 13456 12796 12795
10121 13456 13457 12797 12796
10122 13457 13458 12798 12797
10123 13458 13459 12799 12798
10124 13459 13460 12800 12799
10125 13460 10656 10597 12800
12106 12051 13373 13417 12052
12107 13373 13374 13418 13417
12108 13374 13375 13419 13418
12109 13375 13376 13420 13419
12110 13376 13377 13421 13420
12111 13377 13378 13422 13421
12112 13378 13379 13423 13422
12113 13379 13380 13424 13423
12114 13380 13381 13425 13424
12115 13381 13382 13426 13425
12116 13382 13383 13427 13426
12117 13383 13384 13428 13427
12118 13384 13385 13429 13428
12119 13385 13386 13430 13429
12120 13386 13387 13431 13430
12121 13387 13388 13432 13431
12122 13388 13389 13433 13432
12123 13389 13390 13434 13433
12124 13390 13391 13435 13434
12125 13391 13392 13436 13435
12126 13392 13393 13437 13436
12127 13393 13394 13438 13437
12128 13394 13395 13439 13438
12129 13395 13396 13440 13439
12130 13396 13397 13441 13440
12131 13397 13398 13442 13441
12132 13398 13399 13443 13442
12133 13399 13400 13444 13443
12134 13400 13401 13445 13444
12135 13401 13402 13446 13445
12136 13402 13403 13447 13446
12137 13403 13404 13448 13447
12138 13404 13405 13449 13448
12139 13405 13406 13450 13449
12140 13406 13407 13451 13450
12141 13407 13408 13452 13451
12142 13408 13409 13453 13452
12143 13409 13410 13454 13453
12144 13410 13411 13455 13454
12145 13411 13412 13456 13455
12146 13412 13413 13457 13456
12147 13413 13414 13458 13457
12148 13414 13415 13459 13458
12149 13415 13416 13460 13459
12150 13416 10655 10656 13460
14131 12050 13329 13373 12051
14132 13329 13330 13374 13373
14133 13330 13331 13375 13374
14134 13331 13332 13376 13375
14135 13332 13333 13377 13376
14136 13333 13334 13378 13377
14137 13334 13335 13379 13378
14138 13335 13336 13380 13379
14139 13336 13337 13381 13380
14140 13337 13338 13382 13381
14141 13338 13339 13383 13382
14142 13339 13340 13384 13383
14143 13340 13341 13385 13384
14144 13341 13342 13386 13385
14145 13342 13343 13387 13386
14146 13343 13344 13388 13387
14147 13344 13345 13389 13388
14148 13345 13346 13390 13389
14149 13346 13347 13391 13390
14150 13347 13348 13392 13391
14151 13348 13349 13393 13392
14152 13349 13350 13394 13393
14153 13350 13351 13395 13394
14154 13351 13352 13396 13395
14155 13352 13353 13397 13396
14156 13353 13354 13398 13397
14157 13354 13355 13399 13398
14158 13355 13356 13400 13399
14159 13356 13357 13401 13400
14160 13357 13358 13402 13401
14161 13358 13359 13403 13402
14162 13359 13360 13404 13403
14163 13360 13361 13405 13404
14164 13361 13362 13406 13405
14165 13362 13363 13407 13406
14166 13363 13364 13408 13407
14167 13364 13365 13409 13408
14168 13365 13366 13410 13409
14169 13366 13367 13411 13410
14170 13367 13368 13412 13411
14171 13368 13369 13413 13412
14172 13369 13370 13414 13413
14173 13370 13371 13415 13414
14174 13371 13372 13416 13415
14175 13372 10654 10655 13416
16156 12049 13285 13329 12050
16157 13285 13286 13330 13329
16158 13286 13287 13331 13330
16159 13287 13288 13332 13331
16160 13288 13289 13333 13332
16161 13289 13290 13334 13333
16162 13290 13291 13335 13334
16163 13291 13292 13336 13335
16164 13292 13293 13337 13336
16165 13293 13294 13338 13337
16166 13294 13295 13339 13338
16167 13295 13296 13340 13339
16168 13296 13297 13341 13340
16169 13297 13298 13342 13341
16170 13298 13299 13343 13342
16171 13299 13300 13344 13343
16172 13300 13301 13345 13344
16173 13301 13302 13346 13345
16174 13302 13303 13347 13346
16175 13303 13304 13348 13347
16176 13304 13305 13349 13348
16177 13305 13306 13350 13349
16178 13306 13307 13351 13350
16179 13307 13308 13352 13351
16180 13308 13309 13353 13352
16181 13309 13310 13354 13353
16182 13310 13311 13355 13354
16183 13311 13312 13356 13355
16184 13312 13313 13357 13356
16185 13313 13314 13358 13357
16186 13314 13315 13359 13358
16187 13315 13316 13360 13359
16188 13316 13317 13361 13360
16189 13317 13318 13362 13361
16190 13318 13319 13363 13362
16191 13319 13320 13364 13363
16192 13320 13321 13365 13364
16193 13321 13322 13366 13365
16194 13322 13323 13367 13366
16195 13323 13324 13368 13367
16196 13324 13325 13369 13368
16197 13325 13326 13370 13369
16198 13326 13327 13371 13370
16199 13327 13328 13372 13371
16200 13328 10653 10654 13372
18181 12048 13241 13285 12049
18182 13241 13242 13286 13285
18183 13242 13243 13287 13286
18184 13243 13244 13288 13287
18185 13244 13245 13289 13288
18186 13245 13246 13290 13289
18187 13246 13247 13291 13290
18188 13247 13248 13292 13291
18189 13248 13249 13293 13292
18190 13249 13250 13294 13293
18191 13250 13251 13295 13294
18192 13251 13252 13296 13295
18193 13252 13253 13297 13296
18194 13253 13254 13298 13297
18195 13254 13255 13299 13298
18196 13255 13256 13300 13299
18197 13256 13257 13301 13300
18198 13257 13258 13302 13301
18199 13258 13259 13303 13302
18200 13259 13260 13304 13303
18201 13260 13261 13305 13304
18202 13261 13262 13306 13305
18203 13262 13263 13307 13306
18204 13263 13264 13308 13307
18205 13264 13265 13309 13308
18206 13265 13266 13310 13309
18207 13266 13267 13311 13310
18208 13267 13268 13312 13311
18209 13268 13269 13313 13312
18210 13269 13270 13314 13313
18211 13270 13271 13315 13314
18212 13271 13272 13316 13315
18213 13272 13273 13317 13316
18214 13273 13274 13318 13317
18215 13274 13275 13319 13318
18216 13275 13276 13320 13319
18217 13276 13277 13321 13320
18218 13277 13278 13322 13321
18219 13278 13279 13323 13322
18220 13279 13280 13324 13323
18221 13280 13281 13325 13324
18222 13281 13282 13326 13325
18223 13282 13283 13327 13326
18224 13283 13284 13328 13327
18225 13284 10652 10653 13328
20206 12047 13197 13241 12048
20207 13197 13198 13242 13241
20208 13198 13199 13243 13242
20209 13199 13200 13244 13243
20210 13200 13201 13245 13244
20211 13201 13202 13246 13245
20212 13202 13203 13247 13246
20213 13203 13204 13248 13247
20214 13204 13205 13249 13248
20215 13205 13206 13250 13249
20216 13206 13207 13251 13250
20217 13207 13208 13252 13251
20218 13208 13209 13253 13252
20219 13209 13210 13254 13253
20220 13210 13211 13255 13254
20221 13211 13212 13256 13255
20222 13212 13213 13257 13256
20223 13213 13214 13258 13257
20224 13214 13215 13259 13258
20225 13215 13216 13260 13259
20226 13216 13217 13261 13260
20227 13217 13218 13262 13261
20228 13218 13219 13263 13262
20229 13219 13220 13264 13263
20230 13220 13221 13265 13264
20231 13221 13222 13266 13265
20232 13222 13223 13267 13266
20233 13223 13224 13268 13267
20234 13224 13225 13269 13268
20235 13225 13226 13270 13269
20236 13226 13227 13271 13270
20237 13227 13228 13272 13271
20238 13228 13229 13273 13272
20239 13229 13230 13274 13273
20240 13230 13231 13275 13274
20241 13231 13232 13276 13275
20242 13232 13233 13277 13276
20243 13233 13234 13278 13277
20244 13234 13235 13279 13278
20245 13235 13236 13280 13279
20246 13236 13237 13281 13280
20247 13237 13238 13282 13281
20248 13238 13239 13283 13282
20249 13239 13240 13284 13283
20250 13240 10651 10652 13284
22231 12046 13153 13197 12047
22232 13153 13154 13198 13197
22233 13154 13155 13199 13198
22234 13155 13156 13200 13199
22235 13156 13157 13201 13200
22236 13157 13158 13202 13201
22237 13158 13159 13203 13202
22238 13159 13160 13204 13203
22239 13160 13161 13205 13204
22240 13161 13162 13206 13205
22241 13162 13163 13207 13206
22242 13163 13164 13208 13207
22243 13164 13165 13209 13208
22244 13165 13166 13210 13209
22245 13166 13167 13211 13210
22246 13167 13168 13212 13211
22247 13168 13169 13213 13212
22248 13169 13170 13214 13213
22249 13170 13171 13215 13214
22250 13171 13172 13216 13215
22251 13172 13173 13217 13216
22252 13173 13174 13218 13217
22253 13174 13175 13219 13218
22254 13175 13176 13220 13219
22255 13176 13177 13221 13220
22256 13177 13178 13222 13221
22257 13178 13179 13223 13222
22258 13179 13180 13224 13223
22259 13180 13181 13225 13224
22260 13181 13182 13226 13225
22261 13182 13183 13227 13226
22262 13183 13184 13228 13227
22263 13184 13185 13229 13228
22264 13185 13186 13230 13229
22265 13186 13187 13231 13230
22266 13187 13188 13232 13231
22267 13188 13189 13233 13232
22268 13189 13190 13234 13233
22269 13190 13191 13235 13234
22270 13191 13192 13236 13235
22271 13192 13193 13237 13236
22272 13193 13194 13238 13237
22273 13194 13195 13239 13238
22274 13195 13196 13240 13239
22275 13196 10650 10651 13240
24256 12045 13109 13153 12046
24257 13109 13110 13154 13153
24258 13110 13111 13155 13154
24259 13111 13112 13156 13155
24260 13112 13113 13157 13156
24261 13113 13114 13158 13157
24262 13114 13115 13159 13158
24263 13115 13116 13160 13159
24264 13116 13117 13161 13160
24265 13117 13118 13162 13161
24266 13118 13119 13163 13162
24267 13119 13120 13164 13163
24268 13120 13121 13165 13164
24269 13121 13122 13166 13165
24270 13122 13123 13167 13166
24271 13123 13124 13168 13167
24272 13124 13125 13169 13168
24273 13125 13126 13170 13169
24274 13126 13127 13171 13170
24275 13127 13128 13172 13171
24276 13128 13129 13173 13172
24277 13129 13130 13174 13173
24278 13130 13131 13175 13174
24279 13131 13132 13176 13175
24280 13132 13133 13177 13176
24281 13133 13134 13178 13177
24282 13134 13135 13179 13178
24283 13135 13136 13180 13179
24284 13136 13137 13181 13180
24285 13137 13138 13182 13181
24286 13138 13139 13183 13182
24287 13139 13140 13184 13183
24288 13140 13141 13185 13184
24289 13141 13142 13186 13185
24290 13142 13143 13187 13186
24291 13143 13144 13188 13187
24292 13144 13145 13189 13188
24293 13145 13146 13190 13189
24294 13146 13147 13191 13190
24295 13147 13148 13192 13191
24296 13148 13149 13193 13192
24297 13149 13150 13194 13193
24298 13150 13151 13195 13194
24299 13151 13152 13196 13195
24300 13152 10649 10650 13196
26281 12044 13065 13109 12045
26282 13065 13066 13110 13109
26283 13066 13067 13111 13110
26284 13067 13068 13112 13111
26285 13068 13069 13113 13112
26286 13069 13070 13114 13113
26287 13070 13071 13115 13114
26288 13071 13072 13116 13115
26289 13072 13073 13117 13116
26290 13073 13074 13118 13117
26291 13074 13075 13119 13118
26292 13075 13076 13120 13119
26293 13076 13077 13121 13120
26294 13077 13078 13122 13121
26295 13078 13079 13123 13122
26296 13079 13080 13124 13123
26297 13080 13081 13125 13124
26298 13081 13082 13126 13125
26299 13082 13083 13127 13126
26300 13083 13084 13128 13127
26301 13084 13085 13129 13128
26302 13085 13086 13130 13129
26303 13086 13087 13131 13130
26304 13087 13088 13132 13131
26305 13088 13089 13133 13132
26306 13089 13090 13134 13133
26307 13090 13091 13135 13134
26308 13091 13092 13136 13135
26309 13092 13093 13137 13136
26310 13093 13094 13138 13137
26311 13094 13095 13139 13138
26312 13095 13096 13140 13139
26313 13096 13097 13141 13140
26314 13097 13098 13142 13141
26315 13098 13099 13143 13142
26316 13099 13100 13144 13143
26317 13100 13101 13145 13144
26318 13101 13102 13146 13145
26319 13102 13103 13147 13146
26320 13103 13104 13148 13147
26321 13104 13105 13149 13148
26322 13105 13106 13150 13149
26323 13106 13107 13151 13150
26324 13107 13108 13152 13151
26325 13108 10648 10649 13152
28306 12043 13021 13065 12044
28307 13021 13022 13066 13065
28308 13022 13023 13067 13066
28309 13023 13024 13068 13067
28310 13024 13025 13069 13068
28311 13025 13026 13070 13069
28312 13026 13027 13071 13070
28313 13027 13028 13072 13071
28314 13028 13029 13073 13072
28315 13029 13030 13074 13073
28316 13030 13031 13075 13074
28317 13031 13032 13076 13075
28318 13032 13033 13077 13076
28319 13033 13034 13078 13077
28320 13034 13035 13079 13078
28321 13035 13036 13080 13079
28322 13036 13037 13081 13080
28323 13037 13038 13082 13081
28324 13038 13039 13083 13082
28325 13039 13040 13084 13083
28326 13040 13041 13085 13084
28327 13041 13042 13086 13085
28328 13042 13043 13087 13086
28329 13043 13044 13088 13087
28330 13044 13045 13089 13088
28331 13045 13046 13090 13089
28332 13046 13047 13091 13090
28333 13047 13048 13092 13091
28334 13048 13049 13093 13092
28335 13049 13050 13094 13093
28336 13050 13051 13095 13094
28337 13051 13052 13096 13095
28338 13052 13053 13097 13096
28339 13053 13054 13098 13097
28340 13054 13055 13099 13098
28341 13055 13056 13100 13099
28342 13056 13057 13101 13100
28343 13057 13058 13102 13101
28344 13058 13059 13103 13102
28345 13059 13060 13104 13103
28346 13060 13061 13105 13104
28347 13061 13062 13106 13105
28348 13062 13063 13107 13106
28349 13063 13064 13108 13107
28350 13064 10647 10648 13108
30331 12042 12977 13021 12043
30332 12977 12978 13022 13021
30333 12978 12979 13023 13022
30334 12979 12980 13024 13023
30335 12980 12981 13025 13024
30336 12981 12982 13026 13025
30337 12982 12983 13027 13026
30338 12983 12984 13028 13027
30339 12984 12985 13029 13028
30340 12985 12986 13030 13029
30341 12986 12987 13031 13030
30342 12987 12988 13032 13031
30343 12988 12989 13033 13032
30344 12989 12990 13034 13033
30345 12990 12991 13035 13034
30346 12991 12992 13036 13035
30347 12992 12993 13037 13036
30348 12993 12994 13038 13037
30349 12994 12995 13039 13038
30350 12995 12996 13040 13039
30351 12996 12997 13041 13040
30352 12997 12998 13042 13041
30353 12998 12999 13043 13042
30354 12999 13000 13044 13043
30355 13000 13001 13045 13044
30356 13001 13002 13046 13045
30357 13002 13003 13047 13046
30358 13003 13004 13048 13047
30359 13004 13005 13049 13048
30360 13005 13006 13050 13049
30361 13006 13007 13051 13050
30362 13007 13008 13052 13051
30363 13008 13009 13053 13052
30364 13009 13010 13054 13053
30365 13010 13011 13055 13054
30366 13011 13012 13056 13055
30367 13012 13013 13057 13056
30368 13013 13014 13058 13057
30369 13014 13015 13059 13058
30370 13015 13016 13060 13059
30371 13016 13017 13061 13060
30372 13017 13018 13062 13061
30373 13018 13019 13063 13062
30374 13019 13020 13064 13063
30375 13020 10646 10647 13064
32356 12041 12933 12977 12042
32357 12933 12934 12978 12977
32358 12934 12935 12979 12978
32359 12935 12936 12980 12979
32360 12936 12937 12981 12980
32361 12937 12938 12982 12981
32362 12938 12939 12983 12982
32363 12939 12940 12984 12983
32364 12940 12941 12985 12984
32365 12941 12942 12986 12985
32366 12942 12943 12987 12986
32367 12943 12944 12988 12987
32368 12944 12945 12989 12988
32369 12945 12946 12990 12989
32370 12946 12947 12991 12990
32371 12947 12948 12992 12991
32372 12948 12949 12993 12992
32373 12949 12950 12994 12993
32374 12950 12951 12995 12994
32375 12951 12952 12996 12995
32376 12952 12953 12997 12996
32377 12953 12954 12998 12997
32378 12954 12955 12999 12998
32379 12955 12956 13000 12999
32380 12956 12957 13001 13000
32381 12957 12958 13002 13001
32382 12958 12959 13003 13002
32383 12959 12960 13004 13003
32384 12960 12961 13005 13004
32385 12961 12962 13006 13005
32386 12962 12963 13007 13006
32387 12963 12964 13008 13007
32388 12964 12965 13009 13008
32389 12965 12966 13010 13009
32390 12966 12967 13011 13010
32391 12967 12968 13012 13011
32392 12968 12969 13013 13012
32393 12969 12970 13014 13013
32394 12970 12971 13015 13014
32395 12971 12972 13016 13015
32396 12972 12973 13017 13016
32397 12973 12974 13018 13017
32398 12974 12975 13019 13018
32399 12975 12976 13020 13019
32400 12976 10645 10646 13020
34381 12040 12889 12933 12041
34382 12889 12890 12934 12933
34383 12890 12891 12935 12934
34384 12891 12892 12936 12935
34385 12892 12893 12937 12936
34386 12893 12894 12938 12937
34387 12894 12895 12939 12938
34388 12895 12896 12940 12939
34389 12896 12897 12941 12940
34390 12897 12898 12942 12941
34391 12898 12899 12943 12942
34392 12899 12900 12944 12943
34393 12900 12901 12945 12944
34394 12901 12902 12946 12945
34395 12902 12903 12947 12946
34396 12903 12904 12948 12947
34397 12904 12905 12949 12948
34398 12905 12906 12950 12949
34399 12906 12907 12951 12950
34400 12907 12908 12952 12951
34401 12908 12909 12953 12952
34402 12909 12910 12954 12953
34403 12910 12911 12955 12954
34404 12911 12912 12956 12955
34405 12912 12913 12957 12956
34406 12913 12914 12958 12957
34407 12914 12915 12959 12958
34408 12915 12916 12960 12959
34409 12916 12917 12961 12960
34410 12917 12918 12962 12961
34411 12918 12919 12963 12962
34412 12919 12920 12964 12963
34413 12920 12921 12965 12964
34414 12921 12922 12966 12965
34415 12922 12923 12967 12966
34416 12923 12924 12968 12967
34417 12924 12925 12969 12968
34418 12925 12926 12970 12969
34419 12926 12927 12971 12970
34420 12927 12928 12972 12971
34421 12928 12929 12973 12972
34422 12929 12930 12974 12973
34423 12930 12931 12975 12974
34424 12931 12932 12976 12975
34425 12932 10644 10645 12976
36406 12039 12845 12889 12040
36407 12845 12846 12890 12889
36408 12846 12847 12891 12890
36409 12847 12848 12892 12891
36410 12848 12849 12893 12892
36411 12849 12850 12894 12893
36412 12850 12851 12895 12894
36413 12851 12852 12896 12895
36414 12852 12853 12897 12896
36415 12853 12854 12898 12897
36416 12854 12855 12899 12898
36417 12855 12856 12900 12899
36418 12856 12857 12901 12900
36419 12857 12858 12902 12901
36420 12858 12859 12903 12902
36421 12859 12860 12904 12903
36422 12860 12861 12905 12904
36423 12861 12862 12906 12905
36424 12862 12863 12907 12906
36425 12863 12864 12908 12907
36426 12864 12865 12909 12908
36427 12865 12866 12910 12909
36428 12866 12867 12911 12910
36429 12867 12868 12912 12911
36430 12868 12869 12913 12912
36431 12869 12870 12914 12913
36432 12870 12871 12915 12914
36433 12871 12872 12916 12915
36434 12872 12873 12917 12916
36435 12873 12874 12918 12917
36436 12874 12875 12919 12918
36437 12875 12876 12920 12919
36438 12876 12877 12921 12920
36439 12877 12878 12922 12921
36440 12878 12879 12923 12922
36441 12879 12880 12924 12923
36442 12880 12881 12925 12924
36443 12881 12882 12926 12925
36444 12882 12883 12927 12926
36445 12883 12884 12928 12927
36446 12884 12885 12929 12928
36447 12885 12886 12930 12929
36448 12886 12887 12931 12930
36449 12887 12888 12932 12931
36450 12888 10643 10644 12932
38431 12038 12801 12845 12039
38432 12801 12802 12846 12845
38433 12802 12803 12847 12846
38434 12803 12804 12848 12847
38435 12804 12805 12849 12848
38436 12805 12806 12850 12849
38437 12806 12807 12851 12850
38438 12807 12808 12852 12851
38439 12808 12809 12853 12852
38440 12809 12810 12854 12853
38441 12810 12811 12855 12854
38442 12811 12812 12856 12855
38443 12812 12813 12857 12856
38444 12813 12814 12858 12857
38445 12814 12815 12859 12858
38446 12815 12816 12860 12859
38447 12816 12817 12861 12860
38448 12817 12818 12862 12861
38449 12818 12819 12863 12862
38450 12819 12820 12864 12863
38451 12820 12821 12865 12864
38452 12821 12822 12866 12865
38453 12822 12823 12867 12866
38454 12823 12824 12868 12867
38455 12824 12825 12869 12868
38456 12825 12826 12870 12869
38457 12826 12827 12871 12870
38458 12827 12828 12872 12871
38459 12828 12829 12873 12872
38460 12829 12830 12874 12873
38461 12830 12831 12875 12874
38462 12831 12832 12876 12875
38463 12832 12833 12877 12876
38464 12833 12834 12878 12877
38465 12834 12835 12879 12878
38466 12835 12836 12880 12879
38467 12836 12837 12881 12880
38468 12837 12838 12882 12881
38469 12838 12839 12883 12882
38470 12839 12840 12884 12883
38471 12840 12841 12885 12884
38472 12841 12842 12886 12885
38473 12842 12843 12887 12886
38474 12843 12844 12888 12887
38475 12844 10642 10643 12888
40456 2 137 12801 12038
40457 137 138 12802 12801
40458 138 139 12803 12802
40459 139 140 12804 12803
40460 140 141 12805 12804
40461 141 142 12806 12805
40462 142 143 12807 12806
40463 143 144 12808 12807
40464 144 145 12809 12808
40465 145 146 12810 12809
40466 146 147 12811 12810
40467 147 148 12812 12811
40468 148 149 12813 12812
40469 149 150 12814 12813
40470 150 151 12815 12814
40471 151 152 12816 12815
40472 152 153 12817 12816
40473 153 154 12818 12817
40474 154 155 12819 12818
40475 155 156 12820 12819
40476 156 157 12821 12820
40477 157 158 12822 12821
40478 158 159 12823 12822
40479 159 160 12824 12823
40480 160 161 12825 12824
40481 161 162 12826 12825
40482 162 163 12827 12826
40483 163 164 12828 12827
40484 164 165 12829 12828
40485 165 166 12830 12829
40486 166 167 12831 12830
40487 167 168 12832 12831
40488 168 169 12833 12832
40489 169 170 12834 12833
40490 170 171 12835 12834
40491 171 172 12836 12835
40492 172 173 12837 12836
40493 173 174 12838 12837
40494 174 175 12839 12838
40495 175 176 12840 12839
40496 176 177 12841 12840
40497 177 178 12842 12841
40498 178 179 12843 12842
40499 179 180 12844 12843
40500 180 92 10642 12844
