      2025
6076 8511 8557 8645 8555
6077 8555 8645 8689 8554
6078 8554 8689 8733 8553
6079 8553 8733 8777 8552
6080 8552 8777 8821 8551
6081 8551 8821 8865 8550
6082 8550 8865 8909 8549
6083 8549 8909 8953 8548
6084 8548 8953 8997 8547
6085 8547 8997 9041 8546
6086 8546 9041 9085 8545
6087 8545 9085 9129 8544
6088 8544 9129 9173 8543
6089 8543 9173 9217 8542
6090 8542 9217 9261 8541
6091 8541 9261 9305 8540
6092 8540 9305 9349 8539
6093 8539 9349 9393 8538
6094 8538 9393 9437 8537
6095 8537 9437 9481 8536
6096 8536 9481 9525 8535
6097 8535 9525 9569 8534
6098 8534 9569 9613 8533
6099 8533 9613 9657 8532
6100 8532 9657 9701 8531
6101 8531 9701 9745 8530
6102 8530 9745 9789 8529
6103 8529 9789 9833 8528
6104 8528 9833 9877 8527
6105 8527 9877 9921 8526
6106 8526 9921 9965 8525
6107 8525 9965 10009 8524
6108 8524 10009 10053 8523
6109 8523 10053 10097 8522
6110 8522 10097 10141 8521
6111 8521 10141 10185 8520
6112 8520 10185 10229 8519
6113 8519 10229 10273 8518
6114 8518 10273 10317 8517
6115 8517 10317 10361 8516
6116 8516 10361 10405 8515
6117 8515 10405 10449 8514
6118 8514 10449 10493 8513
6119 8513 10493 10537 8512
6120 8512 10537 8510 8465
6121 8557 8558 8646 8645
6122 8645 8646 8690 8689
6123 8689 8690 8734 8733
6124 8733 8734 8778 8777
6125 8777 8778 8822 8821
6126 8821 8822 8866 8865
6127 8865 8866 8910 8909
6128 8909 8910 8954 8953
6129 8953 8954 8998 8997
6130 8997 8998 9042 9041
6131 9041 9042 9086 9085
6132 9085 9086 9130 9129
6133 9129 9130 9174 9173
6134 9173 9174 9218 9217
6135 9217 9218 9262 9261
6136 9261 9262 9306 9305
6137 9305 9306 9350 9349
6138 9349 9350 9394 9393
6139 9393 9394 9438 9437
6140 9437 9438 9482 9481
6141 9481 9482 9526 9525
6142 9525 9526 9570 9569
6143 9569 9570 9614 9613
6144 9613 9614 9658 9657
6145 9657 9658 9702 9701
6146 9701 9702 9746 9745
6147 9745 9746 9790 9789
6148 9789 9790 9834 9833
6149 9833 9834 9878 9877
6150 9877 9878 9922 9921
6151 9921 9922 9966 9965
6152 9965 9966 10010 10009
6153 10009 10010 10054 10053
6154 10053 10054 10098 10097
6155 10097 10098 10142 10141
6156 10141 10142 10186 10185
6157 10185 10186 10230 10229
6158 10229 10230 10274 10273
6159 10273 10274 10318 10317
6160 10317 10318 10362 10361
6161 10361 10362 10406 10405
6162 10405 10406 10450 10449
6163 10449 10450 10494 10493
6164 10493 10494 10538 10537
6165 10537 10538 8509 8510
6166 8558 8559 8647 8646
6167 8646 8647 8691 8690
6168 8690 8691 8735 8734
6169 8734 8735 8779 8778
6170 8778 8779 8823 8822
6171 8822 8823 8867 8866
6172 8866 8867 8911 8910
6173 8910 8911 8955 8954
6174 8954 8955 8999 8998
6175 8998 8999 9043 9042
6176 9042 9043 9087 9086
6177 9086 9087 9131 9130
6178 9130 9131 9175 9174
6179 9174 9175 9219 9218
6180 9218 9219 9263 9262
6181 9262 9263 9307 9306
6182 9306 9307 9351 9350
6183 9350 9351 9395 9394
6184 9394 9395 9439 9438
6185 9438 9439 9483 9482
6186 9482 9483 9527 9526
6187 9526 9527 9571 9570
6188 9570 9571 9615 9614
6189 9614 9615 9659 9658
6190 9658 9659 9703 9702
6191 9702 9703 9747 9746
6192 9746 9747 9791 9790
6193 9790 9791 9835 9834
6194 9834 9835 9879 9878
6195 9878 9879 9923 9922
6196 9922 9923 9967 9966
6197 9966 9967 10011 10010
6198 10010 10011 10055 10054
6199 10054 10055 10099 10098
6200 10098 10099 10143 10142
6201 10142 10143 10187 10186
6202 10186 10187 10231 10230
6203 10230 10231 10275 10274
6204 10274 10275 10319 10318
6205 10318 10319 10363 10362
6206 10362 10363 10407 10406
6207 10406 10407 10451 10450
6208 10450 10451 10495 10494
6209 10494 10495 10539 10538
6210 10538 10539 8508 8509
6211 8559 8560 8648 8647
6212 8647 8648 8692 8691
6213 8691 8692 8736 8735
6214 8735 8736 8780 8779
6215 8779 8780 8824 8823
6216 8823 8824 8868 8867
6217 8867 8868 8912 8911
6218 8911 8912 8956 8955
6219 8955 8956 9000 8999
6220 8999 9000 9044 9043
6221 9043 9044 9088 9087
6222 9087 9088 9132 9131
6223 9131 9132 9176 9175
6224 9175 9176 9220 9219
6225 9219 9220 9264 9263
6226 9263 9264 9308 9307
6227 9307 9308 9352 9351
6228 9351 9352 9396 9395
6229 9395 9396 9440 9439
6230 9439 9440 9484 9483
6231 9483 9484 9528 9527
6232 9527 9528 9572 9571
6233 9571 9572 9616 9615
6234 9615 9616 9660 9659
6235 9659 9660 9704 9703
6236 9703 9704 9748 9747
6237 9747 9748 9792 9791
6238 9791 9792 9836 9835
6239 9835 9836 9880 9879
6240 9879 9880 9924 9923
6241 9923 9924 9968 9967
6242 9967 9968 10012 10011
6243 10011 10012 10056 10055
6244 10055 10056 10100 10099
6245 10099 10100 10144 10143
6246 10143 10144 10188 10187
6247 10187 10188 10232 10231
6248 10231 10232 10276 10275
6249 10275 10276 10320 10319
6250 10319 10320 10364 10363
6251 10363 10364 10408 10407
6252 10407 10408 10452 10451
6253 10451 10452 10496 10495
6254 10495 10496 10540 10539
6255 10539 10540 8507 8508
6256 8560 8561 8649 8648
6257 8648 8649 8693 8692
6258 8692 8693 8737 8736
6259 8736 8737 8781 8780
6260 8780 8781 8825 8824
6261 8824 8825 8869 8868
6262 8868 8869 8913 8912
6263 8912 8913 8957 8956
6264 8956 8957 9001 9000
6265 9000 9001 9045 9044
6266 9044 9045 9089 9088
6267 9088 9089 9133 9132
6268 9132 9133 9177 9176
6269 9176 9177 9221 9220
6270 9220 9221 9265 9264
6271 9264 9265 9309 9308
6272 9308 9309 9353 9352
6273 9352 9353 9397 9396
6274 9396 9397 9441 9440
6275 9440 9441 9485 9484
6276 9484 9485 9529 9528
6277 9528 9529 9573 9572
6278 9572 9573 9617 9616
6279 9616 9617 9661 9660
6280 9660 9661 9705 9704
6281 9704 9705 9749 9748
6282 9748 9749 9793 9792
6283 9792 9793 9837 9836
6284 9836 9837 9881 9880
6285 9880 9881 9925 9924
6286 9924 9925 9969 9968
6287 9968 9969 10013 10012
6288 10012 10013 10057 10056
6289 10056 10057 10101 10100
6290 10100 10101 10145 10144
6291 10144 10145 10189 10188
6292 10188 10189 10233 10232
6293 10232 10233 10277 10276
6294 10276 10277 10321 10320
6295 10320 10321 10365 10364
6296 10364 10365 10409 10408
6297 10408 10409 10453 10452
6298 10452 10453 10497 10496
6299 10496 10497 10541 10540
6300 10540 10541 8506 8507
6301 8561 8562 8650 8649
6302 8649 8650 8694 8693
6303 8693 8694 8738 8737
6304 8737 8738 8782 8781
6305 8781 8782 8826 8825
6306 8825 8826 8870 8869
6307 8869 8870 8914 8913
6308 8913 8914 8958 8957
6309 8957 8958 9002 9001
6310 9001 9002 9046 9045
6311 9045 9046 9090 9089
6312 9089 9090 9134 9133
6313 9133 9134 9178 9177
6314 9177 9178 9222 9221
6315 9221 9222 9266 9265
6316 9265 9266 9310 9309
6317 9309 9310 9354 9353
6318 9353 9354 9398 9397
6319 9397 9398 9442 9441
6320 9441 9442 9486 9485
6321 9485 9486 9530 9529
6322 9529 9530 9574 9573
6323 9573 9574 9618 9617
6324 9617 9618 9662 9661
6325 9661 9662 9706 9705
6326 9705 9706 9750 9749
6327 9749 9750 9794 9793
6328 9793 9794 9838 9837
6329 9837 9838 9882 9881
6330 9881 9882 9926 9925
6331 9925 9926 9970 9969
6332 9969 9970 10014 10013
6333 10013 10014 10058 10057
6334 10057 10058 10102 10101
6335 10101 10102 10146 10145
6336 10145 10146 10190 10189
6337 10189 10190 10234 10233
6338 10233 10234 10278 10277
6339 10277 10278 10322 10321
6340 10321 10322 10366 10365
6341 10365 10366 10410 10409
6342 10409 10410 10454 10453
6343 10453 10454 10498 10497
6344 10497 10498 10542 10541
6345 10541 10542 8505 8506
6346 8562 8563 8651 8650
6347 8650 8651 8695 8694
6348 8694 8695 8739 8738
6349 8738 8739 8783 8782
6350 8782 8783 8827 8826
6351 8826 8827 8871 8870
6352 8870 8871 8915 8914
6353 8914 8915 8959 8958
6354 8958 8959 9003 9002
6355 9002 9003 9047 9046
6356 9046 9047 9091 9090
6357 9090 9091 9135 9134
6358 9134 9135 9179 9178
6359 9178 9179 9223 9222
6360 9222 9223 9267 9266
6361 9266 9267 9311 9310
6362 9310 9311 9355 9354
6363 9354 9355 9399 9398
6364 9398 9399 9443 9442
6365 9442 9443 9487 9486
6366 9486 9487 9531 9530
6367 9530 9531 9575 9574
6368 9574 9575 9619 9618
6369 9618 9619 9663 9662
6370 9662 9663 9707 9706
6371 9706 9707 9751 9750
6372 9750 9751 9795 9794
6373 9794 9795 9839 9838
6374 9838 9839 9883 9882
6375 9882 9883 9927 9926
6376 9926 9927 9971 9970
6377 9970 9971 10015 10014
6378 10014 10015 10059 10058
6379 10058 10059 10103 10102
6380 10102 10103 10147 10146
6381 10146 10147 10191 10190
6382 10190 10191 10235 10234
6383 10234 10235 10279 10278
6384 10278 10279 10323 10322
6385 10322 10323 10367 10366
6386 10366 10367 10411 10410
6387 10410 10411 10455 10454
6388 10454 10455 10499 10498
6389 10498 10499 10543 10542
6390 10542 10543 8504 8505
6391 8563 8564 8652 8651
6392 8651 8652 8696 8695
6393 8695 8696 8740 8739
6394 8739 8740 8784 8783
6395 8783 8784 8828 8827
6396 8827 8828 8872 8871
6397 8871 8872 8916 8915
6398 8915 8916 8960 8959
6399 8959 8960 9004 9003
6400 9003 9004 9048 9047
6401 9047 9048 9092 9091
6402 9091 9092 9136 9135
6403 9135 9136 9180 9179
6404 9179 9180 9224 9223
6405 9223 9224 9268 9267
6406 9267 9268 9312 9311
6407 9311 9312 9356 9355
6408 9355 9356 9400 9399
6409 9399 9400 9444 9443
6410 9443 9444 9488 9487
6411 9487 9488 9532 9531
6412 9531 9532 9576 9575
6413 9575 9576 9620 9619
6414 9619 9620 9664 9663
6415 9663 9664 9708 9707
6416 9707 9708 9752 9751
6417 9751 9752 9796 9795
6418 9795 9796 9840 9839
6419 9839 9840 9884 9883
6420 9883 9884 9928 9927
6421 9927 9928 9972 9971
6422 9971 9972 10016 10015
6423 10015 10016 10060 10059
6424 10059 10060 10104 10103
6425 10103 10104 10148 10147
6426 10147 10148 10192 10191
6427 10191 10192 10236 10235
6428 10235 10236 10280 10279
6429 10279 10280 10324 10323
6430 10323 10324 10368 10367
6431 10367 10368 10412 10411
6432 10411 10412 10456 10455
6433 10455 10456 10500 10499
6434 10499 10500 10544 10543
6435 10543 10544 8503 8504
6436 8564 8565 8653 8652
6437 8652 8653 8697 8696
6438 8696 8697 8741 8740
6439 8740 8741 8785 8784
6440 8784 8785 8829 8828
6441 8828 8829 8873 8872
6442 8872 8873 8917 8916
6443 8916 8917 8961 8960
6444 8960 8961 9005 9004
6445 9004 9005 9049 9048
6446 9048 9049 9093 9092
6447 9092 9093 9137 9136
6448 9136 9137 9181 9180
6449 9180 9181 9225 9224
6450 9224 9225 9269 9268
6451 9268 9269 9313 9312
6452 9312 9313 9357 9356
6453 9356 9357 9401 9400
6454 9400 9401 9445 9444
6455 9444 9445 9489 9488
6456 9488 9489 9533 9532
6457 9532 9533 9577 9576
6458 9576 9577 9621 9620
6459 9620 9621 9665 9664
6460 9664 9665 9709 9708
6461 9708 9709 9753 9752
6462 9752 9753 9797 9796
6463 9796 9797 9841 9840
6464 9840 9841 9885 9884
6465 9884 9885 9929 9928
6466 9928 9929 9973 9972
6467 9972 9973 10017 10016
6468 10016 10017 10061 10060
6469 10060 10061 10105 10104
6470 10104 10105 10149 10148
6471 10148 10149 10193 10192
6472 10192 10193 10237 10236
6473 10236 10237 10281 10280
6474 10280 10281 10325 10324
6475 10324 10325 10369 10368
6476 10368 10369 10413 10412
6477 10412 10413 10457 10456
6478 10456 10457 10501 10500
6479 10500 10501 10545 10544
6480 10544 10545 8502 8503
6481 8565 8566 8654 8653
6482 8653 8654 8698 8697
6483 8697 8698 8742 8741
6484 8741 8742 8786 8785
6485 8785 8786 8830 8829
6486 8829 8830 8874 8873
6487 8873 8874 8918 8917
6488 8917 8918 8962 8961
6489 8961 8962 9006 9005
6490 9005 9006 9050 9049
6491 9049 9050 9094 9093
6492 9093 9094 9138 9137
6493 9137 9138 9182 9181
6494 9181 9182 9226 9225
6495 9225 9226 9270 9269
6496 9269 9270 9314 9313
6497 9313 9314 9358 9357
6498 9357 9358 9402 9401
6499 9401 9402 9446 9445
6500 9445 9446 9490 9489
6501 9489 9490 9534 9533
6502 9533 9534 9578 9577
6503 9577 9578 9622 9621
6504 9621 9622 9666 9665
6505 9665 9666 9710 9709
6506 9709 9710 9754 9753
6507 9753 9754 9798 9797
6508 9797 9798 9842 9841
6509 9841 9842 9886 9885
6510 9885 9886 9930 9929
6511 9929 9930 9974 9973
6512 9973 9974 10018 10017
6513 10017 10018 10062 10061
6514 10061 10062 10106 10105
6515 10105 10106 10150 10149
6516 10149 10150 10194 10193
6517 10193 10194 10238 10237
6518 10237 10238 10282 10281
6519 10281 10282 10326 10325
6520 10325 10326 10370 10369
6521 10369 10370 10414 10413
6522 10413 10414 10458 10457
6523 10457 10458 10502 10501
6524 10501 10502 10546 10545
6525 10545 10546 8501 8502
6526 8566 8567 8655 8654
6527 8654 8655 8699 8698
6528 8698 8699 8743 8742
6529 8742 8743 8787 8786
6530 8786 8787 8831 8830
6531 8830 8831 8875 8874
6532 8874 8875 8919 8918
6533 8918 8919 8963 8962
6534 8962 8963 9007 9006
6535 9006 9007 9051 9050
6536 9050 9051 9095 9094
6537 9094 9095 9139 9138
6538 9138 9139 9183 9182
6539 9182 9183 9227 9226
6540 9226 9227 9271 9270
6541 9270 9271 9315 9314
6542 9314 9315 9359 9358
6543 9358 9359 9403 9402
6544 9402 9403 9447 9446
6545 9446 9447 9491 9490
6546 9490 9491 9535 9534
6547 9534 9535 9579 9578
6548 9578 9579 9623 9622
6549 9622 9623 9667 9666
6550 9666 9667 9711 9710
6551 9710 9711 9755 9754
6552 9754 9755 9799 9798
6553 9798 9799 9843 9842
6554 9842 9843 9887 9886
6555 9886 9887 9931 9930
6556 9930 9931 9975 9974
6557 9974 9975 10019 10018
6558 10018 10019 10063 10062
6559 10062 10063 10107 10106
6560 10106 10107 10151 10150
6561 10150 10151 10195 10194
6562 10194 10195 10239 10238
6563 10238 10239 10283 10282
6564 10282 10283 10327 10326
6565 10326 10327 10371 10370
6566 10370 10371 10415 10414
6567 10414 10415 10459 10458
6568 10458 10459 10503 10502
6569 10502 10503 10547 10546
6570 10546 10547 8500 8501
6571 8567 8568 8656 8655
6572 8655 8656 8700 8699
6573 8699 8700 8744 8743
6574 8743 8744 8788 8787
6575 8787 8788 8832 8831
6576 8831 8832 8876 8875
6577 8875 8876 8920 8919
6578 8919 8920 8964 8963
6579 8963 8964 9008 9007
6580 9007 9008 9052 9051
6581 9051 9052 9096 9095
6582 9095 9096 9140 9139
6583 9139 9140 9184 9183
6584 9183 9184 9228 9227
6585 9227 9228 9272 9271
6586 9271 9272 9316 9315
6587 9315 9316 9360 9359
6588 9359 9360 9404 9403
6589 9403 9404 9448 9447
6590 9447 9448 9492 9491
6591 9491 9492 9536 9535
6592 9535 9536 9580 9579
6593 9579 9580 9624 9623
6594 9623 9624 9668 9667
6595 9667 9668 9712 9711
6596 9711 9712 9756 9755
6597 9755 9756 9800 9799
6598 9799 9800 9844 9843
6599 9843 9844 9888 9887
6600 9887 9888 9932 9931
6601 9931 9932 9976 9975
6602 9975 9976 10020 10019
6603 10019 10020 10064 10063
6604 10063 10064 10108 10107
6605 10107 10108 10152 10151
6606 10151 10152 10196 10195
6607 10195 10196 10240 10239
6608 10239 10240 10284 10283
6609 10283 10284 10328 10327
6610 10327 10328 10372 10371
6611 10371 10372 10416 10415
6612 10415 10416 10460 10459
6613 10459 10460 10504 10503
6614 10503 10504 10548 10547
6615 10547 10548 8499 8500
6616 8568 8569 8657 8656
6617 8656 8657 8701 8700
6618 8700 8701 8745 8744
6619 8744 8745 8789 8788
6620 8788 8789 8833 8832
6621 8832 8833 8877 8876
6622 8876 8877 8921 8920
6623 8920 8921 8965 8964
6624 8964 8965 9009 9008
6625 9008 9009 9053 9052
6626 9052 9053 9097 9096
6627 9096 9097 9141 9140
6628 9140 9141 9185 9184
6629 9184 9185 9229 9228
6630 9228 9229 9273 9272
6631 9272 9273 9317 9316
6632 9316 9317 9361 9360
6633 9360 9361 9405 9404
6634 9404 9405 9449 9448
6635 9448 9449 9493 9492
6636 9492 9493 9537 9536
6637 9536 9537 9581 9580
6638 9580 9581 9625 9624
6639 9624 9625 9669 9668
6640 9668 9669 9713 9712
6641 9712 9713 9757 9756
6642 9756 9757 9801 9800
6643 9800 9801 9845 9844
6644 9844 9845 9889 9888
6645 9888 9889 9933 9932
6646 9932 9933 9977 9976
6647 9976 9977 10021 10020
6648 10020 10021 10065 10064
6649 10064 10065 10109 10108
6650 10108 10109 10153 10152
6651 10152 10153 10197 10196
6652 10196 10197 10241 10240
6653 10240 10241 10285 10284
6654 10284 10285 10329 10328
6655 10328 10329 10373 10372
6656 10372 10373 10417 10416
6657 10416 10417 10461 10460
6658 10460 10461 10505 10504
6659 10504 10505 10549 10548
6660 10548 10549 8498 8499
6661 8569 8570 8658 8657
6662 8657 8658 8702 8701
6663 8701 8702 8746 8745
6664 8745 8746 8790 8789
6665 8789 8790 8834 8833
6666 8833 8834 8878 8877
6667 8877 8878 8922 8921
6668 8921 8922 8966 8965
6669 8965 8966 9010 9009
6670 9009 9010 9054 9053
6671 9053 9054 9098 9097
6672 9097 9098 9142 9141
6673 9141 9142 9186 9185
6674 9185 9186 9230 9229
6675 9229 9230 9274 9273
6676 9273 9274 9318 9317
6677 9317 9318 9362 9361
6678 9361 9362 9406 9405
6679 9405 9406 9450 9449
6680 9449 9450 9494 9493
6681 9493 9494 9538 9537
6682 9537 9538 9582 9581
6683 9581 9582 9626 9625
6684 9625 9626 9670 9669
6685 9669 9670 9714 9713
6686 9713 9714 9758 9757
6687 9757 9758 9802 9801
6688 9801 9802 9846 9845
6689 9845 9846 9890 9889
6690 9889 9890 9934 9933
6691 9933 9934 9978 9977
6692 9977 9978 10022 10021
6693 10021 10022 10066 10065
6694 10065 10066 10110 10109
6695 10109 10110 10154 10153
6696 10153 10154 10198 10197
6697 10197 10198 10242 10241
6698 10241 10242 10286 10285
6699 10285 10286 10330 10329
6700 10329 10330 10374 10373
6701 10373 10374 10418 10417
6702 10417 10418 10462 10461
6703 10461 10462 10506 10505
6704 10505 10506 10550 10549
6705 10549 10550 8497 8498
6706 8570 8571 8659 8658
6707 8658 8659 8703 8702
6708 8702 8703 8747 8746
6709 8746 8747 8791 8790
6710 8790 8791 8835 8834
6711 8834 8835 8879 8878
6712 8878 8879 8923 8922
6713 8922 8923 8967 8966
6714 8966 8967 9011 9010
6715 9010 9011 9055 9054
6716 9054 9055 9099 9098
6717 9098 9099 9143 9142
6718 9142 9143 9187 9186
6719 9186 9187 9231 9230
6720 9230 9231 9275 9274
6721 9274 9275 9319 9318
6722 9318 9319 9363 9362
6723 9362 9363 9407 9406
6724 9406 9407 9451 9450
6725 9450 9451 9495 9494
6726 9494 9495 9539 9538
6727 9538 9539 9583 9582
6728 9582 9583 9627 9626
6729 9626 9627 9671 9670
6730 9670 9671 9715 9714
6731 9714 9715 9759 9758
6732 9758 9759 9803 9802
6733 9802 9803 9847 9846
6734 9846 9847 9891 9890
6735 9890 9891 9935 9934
6736 9934 9935 9979 9978
6737 9978 9979 10023 10022
6738 10022 10023 10067 10066
6739 10066 10067 10111 10110
6740 10110 10111 10155 10154
6741 10154 10155 10199 10198
6742 10198 10199 10243 10242
6743 10242 10243 10287 10286
6744 10286 10287 10331 10330
6745 10330 10331 10375 10374
6746 10374 10375 10419 10418
6747 10418 10419 10463 10462
6748 10462 10463 10507 10506
6749 10506 10507 10551 10550
6750 10550 10551 8496 8497
6751 8571 8572 8660 8659
6752 8659 8660 8704 8703
6753 8703 8704 8748 8747
6754 8747 8748 8792 8791
6755 8791 8792 8836 8835
6756 8835 8836 8880 8879
6757 8879 8880 8924 8923
6758 8923 8924 8968 8967
6759 8967 8968 9012 9011
6760 9011 9012 9056 9055
6761 9055 9056 9100 9099
6762 9099 9100 9144 9143
6763 9143 9144 9188 9187
6764 9187 9188 9232 9231
6765 9231 9232 9276 9275
6766 9275 9276 9320 9319
6767 9319 9320 9364 9363
6768 9363 9364 9408 9407
6769 9407 9408 9452 9451
6770 9451 9452 9496 9495
6771 9495 9496 9540 9539
6772 9539 9540 9584 9583
6773 9583 9584 9628 9627
6774 9627 9628 9672 9671
6775 9671 9672 9716 9715
6776 9715 9716 9760 9759
6777 9759 9760 9804 9803
6778 9803 9804 9848 9847
6779 9847 9848 9892 9891
6780 9891 9892 9936 9935
6781 9935 9936 9980 9979
6782 9979 9980 10024 10023
6783 10023 10024 10068 10067
6784 10067 10068 10112 10111
6785 10111 10112 10156 10155
6786 10155 10156 10200 10199
6787 10199 10200 10244 10243
6788 10243 10244 10288 10287
6789 10287 10288 10332 10331
6790 10331 10332 10376 10375
6791 10375 10376 10420 10419
6792 10419 10420 10464 10463
6793 10463 10464 10508 10507
6794 10507 10508 10552 10551
6795 10551 10552 8495 8496
6796 8572 8573 8661 8660
6797 8660 8661 8705 8704
6798 8704 8705 8749 8748
6799 8748 8749 8793 8792
6800 8792 8793 8837 8836
6801 8836 8837 8881 8880
6802 8880 8881 8925 8924
6803 8924 8925 8969 8968
6804 8968 8969 9013 9012
6805 9012 9013 9057 9056
6806 9056 9057 9101 9100
6807 9100 9101 9145 9144
6808 9144 9145 9189 9188
6809 9188 9189 9233 9232
6810 9232 9233 9277 9276
6811 9276 9277 9321 9320
6812 9320 9321 9365 9364
6813 9364 9365 9409 9408
6814 9408 9409 9453 9452
6815 9452 9453 9497 9496
6816 9496 9497 9541 9540
6817 9540 9541 9585 9584
6818 9584 9585 9629 9628
6819 9628 9629 9673 9672
6820 9672 9673 9717 9716
6821 9716 9717 9761 9760
6822 9760 9761 9805 9804
6823 9804 9805 9849 9848
6824 9848 9849 9893 9892
6825 9892 9893 9937 9936
6826 9936 9937 9981 9980
6827 9980 9981 10025 10024
6828 10024 10025 10069 10068
6829 10068 10069 10113 10112
6830 10112 10113 10157 10156
6831 10156 10157 10201 10200
6832 10200 10201 10245 10244
6833 10244 10245 10289 10288
6834 10288 10289 10333 10332
6835 10332 10333 10377 10376
6836 10376 10377 10421 10420
6837 10420 10421 10465 10464
6838 10464 10465 10509 10508
6839 10508 10509 10553 10552
6840 10552 10553 8494 8495
6841 8573 8574 8662 8661
6842 8661 8662 8706 8705
6843 8705 8706 8750 8749
6844 8749 8750 8794 8793
6845 8793 8794 8838 8837
6846 8837 8838 8882 8881
6847 8881 8882 8926 8925
6848 8925 8926 8970 8969
6849 8969 8970 9014 9013
6850 9013 9014 9058 9057
6851 9057 9058 9102 9101
6852 9101 9102 9146 9145
6853 9145 9146 9190 9189
6854 9189 9190 9234 9233
6855 9233 9234 9278 9277
6856 9277 9278 9322 9321
6857 9321 9322 9366 9365
6858 9365 9366 9410 9409
6859 9409 9410 9454 9453
6860 9453 9454 9498 9497
6861 9497 9498 9542 9541
6862 9541 9542 9586 9585
6863 9585 9586 9630 9629
6864 9629 9630 9674 9673
6865 9673 9674 9718 9717
6866 9717 9718 9762 9761
6867 9761 9762 9806 9805
6868 9805 9806 9850 9849
6869 9849 9850 9894 9893
6870 9893 9894 9938 9937
6871 9937 9938 9982 9981
6872 9981 9982 10026 10025
6873 10025 10026 10070 10069
6874 10069 10070 10114 10113
6875 10113 10114 10158 10157
6876 10157 10158 10202 10201
6877 10201 10202 10246 10245
6878 10245 10246 10290 10289
6879 10289 10290 10334 10333
6880 10333 10334 10378 10377
6881 10377 10378 10422 10421
6882 10421 10422 10466 10465
6883 10465 10466 10510 10509
6884 10509 10510 10554 10553
6885 10553 10554 8493 8494
6886 8574 8575 8663 8662
6887 8662 8663 8707 8706
6888 8706 8707 8751 8750
6889 8750 8751 8795 8794
6890 8794 8795 8839 8838
6891 8838 8839 8883 8882
6892 8882 8883 8927 8926
6893 8926 8927 8971 8970
6894 8970 8971 9015 9014
6895 9014 9015 9059 9058
6896 9058 9059 9103 9102
6897 9102 9103 9147 9146
6898 9146 9147 9191 9190
6899 9190 9191 9235 9234
6900 9234 9235 9279 9278
6901 9278 9279 9323 9322
6902 9322 9323 9367 9366
6903 9366 9367 9411 9410
6904 9410 9411 9455 9454
6905 9454 9455 9499 9498
6906 9498 9499 9543 9542
6907 9542 9543 9587 9586
6908 9586 9587 9631 9630
6909 9630 9631 9675 9674
6910 9674 9675 9719 9718
6911 9718 9719 9763 9762
6912 9762 9763 9807 9806
6913 9806 9807 9851 9850
6914 9850 9851 9895 9894
6915 9894 9895 9939 9938
6916 9938 9939 9983 9982
6917 9982 9983 10027 10026
6918 10026 10027 10071 10070
6919 10070 10071 10115 10114
6920 10114 10115 10159 10158
6921 10158 10159 10203 10202
6922 10202 10203 10247 10246
6923 10246 10247 10291 10290
6924 10290 10291 10335 10334
6925 10334 10335 10379 10378
6926 10378 10379 10423 10422
6927 10422 10423 10467 10466
6928 10466 10467 10511 10510
6929 10510 10511 10555 10554
6930 10554 10555 8492 8493
6931 8575 8576 8664 8663
6932 8663 8664 8708 8707
6933 8707 8708 8752 8751
6934 8751 8752 8796 8795
6935 8795 8796 8840 8839
6936 8839 8840 8884 8883
6937 8883 8884 8928 8927
6938 8927 8928 8972 8971
6939 8971 8972 9016 9015
6940 9015 9016 9060 9059
6941 9059 9060 9104 9103
6942 9103 9104 9148 9147
6943 9147 9148 9192 9191
6944 9191 9192 9236 9235
6945 9235 9236 9280 9279
6946 9279 9280 9324 9323
6947 9323 9324 9368 9367
6948 9367 9368 9412 9411
6949 9411 9412 9456 9455
6950 9455 9456 9500 9499
6951 9499 9500 9544 9543
6952 9543 9544 9588 9587
6953 9587 9588 9632 9631
6954 9631 9632 9676 9675
6955 9675 9676 9720 9719
6956 9719 9720 9764 9763
6957 9763 9764 9808 9807
6958 9807 9808 9852 9851
6959 9851 9852 9896 9895
6960 9895 9896 9940 9939
6961 9939 9940 9984 9983
6962 9983 9984 10028 10027
6963 10027 10028 10072 10071
6964 10071 10072 10116 10115
6965 10115 10116 10160 10159
6966 10159 10160 10204 10203
6967 10203 10204 10248 10247
6968 10247 10248 10292 10291
6969 10291 10292 10336 10335
6970 10335 10336 10380 10379
6971 10379 10380 10424 10423
6972 10423 10424 10468 10467
6973 10467 10468 10512 10511
6974 10511 10512 10556 10555
6975 10555 10556 8491 8492
6976 8576 8577 8665 8664
6977 8664 8665 8709 8708
6978 8708 8709 8753 8752
6979 8752 8753 8797 8796
6980 8796 8797 8841 8840
6981 8840 8841 8885 8884
6982 8884 8885 8929 8928
6983 8928 8929 8973 8972
6984 8972 8973 9017 9016
6985 9016 9017 9061 9060
6986 9060 9061 9105 9104
6987 9104 9105 9149 9148
6988 9148 9149 9193 9192
6989 9192 9193 9237 9236
6990 9236 9237 9281 9280
6991 9280 9281 9325 9324
6992 9324 9325 9369 9368
6993 9368 9369 9413 9412
6994 9412 9413 9457 9456
6995 9456 9457 9501 9500
6996 9500 9501 9545 9544
6997 9544 9545 9589 9588
6998 9588 9589 9633 9632
6999 9632 9633 9677 9676
7000 9676 9677 9721 9720
7001 9720 9721 9765 9764
7002 9764 9765 9809 9808
7003 9808 9809 9853 9852
7004 9852 9853 9897 9896
7005 9896 9897 9941 9940
7006 9940 9941 9985 9984
7007 9984 9985 10029 10028
7008 10028 10029 10073 10072
7009 10072 10073 10117 10116
7010 10116 10117 10161 10160
7011 10160 10161 10205 10204
7012 10204 10205 10249 10248
7013 10248 10249 10293 10292
7014 10292 10293 10337 10336
7015 10336 10337 10381 10380
7016 10380 10381 10425 10424
7017 10424 10425 10469 10468
7018 10468 10469 10513 10512
7019 10512 10513 10557 10556
7020 10556 10557 8490 8491
7021 8577 8578 8666 8665
7022 8665 8666 8710 8709
7023 8709 8710 8754 8753
7024 8753 8754 8798 8797
7025 8797 8798 8842 8841
7026 8841 8842 8886 8885
7027 8885 8886 8930 8929
7028 8929 8930 8974 8973
7029 8973 8974 9018 9017
7030 9017 9018 9062 9061
7031 9061 9062 9106 9105
7032 9105 9106 9150 9149
7033 9149 9150 9194 9193
7034 9193 9194 9238 9237
7035 9237 9238 9282 9281
7036 9281 9282 9326 9325
7037 9325 9326 9370 9369
7038 9369 9370 9414 9413
7039 9413 9414 9458 9457
7040 9457 9458 9502 9501
7041 9501 9502 9546 9545
7042 9545 9546 9590 9589
7043 9589 9590 9634 9633
7044 9633 9634 9678 9677
7045 9677 9678 9722 9721
7046 9721 9722 9766 9765
7047 9765 9766 9810 9809
7048 9809 9810 9854 9853
7049 9853 9854 9898 9897
7050 9897 9898 9942 9941
7051 9941 9942 9986 9985
7052 9985 9986 10030 10029
7053 10029 10030 10074 10073
7054 10073 10074 10118 10117
7055 10117 10118 10162 10161
7056 10161 10162 10206 10205
7057 10205 10206 10250 10249
7058 10249 10250 10294 10293
7059 10293 10294 10338 10337
7060 10337 10338 10382 10381
7061 10381 10382 10426 10425
7062 10425 10426 10470 10469
7063 10469 10470 10514 10513
7064 10513 10514 10558 10557
7065 10557 10558 8489 8490
7066 8578 8579 8667 8666
7067 8666 8667 8711 8710
7068 8710 8711 8755 8754
7069 8754 8755 8799 8798
7070 8798 8799 8843 8842
7071 8842 8843 8887 8886
7072 8886 8887 8931 8930
7073 8930 8931 8975 8974
7074 8974 8975 9019 9018
7075 9018 9019 9063 9062
7076 9062 9063 9107 9106
7077 9106 9107 9151 9150
7078 9150 9151 9195 9194
7079 9194 9195 9239 9238
7080 9238 9239 9283 9282
7081 9282 9283 9327 9326
7082 9326 9327 9371 9370
7083 9370 9371 9415 9414
7084 9414 9415 9459 9458
7085 9458 9459 9503 9502
7086 9502 9503 9547 9546
7087 9546 9547 9591 9590
7088 9590 9591 9635 9634
7089 9634 9635 9679 9678
7090 9678 9679 9723 9722
7091 9722 9723 9767 9766
7092 9766 9767 9811 9810
7093 9810 9811 9855 9854
7094 9854 9855 9899 9898
7095 9898 9899 9943 9942
7096 9942 9943 9987 9986
7097 9986 9987 10031 10030
7098 10030 10031 10075 10074
7099 10074 10075 10119 10118
7100 10118 10119 10163 10162
7101 10162 10163 10207 10206
7102 10206 10207 10251 10250
7103 10250 10251 10295 10294
7104 10294 10295 10339 10338
7105 10338 10339 10383 10382
7106 10382 10383 10427 10426
7107 10426 10427 10471 10470
7108 10470 10471 10515 10514
7109 10514 10515 10559 10558
7110 10558 10559 8488 8489
7111 8579 8580 8668 8667
7112 8667 8668 8712 8711
7113 8711 8712 8756 8755
7114 8755 8756 8800 8799
7115 8799 8800 8844 8843
7116 8843 8844 8888 8887
7117 8887 8888 8932 8931
7118 8931 8932 8976 8975
7119 8975 8976 9020 9019
7120 9019 9020 9064 9063
7121 9063 9064 9108 9107
7122 9107 9108 9152 9151
7123 9151 9152 9196 9195
7124 9195 9196 9240 9239
7125 9239 9240 9284 9283
7126 9283 9284 9328 9327
7127 9327 9328 9372 9371
7128 9371 9372 9416 9415
7129 9415 9416 9460 9459
7130 9459 9460 9504 9503
7131 9503 9504 9548 9547
7132 9547 9548 9592 9591
7133 9591 9592 9636 9635
7134 9635 9636 9680 9679
7135 9679 9680 9724 9723
7136 9723 9724 9768 9767
7137 9767 9768 9812 9811
7138 9811 9812 9856 9855
7139 9855 9856 9900 9899
7140 9899 9900 9944 9943
7141 9943 9944 9988 9987
7142 9987 9988 10032 10031
7143 10031 10032 10076 10075
7144 10075 10076 10120 10119
7145 10119 10120 10164 10163
7146 10163 10164 10208 10207
7147 10207 10208 10252 10251
7148 10251 10252 10296 10295
7149 10295 10296 10340 10339
7150 10339 10340 10384 10383
7151 10383 10384 10428 10427
7152 10427 10428 10472 10471
7153 10471 10472 10516 10515
7154 10515 10516 10560 10559
7155 10559 10560 8487 8488
7156 8580 8581 8669 8668
7157 8668 8669 8713 8712
7158 8712 8713 8757 8756
7159 8756 8757 8801 8800
7160 8800 8801 8845 8844
7161 8844 8845 8889 8888
7162 8888 8889 8933 8932
7163 8932 8933 8977 8976
7164 8976 8977 9021 9020
7165 9020 9021 9065 9064
7166 9064 9065 9109 9108
7167 9108 9109 9153 9152
7168 9152 9153 9197 9196
7169 9196 9197 9241 9240
7170 9240 9241 9285 9284
7171 9284 9285 9329 9328
7172 9328 9329 9373 9372
7173 9372 9373 9417 9416
7174 9416 9417 9461 9460
7175 9460 9461 9505 9504
7176 9504 9505 9549 9548
7177 9548 9549 9593 9592
7178 9592 9593 9637 9636
7179 9636 9637 9681 9680
7180 9680 9681 9725 9724
7181 9724 9725 9769 9768
7182 9768 9769 9813 9812
7183 9812 9813 9857 9856
7184 9856 9857 9901 9900
7185 9900 9901 9945 9944
7186 9944 9945 9989 9988
7187 9988 9989 10033 10032
7188 10032 10033 10077 10076
7189 10076 10077 10121 10120
7190 10120 10121 10165 10164
7191 10164 10165 10209 10208
7192 10208 10209 10253 10252
7193 10252 10253 10297 10296
7194 10296 10297 10341 10340
7195 10340 10341 10385 10384
7196 10384 10385 10429 10428
7197 10428 10429 10473 10472
7198 10472 10473 10517 10516
7199 10516 10517 10561 10560
7200 10560 10561 8486 8487
7201 8581 8582 8670 8669
7202 8669 8670 8714 8713
7203 8713 8714 8758 8757
7204 8757 8758 8802 8801
7205 8801 8802 8846 8845
7206 8845 8846 8890 8889
7207 8889 8890 8934 8933
7208 8933 8934 8978 8977
7209 8977 8978 9022 9021
7210 9021 9022 9066 9065
7211 9065 9066 9110 9109
7212 9109 9110 9154 9153
7213 9153 9154 9198 9197
7214 9197 9198 9242 9241
7215 9241 9242 9286 9285
7216 9285 9286 9330 9329
7217 9329 9330 9374 9373
7218 9373 9374 9418 9417
7219 9417 9418 9462 9461
7220 9461 9462 9506 9505
7221 9505 9506 9550 9549
7222 9549 9550 9594 9593
7223 9593 9594 9638 9637
7224 9637 9638 9682 9681
7225 9681 9682 9726 9725
7226 9725 9726 9770 9769
7227 9769 9770 9814 9813
7228 9813 9814 9858 9857
7229 9857 9858 9902 9901
7230 9901 9902 9946 9945
7231 9945 9946 9990 9989
7232 9989 9990 10034 10033
7233 10033 10034 10078 10077
7234 10077 10078 10122 10121
7235 10121 10122 10166 10165
7236 10165 10166 10210 10209
7237 10209 10210 10254 10253
7238 10253 10254 10298 10297
7239 10297 10298 10342 10341
7240 10341 10342 10386 10385
7241 10385 10386 10430 10429
7242 10429 10430 10474 10473
7243 10473 10474 10518 10517
7244 10517 10518 10562 10561
7245 10561 10562 8485 8486
7246 8582 8583 8671 8670
7247 8670 8671 8715 8714
7248 8714 8715 8759 8758
7249 8758 8759 8803 8802
7250 8802 8803 8847 8846
7251 8846 8847 8891 8890
7252 8890 8891 8935 8934
7253 8934 8935 8979 8978
7254 8978 8979 9023 9022
7255 9022 9023 9067 9066
7256 9066 9067 9111 9110
7257 9110 9111 9155 9154
7258 9154 9155 9199 9198
7259 9198 9199 9243 9242
7260 9242 9243 9287 9286
7261 9286 9287 9331 9330
7262 9330 9331 9375 9374
7263 9374 9375 9419 9418
7264 9418 9419 9463 9462
7265 9462 9463 9507 9506
7266 9506 9507 9551 9550
7267 9550 9551 9595 9594
7268 9594 9595 9639 9638
7269 9638 9639 9683 9682
7270 9682 9683 9727 9726
7271 9726 9727 9771 9770
7272 9770 9771 9815 9814
7273 9814 9815 9859 9858
7274 9858 9859 9903 9902
7275 9902 9903 9947 9946
7276 9946 9947 9991 9990
7277 9990 9991 10035 10034
7278 10034 10035 10079 10078
7279 10078 10079 10123 10122
7280 10122 10123 10167 10166
7281 10166 10167 10211 10210
7282 10210 10211 10255 10254
7283 10254 10255 10299 10298
7284 10298 10299 10343 10342
7285 10342 10343 10387 10386
7286 10386 10387 10431 10430
7287 10430 10431 10475 10474
7288 10474 10475 10519 10518
7289 10518 10519 10563 10562
7290 10562 10563 8484 8485
7291 8583 8584 8672 8671
7292 8671 8672 8716 8715
7293 8715 8716 8760 8759
7294 8759 8760 8804 8803
7295 8803 8804 8848 8847
7296 8847 8848 8892 8891
7297 8891 8892 8936 8935
7298 8935 8936 8980 8979
7299 8979 8980 9024 9023
7300 9023 9024 9068 9067
7301 9067 9068 9112 9111
7302 9111 9112 9156 9155
7303 9155 9156 9200 9199
7304 9199 9200 9244 9243
7305 9243 9244 9288 9287
7306 9287 9288 9332 9331
7307 9331 9332 9376 9375
7308 9375 9376 9420 9419
7309 9419 9420 9464 9463
7310 9463 9464 9508 9507
7311 9507 9508 9552 9551
7312 9551 9552 9596 9595
7313 9595 9596 9640 9639
7314 9639 9640 9684 9683
7315 9683 9684 9728 9727
7316 9727 9728 9772 9771
7317 9771 9772 9816 9815
7318 9815 9816 9860 9859
7319 9859 9860 9904 9903
7320 9903 9904 9948 9947
7321 9947 9948 9992 9991
7322 9991 9992 10036 10035
7323 10035 10036 10080 10079
7324 10079 10080 10124 10123
7325 10123 10124 10168 10167
7326 10167 10168 10212 10211
7327 10211 10212 10256 10255
7328 10255 10256 10300 10299
7329 10299 10300 10344 10343
7330 10343 10344 10388 10387
7331 10387 10388 10432 10431
7332 10431 10432 10476 10475
7333 10475 10476 10520 10519
7334 10519 10520 10564 10563
7335 10563 10564 8483 8484
7336 8584 8585 8673 8672
7337 8672 8673 8717 8716
7338 8716 8717 8761 8760
7339 8760 8761 8805 8804
7340 8804 8805 8849 8848
7341 8848 8849 8893 8892
7342 8892 8893 8937 8936
7343 8936 8937 8981 8980
7344 8980 8981 9025 9024
7345 9024 9025 9069 9068
7346 9068 9069 9113 9112
7347 9112 9113 9157 9156
7348 9156 9157 9201 9200
7349 9200 9201 9245 9244
7350 9244 9245 9289 9288
7351 9288 9289 9333 9332
7352 9332 9333 9377 9376
7353 9376 9377 9421 9420
7354 9420 9421 9465 9464
7355 9464 9465 9509 9508
7356 9508 9509 9553 9552
7357 9552 9553 9597 9596
7358 9596 9597 9641 9640
7359 9640 9641 9685 9684
7360 9684 9685 9729 9728
7361 9728 9729 9773 9772
7362 9772 9773 9817 9816
7363 9816 9817 9861 9860
7364 9860 9861 9905 9904
7365 9904 9905 9949 9948
7366 9948 9949 9993 9992
7367 9992 9993 10037 10036
7368 10036 10037 10081 10080
7369 10080 10081 10125 10124
7370 10124 10125 10169 10168
7371 10168 10169 10213 10212
7372 10212 10213 10257 10256
7373 10256 10257 10301 10300
7374 10300 10301 10345 10344
7375 10344 10345 10389 10388
7376 10388 10389 10433 10432
7377 10432 10433 10477 10476
7378 10476 10477 10521 10520
7379 10520 10521 10565 10564
7380 10564 10565 8482 8483
7381 8585 8586 8674 8673
7382 8673 8674 8718 8717
7383 8717 8718 8762 8761
7384 8761 8762 8806 8805
7385 8805 8806 8850 8849
7386 8849 8850 8894 8893
7387 8893 8894 8938 8937
7388 8937 8938 8982 8981
7389 8981 8982 9026 9025
7390 9025 9026 9070 9069
7391 9069 9070 9114 9113
7392 9113 9114 9158 9157
7393 9157 9158 9202 9201
7394 9201 9202 9246 9245
7395 9245 9246 9290 9289
7396 9289 9290 9334 9333
7397 9333 9334 9378 9377
7398 9377 9378 9422 9421
7399 9421 9422 9466 9465
7400 9465 9466 9510 9509
7401 9509 9510 9554 9553
7402 9553 9554 9598 9597
7403 9597 9598 9642 9641
7404 9641 9642 9686 9685
7405 9685 9686 9730 9729
7406 9729 9730 9774 9773
7407 9773 9774 9818 9817
7408 9817 9818 9862 9861
7409 9861 9862 9906 9905
7410 9905 9906 9950 9949
7411 9949 9950 9994 9993
7412 9993 9994 10038 10037
7413 10037 10038 10082 10081
7414 10081 10082 10126 10125
7415 10125 10126 10170 10169
7416 10169 10170 10214 10213
7417 10213 10214 10258 10257
7418 10257 10258 10302 10301
7419 10301 10302 10346 10345
7420 10345 10346 10390 10389
7421 10389 10390 10434 10433
7422 10433 10434 10478 10477
7423 10477 10478 10522 10521
7424 10521 10522 10566 10565
7425 10565 10566 8481 8482
7426 8586 8587 8675 8674
7427 8674 8675 8719 8718
7428 8718 8719 8763 8762
7429 8762 8763 8807 8806
7430 8806 8807 8851 8850
7431 8850 8851 8895 8894
7432 8894 8895 8939 8938
7433 8938 8939 8983 8982
7434 8982 8983 9027 9026
7435 9026 9027 9071 9070
7436 9070 9071 9115 9114
7437 9114 9115 9159 9158
7438 9158 9159 9203 9202
7439 9202 9203 9247 9246
7440 9246 9247 9291 9290
7441 9290 9291 9335 9334
7442 9334 9335 9379 9378
7443 9378 9379 9423 9422
7444 9422 9423 9467 9466
7445 9466 9467 9511 9510
7446 9510 9511 9555 9554
7447 9554 9555 9599 9598
7448 9598 9599 9643 9642
7449 9642 9643 9687 9686
7450 9686 9687 9731 9730
7451 9730 9731 9775 9774
7452 9774 9775 9819 9818
7453 9818 9819 9863 9862
7454 9862 9863 9907 9906
7455 9906 9907 9951 9950
7456 9950 9951 9995 9994
7457 9994 9995 10039 10038
7458 10038 10039 10083 10082
7459 10082 10083 10127 10126
7460 10126 10127 10171 10170
7461 10170 10171 10215 10214
7462 10214 10215 10259 10258
7463 10258 10259 10303 10302
7464 10302 10303 10347 10346
7465 10346 10347 10391 10390
7466 10390 10391 10435 10434
7467 10434 10435 10479 10478
7468 10478 10479 10523 10522
7469 10522 10523 10567 10566
7470 10566 10567 8480 8481
7471 8587 8588 8676 8675
7472 8675 8676 8720 8719
7473 8719 8720 8764 8763
7474 8763 8764 8808 8807
7475 8807 8808 8852 8851
7476 8851 8852 8896 8895
7477 8895 8896 8940 8939
7478 8939 8940 8984 8983
7479 8983 8984 9028 9027
7480 9027 9028 9072 9071
7481 9071 9072 9116 9115
7482 9115 9116 9160 9159
7483 9159 9160 9204 9203
7484 9203 9204 9248 9247
7485 9247 9248 9292 9291
7486 9291 9292 9336 9335
7487 9335 9336 9380 9379
7488 9379 9380 9424 9423
7489 9423 9424 9468 9467
7490 9467 9468 9512 9511
7491 9511 9512 9556 9555
7492 9555 9556 9600 9599
7493 9599 9600 9644 9643
7494 9643 9644 9688 9687
7495 9687 9688 9732 9731
7496 9731 9732 9776 9775
7497 9775 9776 9820 9819
7498 9819 9820 9864 9863
7499 9863 9864 9908 9907
7500 9907 9908 9952 9951
7501 9951 9952 9996 9995
7502 9995 9996 10040 10039
7503 10039 10040 10084 10083
7504 10083 10084 10128 10127
7505 10127 10128 10172 10171
7506 10171 10172 10216 10215
7507 10215 10216 10260 10259
7508 10259 10260 10304 10303
7509 10303 10304 10348 10347
7510 10347 10348 10392 10391
7511 10391 10392 10436 10435
7512 10435 10436 10480 10479
7513 10479 10480 10524 10523
7514 10523 10524 10568 10567
7515 10567 10568 8479 8480
7516 8588 8589 8677 8676
7517 8676 8677 8721 8720
7518 8720 8721 8765 8764
7519 8764 8765 8809 8808
7520 8808 8809 8853 8852
7521 8852 8853 8897 8896
7522 8896 8897 8941 8940
7523 8940 8941 8985 8984
7524 8984 8985 9029 9028
7525 9028 9029 9073 9072
7526 9072 9073 9117 9116
7527 9116 9117 9161 9160
7528 9160 9161 9205 9204
7529 9204 9205 9249 9248
7530 9248 9249 9293 9292
7531 9292 9293 9337 9336
7532 9336 9337 9381 9380
7533 9380 9381 9425 9424
7534 9424 9425 9469 9468
7535 9468 9469 9513 9512
7536 9512 9513 9557 9556
7537 9556 9557 9601 9600
7538 9600 9601 9645 9644
7539 9644 9645 9689 9688
7540 9688 9689 9733 9732
7541 9732 9733 9777 9776
7542 9776 9777 9821 9820
7543 9820 9821 9865 9864
7544 9864 9865 9909 9908
7545 9908 9909 9953 9952
7546 9952 9953 9997 9996
7547 9996 9997 10041 10040
7548 10040 10041 10085 10084
7549 10084 10085 10129 10128
7550 10128 10129 10173 10172
7551 10172 10173 10217 10216
7552 10216 10217 10261 10260
7553 10260 10261 10305 10304
7554 10304 10305 10349 10348
7555 10348 10349 10393 10392
7556 10392 10393 10437 10436
7557 10436 10437 10481 10480
7558 10480 10481 10525 10524
7559 10524 10525 10569 10568
7560 10568 10569 8478 8479
7561 8589 8590 8678 8677
7562 8677 8678 8722 8721
7563 8721 8722 8766 8765
7564 8765 8766 8810 8809
7565 8809 8810 8854 8853
7566 8853 8854 8898 8897
7567 8897 8898 8942 8941
7568 8941 8942 8986 8985
7569 8985 8986 9030 9029
7570 9029 9030 9074 9073
7571 9073 9074 9118 9117
7572 9117 9118 9162 9161
7573 9161 9162 9206 9205
7574 9205 9206 9250 9249
7575 9249 9250 9294 9293
7576 9293 9294 9338 9337
7577 9337 9338 9382 9381
7578 9381 9382 9426 9425
7579 9425 9426 9470 9469
7580 9469 9470 9514 9513
7581 9513 9514 9558 9557
7582 9557 9558 9602 9601
7583 9601 9602 9646 9645
7584 9645 9646 9690 9689
7585 9689 9690 9734 9733
7586 9733 9734 9778 9777
7587 9777 9778 9822 9821
7588 9821 9822 9866 9865
7589 9865 9866 9910 9909
7590 9909 9910 9954 9953
7591 9953 9954 9998 9997
7592 9997 9998 10042 10041
7593 10041 10042 10086 10085
7594 10085 10086 10130 10129
7595 10129 10130 10174 10173
7596 10173 10174 10218 10217
7597 10217 10218 10262 10261
7598 10261 10262 10306 10305
7599 10305 10306 10350 10349
7600 10349 10350 10394 10393
7601 10393 10394 10438 10437
7602 10437 10438 10482 10481
7603 10481 10482 10526 10525
7604 10525 10526 10570 10569
7605 10569 10570 8477 8478
7606 8590 8591 8679 8678
7607 8678 8679 8723 8722
7608 8722 8723 8767 8766
7609 8766 8767 8811 8810
7610 8810 8811 8855 8854
7611 8854 8855 8899 8898
7612 8898 8899 8943 8942
7613 8942 8943 8987 8986
7614 8986 8987 9031 9030
7615 9030 9031 9075 9074
7616 9074 9075 9119 9118
7617 9118 9119 9163 9162
7618 9162 9163 9207 9206
7619 9206 9207 9251 9250
7620 9250 9251 9295 9294
7621 9294 9295 9339 9338
7622 9338 9339 9383 9382
7623 9382 9383 9427 9426
7624 9426 9427 9471 9470
7625 9470 9471 9515 9514
7626 9514 9515 9559 9558
7627 9558 9559 9603 9602
7628 9602 9603 9647 9646
7629 9646 9647 9691 9690
7630 9690 9691 9735 9734
7631 9734 9735 9779 9778
7632 9778 9779 9823 9822
7633 9822 9823 9867 9866
7634 9866 9867 9911 9910
7635 9910 9911 9955 9954
7636 9954 9955 9999 9998
7637 9998 9999 10043 10042
7638 10042 10043 10087 10086
7639 10086 10087 10131 10130
7640 10130 10131 10175 10174
7641 10174 10175 10219 10218
7642 10218 10219 10263 10262
7643 10262 10263 10307 10306
7644 10306 10307 10351 10350
7645 10350 10351 10395 10394
7646 10394 10395 10439 10438
7647 10438 10439 10483 10482
7648 10482 10483 10527 10526
7649 10526 10527 10571 10570
7650 10570 10571 8476 8477
7651 8591 8592 8680 8679
7652 8679 8680 8724 8723
7653 8723 8724 8768 8767
7654 8767 8768 8812 8811
7655 8811 8812 8856 8855
7656 8855 8856 8900 8899
7657 8899 8900 8944 8943
7658 8943 8944 8988 8987
7659 8987 8988 9032 9031
7660 9031 9032 9076 9075
7661 9075 9076 9120 9119
7662 9119 9120 9164 9163
7663 9163 9164 9208 9207
7664 9207 9208 9252 9251
7665 9251 9252 9296 9295
7666 9295 9296 9340 9339
7667 9339 9340 9384 9383
7668 9383 9384 9428 9427
7669 9427 9428 9472 9471
7670 9471 9472 9516 9515
7671 9515 9516 9560 9559
7672 9559 9560 9604 9603
7673 9603 9604 9648 9647
7674 9647 9648 9692 9691
7675 9691 9692 9736 9735
7676 9735 9736 9780 9779
7677 9779 9780 9824 9823
7678 9823 9824 9868 9867
7679 9867 9868 9912 9911
7680 9911 9912 9956 9955
7681 9955 9956 10000 9999
7682 9999 10000 10044 10043
7683 10043 10044 10088 10087
7684 10087 10088 10132 10131
7685 10131 10132 10176 10175
7686 10175 10176 10220 10219
7687 10219 10220 10264 10263
7688 10263 10264 10308 10307
7689 10307 10308 10352 10351
7690 10351 10352 10396 10395
7691 10395 10396 10440 10439
7692 10439 10440 10484 10483
7693 10483 10484 10528 10527
7694 10527 10528 10572 10571
7695 10571 10572 8475 8476
7696 8592 8593 8681 8680
7697 8680 8681 8725 8724
7698 8724 8725 8769 8768
7699 8768 8769 8813 8812
7700 8812 8813 8857 8856
7701 8856 8857 8901 8900
7702 8900 8901 8945 8944
7703 8944 8945 8989 8988
7704 8988 8989 9033 9032
7705 9032 9033 9077 9076
7706 9076 9077 9121 9120
7707 9120 9121 9165 9164
7708 9164 9165 9209 9208
7709 9208 9209 9253 9252
7710 9252 9253 9297 9296
7711 9296 9297 9341 9340
7712 9340 9341 9385 9384
7713 9384 9385 9429 9428
7714 9428 9429 9473 9472
7715 9472 9473 9517 9516
7716 9516 9517 9561 9560
7717 9560 9561 9605 9604
7718 9604 9605 9649 9648
7719 9648 9649 9693 9692
7720 9692 9693 9737 9736
7721 9736 9737 9781 9780
7722 9780 9781 9825 9824
7723 9824 9825 9869 9868
7724 9868 9869 9913 9912
7725 9912 9913 9957 9956
7726 9956 9957 10001 10000
7727 10000 10001 10045 10044
7728 10044 10045 10089 10088
7729 10088 10089 10133 10132
7730 10132 10133 10177 10176
7731 10176 10177 10221 10220
7732 10220 10221 10265 10264
7733 10264 10265 10309 10308
7734 10308 10309 10353 10352
7735 10352 10353 10397 10396
7736 10396 10397 10441 10440
7737 10440 10441 10485 10484
7738 10484 10485 10529 10528
7739 10528 10529 10573 10572
7740 10572 10573 8474 8475
7741 8593 8594 8682 8681
7742 8681 8682 8726 8725
7743 8725 8726 8770 8769
7744 8769 8770 8814 8813
7745 8813 8814 8858 8857
7746 8857 8858 8902 8901
7747 8901 8902 8946 8945
7748 8945 8946 8990 8989
7749 8989 8990 9034 9033
7750 9033 9034 9078 9077
7751 9077 9078 9122 9121
7752 9121 9122 9166 9165
7753 9165 9166 9210 9209
7754 9209 9210 9254 9253
7755 9253 9254 9298 9297
7756 9297 9298 9342 9341
7757 9341 9342 9386 9385
7758 9385 9386 9430 9429
7759 9429 9430 9474 9473
7760 9473 9474 9518 9517
7761 9517 9518 9562 9561
7762 9561 9562 9606 9605
7763 9605 9606 9650 9649
7764 9649 9650 9694 9693
7765 9693 9694 9738 9737
7766 9737 9738 9782 9781
7767 9781 9782 9826 9825
7768 9825 9826 9870 9869
7769 9869 9870 9914 9913
7770 9913 9914 9958 9957
7771 9957 9958 10002 10001
7772 10001 10002 10046 10045
7773 10045 10046 10090 10089
7774 10089 10090 10134 10133
7775 10133 10134 10178 10177
7776 10177 10178 10222 10221
7777 10221 10222 10266 10265
7778 10265 10266 10310 10309
7779 10309 10310 10354 10353
7780 10353 10354 10398 10397
7781 10397 10398 10442 10441
7782 10441 10442 10486 10485
7783 10485 10486 10530 10529
7784 10529 10530 10574 10573
7785 10573 10574 8473 8474
7786 8594 8595 8683 8682
7787 8682 8683 8727 8726
7788 8726 8727 8771 8770
7789 8770 8771 8815 8814
7790 8814 8815 8859 8858
7791 8858 8859 8903 8902
7792 8902 8903 8947 8946
7793 8946 8947 8991 8990
7794 8990 8991 9035 9034
7795 9034 9035 9079 9078
7796 9078 9079 9123 9122
7797 9122 9123 9167 9166
7798 9166 9167 9211 9210
7799 9210 9211 9255 9254
7800 9254 9255 9299 9298
7801 9298 9299 9343 9342
7802 9342 9343 9387 9386
7803 9386 9387 9431 9430
7804 9430 9431 9475 9474
7805 9474 9475 9519 9518
7806 9518 9519 9563 9562
7807 9562 9563 9607 9606
7808 9606 9607 9651 9650
7809 9650 9651 9695 9694
7810 9694 9695 9739 9738
7811 9738 9739 9783 9782
7812 9782 9783 9827 9826
7813 9826 9827 9871 9870
7814 9870 9871 9915 9914
7815 9914 9915 9959 9958
7816 9958 9959 10003 10002
7817 10002 10003 10047 10046
7818 10046 10047 10091 10090
7819 10090 10091 10135 10134
7820 10134 10135 10179 10178
7821 10178 10179 10223 10222
7822 10222 10223 10267 10266
7823 10266 10267 10311 10310
7824 10310 10311 10355 10354
7825 10354 10355 10399 10398
7826 10398 10399 10443 10442
7827 10442 10443 10487 10486
7828 10486 10487 10531 10530
7829 10530 10531 10575 10574
7830 10574 10575 8472 8473
7831 8595 8596 8684 8683
7832 8683 8684 8728 8727
7833 8727 8728 8772 8771
7834 8771 8772 8816 8815
7835 8815 8816 8860 8859
7836 8859 8860 8904 8903
7837 8903 8904 8948 8947
7838 8947 8948 8992 8991
7839 8991 8992 9036 9035
7840 9035 9036 9080 9079
7841 9079 9080 9124 9123
7842 9123 9124 9168 9167
7843 9167 9168 9212 9211
7844 9211 9212 9256 9255
7845 9255 9256 9300 9299
7846 9299 9300 9344 9343
7847 9343 9344 9388 9387
7848 9387 9388 9432 9431
7849 9431 9432 9476 9475
7850 9475 9476 9520 9519
7851 9519 9520 9564 9563
7852 9563 9564 9608 9607
7853 9607 9608 9652 9651
7854 9651 9652 9696 9695
7855 9695 9696 9740 9739
7856 9739 9740 9784 9783
7857 9783 9784 9828 9827
7858 9827 9828 9872 9871
7859 9871 9872 9916 9915
7860 9915 9916 9960 9959
7861 9959 9960 10004 10003
7862 10003 10004 10048 10047
7863 10047 10048 10092 10091
7864 10091 10092 10136 10135
7865 10135 10136 10180 10179
7866 10179 10180 10224 10223
7867 10223 10224 10268 10267
7868 10267 10268 10312 10311
7869 10311 10312 10356 10355
7870 10355 10356 10400 10399
7871 10399 10400 10444 10443
7872 10443 10444 10488 10487
7873 10487 10488 10532 10531
7874 10531 10532 10576 10575
7875 10575 10576 8471 8472
7876 8596 8597 8685 8684
7877 8684 8685 8729 8728
7878 8728 8729 8773 8772
7879 8772 8773 8817 8816
7880 8816 8817 8861 8860
7881 8860 8861 8905 8904
7882 8904 8905 8949 8948
7883 8948 8949 8993 8992
7884 8992 8993 9037 9036
7885 9036 9037 9081 9080
7886 9080 9081 9125 9124
7887 9124 9125 9169 9168
7888 9168 9169 9213 9212
7889 9212 9213 9257 9256
7890 9256 9257 9301 9300
7891 9300 9301 9345 9344
7892 9344 9345 9389 9388
7893 9388 9389 9433 9432
7894 9432 9433 9477 9476
7895 9476 9477 9521 9520
7896 9520 9521 9565 9564
7897 9564 9565 9609 9608
7898 9608 9609 9653 9652
7899 9652 9653 9697 9696
7900 9696 9697 9741 9740
7901 9740 9741 9785 9784
7902 9784 9785 9829 9828
7903 9828 9829 9873 9872
7904 9872 9873 9917 9916
7905 9916 9917 9961 9960
7906 9960 9961 10005 10004
7907 10004 10005 10049 10048
7908 10048 10049 10093 10092
7909 10092 10093 10137 10136
7910 10136 10137 10181 10180
7911 10180 10181 10225 10224
7912 10224 10225 10269 10268
7913 10268 10269 10313 10312
7914 10312 10313 10357 10356
7915 10356 10357 10401 10400
7916 10400 10401 10445 10444
7917 10444 10445 10489 10488
7918 10488 10489 10533 10532
7919 10532 10533 10577 10576
7920 10576 10577 8470 8471
7921 8597 8598 8686 8685
7922 8685 8686 8730 8729
7923 8729 8730 8774 8773
7924 8773 8774 8818 8817
7925 8817 8818 8862 8861
7926 8861 8862 8906 8905
7927 8905 8906 8950 8949
7928 8949 8950 8994 8993
7929 8993 8994 9038 9037
7930 9037 9038 9082 9081
7931 9081 9082 9126 9125
7932 9125 9126 9170 9169
7933 9169 9170 9214 9213
7934 9213 9214 9258 9257
7935 9257 9258 9302 9301
7936 9301 9302 9346 9345
7937 9345 9346 9390 9389
7938 9389 9390 9434 9433
7939 9433 9434 9478 9477
7940 9477 9478 9522 9521
7941 9521 9522 9566 9565
7942 9565 9566 9610 9609
7943 9609 9610 9654 9653
7944 9653 9654 9698 9697
7945 9697 9698 9742 9741
7946 9741 9742 9786 9785
7947 9785 9786 9830 9829
7948 9829 9830 9874 9873
7949 9873 9874 9918 9917
7950 9917 9918 9962 9961
7951 9961 9962 10006 10005
7952 10005 10006 10050 10049
7953 10049 10050 10094 10093
7954 10093 10094 10138 10137
7955 10137 10138 10182 10181
7956 10181 10182 10226 10225
7957 10225 10226 10270 10269
7958 10269 10270 10314 10313
7959 10313 10314 10358 10357
7960 10357 10358 10402 10401
7961 10401 10402 10446 10445
7962 10445 10446 10490 10489
7963 10489 10490 10534 10533
7964 10533 10534 10578 10577
7965 10577 10578 8469 8470
7966 8598 8599 8687 8686
7967 8686 8687 8731 8730
7968 8730 8731 8775 8774
7969 8774 8775 8819 8818
7970 8818 8819 8863 8862
7971 8862 8863 8907 8906
7972 8906 8907 8951 8950
7973 8950 8951 8995 8994
7974 8994 8995 9039 9038
7975 9038 9039 9083 9082
7976 9082 9083 9127 9126
7977 9126 9127 9171 9170
7978 9170 9171 9215 9214
7979 9214 9215 9259 9258
7980 9258 9259 9303 9302
7981 9302 9303 9347 9346
7982 9346 9347 9391 9390
7983 9390 9391 9435 9434
7984 9434 9435 9479 9478
7985 9478 9479 9523 9522
7986 9522 9523 9567 9566
7987 9566 9567 9611 9610
7988 9610 9611 9655 9654
7989 9654 9655 9699 9698
7990 9698 9699 9743 9742
7991 9742 9743 9787 9786
7992 9786 9787 9831 9830
7993 9830 9831 9875 9874
7994 9874 9875 9919 9918
7995 9918 9919 9963 9962
7996 9962 9963 10007 10006
7997 10006 10007 10051 10050
7998 10050 10051 10095 10094
7999 10094 10095 10139 10138
8000 10138 10139 10183 10182
8001 10182 10183 10227 10226
8002 10226 10227 10271 10270
8003 10270 10271 10315 10314
8004 10314 10315 10359 10358
8005 10358 10359 10403 10402
8006 10402 10403 10447 10446
8007 10446 10447 10491 10490
8008 10490 10491 10535 10534
8009 10534 10535 10579 10578
8010 10578 10579 8468 8469
8011 8599 8600 8688 8687
8012 8687 8688 8732 8731
8013 8731 8732 8776 8775
8014 8775 8776 8820 8819
8015 8819 8820 8864 8863
8016 8863 8864 8908 8907
8017 8907 8908 8952 8951
8018 8951 8952 8996 8995
8019 8995 8996 9040 9039
8020 9039 9040 9084 9083
8021 9083 9084 9128 9127
8022 9127 9128 9172 9171
8023 9171 9172 9216 9215
8024 9215 9216 9260 9259
8025 9259 9260 9304 9303
8026 9303 9304 9348 9347
8027 9347 9348 9392 9391
8028 9391 9392 9436 9435
8029 9435 9436 9480 9479
8030 9479 9480 9524 9523
8031 9523 9524 9568 9567
8032 9567 9568 9612 9611
8033 9611 9612 9656 9655
8034 9655 9656 9700 9699
8035 9699 9700 9744 9743
8036 9743 9744 9788 9787
8037 9787 9788 9832 9831
8038 9831 9832 9876 9875
8039 9875 9876 9920 9919
8040 9919 9920 9964 9963
8041 9963 9964 10008 10007
8042 10007 10008 10052 10051
8043 10051 10052 10096 10095
8044 10095 10096 10140 10139
8045 10139 10140 10184 10183
8046 10183 10184 10228 10227
8047 10227 10228 10272 10271
8048 10271 10272 10316 10315
8049 10315 10316 10360 10359
8050 10359 10360 10404 10403
8051 10403 10404 10448 10447
8052 10447 10448 10492 10491
8053 10491 10492 10536 10535
8054 10535 10536 10580 10579
8055 10579 10580 8467 8468
8056 8600 8556 8601 8688
8057 8688 8601 8602 8732
8058 8732 8602 8603 8776
8059 8776 8603 8604 8820
8060 8820 8604 8605 8864
8061 8864 8605 8606 8908
8062 8908 8606 8607 8952
8063 8952 8607 8608 8996
8064 8996 8608 8609 9040
8065 9040 8609 8610 9084
8066 9084 8610 8611 9128
8067 9128 8611 8612 9172
8068 9172 8612 8613 9216
8069 9216 8613 8614 9260
8070 9260 8614 8615 9304
8071 9304 8615 8616 9348
8072 9348 8616 8617 9392
8073 9392 8617 8618 9436
8074 9436 8618 8619 9480
8075 9480 8619 8620 9524
8076 9524 8620 8621 9568
8077 9568 8621 8622 9612
8078 9612 8622 8623 9656
8079 9656 8623 8624 9700
8080 9700 8624 8625 9744
8081 9744 8625 8626 9788
8082 9788 8626 8627 9832
8083 9832 8627 8628 9876
8084 9876 8628 8629 9920
8085 9920 8629 8630 9964
8086 9964 8630 8631 10008
8087 10008 8631 8632 10052
8088 10052 8632 8633 10096
8089 10096 8633 8634 10140
8090 10140 8634 8635 10184
8091 10184 8635 8636 10228
8092 10228 8636 8637 10272
8093 10272 8637 8638 10316
8094 10316 8638 8639 10360
8095 10360 8639 8640 10404
8096 10404 8640 8641 10448
8097 10448 8641 8642 10492
8098 10492 8642 8643 10536
8099 10536 8643 8644 10580
8100 10580 8644 8466 8467
